# Li8 + a > B11 + n   [Li8_a__B11_n]   ref=Coc et al. 2012
# detailed balance: alpha=3.0732 beta=0 gamma=-76.9673  Q=6.6325
# T9                 rate                error
1.000000e-03   1.000000e-35   3.072500e+00
1.009262e-03   9.633627e-36   3.072433e+00
1.018610e-03   9.295812e-36   3.072366e+00
1.028045e-03   8.984242e-36   3.072298e+00
1.037567e-03   8.696833e-36   3.072230e+00
1.047177e-03   8.431701e-36   3.072161e+00
1.056876e-03   8.187148e-36   3.072092e+00
1.066665e-03   7.961635e-36   3.072022e+00
1.076545e-03   7.753772e-36   3.071951e+00
1.086516e-03   7.562299e-36   3.071880e+00
1.096579e-03   7.386074e-36   3.071809e+00
1.106736e-03   7.224059e-36   3.071736e+00
1.116987e-03   7.075313e-36   3.071664e+00
1.127333e-03   6.938980e-36   3.071590e+00
1.137774e-03   6.814284e-36   3.071517e+00
1.148312e-03   6.700517e-36   3.071442e+00
1.158948e-03   6.597034e-36   3.071368e+00
1.169683e-03   6.503250e-36   3.071292e+00
1.180517e-03   6.418629e-36   3.071216e+00
1.191451e-03   6.342687e-36   3.071140e+00
1.202486e-03   6.274978e-36   3.071063e+00
1.213624e-03   6.215099e-36   3.070986e+00
1.224865e-03   6.162681e-36   3.070908e+00
1.236210e-03   6.117387e-36   3.070830e+00
1.247660e-03   6.078913e-36   3.070751e+00
1.259216e-03   6.046977e-36   3.070672e+00
1.270879e-03   6.021327e-36   3.070593e+00
1.282650e-03   6.001728e-36   3.070512e+00
1.294530e-03   5.987971e-36   3.070432e+00
1.306520e-03   5.979863e-36   3.070351e+00
1.318621e-03   5.977227e-36   3.070269e+00
1.330835e-03   5.979903e-36   3.070187e+00
1.343161e-03   5.987747e-36   3.070105e+00
1.355602e-03   6.000625e-36   3.070022e+00
1.368158e-03   6.018415e-36   3.069939e+00
1.380830e-03   6.041007e-36   3.069855e+00
1.393619e-03   6.068300e-36   3.069771e+00
1.406527e-03   6.100199e-36   3.069687e+00
1.419555e-03   6.136621e-36   3.069602e+00
1.432703e-03   6.177485e-36   3.069517e+00
1.445973e-03   6.222720e-36   3.069431e+00
1.459366e-03   6.272255e-36   3.069345e+00
1.472883e-03   6.326027e-36   3.069259e+00
1.486525e-03   6.383975e-36   3.069172e+00
1.500293e-03   6.446040e-36   3.069085e+00
1.514189e-03   6.512165e-36   3.068997e+00
1.528214e-03   6.582294e-36   3.068909e+00
1.542369e-03   6.656371e-36   3.068821e+00
1.556654e-03   6.734341e-36   3.068732e+00
1.571072e-03   6.816146e-36   3.068643e+00
1.585624e-03   6.901727e-36   3.068553e+00
1.600310e-03   6.991022e-36   3.068464e+00
1.615133e-03   7.083966e-36   3.068374e+00
1.630092e-03   7.180490e-36   3.068283e+00
1.645191e-03   7.280521e-36   3.068192e+00
1.660429e-03   7.383978e-36   3.068101e+00
1.675808e-03   7.490778e-36   3.068010e+00
1.691330e-03   7.600827e-36   3.067918e+00
1.706995e-03   7.714027e-36   3.067826e+00
1.722805e-03   7.830269e-36   3.067734e+00
1.738762e-03   7.949436e-36   3.067641e+00
1.754867e-03   8.071404e-36   3.067548e+00
1.771121e-03   8.196034e-36   3.067455e+00
1.787526e-03   8.323180e-36   3.067361e+00
1.804082e-03   8.452683e-36   3.067267e+00
1.820792e-03   8.584372e-36   3.067173e+00
1.837656e-03   8.718064e-36   3.067079e+00
1.854677e-03   8.853563e-36   3.066984e+00
1.871855e-03   8.990658e-36   3.066889e+00
1.889193e-03   9.129125e-36   3.066794e+00
1.906691e-03   9.268725e-36   3.066699e+00
1.924351e-03   9.409205e-36   3.066603e+00
1.942175e-03   9.550297e-36   3.066507e+00
1.960163e-03   9.691717e-36   3.066411e+00
1.978319e-03   9.833167e-36   3.066314e+00
1.996642e-03   9.974330e-36   3.066218e+00
2.015136e-03   1.011488e-35   3.066119e+00
2.033800e-03   1.025447e-35   3.066017e+00
2.052638e-03   1.039274e-35   3.065911e+00
2.071650e-03   1.052932e-35   3.065802e+00
2.090838e-03   1.066382e-35   3.065689e+00
2.110203e-03   1.079584e-35   3.065573e+00
2.129749e-03   1.092496e-35   3.065455e+00
2.149475e-03   1.105077e-35   3.065334e+00
2.169384e-03   1.117282e-35   3.065210e+00
2.189477e-03   1.129068e-35   3.065085e+00
2.209756e-03   1.140389e-35   3.064958e+00
2.230223e-03   1.151199e-35   3.064829e+00
2.250880e-03   1.161451e-35   3.064698e+00
2.271728e-03   1.171101e-35   3.064567e+00
2.292769e-03   1.180100e-35   3.064435e+00
2.314005e-03   1.188402e-35   3.064302e+00
2.335438e-03   1.195961e-35   3.064169e+00
2.357069e-03   1.202732e-35   3.064035e+00
2.378901e-03   1.208669e-35   3.063902e+00
2.400935e-03   1.213729e-35   3.063769e+00
2.423173e-03   1.217869e-35   3.063637e+00
2.445617e-03   1.221050e-35   3.063505e+00
2.468268e-03   1.223231e-35   3.063375e+00
2.491130e-03   1.224376e-35   3.063246e+00
2.514203e-03   1.224452e-35   3.063118e+00
2.537490e-03   1.223426e-35   3.062992e+00
2.560993e-03   1.221271e-35   3.062868e+00
2.584714e-03   1.217961e-35   3.062747e+00
2.608654e-03   1.213474e-35   3.062628e+00
2.632815e-03   1.207792e-35   3.062512e+00
2.657201e-03   1.200903e-35   3.062398e+00
2.681813e-03   1.192796e-35   3.062288e+00
2.706652e-03   1.183467e-35   3.062182e+00
2.731722e-03   1.172915e-35   3.062079e+00
2.757023e-03   1.161144e-35   3.061980e+00
2.782559e-03   1.148164e-35   3.061885e+00
2.808332e-03   1.133990e-35   3.061795e+00
2.834343e-03   1.118640e-35   3.061709e+00
2.860596e-03   1.102139e-35   3.061629e+00
2.887091e-03   1.084517e-35   3.061553e+00
2.913832e-03   1.065808e-35   3.061483e+00
2.940820e-03   1.046052e-35   3.061419e+00
2.968059e-03   1.025294e-35   3.061360e+00
2.995549e-03   1.003582e-35   3.061308e+00
3.023295e-03   9.809986e-36   3.061260e+00
3.051297e-03   9.578100e-36   3.061211e+00
3.079559e-03   9.343369e-36   3.061163e+00
3.108082e-03   9.108743e-36   3.061116e+00
3.136870e-03   8.876914e-36   3.061069e+00
3.165924e-03   8.650314e-36   3.061022e+00
3.195248e-03   8.431130e-36   3.060976e+00
3.224842e-03   8.221319e-36   3.060930e+00
3.254712e-03   8.022629e-36   3.060886e+00
3.284857e-03   7.836628e-36   3.060842e+00
3.315282e-03   7.664727e-36   3.060799e+00
3.345989e-03   7.508219e-36   3.060757e+00
3.376980e-03   7.368305e-36   3.060717e+00
3.408259e-03   7.246136e-36   3.060678e+00
3.439826e-03   7.142846e-36   3.060640e+00
3.471687e-03   7.059594e-36   3.060603e+00
3.503842e-03   6.997608e-36   3.060568e+00
3.536296e-03   6.958228e-36   3.060535e+00
3.569049e-03   6.942958e-36   3.060504e+00
3.602107e-03   6.953525e-36   3.060474e+00
3.635470e-03   6.991943e-36   3.060447e+00
3.669142e-03   7.060587e-36   3.060421e+00
3.703127e-03   7.162284e-36   3.060398e+00
3.737426e-03   7.300420e-36   3.060377e+00
3.772042e-03   7.479066e-36   3.060358e+00
3.806980e-03   7.703143e-36   3.060342e+00
3.842241e-03   7.978612e-36   3.060328e+00
3.877828e-03   8.312720e-36   3.060317e+00
3.913746e-03   8.714314e-36   3.060308e+00
3.949995e-03   9.194227e-36   3.060303e+00
3.986581e-03   9.765780e-36   3.060300e+00
4.023506e-03   1.044535e-35   3.060311e+00
4.060772e-03   1.125222e-35   3.060372e+00
4.098384e-03   1.220956e-35   3.060483e+00
4.136344e-03   1.334609e-35   3.060639e+00
4.174655e-03   1.469762e-35   3.060836e+00
4.213322e-03   1.630892e-35   3.061070e+00
4.252346e-03   1.823624e-35   3.061338e+00
4.291732e-03   2.055054e-35   3.061635e+00
4.331483e-03   2.334187e-35   3.061957e+00
4.371602e-03   2.672507e-35   3.062299e+00
4.412093e-03   3.084745e-35   3.062659e+00
4.452959e-03   3.589907e-35   3.063031e+00
4.494203e-03   4.212666e-35   3.063412e+00
4.535829e-03   4.985252e-35   3.063797e+00
4.577841e-03   5.950040e-35   3.064183e+00
4.620241e-03   7.163111e-35   3.064566e+00
4.663035e-03   8.699190e-35   3.064940e+00
4.706225e-03   1.065854e-34   3.065303e+00
4.749815e-03   1.317664e-34   3.065650e+00
4.793808e-03   1.643790e-34   3.065977e+00
4.838210e-03   2.069516e-34   3.066279e+00
4.883022e-03   2.629775e-34   3.066554e+00
4.928250e-03   3.373199e-34   3.066796e+00
4.973896e-03   4.368027e-34   3.067001e+00
5.019965e-03   5.710716e-34   3.067170e+00
5.066461e-03   7.536255e-34   3.067334e+00
5.113388e-03   1.003243e-33   3.067499e+00
5.160749e-03   1.346349e-33   3.067664e+00
5.208549e-03   1.820230e-33   3.067828e+00
5.256791e-03   2.477578e-33   3.067989e+00
5.305481e-03   3.392945e-33   3.068147e+00
5.354621e-03   4.671863e-33   3.068300e+00
5.404216e-03   6.463729e-33   3.068448e+00
5.454271e-03   8.979898e-33   3.068589e+00
5.504790e-03   1.251903e-32   3.068723e+00
5.555776e-03   1.750237e-32   3.068847e+00
5.607235e-03   2.452253e-32   3.068962e+00
5.659170e-03   3.441056e-32   3.069066e+00
5.711586e-03   4.832725e-32   3.069158e+00
5.764488e-03   6.788626e-32   3.069237e+00
5.817880e-03   9.531843e-32   3.069301e+00
5.871766e-03   1.336881e-31   3.069350e+00
5.926152e-03   1.871738e-31   3.069383e+00
5.981041e-03   2.614265e-31   3.069399e+00
6.036439e-03   3.640321e-31   3.069389e+00
6.092349e-03   5.053131e-31   3.069333e+00
6.148778e-03   6.993547e-31   3.069235e+00
6.205729e-03   9.652478e-31   3.069102e+00
6.263207e-03   1.328839e-30   3.068938e+00
6.321218e-03   1.825100e-30   3.068751e+00
6.379767e-03   2.501319e-30   3.068547e+00
6.438857e-03   3.421435e-30   3.068332e+00
6.498495e-03   4.671884e-30   3.068111e+00
6.558686e-03   6.369546e-30   3.067892e+00
6.619433e-03   8.672527e-30   3.067679e+00
6.680744e-03   1.179483e-29   3.067481e+00
6.742622e-03   1.602635e-29   3.067301e+00
6.805074e-03   2.176018e-29   3.067147e+00
6.868104e-03   2.952999e-29   3.067025e+00
6.931717e-03   4.006132e-29   3.066941e+00
6.995920e-03   5.434209e-29   3.066901e+00
7.060718e-03   7.371695e-29   3.066889e+00
7.126115e-03   1.000012e-28   3.066879e+00
7.192119e-03   1.356473e-28   3.066872e+00
7.258734e-03   1.839701e-28   3.066866e+00
7.325965e-03   2.494449e-28   3.066861e+00
7.393820e-03   3.381078e-28   3.066857e+00
7.462303e-03   4.580895e-28   3.066853e+00
7.531420e-03   6.203284e-28   3.066849e+00
7.601178e-03   8.395195e-28   3.066845e+00
7.671581e-03   1.135375e-27   3.066840e+00
7.742637e-03   1.534293e-27   3.066835e+00
7.814351e-03   2.071573e-27   3.066827e+00
7.886729e-03   2.794318e-27   3.066818e+00
7.959777e-03   3.765279e-27   3.066807e+00
8.033502e-03   5.067881e-27   3.066776e+00
8.107910e-03   6.813127e-27   3.066608e+00
8.183007e-03   9.148799e-27   3.066305e+00
8.258799e-03   1.227120e-26   3.065893e+00
8.335294e-03   1.644079e-26   3.065402e+00
8.412497e-03   2.200287e-26   3.064858e+00
8.490415e-03   2.941471e-26   3.064289e+00
8.569055e-03   3.928132e-26   3.063724e+00
8.648423e-03   5.240248e-26   3.063189e+00
8.728527e-03   6.983442e-26   3.062712e+00
8.809372e-03   9.297088e-26   3.062322e+00
8.890966e-03   1.236494e-25   3.062045e+00
8.973316e-03   1.642904e-25   3.061909e+00
9.056428e-03   2.180795e-25   3.061915e+00
9.140311e-03   2.892029e-25   3.061989e+00
9.224970e-03   3.831548e-25   3.062116e+00
9.310413e-03   5.071412e-25   3.062290e+00
9.396648e-03   6.706029e-25   3.062501e+00
9.483682e-03   8.858964e-25   3.062742e+00
9.571522e-03   1.169177e-24   3.063004e+00
9.660175e-03   1.541547e-24   3.063281e+00
9.749649e-03   2.030539e-24   3.063562e+00
9.839952e-03   2.672040e-24   3.063842e+00
9.931092e-03   3.512776e-24   3.064110e+00
1.002308e-02   4.613527e-24   3.064363e+00
1.011591e-02   6.053284e-24   3.064657e+00
1.020961e-02   7.934645e-24   3.065001e+00
1.030417e-02   1.039072e-23   3.065376e+00
1.039961e-02   1.359405e-23   3.065764e+00
1.049593e-02   1.776807e-23   3.066146e+00
1.059315e-02   2.320190e-23   3.066502e+00
1.069126e-02   3.026924e-23   3.066815e+00
1.079029e-02   3.945280e-23   3.067064e+00
1.089023e-02   5.137545e-23   3.067232e+00
1.099110e-02   6.684027e-23   3.067300e+00
1.109290e-02   8.688190e-23   3.067269e+00
1.119564e-02   1.128326e-22   3.067172e+00
1.129934e-02   1.464063e-22   3.067028e+00
1.140400e-02   1.898068e-22   3.066852e+00
1.150962e-02   2.458647e-22   3.066663e+00
1.161623e-02   3.182142e-22   3.066477e+00
1.172382e-02   4.115171e-22   3.066312e+00
1.183241e-02   5.317501e-22   3.066184e+00
1.194200e-02   6.865697e-22   3.066111e+00
1.205261e-02   8.857786e-22   3.066106e+00
1.216424e-02   1.141909e-21   3.066154e+00
1.227691e-02   1.470965e-21   3.066238e+00
1.239062e-02   1.893370e-21   3.066347e+00
1.250539e-02   2.435170e-21   3.066466e+00
1.262121e-02   3.129551e-21   3.066584e+00
1.273811e-02   4.018758e-21   3.066687e+00
1.285610e-02   5.156523e-21   3.066763e+00
1.297517e-02   6.611129e-21   3.066799e+00
1.309535e-02   8.469280e-21   3.066759e+00
1.321664e-02   1.084108e-20   3.066609e+00
1.333906e-02   1.386621e-20   3.066383e+00
1.346261e-02   1.772179e-20   3.066113e+00
1.358730e-02   2.263216e-20   3.065836e+00
1.371315e-02   2.888138e-20   3.065586e+00
1.384016e-02   3.682882e-20   3.065397e+00
1.396835e-02   4.692889e-20   3.065304e+00
1.409773e-02   5.975572e-20   3.065320e+00
1.422830e-02   7.603353e-20   3.065397e+00
1.436009e-02   9.667512e-20   3.065515e+00
1.449310e-02   1.228304e-19   3.065652e+00
1.462733e-02   1.559466e-19   3.065789e+00
1.476281e-02   1.978437e-19   3.065905e+00
1.489955e-02   2.508087e-19   3.065981e+00
1.503755e-02   3.177127e-19   3.065990e+00
1.517683e-02   4.021588e-19   3.065800e+00
1.531740e-02   5.086693e-19   3.065431e+00
1.545928e-02   6.429135e-19   3.064962e+00
1.560246e-02   8.119937e-19   3.064476e+00
1.574698e-02   1.024802e-18   3.064052e+00
1.589283e-02   1.292466e-18   3.063770e+00
1.604003e-02   1.628897e-18   3.063701e+00
1.618860e-02   2.051475e-18   3.063717e+00
1.633854e-02   2.581881e-18   3.063750e+00
1.648987e-02   3.247152e-18   3.063798e+00
1.664260e-02   4.080981e-18   3.063856e+00
1.679675e-02   5.125322e-18   3.063922e+00
1.695232e-02   6.432375e-18   3.063992e+00
1.710934e-02   8.067039e-18   3.064062e+00
1.726781e-02   1.010994e-17   3.064129e+00
1.742775e-02   1.266118e-17   3.064189e+00
1.758917e-02   1.584489e-17   3.064240e+00
1.775208e-02   1.981497e-17   3.064277e+00
1.791650e-02   2.476198e-17   3.064297e+00
1.808245e-02   3.092178e-17   3.064295e+00
1.824993e-02   3.858612e-17   3.064253e+00
1.841897e-02   4.811575e-17   3.064178e+00
1.858957e-02   5.995630e-17   3.064077e+00
1.876175e-02   7.465792e-17   3.063957e+00
1.893552e-02   9.289930e-17   3.063829e+00
1.911091e-02   1.155171e-16   3.063698e+00
1.928792e-02   1.435423e-16   3.063574e+00
1.946656e-02   1.782439e-16   3.063464e+00
1.964687e-02   2.211835e-16   3.063376e+00
1.982884e-02   2.742814e-16   3.063319e+00
2.001250e-02   3.398970e-16   3.063300e+00
2.019786e-02   4.209277e-16   3.063306e+00
2.038493e-02   5.209277e-16   3.063323e+00
2.057374e-02   6.442552e-16   3.063349e+00
2.076430e-02   7.962503e-16   3.063383e+00
2.095662e-02   9.834515e-16   3.063424e+00
2.115073e-02   1.213860e-15   3.063473e+00
2.134663e-02   1.497261e-15   3.063527e+00
2.154435e-02   1.845609e-15   3.063585e+00
2.174389e-02   2.273506e-15   3.063647e+00
2.194529e-02   2.798772e-15   3.063713e+00
2.214855e-02   3.443137e-15   3.063780e+00
2.235370e-02   4.233086e-15   3.063848e+00
2.256074e-02   5.200877e-15   3.063916e+00
2.276970e-02   6.385771e-15   3.063983e+00
2.298060e-02   7.835524e-15   3.064048e+00
2.319345e-02   9.608182e-15   3.064111e+00
2.340827e-02   1.177426e-14   3.064170e+00
2.362508e-02   1.441935e-14   3.064224e+00
2.384390e-02   1.764729e-14   3.064272e+00
2.406475e-02   2.158397e-14   3.064315e+00
2.428764e-02   2.638192e-14   3.064349e+00
2.451260e-02   3.222579e-14   3.064376e+00
2.473964e-02   3.933903e-14   3.064393e+00
2.496878e-02   4.799181e-14   3.064400e+00
2.520005e-02   5.851062e-14   3.064376e+00
2.543346e-02   7.128981e-14   3.064292e+00
2.566903e-02   8.680534e-14   3.064155e+00
2.590678e-02   1.056313e-13   3.063971e+00
2.614673e-02   1.284599e-13   3.063747e+00
2.638891e-02   1.561250e-13   3.063489e+00
2.663333e-02   1.896303e-13   3.063205e+00
2.688001e-02   2.301840e-13   3.062900e+00
2.712898e-02   2.792387e-13   3.062582e+00
2.738025e-02   3.385403e-13   3.062257e+00
2.763385e-02   4.101857e-13   3.061932e+00
2.788980e-02   4.966920e-13   3.061613e+00
2.814812e-02   6.010789e-13   3.061308e+00
2.840884e-02   7.269668e-13   3.061022e+00
2.867196e-02   8.786939e-13   3.060763e+00
2.893753e-02   1.061455e-12   3.060538e+00
2.920556e-02   1.281469e-12   3.060352e+00
2.947606e-02   1.546172e-12   3.060213e+00
2.974908e-02   1.864455e-12   3.060127e+00
3.002462e-02   2.246942e-12   3.060100e+00
3.030271e-02   2.706315e-12   3.060116e+00
3.058338e-02   3.257709e-12   3.060157e+00
3.086665e-02   3.919170e-12   3.060221e+00
3.115254e-02   4.712210e-12   3.060309e+00
3.144108e-02   5.662450e-12   3.060417e+00
3.173230e-02   6.800393e-12   3.060544e+00
3.202621e-02   8.162331e-12   3.060689e+00
3.232284e-02   9.791416e-12   3.060851e+00
3.262222e-02   1.173893e-11   3.061027e+00
3.292437e-02   1.406579e-11   3.061217e+00
3.322933e-02   1.684429e-11   3.061418e+00
3.353710e-02   2.016021e-11   3.061630e+00
3.384773e-02   2.411524e-11   3.061850e+00
3.416123e-02   2.882990e-11   3.062077e+00
3.447764e-02   3.444691e-11   3.062311e+00
3.479698e-02   4.113520e-11   3.062548e+00
3.511928e-02   4.909461e-11   3.062789e+00
3.544456e-02   5.856140e-11   3.063030e+00
3.577285e-02   6.981476e-11   3.063271e+00
3.610419e-02   8.318437e-11   3.063510e+00
3.643859e-02   9.905938e-11   3.063746e+00
3.677609e-02   1.178988e-10   3.063977e+00
3.711672e-02   1.402439e-10   3.064202e+00
3.746050e-02   1.667323e-10   3.064419e+00
3.780747e-02   1.981150e-10   3.064626e+00
3.815765e-02   2.352760e-10   3.064823e+00
3.851107e-02   2.792550e-10   3.065007e+00
3.886777e-02   3.312746e-10   3.065177e+00
3.922777e-02   3.927713e-10   3.065331e+00
3.959110e-02   4.654322e-10   3.065469e+00
3.995780e-02   5.512375e-10   3.065588e+00
4.032790e-02   6.525104e-10   3.065695e+00
4.070142e-02   7.719747e-10   3.065804e+00
4.107841e-02   9.128225e-10   3.065914e+00
4.145888e-02   1.078792e-09   3.066024e+00
4.184289e-02   1.274261e-09   3.066134e+00
4.223044e-02   1.504348e-09   3.066243e+00
4.262159e-02   1.775041e-09   3.066351e+00
4.301636e-02   2.093339e-09   3.066457e+00
4.341478e-02   2.467415e-09   3.066561e+00
4.381690e-02   2.906811e-09   3.066662e+00
4.422274e-02   3.422665e-09   3.066760e+00
4.463234e-02   4.027962e-09   3.066854e+00
4.504573e-02   4.737841e-09   3.066943e+00
4.546295e-02   5.569938e-09   3.067028e+00
4.588404e-02   6.544789e-09   3.067108e+00
4.630903e-02   7.686293e-09   3.067182e+00
4.673795e-02   9.022252e-09   3.067249e+00
4.717085e-02   1.058499e-08   3.067309e+00
4.760775e-02   1.241206e-08   3.067363e+00
4.804870e-02   1.454708e-08   3.067408e+00
4.849374e-02   1.704068e-08   3.067445e+00
4.894290e-02   1.995162e-08   3.067473e+00
4.939622e-02   2.334802e-08   3.067491e+00
4.985373e-02   2.730883e-08   3.067499e+00
5.031549e-02   3.192553e-08   3.067500e+00
5.078152e-02   3.730401e-08   3.067499e+00
5.125187e-02   4.356681e-08   3.067498e+00
5.172657e-02   5.085568e-08   3.067496e+00
5.220568e-02   5.933446e-08   3.067494e+00
5.268921e-02   6.919249e-08   3.067492e+00
5.317723e-02   8.064839e-08   3.067488e+00
5.366977e-02   9.395456e-08   3.067485e+00
5.416687e-02   1.094021e-07   3.067480e+00
5.466857e-02   1.273269e-07   3.067476e+00
5.517492e-02   1.481157e-07   3.067470e+00
5.568596e-02   1.722144e-07   3.067465e+00
5.620174e-02   2.001361e-07   3.067458e+00
5.672229e-02   2.324715e-07   3.067452e+00
5.724766e-02   2.698999e-07   3.067444e+00
5.777790e-02   3.132023e-07   3.067437e+00
5.831305e-02   3.632762e-07   3.067428e+00
5.885316e-02   4.211522e-07   3.067420e+00
5.939827e-02   4.880135e-07   3.067411e+00
5.994843e-02   5.652178e-07   3.067401e+00
6.050368e-02   6.543220e-07   3.067375e+00
6.106408e-02   7.571120e-07   3.067313e+00
6.162966e-02   8.756348e-07   3.067220e+00
6.220049e-02   1.012235e-06   3.067101e+00
6.277660e-02   1.169599e-06   3.066960e+00
6.335805e-02   1.350799e-06   3.066803e+00
6.394488e-02   1.559352e-06   3.066634e+00
6.453715e-02   1.799280e-06   3.066459e+00
6.513491e-02   2.075179e-06   3.066283e+00
6.573820e-02   2.392303e-06   3.066109e+00
6.634708e-02   2.756652e-06   3.065944e+00
6.696160e-02   3.175076e-06   3.065792e+00
6.758181e-02   3.655393e-06   3.065658e+00
6.820777e-02   4.206523e-06   3.065547e+00
6.883952e-02   4.838635e-06   3.065464e+00
6.947713e-02   5.563324e-06   3.065413e+00
7.012064e-02   6.393801e-06   3.065401e+00
7.077011e-02   7.345106e-06   3.065440e+00
7.142559e-02   8.434344e-06   3.065529e+00
7.208715e-02   9.680971e-06   3.065660e+00
7.275484e-02   1.110711e-05   3.065825e+00
7.342870e-02   1.273788e-05   3.066015e+00
7.410882e-02   1.460185e-05   3.066222e+00
7.479523e-02   1.673143e-05   3.066438e+00
7.548799e-02   1.916340e-05   3.066654e+00
7.618718e-02   2.193948e-05   3.066863e+00
7.689284e-02   2.510699e-05   3.067055e+00
7.760503e-02   2.871953e-05   3.067223e+00
7.832383e-02   3.283783e-05   3.067358e+00
7.904928e-02   3.753065e-05   3.067452e+00
7.978145e-02   4.287579e-05   3.067497e+00
8.052040e-02   4.896127e-05   3.067486e+00
8.126619e-02   5.588660e-05   3.067422e+00
8.201889e-02   6.376425e-05   3.067315e+00
8.277857e-02   7.272126e-05   3.067175e+00
8.354528e-02   8.290107e-05   3.067009e+00
8.431909e-02   9.446557e-05   3.066828e+00
8.510007e-02   1.075974e-04   3.066641e+00
8.588829e-02   1.225024e-04   3.066456e+00
8.668380e-02   1.394126e-04   3.066284e+00
8.748668e-02   1.585896e-04   3.066133e+00
8.829700e-02   1.803275e-04   3.066013e+00
8.911482e-02   2.049576e-04   3.065932e+00
8.994022e-02   2.328527e-04   3.065900e+00
9.077327e-02   2.644317e-04   3.065971e+00
9.161402e-02   3.001658e-04   3.066188e+00
9.246257e-02   3.405846e-04   3.066520e+00
9.331898e-02   3.862830e-04   3.066938e+00
9.418332e-02   4.379287e-04   3.067410e+00
9.505566e-02   4.962713e-04   3.067906e+00
9.593608e-02   5.621514e-04   3.068396e+00
9.682466e-02   6.365118e-04   3.068849e+00
9.772147e-02   7.204093e-04   3.069234e+00
9.862658e-02   8.150276e-04   3.069521e+00
9.954008e-02   9.216928e-04   3.069679e+00
1.004620e-01   1.041889e-03   3.069679e+00
1.013925e-01   1.177282e-03   3.069523e+00
1.023317e-01   1.329741e-03   3.069233e+00
1.032795e-01   1.501361e-03   3.068832e+00
1.042361e-01   1.694488e-03   3.068345e+00
1.052015e-01   1.911750e-03   3.067795e+00
1.061759e-01   2.156091e-03   3.067205e+00
1.071593e-01   2.430805e-03   3.066600e+00
1.081519e-01   2.739581e-03   3.066001e+00
1.091536e-01   3.086549e-03   3.065434e+00
1.101646e-01   3.476330e-03   3.064919e+00
1.111850e-01   3.914076e-03   3.064353e+00
1.122148e-01   4.405480e-03   3.063703e+00
1.132541e-01   4.956869e-03   3.063007e+00
1.143031e-01   5.575276e-03   3.062303e+00
1.153618e-01   6.268513e-03   3.061629e+00
1.164303e-01   7.045250e-03   3.061025e+00
1.175087e-01   7.915101e-03   3.060528e+00
1.185971e-01   8.888720e-03   3.060176e+00
1.196956e-01   9.977901e-03   3.060009e+00
1.208042e-01   1.119571e-02   3.060061e+00
1.219231e-01   1.255679e-02   3.060322e+00
1.230524e-01   1.407752e-02   3.060743e+00
1.241921e-01   1.577612e-02   3.061276e+00
1.253424e-01   1.767287e-02   3.061872e+00
1.265034e-01   1.979032e-02   3.062482e+00
1.276751e-01   2.215355e-02   3.063058e+00
1.288576e-01   2.479047e-02   3.063551e+00
1.300511e-01   2.773212e-02   3.063912e+00
1.312557e-01   3.101286e-02   3.064204e+00
1.324714e-01   3.467009e-02   3.064499e+00
1.336984e-01   3.874492e-02   3.064783e+00
1.349367e-01   4.328259e-02   3.065043e+00
1.361865e-01   4.833286e-02   3.065268e+00
1.374479e-01   5.395041e-02   3.065444e+00
1.387210e-01   6.019521e-02   3.065559e+00
1.400058e-01   6.713305e-02   3.065600e+00
1.413026e-01   7.483663e-02   3.065418e+00
1.426114e-01   8.338900e-02   3.064945e+00
1.439323e-01   9.288319e-02   3.064289e+00
1.452654e-01   1.034229e-01   3.063555e+00
1.466109e-01   1.151237e-01   3.062849e+00
1.479688e-01   1.281145e-01   3.062276e+00
1.493393e-01   1.425394e-01   3.061943e+00
1.507225e-01   1.585590e-01   3.061966e+00
1.521186e-01   1.763451e-01   3.062409e+00
1.535275e-01   1.960794e-01   3.063141e+00
1.549495e-01   2.179592e-01   3.064018e+00
1.563847e-01   2.421987e-01   3.064892e+00
1.578331e-01   2.690297e-01   3.065616e+00
1.592950e-01   2.987028e-01   3.066044e+00
1.607704e-01   3.314883e-01   3.066059e+00
1.622595e-01   3.676908e-01   3.065771e+00
1.637624e-01   4.076556e-01   3.065247e+00
1.652792e-01   4.517639e-01   3.064536e+00
1.668101e-01   5.004359e-01   3.063686e+00
1.683551e-01   5.541348e-01   3.062747e+00
1.699144e-01   6.133718e-01   3.061766e+00
1.714882e-01   6.787109e-01   3.060791e+00
1.730766e-01   7.507751e-01   3.059872e+00
1.746796e-01   8.302524e-01   3.059056e+00
1.762975e-01   9.179034e-01   3.058391e+00
1.779304e-01   1.014569e+00   3.057927e+00
1.795785e-01   1.121181e+00   3.057710e+00
1.812418e-01   1.238764e+00   3.057772e+00
1.829205e-01   1.368420e+00   3.058071e+00
1.846147e-01   1.511332e+00   3.058563e+00
1.863246e-01   1.668796e+00   3.059204e+00
1.880504e-01   1.842220e+00   3.059948e+00
1.897922e-01   2.033138e+00   3.060751e+00
1.915501e-01   2.243221e+00   3.061571e+00
1.933242e-01   2.474283e+00   3.062361e+00
1.951148e-01   2.728295e+00   3.063079e+00
1.969220e-01   3.007393e+00   3.063679e+00
1.987460e-01   3.313892e+00   3.064117e+00
2.005868e-01   3.650298e+00   3.064360e+00
2.024447e-01   4.019353e+00   3.064537e+00
2.043197e-01   4.424079e+00   3.064699e+00
2.062122e-01   4.867776e+00   3.064846e+00
2.081222e-01   5.354033e+00   3.064980e+00
2.100498e-01   5.886758e+00   3.065102e+00
2.119953e-01   6.470202e+00   3.065213e+00
2.139589e-01   7.108990e+00   3.065315e+00
2.159406e-01   7.808151e+00   3.065408e+00
2.179407e-01   8.573155e+00   3.065495e+00
2.199593e-01   9.409945e+00   3.065576e+00
2.219966e-01   1.032498e+01   3.065652e+00
2.240528e-01   1.132529e+01   3.065726e+00
2.261280e-01   1.241849e+01   3.065797e+00
2.282224e-01   1.361288e+01   3.065868e+00
2.303363e-01   1.491744e+01   3.065939e+00
2.324697e-01   1.634195e+01   3.066012e+00
2.346229e-01   1.789701e+01   3.066089e+00
2.367960e-01   1.959413e+01   3.066169e+00
2.389893e-01   2.144580e+01   3.066256e+00
2.412028e-01   2.346558e+01   3.066349e+00
2.434369e-01   2.566816e+01   3.066450e+00
2.456916e-01   2.806949e+01   3.066561e+00
2.479673e-01   3.068688e+01   3.066683e+00
2.502640e-01   3.353906e+01   3.066816e+00
2.525820e-01   3.664634e+01   3.066974e+00
2.549215e-01   4.003057e+01   3.067161e+00
2.572826e-01   4.371538e+01   3.067372e+00
2.596656e-01   4.772628e+01   3.067604e+00
2.620707e-01   5.209087e+01   3.067853e+00
2.644980e-01   5.683895e+01   3.068114e+00
2.669478e-01   6.200270e+01   3.068383e+00
2.694204e-01   6.761687e+01   3.068657e+00
2.719158e-01   7.371895e+01   3.068932e+00
2.744343e-01   8.034939e+01   3.069202e+00
2.769762e-01   8.755180e+01   3.069465e+00
2.795416e-01   9.537320e+01   3.069715e+00
2.821308e-01   1.038643e+02   3.069950e+00
2.847439e-01   1.130796e+02   3.070164e+00
2.873813e-01   1.230780e+02   3.070354e+00
2.900430e-01   1.339228e+02   3.070516e+00
2.927295e-01   1.456820e+02   3.070645e+00
2.954408e-01   1.584289e+02   3.070738e+00
2.981772e-01   1.722423e+02   3.070790e+00
3.009390e-01   1.872070e+02   3.070794e+00
3.037264e-01   2.034140e+02   3.070716e+00
3.065395e-01   2.209614e+02   3.070552e+00
3.093788e-01   2.399545e+02   3.070310e+00
3.122443e-01   2.605064e+02   3.070000e+00
3.151363e-01   2.827386e+02   3.069628e+00
3.180552e-01   3.067816e+02   3.069205e+00
3.210011e-01   3.327752e+02   3.068738e+00
3.239743e-01   3.608697e+02   3.068236e+00
3.269750e-01   3.912260e+02   3.067708e+00
3.300035e-01   4.240168e+02   3.067161e+00
3.330600e-01   4.594272e+02   3.066605e+00
3.361449e-01   4.976554e+02   3.066047e+00
3.392583e-01   5.389137e+02   3.065496e+00
3.424006e-01   5.834298e+02   3.064961e+00
3.455720e-01   6.314468e+02   3.064450e+00
3.487727e-01   6.832255e+02   3.063972e+00
3.520031e-01   7.390446e+02   3.063522e+00
3.552635e-01   7.992050e+02   3.063060e+00
3.585540e-01   8.640307e+02   3.062584e+00
3.618750e-01   9.338697e+02   3.062097e+00
3.652267e-01   1.009095e+03   3.061603e+00
3.686095e-01   1.090107e+03   3.061105e+00
3.720237e-01   1.177335e+03   3.060605e+00
3.754694e-01   1.271239e+03   3.060108e+00
3.789471e-01   1.372315e+03   3.059615e+00
3.824570e-01   1.481091e+03   3.059132e+00
3.859994e-01   1.598137e+03   3.058659e+00
3.895746e-01   1.724062e+03   3.058201e+00
3.931829e-01   1.859522e+03   3.057762e+00
3.968246e-01   2.005219e+03   3.057343e+00
4.005001e-01   2.161906e+03   3.056948e+00
4.042096e-01   2.330382e+03   3.056596e+00
4.079535e-01   2.511470e+03   3.056288e+00
4.117320e-01   2.706040e+03   3.056012e+00
4.155455e-01   2.915010e+03   3.055758e+00
4.193944e-01   3.139354e+03   3.055514e+00
4.232789e-01   3.380099e+03   3.055269e+00
4.271994e-01   3.638329e+03   3.055012e+00
4.311562e-01   3.915188e+03   3.054731e+00
4.351497e-01   4.211878e+03   3.054416e+00
4.391801e-01   4.529666e+03   3.054055e+00
4.432479e-01   4.869880e+03   3.053638e+00
4.473533e-01   5.233914e+03   3.053152e+00
4.514968e-01   5.623230e+03   3.052558e+00
4.556786e-01   6.039424e+03   3.051550e+00
4.598992e-01   6.484281e+03   3.050102e+00
4.641589e-01   6.959718e+03   3.048284e+00
4.684580e-01   7.467785e+03   3.046168e+00
4.727970e-01   8.010676e+03   3.043822e+00
4.771761e-01   8.590740e+03   3.041317e+00
4.815958e-01   9.210493e+03   3.038723e+00
4.860564e-01   9.872630e+03   3.036110e+00
4.905584e-01   1.058004e+04   3.033546e+00
4.951020e-01   1.133583e+04   3.031101e+00
4.996877e-01   1.214333e+04   3.028844e+00
5.043159e-01   1.300606e+04   3.026760e+00
5.089870e-01   1.392758e+04   3.024757e+00
5.137014e-01   1.491159e+04   3.022820e+00
5.184594e-01   1.596197e+04   3.020933e+00
5.232614e-01   1.708284e+04   3.019084e+00
5.281080e-01   1.827850e+04   3.017257e+00
5.329994e-01   1.955348e+04   3.015438e+00
5.379362e-01   2.091256e+04   3.013612e+00
5.429186e-01   2.236072e+04   3.011766e+00
5.479472e-01   2.390321e+04   3.009884e+00
5.530224e-01   2.554553e+04   3.007953e+00
5.581446e-01   2.729342e+04   3.005958e+00
5.633143e-01   2.915288e+04   3.003886e+00
5.685318e-01   3.113018e+04   3.001721e+00
5.737976e-01   3.323188e+04   2.999450e+00
5.791123e-01   3.546480e+04   2.997060e+00
5.844761e-01   3.783602e+04   2.994535e+00
5.898896e-01   4.035294e+04   2.991862e+00
5.953533e-01   4.302320e+04   2.989027e+00
6.008676e-01   4.585477e+04   2.986013e+00
6.064329e-01   4.885604e+04   2.982667e+00
6.120498e-01   5.203628e+04   2.978929e+00
6.177188e-01   5.540528e+04   2.974829e+00
6.234402e-01   5.897334e+04   2.970395e+00
6.292146e-01   6.275132e+04   2.965657e+00
6.350425e-01   6.675060e+04   2.960645e+00
6.409244e-01   7.098320e+04   2.955387e+00
6.468608e-01   7.546172e+04   2.949913e+00
6.528521e-01   8.019945e+04   2.944252e+00
6.588990e-01   8.521037e+04   2.938432e+00
6.650018e-01   9.050918e+04   2.932482e+00
6.711612e-01   9.611134e+04   2.926431e+00
6.773776e-01   1.020331e+05   2.920305e+00
6.836516e-01   1.082917e+05   2.914134e+00
6.899837e-01   1.149052e+05   2.907946e+00
6.963745e-01   1.218925e+05   2.901766e+00
7.028244e-01   1.292736e+05   2.895597e+00
7.093341e-01   1.370687e+05   2.889251e+00
7.159041e-01   1.452983e+05   2.882700e+00
7.225349e-01   1.539830e+05   2.875957e+00
7.292272e-01   1.631447e+05   2.869036e+00
7.359814e-01   1.728056e+05   2.861952e+00
7.427982e-01   1.829888e+05   2.854718e+00
7.496782e-01   1.937182e+05   2.847348e+00
7.566219e-01   2.050184e+05   2.839855e+00
7.636298e-01   2.169145e+05   2.832253e+00
7.707027e-01   2.294326e+05   2.824555e+00
7.778411e-01   2.425994e+05   2.816776e+00
7.850456e-01   2.564420e+05   2.808926e+00
7.923169e-01   2.709886e+05   2.801021e+00
7.996555e-01   2.862677e+05   2.793072e+00
8.070620e-01   3.023088e+05   2.785008e+00
8.145372e-01   3.191438e+05   2.776747e+00
8.220816e-01   3.368060e+05   2.768312e+00
8.296959e-01   3.553299e+05   2.759724e+00
8.373807e-01   3.747510e+05   2.751007e+00
8.451366e-01   3.951061e+05   2.742182e+00
8.529644e-01   4.164331e+05   2.733272e+00
8.608648e-01   4.387709e+05   2.724298e+00
8.688383e-01   4.621600e+05   2.715281e+00
8.768856e-01   4.866418e+05   2.706243e+00
8.850075e-01   5.122591e+05   2.697204e+00
8.932046e-01   5.390559e+05   2.688185e+00
9.014776e-01   5.670776e+05   2.679204e+00
9.098273e-01   5.963709e+05   2.670195e+00
9.182543e-01   6.269838e+05   2.661125e+00
9.267593e-01   6.589655e+05   2.652003e+00
9.353432e-01   6.923670e+05   2.642838e+00
9.440065e-01   7.272402e+05   2.633639e+00
9.527500e-01   7.636388e+05   2.624414e+00
9.615746e-01   8.016178e+05   2.615172e+00
9.704809e-01   8.412337e+05   2.605922e+00
9.794697e-01   8.825443e+05   2.596671e+00
9.885417e-01   9.256091e+05   2.587429e+00
9.976978e-01   9.704891e+05   2.578203e+00
1.006939e+00   1.017247e+06   2.568977e+00
1.016265e+00   1.065944e+06   2.559700e+00
1.025678e+00   1.116646e+06   2.550378e+00
1.035178e+00   1.169418e+06   2.541021e+00
1.044766e+00   1.224324e+06   2.531638e+00
1.054443e+00   1.281433e+06   2.522238e+00
1.064209e+00   1.340813e+06   2.512830e+00
1.074066e+00   1.402534e+06   2.503424e+00
1.084014e+00   1.466667e+06   2.494027e+00
1.094055e+00   1.533283e+06   2.484649e+00
1.104188e+00   1.602456e+06   2.475298e+00
1.114415e+00   1.674260e+06   2.465982e+00
1.124737e+00   1.748769e+06   2.456709e+00
1.135155e+00   1.826059e+06   2.447488e+00
1.145669e+00   1.906208e+06   2.438327e+00
1.156280e+00   1.989293e+06   2.429233e+00
1.166990e+00   2.075391e+06   2.420214e+00
1.177799e+00   2.164583e+06   2.411278e+00
1.188708e+00   2.256948e+06   2.402432e+00
1.199718e+00   2.352566e+06   2.393684e+00
1.210830e+00   2.451518e+06   2.385041e+00
1.222045e+00   2.553885e+06   2.376510e+00
1.233363e+00   2.659749e+06   2.368098e+00
1.244787e+00   2.769192e+06   2.359812e+00
1.256317e+00   2.882295e+06   2.351651e+00
1.267953e+00   2.999146e+06   2.343571e+00
1.279697e+00   3.119835e+06   2.335565e+00
1.291550e+00   3.244454e+06   2.327633e+00
1.303512e+00   3.373097e+06   2.319773e+00
1.315586e+00   3.505859e+06   2.311984e+00
1.327771e+00   3.642835e+06   2.304265e+00
1.340069e+00   3.784124e+06   2.296615e+00
1.352481e+00   3.929823e+06   2.289032e+00
1.365008e+00   4.080033e+06   2.281516e+00
1.377651e+00   4.234855e+06   2.274065e+00
1.390411e+00   4.394391e+06   2.266678e+00
1.403289e+00   4.558746e+06   2.259355e+00
1.416287e+00   4.728025e+06   2.252094e+00
1.429405e+00   4.902335e+06   2.244894e+00
1.442644e+00   5.081784e+06   2.237753e+00
1.456006e+00   5.266482e+06   2.230672e+00
1.469492e+00   5.456540e+06   2.223649e+00
1.483103e+00   5.652071e+06   2.216683e+00
1.496839e+00   5.853189e+06   2.209773e+00
1.510703e+00   6.060007e+06   2.202917e+00
1.524696e+00   6.272627e+06   2.196113e+00
1.538818e+00   6.491143e+06   2.189362e+00
1.553071e+00   6.715645e+06   2.182666e+00
1.567455e+00   6.946222e+06   2.176024e+00
1.581973e+00   7.182962e+06   2.169439e+00
1.596626e+00   7.425950e+06   2.162911e+00
1.611414e+00   7.675268e+06   2.156441e+00
1.626340e+00   7.930996e+06   2.150030e+00
1.641403e+00   8.193209e+06   2.143680e+00
1.656606e+00   8.461982e+06   2.137391e+00
1.671950e+00   8.737385e+06   2.131164e+00
1.687436e+00   9.019484e+06   2.125001e+00
1.703065e+00   9.308342e+06   2.118902e+00
1.718839e+00   9.604016e+06   2.112868e+00
1.734759e+00   9.906562e+06   2.106900e+00
1.750827e+00   1.021603e+07   2.100999e+00
1.767044e+00   1.053247e+07   2.095161e+00
1.783410e+00   1.085596e+07   2.089380e+00
1.799929e+00   1.118659e+07   2.083657e+00
1.816600e+00   1.152443e+07   2.077992e+00
1.833425e+00   1.186957e+07   2.072384e+00
1.850407e+00   1.222210e+07   2.066834e+00
1.867546e+00   1.258210e+07   2.061341e+00
1.884843e+00   1.294965e+07   2.055906e+00
1.902301e+00   1.332483e+07   2.050527e+00
1.919921e+00   1.370773e+07   2.045205e+00
1.937703e+00   1.409844e+07   2.039940e+00
1.955651e+00   1.449704e+07   2.034732e+00
1.973764e+00   1.490362e+07   2.029580e+00
1.992046e+00   1.531826e+07   2.024485e+00
2.010496e+00   1.574105e+07   2.019447e+00
2.029118e+00   1.617205e+07   2.014473e+00
2.047912e+00   1.661133e+07   2.009558e+00
2.066880e+00   1.705893e+07   2.004699e+00
2.086024e+00   1.751489e+07   1.999893e+00
2.105345e+00   1.797925e+07   1.995136e+00
2.124845e+00   1.845206e+07   1.990424e+00
2.144526e+00   1.893335e+07   1.985755e+00
2.164389e+00   1.942315e+07   1.981124e+00
2.184436e+00   1.992149e+07   1.976528e+00
2.204669e+00   2.042839e+07   1.971964e+00
2.225089e+00   2.094388e+07   1.967429e+00
2.245698e+00   2.146798e+07   1.962918e+00
2.266498e+00   2.200070e+07   1.958429e+00
2.287491e+00   2.254205e+07   1.953959e+00
2.308678e+00   2.309203e+07   1.949504e+00
2.330061e+00   2.365065e+07   1.945061e+00
2.351643e+00   2.421791e+07   1.940627e+00
2.373424e+00   2.479381e+07   1.936198e+00
2.395407e+00   2.537833e+07   1.931772e+00
2.417594e+00   2.597145e+07   1.927346e+00
2.439986e+00   2.657317e+07   1.922916e+00
2.462586e+00   2.718346e+07   1.918479e+00
2.485395e+00   2.780229e+07   1.914032e+00
2.508415e+00   2.842964e+07   1.909573e+00
2.531648e+00   2.906549e+07   1.905102e+00
2.555097e+00   2.970983e+07   1.900624e+00
2.578763e+00   3.036269e+07   1.896141e+00
2.602648e+00   3.102407e+07   1.891657e+00
2.626754e+00   3.169397e+07   1.887176e+00
2.651084e+00   3.237241e+07   1.882702e+00
2.675638e+00   3.305938e+07   1.878237e+00
2.700421e+00   3.375491e+07   1.873786e+00
2.725433e+00   3.445899e+07   1.869351e+00
2.750676e+00   3.517163e+07   1.864937e+00
2.776153e+00   3.589285e+07   1.860546e+00
2.801867e+00   3.662265e+07   1.856183e+00
2.827818e+00   3.736105e+07   1.851849e+00
2.854010e+00   3.810805e+07   1.847549e+00
2.880444e+00   3.886368e+07   1.843286e+00
2.907123e+00   3.962793e+07   1.839062e+00
2.934050e+00   4.040083e+07   1.834882e+00
2.961225e+00   4.118240e+07   1.830748e+00
2.988653e+00   4.197266e+07   1.826664e+00
3.016334e+00   4.277161e+07   1.822639e+00
3.044272e+00   4.357924e+07   1.818698e+00
3.072469e+00   4.439548e+07   1.814834e+00
3.100927e+00   4.522025e+07   1.811035e+00
3.129648e+00   4.605348e+07   1.807289e+00
3.158635e+00   4.689509e+07   1.803584e+00
3.187891e+00   4.774499e+07   1.799908e+00
3.217418e+00   4.860309e+07   1.796252e+00
3.247218e+00   4.946930e+07   1.792602e+00
3.277295e+00   5.034352e+07   1.788948e+00
3.307650e+00   5.122565e+07   1.785279e+00
3.338286e+00   5.211557e+07   1.781583e+00
3.369206e+00   5.301318e+07   1.777850e+00
3.400412e+00   5.391835e+07   1.774069e+00
3.431907e+00   5.483097e+07   1.770229e+00
3.463694e+00   5.575090e+07   1.766319e+00
3.495776e+00   5.667803e+07   1.762329e+00
3.528154e+00   5.761221e+07   1.758245e+00
3.560833e+00   5.855337e+07   1.754065e+00
3.593814e+00   5.950145e+07   1.749802e+00
3.627100e+00   6.045639e+07   1.745472e+00
3.660695e+00   6.141812e+07   1.741089e+00
3.694601e+00   6.238658e+07   1.736665e+00
3.728821e+00   6.336172e+07   1.732216e+00
3.763358e+00   6.434348e+07   1.727754e+00
3.798215e+00   6.533179e+07   1.723294e+00
3.833395e+00   6.632662e+07   1.718849e+00
3.868901e+00   6.732790e+07   1.714431e+00
3.904735e+00   6.833557e+07   1.710055e+00
3.940902e+00   6.934960e+07   1.705732e+00
3.977403e+00   7.036992e+07   1.701476e+00
4.014242e+00   7.139650e+07   1.697296e+00
4.051423e+00   7.242930e+07   1.693155e+00
4.088948e+00   7.346830e+07   1.689043e+00
4.126821e+00   7.451349e+07   1.684957e+00
4.165044e+00   7.556486e+07   1.680896e+00
4.203622e+00   7.662240e+07   1.676859e+00
4.242556e+00   7.768611e+07   1.672844e+00
4.281852e+00   7.875601e+07   1.668850e+00
4.321511e+00   7.983208e+07   1.664875e+00
4.361538e+00   8.091436e+07   1.660918e+00
4.401935e+00   8.200284e+07   1.656978e+00
4.442707e+00   8.309757e+07   1.653053e+00
4.483856e+00   8.419855e+07   1.649142e+00
4.525386e+00   8.530583e+07   1.645243e+00
4.567301e+00   8.641943e+07   1.641355e+00
4.609604e+00   8.753941e+07   1.637477e+00
4.652300e+00   8.866580e+07   1.633607e+00
4.695390e+00   8.979867e+07   1.629744e+00
4.738880e+00   9.093807e+07   1.625888e+00
4.782772e+00   9.208406e+07   1.622035e+00
4.827071e+00   9.323671e+07   1.618187e+00
4.871780e+00   9.439611e+07   1.614340e+00
4.916904e+00   9.556233e+07   1.610493e+00
4.962445e+00   9.673546e+07   1.606647e+00
5.008408e+00   9.791560e+07   1.602799e+00
5.054797e+00   9.910273e+07   1.598955e+00
5.101615e+00   1.002966e+08   1.595120e+00
5.148867e+00   1.014969e+08   1.591292e+00
5.196557e+00   1.027032e+08   1.587473e+00
5.244689e+00   1.039153e+08   1.583661e+00
5.293266e+00   1.051327e+08   1.579856e+00
5.342293e+00   1.063551e+08   1.576059e+00
5.391775e+00   1.075822e+08   1.572268e+00
5.441714e+00   1.088135e+08   1.568485e+00
5.492116e+00   1.100485e+08   1.564709e+00
5.542986e+00   1.112869e+08   1.560939e+00
5.594326e+00   1.125283e+08   1.557176e+00
5.646141e+00   1.137721e+08   1.553419e+00
5.698437e+00   1.150180e+08   1.549669e+00
5.751217e+00   1.162653e+08   1.545925e+00
5.804486e+00   1.175137e+08   1.542186e+00
5.858248e+00   1.187626e+08   1.538454e+00
5.912508e+00   1.200115e+08   1.534727e+00
5.967271e+00   1.212599e+08   1.531005e+00
6.022541e+00   1.225071e+08   1.527286e+00
6.078323e+00   1.237532e+08   1.523547e+00
6.134622e+00   1.249983e+08   1.519788e+00
6.191442e+00   1.262428e+08   1.516015e+00
6.248788e+00   1.274873e+08   1.512234e+00
6.306666e+00   1.287321e+08   1.508453e+00
6.365079e+00   1.299777e+08   1.504677e+00
6.424034e+00   1.312245e+08   1.500912e+00
6.483534e+00   1.324732e+08   1.497165e+00
6.543586e+00   1.337242e+08   1.493442e+00
6.604194e+00   1.349780e+08   1.489749e+00
6.665363e+00   1.362353e+08   1.486092e+00
6.727099e+00   1.374967e+08   1.482476e+00
6.789407e+00   1.387629e+08   1.478908e+00
6.852292e+00   1.400343e+08   1.475394e+00
6.915759e+00   1.413119e+08   1.471938e+00
6.979814e+00   1.425962e+08   1.468548e+00
7.044462e+00   1.438879e+08   1.465226e+00
7.109709e+00   1.451868e+08   1.461965e+00
7.175561e+00   1.464919e+08   1.458760e+00
7.242022e+00   1.478023e+08   1.455604e+00
7.309099e+00   1.491170e+08   1.452491e+00
7.376798e+00   1.504350e+08   1.449414e+00
7.445123e+00   1.517553e+08   1.446368e+00
7.514081e+00   1.530767e+08   1.443346e+00
7.583678e+00   1.543983e+08   1.440343e+00
7.653919e+00   1.557187e+08   1.437352e+00
7.724811e+00   1.570370e+08   1.434369e+00
7.796360e+00   1.583518e+08   1.431386e+00
7.868572e+00   1.596619e+08   1.428398e+00
7.941452e+00   1.609661e+08   1.425400e+00
8.015007e+00   1.622630e+08   1.422385e+00
8.089243e+00   1.635517e+08   1.419335e+00
8.164168e+00   1.648326e+08   1.416254e+00
8.239786e+00   1.661059e+08   1.413153e+00
8.316104e+00   1.673721e+08   1.410047e+00
8.393129e+00   1.686316e+08   1.406947e+00
8.470868e+00   1.698848e+08   1.403867e+00
8.549327e+00   1.711322e+08   1.400820e+00
8.628513e+00   1.723743e+08   1.397817e+00
8.708431e+00   1.736116e+08   1.394871e+00
8.789091e+00   1.748445e+08   1.391995e+00
8.870497e+00   1.760738e+08   1.389200e+00
8.952657e+00   1.772998e+08   1.386498e+00
9.035578e+00   1.785233e+08   1.383897e+00
9.119268e+00   1.797448e+08   1.381353e+00
9.203732e+00   1.809649e+08   1.378857e+00
9.288979e+00   1.821844e+08   1.376410e+00
9.375015e+00   1.834038e+08   1.374013e+00
9.461848e+00   1.846239e+08   1.371667e+00
9.549486e+00   1.858454e+08   1.369372e+00
9.637935e+00   1.870690e+08   1.367129e+00
9.727203e+00   1.882955e+08   1.364940e+00
9.817298e+00   1.895256e+08   1.362805e+00
9.908228e+00   1.907602e+08   1.360725e+00
1.000000e+01   1.920000e+08   1.358700e+00
