# O17 + a > Ne20 + n   [O17_a__Ne20_n]   ref=NACRE, Angulo et al. 1999
# detailed balance: alpha=18.593 beta=0 gamma=-6.8086  Q=0.5867
# T9                 rate                error
1.000000e-03   9.990000e-100   1.000000e+00
1.009262e-03   9.990000e-100   1.000000e+00
1.018610e-03   9.990000e-100   1.000000e+00
1.028045e-03   9.990000e-100   1.000000e+00
1.037567e-03   9.990000e-100   1.000000e+00
1.047177e-03   9.990000e-100   1.000000e+00
1.056876e-03   9.990000e-100   1.000000e+00
1.066665e-03   9.990000e-100   1.000000e+00
1.076545e-03   9.990000e-100   1.000000e+00
1.086516e-03   9.990000e-100   1.000000e+00
1.096579e-03   9.990000e-100   1.000000e+00
1.106736e-03   9.990000e-100   1.000000e+00
1.116987e-03   9.990000e-100   1.000000e+00
1.127333e-03   9.990000e-100   1.000000e+00
1.137774e-03   9.990000e-100   1.000000e+00
1.148312e-03   9.990000e-100   1.000000e+00
1.158948e-03   9.990000e-100   1.000000e+00
1.169683e-03   9.990000e-100   1.000000e+00
1.180517e-03   9.990000e-100   1.000000e+00
1.191451e-03   9.990000e-100   1.000000e+00
1.202486e-03   9.990000e-100   1.000000e+00
1.213624e-03   9.990000e-100   1.000000e+00
1.224865e-03   9.990000e-100   1.000000e+00
1.236210e-03   9.990000e-100   1.000000e+00
1.247660e-03   9.990000e-100   1.000000e+00
1.259216e-03   9.990000e-100   1.000000e+00
1.270879e-03   9.990000e-100   1.000000e+00
1.282650e-03   9.990000e-100   1.000000e+00
1.294530e-03   9.990000e-100   1.000000e+00
1.306520e-03   9.990000e-100   1.000000e+00
1.318621e-03   9.990000e-100   1.000000e+00
1.330835e-03   9.990000e-100   1.000000e+00
1.343161e-03   9.990000e-100   1.000000e+00
1.355602e-03   9.990000e-100   1.000000e+00
1.368158e-03   9.990000e-100   1.000000e+00
1.380830e-03   9.990000e-100   1.000000e+00
1.393619e-03   9.990000e-100   1.000000e+00
1.406527e-03   9.990000e-100   1.000000e+00
1.419555e-03   9.990000e-100   1.000000e+00
1.432703e-03   9.990000e-100   1.000000e+00
1.445973e-03   9.990000e-100   1.000000e+00
1.459366e-03   9.990000e-100   1.000000e+00
1.472883e-03   9.990000e-100   1.000000e+00
1.486525e-03   9.990000e-100   1.000000e+00
1.500293e-03   9.990000e-100   1.000000e+00
1.514189e-03   9.990000e-100   1.000000e+00
1.528214e-03   9.990000e-100   1.000000e+00
1.542369e-03   9.990000e-100   1.000000e+00
1.556654e-03   9.990000e-100   1.000000e+00
1.571072e-03   9.990000e-100   1.000000e+00
1.585624e-03   9.990000e-100   1.000000e+00
1.600310e-03   9.990000e-100   1.000000e+00
1.615133e-03   9.990000e-100   1.000000e+00
1.630092e-03   9.990000e-100   1.000000e+00
1.645191e-03   9.990000e-100   1.000000e+00
1.660429e-03   9.990000e-100   1.000000e+00
1.675808e-03   9.990000e-100   1.000000e+00
1.691330e-03   9.990000e-100   1.000000e+00
1.706995e-03   9.990000e-100   1.000000e+00
1.722805e-03   9.990000e-100   1.000000e+00
1.738762e-03   9.990000e-100   1.000000e+00
1.754867e-03   9.990000e-100   1.000000e+00
1.771121e-03   9.990000e-100   1.000000e+00
1.787526e-03   9.990000e-100   1.000000e+00
1.804082e-03   9.990000e-100   1.000000e+00
1.820792e-03   9.990000e-100   1.000000e+00
1.837656e-03   9.990000e-100   1.000000e+00
1.854677e-03   9.990000e-100   1.000000e+00
1.871855e-03   9.990000e-100   1.000000e+00
1.889193e-03   9.990000e-100   1.000000e+00
1.906691e-03   9.990000e-100   1.000000e+00
1.924351e-03   9.990000e-100   1.000000e+00
1.942175e-03   9.990000e-100   1.000000e+00
1.960163e-03   9.990000e-100   1.000000e+00
1.978319e-03   9.990000e-100   1.000000e+00
1.996642e-03   9.990000e-100   1.000000e+00
2.015136e-03   9.990000e-100   1.000000e+00
2.033800e-03   9.990000e-100   1.000000e+00
2.052638e-03   9.990000e-100   1.000000e+00
2.071650e-03   9.990000e-100   1.000000e+00
2.090838e-03   9.990000e-100   1.000000e+00
2.110203e-03   9.990000e-100   1.000000e+00
2.129749e-03   9.990000e-100   1.000000e+00
2.149475e-03   9.990000e-100   1.000000e+00
2.169384e-03   9.990000e-100   1.000000e+00
2.189477e-03   9.990000e-100   1.000000e+00
2.209756e-03   9.990000e-100   1.000000e+00
2.230223e-03   9.990000e-100   1.000000e+00
2.250880e-03   9.990000e-100   1.000000e+00
2.271728e-03   9.990000e-100   1.000000e+00
2.292769e-03   9.990000e-100   1.000000e+00
2.314005e-03   9.990000e-100   1.000000e+00
2.335438e-03   9.990000e-100   1.000000e+00
2.357069e-03   9.990000e-100   1.000000e+00
2.378901e-03   9.990000e-100   1.000000e+00
2.400935e-03   9.990000e-100   1.000000e+00
2.423173e-03   9.990000e-100   1.000000e+00
2.445617e-03   9.990000e-100   1.000000e+00
2.468268e-03   9.990000e-100   1.000000e+00
2.491130e-03   9.990000e-100   1.000000e+00
2.514203e-03   9.990000e-100   1.000000e+00
2.537490e-03   9.990000e-100   1.000000e+00
2.560993e-03   9.990000e-100   1.000000e+00
2.584714e-03   9.990000e-100   1.000000e+00
2.608654e-03   9.990000e-100   1.000000e+00
2.632815e-03   9.990000e-100   1.000000e+00
2.657201e-03   9.990000e-100   1.000000e+00
2.681813e-03   9.990000e-100   1.000000e+00
2.706652e-03   9.990000e-100   1.000000e+00
2.731722e-03   9.990000e-100   1.000000e+00
2.757023e-03   9.990000e-100   1.000000e+00
2.782559e-03   9.990000e-100   1.000000e+00
2.808332e-03   9.990000e-100   1.000000e+00
2.834343e-03   9.990000e-100   1.000000e+00
2.860596e-03   9.990000e-100   1.000000e+00
2.887091e-03   9.990000e-100   1.000000e+00
2.913832e-03   9.990000e-100   1.000000e+00
2.940820e-03   9.990000e-100   1.000000e+00
2.968059e-03   9.990000e-100   1.000000e+00
2.995549e-03   9.990000e-100   1.000000e+00
3.023295e-03   9.990000e-100   1.000000e+00
3.051297e-03   9.990000e-100   1.000000e+00
3.079559e-03   9.990000e-100   1.000000e+00
3.108082e-03   9.990000e-100   1.000000e+00
3.136870e-03   9.990000e-100   1.000000e+00
3.165924e-03   9.990000e-100   1.000000e+00
3.195248e-03   9.990000e-100   1.000000e+00
3.224842e-03   9.990000e-100   1.000000e+00
3.254712e-03   9.990000e-100   1.000000e+00
3.284857e-03   9.990000e-100   1.000000e+00
3.315282e-03   9.990000e-100   1.000000e+00
3.345989e-03   9.990000e-100   1.000000e+00
3.376980e-03   9.990000e-100   1.000000e+00
3.408259e-03   9.990000e-100   1.000000e+00
3.439826e-03   9.990000e-100   1.000000e+00
3.471687e-03   9.990000e-100   1.000000e+00
3.503842e-03   9.990000e-100   1.000000e+00
3.536296e-03   9.990000e-100   1.000000e+00
3.569049e-03   9.990000e-100   1.000000e+00
3.602107e-03   9.990000e-100   1.000000e+00
3.635470e-03   9.990000e-100   1.000000e+00
3.669142e-03   9.990000e-100   1.000000e+00
3.703127e-03   9.990000e-100   1.000000e+00
3.737426e-03   9.990000e-100   1.000000e+00
3.772042e-03   9.990000e-100   1.000000e+00
3.806980e-03   9.990000e-100   1.000000e+00
3.842241e-03   9.990000e-100   1.000000e+00
3.877828e-03   9.990000e-100   1.000000e+00
3.913746e-03   9.990000e-100   1.000000e+00
3.949995e-03   9.990000e-100   1.000000e+00
3.986581e-03   9.990000e-100   1.000000e+00
4.023506e-03   9.990000e-100   1.000000e+00
4.060772e-03   9.990000e-100   1.000000e+00
4.098384e-03   9.990000e-100   1.000000e+00
4.136344e-03   9.990000e-100   1.000000e+00
4.174655e-03   9.990000e-100   1.000000e+00
4.213322e-03   9.990000e-100   1.000000e+00
4.252346e-03   9.990000e-100   1.000000e+00
4.291732e-03   9.990000e-100   1.000000e+00
4.331483e-03   9.990000e-100   1.000000e+00
4.371602e-03   9.990000e-100   1.000000e+00
4.412093e-03   9.990000e-100   1.000000e+00
4.452959e-03   9.990000e-100   1.000000e+00
4.494203e-03   9.990000e-100   1.000000e+00
4.535829e-03   9.990000e-100   1.000000e+00
4.577841e-03   9.990000e-100   1.000000e+00
4.620241e-03   9.990000e-100   1.000000e+00
4.663035e-03   9.990000e-100   1.000000e+00
4.706225e-03   9.990000e-100   1.000000e+00
4.749815e-03   9.990000e-100   1.000000e+00
4.793808e-03   9.990000e-100   1.000000e+00
4.838210e-03   9.990000e-100   1.000000e+00
4.883022e-03   9.990000e-100   1.000000e+00
4.928250e-03   9.990000e-100   1.000000e+00
4.973896e-03   9.990000e-100   1.000000e+00
5.019965e-03   9.990000e-100   1.000000e+00
5.066461e-03   9.990000e-100   1.000000e+00
5.113388e-03   9.990000e-100   1.000000e+00
5.160749e-03   9.990000e-100   1.000000e+00
5.208549e-03   9.990000e-100   1.000000e+00
5.256791e-03   9.990000e-100   1.000000e+00
5.305481e-03   9.990000e-100   1.000000e+00
5.354621e-03   9.990000e-100   1.000000e+00
5.404216e-03   9.990000e-100   1.000000e+00
5.454271e-03   9.990000e-100   1.000000e+00
5.504790e-03   9.990000e-100   1.000000e+00
5.555776e-03   9.990000e-100   1.000000e+00
5.607235e-03   9.990000e-100   1.000000e+00
5.659170e-03   9.990000e-100   1.000000e+00
5.711586e-03   9.990000e-100   1.000000e+00
5.764488e-03   9.990000e-100   1.000000e+00
5.817880e-03   9.990000e-100   1.000000e+00
5.871766e-03   9.990000e-100   1.000000e+00
5.926152e-03   9.990000e-100   1.000000e+00
5.981041e-03   9.990000e-100   1.000000e+00
6.036439e-03   9.990000e-100   1.000000e+00
6.092349e-03   9.990000e-100   1.000000e+00
6.148778e-03   9.990000e-100   1.000000e+00
6.205729e-03   9.990000e-100   1.000000e+00
6.263207e-03   9.990000e-100   1.000000e+00
6.321218e-03   9.990000e-100   1.000000e+00
6.379767e-03   9.990000e-100   1.000000e+00
6.438857e-03   9.990000e-100   1.000000e+00
6.498495e-03   9.990000e-100   1.000000e+00
6.558686e-03   9.990000e-100   1.000000e+00
6.619433e-03   9.990000e-100   1.000000e+00
6.680744e-03   9.990000e-100   1.000000e+00
6.742622e-03   9.990000e-100   1.000000e+00
6.805074e-03   9.990000e-100   1.000000e+00
6.868104e-03   9.990000e-100   1.000000e+00
6.931717e-03   9.990000e-100   1.000000e+00
6.995920e-03   9.990000e-100   1.000000e+00
7.060718e-03   9.990000e-100   1.000000e+00
7.126115e-03   9.990000e-100   1.000000e+00
7.192119e-03   9.990000e-100   1.000000e+00
7.258734e-03   9.990000e-100   1.000000e+00
7.325965e-03   9.990000e-100   1.000000e+00
7.393820e-03   9.990000e-100   1.000000e+00
7.462303e-03   9.990000e-100   1.000000e+00
7.531420e-03   9.990000e-100   1.000000e+00
7.601178e-03   9.990000e-100   1.000000e+00
7.671581e-03   9.990000e-100   1.000000e+00
7.742637e-03   9.990000e-100   1.000000e+00
7.814351e-03   9.990000e-100   1.000000e+00
7.886729e-03   9.990000e-100   1.000000e+00
7.959777e-03   9.990000e-100   1.000000e+00
8.033502e-03   9.990000e-100   1.000000e+00
8.107910e-03   9.990000e-100   1.000000e+00
8.183007e-03   9.990000e-100   1.000000e+00
8.258799e-03   9.989999e-100   1.000000e+00
8.335294e-03   9.989999e-100   1.000000e+00
8.412497e-03   9.989999e-100   1.000000e+00
8.490415e-03   9.989999e-100   1.000000e+00
8.569055e-03   9.989999e-100   1.000000e+00
8.648423e-03   9.989999e-100   1.000000e+00
8.728527e-03   9.989999e-100   1.000000e+00
8.809372e-03   9.989999e-100   1.000000e+00
8.890966e-03   9.989999e-100   1.000000e+00
8.973316e-03   9.990000e-100   1.000000e+00
9.056428e-03   9.990000e-100   1.000000e+00
9.140311e-03   9.990001e-100   1.000000e+00
9.224970e-03   9.990002e-100   1.000000e+00
9.310413e-03   9.990002e-100   1.000000e+00
9.396648e-03   9.990003e-100   1.000000e+00
9.483682e-03   9.990003e-100   1.000000e+00
9.571522e-03   9.990003e-100   1.000000e+00
9.660175e-03   9.990003e-100   1.000000e+00
9.749649e-03   9.990003e-100   1.000000e+00
9.839952e-03   9.990002e-100   1.000000e+00
9.931092e-03   9.990001e-100   1.000000e+00
1.002308e-02   9.990000e-100   1.000000e+00
1.011591e-02   9.989998e-100   1.000000e+00
1.020961e-02   9.989995e-100   1.000000e+00
1.030417e-02   9.989993e-100   1.000000e+00
1.039961e-02   9.989991e-100   1.000000e+00
1.049593e-02   9.989990e-100   1.000000e+00
1.059315e-02   9.989989e-100   1.000000e+00
1.069126e-02   9.989990e-100   1.000000e+00
1.079029e-02   9.989991e-100   1.000000e+00
1.089023e-02   9.989994e-100   1.000000e+00
1.099110e-02   9.989999e-100   1.000000e+00
1.109290e-02   9.990006e-100   1.000000e+00
1.119564e-02   9.990014e-100   1.000000e+00
1.129934e-02   9.990022e-100   1.000000e+00
1.140400e-02   9.990029e-100   1.000000e+00
1.150962e-02   9.990034e-100   1.000000e+00
1.161623e-02   9.990035e-100   1.000000e+00
1.172382e-02   9.990033e-100   1.000000e+00
1.183241e-02   9.990025e-100   1.000000e+00
1.194200e-02   9.990010e-100   1.000000e+00
1.205261e-02   9.989989e-100   1.000000e+00
1.216424e-02   9.989961e-100   1.000000e+00
1.227691e-02   9.989933e-100   1.000000e+00
1.239062e-02   9.989907e-100   1.000000e+00
1.250539e-02   9.989889e-100   1.000000e+00
1.262121e-02   9.989884e-100   1.000000e+00
1.273811e-02   9.989895e-100   1.000000e+00
1.285610e-02   9.989927e-100   1.000000e+00
1.297517e-02   9.989984e-100   1.000000e+00
1.309535e-02   9.990070e-100   1.000000e+00
1.321664e-02   9.990172e-100   1.000000e+00
1.333906e-02   9.990272e-100   1.000000e+00
1.346261e-02   9.990349e-100   1.000000e+00
1.358730e-02   9.990386e-100   1.000000e+00
1.371315e-02   9.990364e-100   1.000000e+00
1.384016e-02   9.990263e-100   1.000000e+00
1.396835e-02   9.990066e-100   1.000000e+00
1.409773e-02   9.989759e-100   1.000000e+00
1.422830e-02   9.989391e-100   1.000000e+00
1.436009e-02   9.989040e-100   1.000000e+00
1.449310e-02   9.988785e-100   1.000000e+00
1.462733e-02   9.988704e-100   1.000000e+00
1.476281e-02   9.988876e-100   1.000000e+00
1.489955e-02   9.989379e-100   1.000000e+00
1.503755e-02   9.990291e-100   1.000000e+00
1.517683e-02   9.991556e-100   1.000000e+00
1.531740e-02   9.992876e-100   1.000000e+00
1.545928e-02   9.993927e-100   1.000000e+00
1.560246e-02   9.994383e-100   1.000000e+00
1.574698e-02   9.993920e-100   1.000000e+00
1.589283e-02   9.992213e-100   1.000000e+00
1.604003e-02   9.988942e-100   1.000000e+00
1.618860e-02   9.984078e-100   1.000000e+00
1.633854e-02   9.978122e-100   1.000000e+00
1.648987e-02   9.971636e-100   1.000000e+00
1.664260e-02   9.965175e-100   1.000000e+00
1.679675e-02   9.959298e-100   1.000000e+00
1.695232e-02   9.954559e-100   1.000000e+00
1.710934e-02   9.951514e-100   1.000000e+00
1.726781e-02   9.950716e-100   1.000000e+00
1.742775e-02   9.952721e-100   1.000000e+00
1.758917e-02   9.958087e-100   1.000000e+00
1.775208e-02   9.967378e-100   1.000000e+00
1.791650e-02   9.981162e-100   1.000000e+00
1.808245e-02   9.999959e-100   1.000000e+00
1.824993e-02   1.002295e-99   1.000000e+00
1.841897e-02   1.004795e-99   1.000000e+00
1.858957e-02   1.007268e-99   1.000000e+00
1.876175e-02   1.009485e-99   1.000000e+00
1.893552e-02   1.011216e-99   1.000000e+00
1.911091e-02   1.012229e-99   1.000000e+00
1.928792e-02   1.012291e-99   1.000000e+00
1.946656e-02   1.011173e-99   1.000000e+00
1.964687e-02   1.008651e-99   1.000000e+00
1.982884e-02   1.004506e-99   1.000000e+00
2.001250e-02   9.985336e-100   1.000000e+00
2.019786e-02   9.906517e-100   1.000000e+00
2.038493e-02   9.811520e-100   1.000000e+00
2.057374e-02   9.703977e-100   1.000000e+00
2.076430e-02   9.587436e-100   1.000000e+00
2.095662e-02   9.465325e-100   1.000000e+00
2.115073e-02   9.340930e-100   1.000000e+00
2.134663e-02   9.217376e-100   1.000000e+00
2.154435e-02   9.097629e-100   1.000000e+00
2.174389e-02   8.984501e-100   1.000000e+00
2.194529e-02   8.880668e-100   1.000000e+00
2.214855e-02   8.788695e-100   1.000000e+00
2.235370e-02   8.711067e-100   1.000000e+00
2.256074e-02   8.650229e-100   1.000000e+00
2.276970e-02   8.608635e-100   1.000000e+00
2.298060e-02   8.588801e-100   1.000000e+00
2.319345e-02   8.593368e-100   1.000000e+00
2.340827e-02   8.625178e-100   1.000000e+00
2.362508e-02   8.687355e-100   1.000000e+00
2.384390e-02   8.783409e-100   1.000000e+00
2.406475e-02   8.917349e-100   1.000000e+00
2.428764e-02   9.093827e-100   1.000000e+00
2.451260e-02   9.318305e-100   1.000000e+00
2.473964e-02   9.597268e-100   1.000000e+00
2.496878e-02   9.938480e-100   1.000000e+00
2.520005e-02   1.034930e-99   1.000000e+00
2.543346e-02   1.082606e-99   1.000000e+00
2.566903e-02   1.135952e-99   1.000000e+00
2.590678e-02   1.193822e-99   1.000000e+00
2.614673e-02   1.254787e-99   1.000000e+00
2.638891e-02   1.317079e-99   1.000000e+00
2.663333e-02   1.378560e-99   1.000000e+00
2.688001e-02   1.436721e-99   1.000000e+00
2.712898e-02   1.488717e-99   1.000000e+00
2.738025e-02   1.531459e-99   1.000000e+00
2.763385e-02   1.561757e-99   1.000000e+00
2.788980e-02   1.576508e-99   1.000000e+00
2.814812e-02   1.572949e-99   1.000000e+00
2.840884e-02   1.548920e-99   1.000000e+00
2.867196e-02   1.503143e-99   1.000000e+00
2.893753e-02   1.435453e-99   1.000000e+00
2.920556e-02   1.346962e-99   1.000000e+00
2.947606e-02   1.240110e-99   1.000000e+00
2.974908e-02   1.118573e-99   1.000000e+00
3.002462e-02   9.870257e-100   1.000000e+00
3.030271e-02   8.516023e-100   1.000000e+00
3.058338e-02   7.202350e-100   1.000000e+00
3.086665e-02   5.989269e-100   1.000000e+00
3.115254e-02   4.912119e-100   1.000000e+00
3.144108e-02   3.985589e-100   1.000000e+00
3.173230e-02   3.209062e-100   1.000000e+00
3.202621e-02   2.571928e-100   1.000000e+00
3.232284e-02   2.058107e-100   1.000000e+00
3.262222e-02   1.649448e-100   1.000000e+00
3.292437e-02   1.328018e-100   1.000000e+00
3.322933e-02   1.077451e-100   1.000000e+00
3.353710e-02   8.835926e-101   1.000000e+00
3.384773e-02   7.346851e-101   1.000000e+00
3.416123e-02   6.212667e-101   1.000000e+00
3.447764e-02   5.359395e-101   1.000000e+00
3.479698e-02   4.730943e-101   1.000000e+00
3.511928e-02   4.286541e-101   1.000000e+00
3.544456e-02   3.998773e-101   1.000000e+00
3.577285e-02   3.852480e-101   1.000000e+00
3.610419e-02   3.844865e-101   1.000000e+00
3.643859e-02   3.987329e-101   1.000000e+00
3.677609e-02   4.309992e-101   1.000000e+00
3.711672e-02   4.870770e-101   1.000000e+00
3.746050e-02   5.772697e-101   1.000000e+00
3.780747e-02   7.197025e-101   1.000000e+00
3.815765e-02   9.467899e-101   1.000000e+00
3.851107e-02   1.318299e-100   1.000000e+00
3.886777e-02   1.948798e-100   1.000000e+00
3.922777e-02   3.067934e-100   1.000000e+00
3.959110e-02   5.159225e-100   1.000000e+00
3.995780e-02   9.296412e-100   1.000000e+00
4.032790e-02   1.796555e-99   1.000000e+00
4.070142e-02   3.682094e-99   1.000000e+00
4.107841e-02   7.880691e-99   1.000000e+00
4.145888e-02   1.734335e-98   1.000000e+00
4.184289e-02   3.864424e-98   1.000000e+00
4.223044e-02   8.584276e-98   1.000000e+00
4.262159e-02   1.871861e-97   1.000000e+00
4.301636e-02   3.945288e-97   1.000000e+00
4.341478e-02   7.914122e-97   1.000000e+00
4.381690e-02   1.487749e-96   1.000000e+00
4.422274e-02   2.580737e-96   1.000000e+00
4.463234e-02   4.067512e-96   1.000000e+00
4.504573e-02   5.735466e-96   1.000000e+00
4.546295e-02   7.124388e-96   1.000000e+00
4.588404e-02   7.676253e-96   1.000000e+00
4.630903e-02   7.064116e-96   1.000000e+00
4.673795e-02   5.467103e-96   1.000000e+00
4.717085e-02   3.503736e-96   1.000000e+00
4.760775e-02   1.830899e-96   1.000000e+00
4.804870e-02   7.681395e-97   1.000000e+00
4.849374e-02   2.547666e-97   1.000000e+00
4.894290e-02   6.577422e-98   1.000000e+00
4.939622e-02   1.301558e-98   1.000000e+00
4.985373e-02   1.943793e-99   1.000000e+00
5.031549e-02   2.168016e-100   1.000000e+00
5.078152e-02   1.887675e-101   1.000000e+00
5.125187e-02   1.387347e-102   1.000000e+00
5.172657e-02   9.310999e-104   1.000000e+00
5.220568e-02   6.173337e-105   1.000000e+00
5.268921e-02   4.374376e-106   1.000000e+00
5.317723e-02   3.583803e-107   1.000000e+00
5.366977e-02   3.672517e-108   1.000000e+00
5.416687e-02   5.092545e-109   1.000000e+00
5.466857e-02   1.033753e-109   1.000000e+00
5.517492e-02   3.323299e-110   1.000000e+00
5.568596e-02   1.830427e-110   1.000000e+00
5.620174e-02   1.868638e-110   1.000000e+00
5.672229e-02   3.825144e-110   1.000000e+00
5.724766e-02   1.698555e-109   1.000000e+00
5.777790e-02   1.770028e-108   1.000000e+00
5.831305e-02   4.682842e-107   1.000000e+00
5.885316e-02   3.402727e-105   1.000000e+00
5.939827e-02   7.346704e-103   1.000000e+00
5.994843e-02   5.098772e-100   1.000000e+00
6.050368e-02   1.194844e-96   1.025684e+00
6.106408e-02   8.495586e-93   1.113541e+00
6.162966e-02   1.564244e-88   1.270298e+00
6.220049e-02   6.365350e-84   1.511184e+00
6.277660e-02   4.885679e-79   1.860575e+00
6.335805e-02   6.036570e-74   2.352886e+00
6.394488e-02   1.024699e-68   3.033086e+00
6.453715e-02   2.039487e-63   3.955525e+00
6.513491e-02   4.062021e-58   5.179229e+00
6.573820e-02   6.909365e-53   6.757305e+00
6.634708e-02   8.566170e-48   8.718368e+00
6.696160e-02   6.606414e-43   1.103967e+01
6.758181e-02   2.704914e-38   1.361575e+01
6.820777e-02   5.017964e-34   1.623298e+01
6.883952e-02   3.599699e-30   1.856655e+01
6.947713e-02   8.522114e-27   2.021841e+01
7.012064e-02   5.684365e-24   2.082697e+01
7.077011e-02   9.853384e-22   2.101900e+01
7.142559e-02   4.897686e-20   2.120057e+01
7.208715e-02   7.899802e-19   2.137111e+01
7.275484e-02   4.679277e-18   2.153000e+01
7.342870e-02   1.151851e-17   2.167668e+01
7.410882e-02   1.333479e-17   2.181058e+01
7.479523e-02   8.216114e-18   2.193113e+01
7.548799e-02   3.048979e-18   2.203781e+01
7.618718e-02   7.712013e-19   2.213010e+01
7.689284e-02   1.504610e-19   2.220749e+01
7.760503e-02   2.562365e-20   2.226953e+01
7.832383e-02   4.310584e-21   2.231577e+01
7.904928e-02   8.106384e-22   2.234580e+01
7.978145e-02   1.928553e-22   2.235925e+01
8.052040e-02   6.506546e-23   2.236000e+01
8.126619e-02   3.167894e-23   2.236000e+01
8.201889e-02   2.140478e-23   2.236000e+01
8.277857e-02   1.928770e-23   2.236000e+01
8.354528e-02   2.227353e-23   2.236000e+01
8.431909e-02   3.167717e-23   2.236000e+01
8.510007e-02   5.331652e-23   2.236000e+01
8.588829e-02   1.020575e-22   2.236000e+01
8.668380e-02   2.135036e-22   2.236000e+01
8.748668e-02   4.690857e-22   2.236000e+01
8.829700e-02   1.040149e-21   2.236000e+01
8.911482e-02   2.236891e-21   2.236000e+01
8.994022e-02   4.483419e-21   2.236000e+01
9.077327e-02   8.104541e-21   2.234904e+01
9.161402e-02   1.323714e-20   2.231450e+01
9.246257e-02   1.978174e-20   2.225924e+01
9.331898e-02   2.739047e-20   2.218623e+01
9.418332e-02   3.558433e-20   2.209847e+01
9.505566e-02   4.392401e-20   2.199892e+01
9.593608e-02   5.216616e-20   2.189053e+01
9.682466e-02   6.036417e-20   2.177621e+01
9.772147e-02   6.891800e-20   2.165881e+01
9.862658e-02   7.861564e-20   2.154111e+01
9.954008e-02   9.073353e-20   2.142587e+01
1.004620e-01   1.072556e-19   2.131350e+01
1.013925e-01   1.304230e-19   2.119263e+01
1.023317e-01   1.625684e-19   2.106211e+01
1.032795e-01   2.069106e-19   2.092298e+01
1.042361e-01   2.678622e-19   2.077628e+01
1.052015e-01   3.513491e-19   2.062300e+01
1.061759e-01   4.651386e-19   2.046415e+01
1.071593e-01   6.190974e-19   2.030070e+01
1.081519e-01   8.252504e-19   2.013359e+01
1.091536e-01   1.097437e-18   1.996375e+01
1.101646e-01   1.450306e-18   1.979192e+01
1.111850e-01   1.899780e-18   1.961183e+01
1.122148e-01   2.468186e-18   1.942144e+01
1.132541e-01   3.183920e-18   1.922296e+01
1.143031e-01   4.082585e-18   1.901850e+01
1.153618e-01   5.209259e-18   1.881012e+01
1.164303e-01   6.621604e-18   1.859979e+01
1.175087e-01   8.394133e-18   1.838942e+01
1.185971e-01   1.062412e-17   1.818080e+01
1.196956e-01   1.343981e-17   1.797568e+01
1.208042e-01   1.701070e-17   1.777640e+01
1.219231e-01   2.154810e-17   1.758387e+01
1.230524e-01   2.731540e-17   1.739482e+01
1.241921e-01   3.464738e-17   1.720597e+01
1.253424e-01   4.396930e-17   1.701417e+01
1.265034e-01   5.582098e-17   1.681642e+01
1.276751e-01   7.088695e-17   1.660987e+01
1.288576e-01   9.003438e-17   1.639182e+01
1.300511e-01   1.143605e-16   1.615976e+01
1.312557e-01   1.452495e-16   1.589917e+01
1.324714e-01   1.844356e-16   1.560759e+01
1.336984e-01   2.340895e-16   1.529688e+01
1.349367e-01   2.969216e-16   1.497821e+01
1.361865e-01   3.763044e-16   1.466194e+01
1.374479e-01   4.764201e-16   1.435759e+01
1.387210e-01   6.024342e-16   1.407390e+01
1.400058e-01   7.606995e-16   1.381892e+01
1.413026e-01   9.590520e-16   1.358794e+01
1.426114e-01   1.207371e-15   1.336976e+01
1.439323e-01   1.518022e-15   1.316217e+01
1.452654e-01   1.906443e-15   1.296310e+01
1.466109e-01   2.391923e-15   1.277058e+01
1.479688e-01   2.998593e-15   1.258277e+01
1.493393e-01   3.756681e-15   1.239793e+01
1.507225e-01   4.704090e-15   1.221513e+01
1.521186e-01   5.888059e-15   1.203708e+01
1.535275e-01   7.367306e-15   1.186372e+01
1.549495e-01   9.215082e-15   1.169447e+01
1.563847e-01   1.152279e-14   1.152878e+01
1.578331e-01   1.440448e-14   1.136610e+01
1.592950e-01   1.800251e-14   1.120595e+01
1.607704e-01   2.249454e-14   1.104787e+01
1.622595e-01   2.810143e-14   1.089173e+01
1.637624e-01   3.509709e-14   1.073768e+01
1.652792e-01   4.382169e-14   1.058588e+01
1.668101e-01   5.469733e-14   1.043646e+01
1.683551e-01   6.824741e-14   1.028955e+01
1.699144e-01   8.512025e-14   1.014527e+01
1.714882e-01   1.061183e-13   1.000374e+01
1.730766e-01   1.322337e-13   9.865055e+00
1.746796e-01   1.646918e-13   9.729315e+00
1.762975e-01   2.050049e-13   9.596610e+00
1.779304e-01   2.550365e-13   9.467021e+00
1.795785e-01   3.170809e-13   9.340625e+00
1.812418e-01   3.939611e-13   9.218641e+00
1.829205e-01   4.891632e-13   9.103142e+00
1.846147e-01   6.069903e-13   8.992746e+00
1.863246e-01   7.527442e-13   8.885995e+00
1.880504e-01   9.329560e-13   8.781496e+00
1.897922e-01   1.155669e-12   8.677923e+00
1.915501e-01   1.430784e-12   8.574011e+00
1.933242e-01   1.770492e-12   8.468555e+00
1.951148e-01   2.189793e-12   8.360411e+00
1.969220e-01   2.707146e-12   8.248504e+00
1.987460e-01   3.345263e-12   8.131824e+00
2.005868e-01   4.132082e-12   8.009641e+00
2.024447e-01   5.101921e-12   7.884273e+00
2.043197e-01   6.296850e-12   7.756819e+00
2.062122e-01   7.768482e-12   7.627526e+00
2.081222e-01   9.580108e-12   7.496638e+00
2.100498e-01   1.180930e-11   7.364393e+00
2.119953e-01   1.455111e-11   7.231021e+00
2.139589e-01   1.792190e-11   7.096746e+00
2.159406e-01   2.206411e-11   6.961785e+00
2.179407e-01   2.715198e-11   6.826347e+00
2.199593e-01   3.339854e-11   6.690634e+00
2.219966e-01   4.106412e-11   6.554840e+00
2.240528e-01   5.046671e-11   6.419150e+00
2.261280e-01   6.199450e-11   6.283741e+00
2.282224e-01   7.612113e-11   6.148782e+00
2.303363e-01   9.342420e-11   6.014432e+00
2.324697e-01   1.146077e-10   5.880845e+00
2.346229e-01   1.405294e-10   5.748162e+00
2.367960e-01   1.722334e-10   5.616520e+00
2.389893e-01   2.109903e-10   5.486043e+00
2.412028e-01   2.583457e-10   5.356851e+00
2.434369e-01   3.161779e-10   5.229053e+00
2.456916e-01   3.867690e-10   5.102751e+00
2.479673e-01   4.728898e-10   4.978038e+00
2.502640e-01   5.779026e-10   4.854963e+00
2.525820e-01   7.058835e-10   4.730246e+00
2.549215e-01   8.617669e-10   4.602506e+00
2.572826e-01   1.051524e-09   4.472761e+00
2.596656e-01   1.282376e-09   4.341959e+00
2.620707e-01   1.563049e-09   4.210971e+00
2.644980e-01   1.904080e-09   4.080592e+00
2.669478e-01   2.318181e-09   3.951542e+00
2.694204e-01   2.820676e-09   3.824461e+00
2.719158e-01   3.430023e-09   3.699918e+00
2.744343e-01   4.168434e-09   3.578410e+00
2.769762e-01   5.062620e-09   3.460366e+00
2.795416e-01   6.144667e-09   3.346155e+00
2.821308e-01   7.453088e-09   3.236084e+00
2.847439e-01   9.034064e-09   3.130411e+00
2.873813e-01   1.094292e-08   3.029344e+00
2.900430e-01   1.324589e-08   2.933050e+00
2.927295e-01   1.602215e-08   2.841658e+00
2.954408e-01   1.936628e-08   2.755266e+00
2.981772e-01   2.339116e-08   2.673946e+00
3.009390e-01   2.823137e-08   2.597528e+00
3.037264e-01   3.404739e-08   2.523359e+00
3.065395e-01   4.103073e-08   2.450840e+00
3.093788e-01   4.940946e-08   2.380197e+00
3.122443e-01   5.945505e-08   2.311627e+00
3.151363e-01   7.149033e-08   2.245298e+00
3.180552e-01   8.589895e-08   2.181355e+00
3.210011e-01   1.031365e-07   2.119921e+00
3.239743e-01   1.237438e-07   2.061097e+00
3.269750e-01   1.483621e-07   2.004969e+00
3.300035e-01   1.777513e-07   1.951605e+00
3.330600e-01   2.128116e-07   1.901060e+00
3.361449e-01   2.546084e-07   1.853378e+00
3.392583e-01   3.044018e-07   1.808596e+00
3.424006e-01   3.636810e-07   1.766741e+00
3.455720e-01   4.342056e-07   1.727836e+00
3.487727e-01   5.180521e-07   1.691904e+00
3.520031e-01   6.176703e-07   1.658628e+00
3.552635e-01   7.359407e-07   1.626736e+00
3.585540e-01   8.762465e-07   1.596116e+00
3.618750e-01   1.042561e-06   1.566780e+00
3.652267e-01   1.239547e-06   1.538739e+00
3.686095e-01   1.472669e-06   1.512001e+00
3.720237e-01   1.748327e-06   1.486575e+00
3.754694e-01   2.074004e-06   1.462465e+00
3.789471e-01   2.458446e-06   1.439679e+00
3.824570e-01   2.911859e-06   1.418222e+00
3.859994e-01   3.446140e-06   1.398099e+00
3.895746e-01   4.075144e-06   1.379317e+00
3.931829e-01   4.814986e-06   1.361882e+00
3.968246e-01   5.684383e-06   1.345802e+00
4.005001e-01   6.705058e-06   1.331079e+00
4.042096e-01   7.902184e-06   1.317265e+00
4.079535e-01   9.304910e-06   1.304079e+00
4.117320e-01   1.094694e-05   1.291518e+00
4.155455e-01   1.286719e-05   1.279580e+00
4.193944e-01   1.511055e-05   1.268259e+00
4.232789e-01   1.772872e-05   1.257555e+00
4.271994e-01   2.078117e-05   1.247465e+00
4.311562e-01   2.433624e-05   1.237986e+00
4.351497e-01   2.847231e-05   1.229119e+00
4.391801e-01   3.327918e-05   1.220862e+00
4.432479e-01   3.885962e-05   1.213216e+00
4.473533e-01   4.533099e-05   1.206180e+00
4.514968e-01   5.282724e-05   1.199736e+00
4.556786e-01   6.150127e-05   1.193641e+00
4.598992e-01   7.152780e-05   1.187832e+00
4.641589e-01   8.310586e-05   1.182313e+00
4.684580e-01   9.646188e-05   1.177089e+00
4.727970e-01   1.118532e-04   1.172166e+00
4.771761e-01   1.295720e-04   1.167547e+00
4.815958e-01   1.499496e-04   1.163237e+00
4.860564e-01   1.733614e-04   1.159241e+00
4.905584e-01   2.002319e-04   1.155565e+00
4.951020e-01   2.310414e-04   1.152214e+00
4.996877e-01   2.663319e-04   1.149193e+00
5.043159e-01   3.067150e-04   1.146404e+00
5.089870e-01   3.528821e-04   1.143716e+00
5.137014e-01   4.056130e-04   1.141126e+00
5.184594e-01   4.657859e-04   1.138633e+00
5.232614e-01   5.343895e-04   1.136235e+00
5.281080e-01   6.125357e-04   1.133932e+00
5.329994e-01   7.014741e-04   1.131721e+00
5.379362e-01   8.026078e-04   1.129601e+00
5.429186e-01   9.175113e-04   1.127571e+00
5.479472e-01   1.047950e-03   1.125630e+00
5.530224e-01   1.195902e-03   1.123776e+00
5.581446e-01   1.363582e-03   1.122009e+00
5.633143e-01   1.553469e-03   1.120326e+00
5.685318e-01   1.768333e-03   1.118727e+00
5.737976e-01   2.011271e-03   1.117211e+00
5.791123e-01   2.285741e-03   1.115776e+00
5.844761e-01   2.595602e-03   1.114422e+00
5.898896e-01   2.945158e-03   1.113146e+00
5.953533e-01   3.339208e-03   1.111949e+00
6.008676e-01   3.783096e-03   1.110829e+00
6.064329e-01   4.282789e-03   1.109743e+00
6.120498e-01   4.844978e-03   1.108673e+00
6.177188e-01   5.477139e-03   1.107624e+00
6.234402e-01   6.187617e-03   1.106601e+00
6.292146e-01   6.985731e-03   1.105608e+00
6.350425e-01   7.881885e-03   1.104652e+00
6.409244e-01   8.887692e-03   1.103736e+00
6.468608e-01   1.001612e-02   1.102866e+00
6.528521e-01   1.128166e-02   1.102046e+00
6.588990e-01   1.270047e-02   1.101283e+00
6.650018e-01   1.429064e-02   1.100580e+00
6.711612e-01   1.607233e-02   1.099942e+00
6.773776e-01   1.806812e-02   1.099375e+00
6.836516e-01   2.030320e-02   1.098883e+00
6.899837e-01   2.280576e-02   1.098471e+00
6.963745e-01   2.560733e-02   1.098145e+00
7.028244e-01   2.874316e-02   1.097900e+00
7.093341e-01   3.225249e-02   1.097676e+00
7.159041e-01   3.617890e-02   1.097460e+00
7.225349e-01   4.057098e-02   1.097254e+00
7.292272e-01   4.548290e-02   1.097060e+00
7.359814e-01   5.097509e-02   1.096877e+00
7.427982e-01   5.711494e-02   1.096708e+00
7.496782e-01   6.397757e-02   1.096554e+00
7.566219e-01   7.164680e-02   1.096416e+00
7.636298e-01   8.021608e-02   1.096295e+00
7.707027e-01   8.978966e-02   1.096193e+00
7.778411e-01   1.004838e-01   1.096112e+00
7.850456e-01   1.124282e-01   1.096051e+00
7.923169e-01   1.257674e-01   1.096014e+00
7.996555e-01   1.406630e-01   1.096000e+00
8.070620e-01   1.572951e-01   1.096007e+00
8.145372e-01   1.758651e-01   1.096027e+00
8.220816e-01   1.965981e-01   1.096062e+00
8.296959e-01   2.197456e-01   1.096109e+00
8.373807e-01   2.455887e-01   1.096169e+00
8.451366e-01   2.744415e-01   1.096240e+00
8.529644e-01   3.066554e-01   1.096323e+00
8.608648e-01   3.426233e-01   1.096417e+00
8.688383e-01   3.827847e-01   1.096521e+00
8.768856e-01   4.276316e-01   1.096634e+00
8.850075e-01   4.777144e-01   1.096756e+00
8.932046e-01   5.336500e-01   1.096887e+00
9.014776e-01   5.961288e-01   1.097027e+00
9.098273e-01   6.659202e-01   1.097253e+00
9.182543e-01   7.438720e-01   1.097595e+00
9.267593e-01   8.309264e-01   1.098041e+00
9.353432e-01   9.281318e-01   1.098577e+00
9.440065e-01   1.036654e+00   1.099190e+00
9.527500e-01   1.157790e+00   1.099869e+00
9.615746e-01   1.292979e+00   1.100601e+00
9.704809e-01   1.443822e+00   1.101372e+00
9.794697e-01   1.612096e+00   1.102171e+00
9.885417e-01   1.799770e+00   1.102984e+00
9.976978e-01   2.009033e+00   1.103798e+00
1.006939e+00   2.242307e+00   1.104628e+00
1.016265e+00   2.502284e+00   1.105536e+00
1.025678e+00   2.791947e+00   1.106518e+00
1.035178e+00   3.114602e+00   1.107570e+00
1.044766e+00   3.473908e+00   1.108688e+00
1.054443e+00   3.873917e+00   1.109868e+00
1.064209e+00   4.319107e+00   1.111104e+00
1.074066e+00   4.814432e+00   1.112393e+00
1.084014e+00   5.365365e+00   1.113729e+00
1.094055e+00   5.977951e+00   1.115109e+00
1.104188e+00   6.658859e+00   1.116527e+00
1.114415e+00   7.415449e+00   1.117979e+00
1.124737e+00   8.255833e+00   1.119460e+00
1.135155e+00   9.188948e+00   1.120966e+00
1.145669e+00   1.022464e+01   1.122491e+00
1.156280e+00   1.137372e+01   1.124032e+00
1.166990e+00   1.264812e+01   1.125584e+00
1.177799e+00   1.406092e+01   1.127141e+00
1.188708e+00   1.562647e+01   1.128699e+00
1.199718e+00   1.736056e+01   1.130253e+00
1.210830e+00   1.928048e+01   1.131798e+00
1.222045e+00   2.140517e+01   1.133330e+00
1.233363e+00   2.375539e+01   1.134844e+00
1.244787e+00   2.635383e+01   1.136334e+00
1.256317e+00   2.922532e+01   1.137803e+00
1.267953e+00   3.239700e+01   1.139285e+00
1.279697e+00   3.589857e+01   1.140783e+00
1.291550e+00   3.976244e+01   1.142297e+00
1.303512e+00   4.402396e+01   1.143825e+00
1.315586e+00   4.872165e+01   1.145366e+00
1.327771e+00   5.389747e+01   1.146919e+00
1.340069e+00   5.959710e+01   1.148482e+00
1.352481e+00   6.587017e+01   1.150055e+00
1.365008e+00   7.277062e+01   1.151637e+00
1.377651e+00   8.035699e+01   1.153225e+00
1.390411e+00   8.869279e+01   1.154819e+00
1.403289e+00   9.784682e+01   1.156418e+00
1.416287e+00   1.078936e+02   1.158020e+00
1.429405e+00   1.189136e+02   1.159625e+00
1.442644e+00   1.309939e+02   1.161230e+00
1.456006e+00   1.442286e+02   1.162835e+00
1.469492e+00   1.587189e+02   1.164438e+00
1.483103e+00   1.745742e+02   1.166039e+00
1.496839e+00   1.919119e+02   1.167635e+00
1.510703e+00   2.108585e+02   1.169235e+00
1.524696e+00   2.315507e+02   1.170857e+00
1.538818e+00   2.541358e+02   1.172496e+00
1.553071e+00   2.787719e+02   1.174150e+00
1.567455e+00   3.056291e+02   1.175813e+00
1.581973e+00   3.348898e+02   1.177483e+00
1.596626e+00   3.667494e+02   1.179155e+00
1.611414e+00   4.014175e+02   1.180824e+00
1.626340e+00   4.391182e+02   1.182488e+00
1.641403e+00   4.800912e+02   1.184141e+00
1.656606e+00   5.245927e+02   1.185780e+00
1.671950e+00   5.728960e+02   1.187400e+00
1.687436e+00   6.252927e+02   1.188997e+00
1.703065e+00   6.820934e+02   1.190567e+00
1.718839e+00   7.436289e+02   1.192107e+00
1.734759e+00   8.102508e+02   1.193610e+00
1.750827e+00   8.823329e+02   1.195074e+00
1.767044e+00   9.602737e+02   1.196508e+00
1.783410e+00   1.044503e+03   1.197922e+00
1.799929e+00   1.135481e+03   1.199318e+00
1.816600e+00   1.233697e+03   1.200694e+00
1.833425e+00   1.339673e+03   1.202052e+00
1.850407e+00   1.453967e+03   1.203392e+00
1.867546e+00   1.577169e+03   1.204713e+00
1.884843e+00   1.709912e+03   1.206017e+00
1.902301e+00   1.852865e+03   1.207303e+00
1.919921e+00   2.006744e+03   1.208573e+00
1.937703e+00   2.172307e+03   1.209825e+00
1.955651e+00   2.350363e+03   1.211061e+00
1.973764e+00   2.541771e+03   1.212281e+00
1.992046e+00   2.747443e+03   1.213484e+00
2.010496e+00   2.968350e+03   1.214673e+00
2.029118e+00   3.205509e+03   1.215851e+00
2.047912e+00   3.459989e+03   1.217017e+00
2.066880e+00   3.732920e+03   1.218172e+00
2.086024e+00   4.025492e+03   1.219317e+00
2.105345e+00   4.338962e+03   1.220451e+00
2.124845e+00   4.674654e+03   1.221575e+00
2.144526e+00   5.033966e+03   1.222689e+00
2.164389e+00   5.418365e+03   1.223794e+00
2.184436e+00   5.829400e+03   1.224889e+00
2.204669e+00   6.268695e+03   1.225975e+00
2.225089e+00   6.737960e+03   1.227053e+00
2.245698e+00   7.238990e+03   1.228121e+00
2.266498e+00   7.773667e+03   1.229181e+00
2.287491e+00   8.343968e+03   1.230233e+00
2.308678e+00   8.951963e+03   1.231277e+00
2.330061e+00   9.599820e+03   1.232313e+00
2.351643e+00   1.028981e+04   1.233342e+00
2.373424e+00   1.102430e+04   1.234364e+00
2.395407e+00   1.180578e+04   1.235379e+00
2.417594e+00   1.263684e+04   1.236387e+00
2.439986e+00   1.352019e+04   1.237389e+00
2.462586e+00   1.445864e+04   1.238384e+00
2.485395e+00   1.545514e+04   1.239374e+00
2.508415e+00   1.651276e+04   1.240359e+00
2.531648e+00   1.763474e+04   1.241353e+00
2.555097e+00   1.882454e+04   1.242357e+00
2.578763e+00   2.008581e+04   1.243368e+00
2.602648e+00   2.142238e+04   1.244381e+00
2.626754e+00   2.283826e+04   1.245394e+00
2.651084e+00   2.433766e+04   1.246405e+00
2.675638e+00   2.592499e+04   1.247408e+00
2.700421e+00   2.760489e+04   1.248402e+00
2.725433e+00   2.938224e+04   1.249383e+00
2.750676e+00   3.126213e+04   1.250347e+00
2.776153e+00   3.324992e+04   1.251292e+00
2.801867e+00   3.535126e+04   1.252213e+00
2.827818e+00   3.757203e+04   1.253109e+00
2.854010e+00   3.991846e+04   1.253974e+00
2.880444e+00   4.239706e+04   1.254807e+00
2.907123e+00   4.501468e+04   1.255603e+00
2.934050e+00   4.777852e+04   1.256360e+00
2.961225e+00   5.069613e+04   1.257073e+00
2.988653e+00   5.377546e+04   1.257740e+00
3.016334e+00   5.702485e+04   1.258359e+00
3.044272e+00   6.045264e+04   1.258938e+00
3.072469e+00   6.406721e+04   1.259483e+00
3.100927e+00   6.787718e+04   1.259997e+00
3.129648e+00   7.189147e+04   1.260485e+00
3.158635e+00   7.611928e+04   1.260951e+00
3.187891e+00   8.057010e+04   1.261400e+00
3.217418e+00   8.525368e+04   1.261837e+00
3.247218e+00   9.018006e+04   1.262265e+00
3.277295e+00   9.535954e+04   1.262690e+00
3.307650e+00   1.008027e+05   1.263115e+00
3.338286e+00   1.065204e+05   1.263545e+00
3.369206e+00   1.125237e+05   1.263985e+00
3.400412e+00   1.188240e+05   1.264439e+00
3.431907e+00   1.254328e+05   1.264911e+00
3.463694e+00   1.323620e+05   1.265406e+00
3.495776e+00   1.396235e+05   1.265929e+00
3.528154e+00   1.472298e+05   1.266494e+00
3.560833e+00   1.551946e+05   1.267112e+00
3.593814e+00   1.635325e+05   1.267772e+00
3.627100e+00   1.722586e+05   1.268464e+00
3.660695e+00   1.813888e+05   1.269178e+00
3.694601e+00   1.909393e+05   1.269902e+00
3.728821e+00   2.009271e+05   1.270626e+00
3.763358e+00   2.113698e+05   1.271339e+00
3.798215e+00   2.222859e+05   1.272031e+00
3.833395e+00   2.336942e+05   1.272690e+00
3.868901e+00   2.456145e+05   1.273306e+00
3.904735e+00   2.580675e+05   1.273867e+00
3.940902e+00   2.710744e+05   1.274363e+00
3.977403e+00   2.846576e+05   1.274784e+00
4.014242e+00   2.988401e+05   1.275124e+00
4.051423e+00   3.136454e+05   1.275433e+00
4.088948e+00   3.290970e+05   1.275726e+00
4.126821e+00   3.452190e+05   1.276006e+00
4.165044e+00   3.620361e+05   1.276271e+00
4.203622e+00   3.795739e+05   1.276524e+00
4.242556e+00   3.978589e+05   1.276765e+00
4.281852e+00   4.169181e+05   1.276994e+00
4.321511e+00   4.367796e+05   1.277213e+00
4.361538e+00   4.574720e+05   1.277423e+00
4.401935e+00   4.790249e+05   1.277625e+00
4.442707e+00   5.014690e+05   1.277818e+00
4.483856e+00   5.248354e+05   1.278005e+00
4.525386e+00   5.491566e+05   1.278186e+00
4.567301e+00   5.744655e+05   1.278362e+00
4.609604e+00   6.007965e+05   1.278534e+00
4.652300e+00   6.281845e+05   1.278702e+00
4.695390e+00   6.566656e+05   1.278868e+00
4.738880e+00   6.862769e+05   1.279032e+00
4.782772e+00   7.170566e+05   1.279195e+00
4.827071e+00   7.490438e+05   1.279359e+00
4.871780e+00   7.822788e+05   1.279523e+00
4.916904e+00   8.168029e+05   1.279690e+00
4.962445e+00   8.526586e+05   1.279859e+00
5.008408e+00   8.898895e+05   1.280032e+00
5.054797e+00   9.285399e+05   1.280198e+00
5.101615e+00   9.686532e+05   1.280356e+00
5.148867e+00   1.010274e+06   1.280505e+00
5.196557e+00   1.053446e+06   1.280648e+00
5.244689e+00   1.098217e+06   1.280785e+00
5.293266e+00   1.144631e+06   1.280918e+00
5.342293e+00   1.192738e+06   1.281049e+00
5.391775e+00   1.242583e+06   1.281177e+00
5.441714e+00   1.294216e+06   1.281306e+00
5.492116e+00   1.347687e+06   1.281436e+00
5.542986e+00   1.403044e+06   1.281568e+00
5.594326e+00   1.460338e+06   1.281704e+00
5.646141e+00   1.519621e+06   1.281845e+00
5.698437e+00   1.580944e+06   1.281993e+00
5.751217e+00   1.644358e+06   1.282148e+00
5.804486e+00   1.709917e+06   1.282313e+00
5.858248e+00   1.777673e+06   1.282488e+00
5.912508e+00   1.847679e+06   1.282675e+00
5.967271e+00   1.919989e+06   1.282875e+00
6.022541e+00   1.994657e+06   1.283094e+00
6.078323e+00   2.071743e+06   1.283375e+00
6.134622e+00   2.151312e+06   1.283717e+00
6.191442e+00   2.233433e+06   1.284111e+00
6.248788e+00   2.318177e+06   1.284545e+00
6.306666e+00   2.405618e+06   1.285009e+00
6.365079e+00   2.495831e+06   1.285491e+00
6.424034e+00   2.588893e+06   1.285982e+00
6.483534e+00   2.684885e+06   1.286471e+00
6.543586e+00   2.783889e+06   1.286946e+00
6.604194e+00   2.885990e+06   1.287398e+00
6.665363e+00   2.991278e+06   1.287814e+00
6.727099e+00   3.099843e+06   1.288185e+00
6.789407e+00   3.211779e+06   1.288499e+00
6.852292e+00   3.327185e+06   1.288746e+00
6.915759e+00   3.446160e+06   1.288915e+00
6.979814e+00   3.568809e+06   1.288995e+00
7.044462e+00   3.695240e+06   1.288993e+00
7.109709e+00   3.825548e+06   1.288962e+00
7.175561e+00   3.959823e+06   1.288909e+00
7.242022e+00   4.098155e+06   1.288839e+00
7.309099e+00   4.240636e+06   1.288754e+00
7.376798e+00   4.387357e+06   1.288658e+00
7.445123e+00   4.538409e+06   1.288557e+00
7.514081e+00   4.693884e+06   1.288454e+00
7.583678e+00   4.853875e+06   1.288352e+00
7.653919e+00   5.018475e+06   1.288256e+00
7.724811e+00   5.187775e+06   1.288170e+00
7.796360e+00   5.361870e+06   1.288097e+00
7.868572e+00   5.540851e+06   1.288042e+00
7.941452e+00   5.724810e+06   1.288009e+00
8.015007e+00   5.913840e+06   1.288000e+00
8.089243e+00   6.108036e+06   1.288016e+00
8.164168e+00   6.307501e+06   1.288053e+00
8.239786e+00   6.512339e+06   1.288107e+00
8.316104e+00   6.722657e+06   1.288177e+00
8.393129e+00   6.938561e+06   1.288259e+00
8.470868e+00   7.160160e+06   1.288350e+00
8.549327e+00   7.387561e+06   1.288449e+00
8.628513e+00   7.620874e+06   1.288551e+00
8.708431e+00   7.860210e+06   1.288656e+00
8.789091e+00   8.105678e+06   1.288759e+00
8.870497e+00   8.357392e+06   1.288858e+00
8.952657e+00   8.615464e+06   1.288951e+00
9.035578e+00   8.880006e+06   1.289035e+00
9.119268e+00   9.151132e+06   1.289119e+00
9.203732e+00   9.428958e+06   1.289203e+00
9.288979e+00   9.713598e+06   1.289289e+00
9.375015e+00   1.000517e+07   1.289375e+00
9.461848e+00   1.030378e+07   1.289462e+00
9.549486e+00   1.060956e+07   1.289550e+00
9.637935e+00   1.092262e+07   1.289638e+00
9.727203e+00   1.124307e+07   1.289728e+00
9.817298e+00   1.157104e+07   1.289818e+00
9.908228e+00   1.190665e+07   1.289908e+00
1.000000e+01   1.225000e+07   1.290000e+00
