# Li9 + p > Be9 + n   [Li9_p__Be9_n]   ref=TALYS2, Koning et al. 2023
# detailed balance: alpha=1.0012 beta=0 gamma=-148.82  Q=12.8244
# T9                 rate                error
1.000000e-03   1.000000e-35   1.000000e+02
1.009262e-03   1.057175e-35   1.000000e+02
1.018610e-03   1.119808e-35   1.000000e+02
1.028045e-03   1.188482e-35   1.000000e+02
1.037567e-03   1.263850e-35   1.000000e+02
1.047177e-03   1.346650e-35   1.000000e+02
1.056876e-03   1.437714e-35   1.000000e+02
1.066665e-03   1.537979e-35   1.000000e+02
1.076545e-03   1.648507e-35   1.000000e+02
1.086516e-03   1.770499e-35   1.000000e+02
1.096579e-03   1.905318e-35   1.000000e+02
1.106736e-03   2.054508e-35   1.000000e+02
1.116987e-03   2.219828e-35   1.000000e+02
1.127333e-03   2.403275e-35   1.000000e+02
1.137774e-03   2.607131e-35   1.000000e+02
1.148312e-03   2.833997e-35   1.000000e+02
1.158948e-03   3.086847e-35   1.000000e+02
1.169683e-03   3.369086e-35   1.000000e+02
1.180517e-03   3.684619e-35   1.000000e+02
1.191451e-03   4.037928e-35   1.000000e+02
1.202486e-03   4.434168e-35   1.000000e+02
1.213624e-03   4.879276e-35   1.000000e+02
1.224865e-03   5.380101e-35   1.000000e+02
1.236210e-03   5.944555e-35   1.000000e+02
1.247660e-03   6.581794e-35   1.000000e+02
1.259216e-03   7.302428e-35   1.000000e+02
1.270879e-03   8.118773e-35   1.000000e+02
1.282650e-03   9.045150e-35   1.000000e+02
1.294530e-03   1.009824e-34   1.000000e+02
1.306520e-03   1.129748e-34   1.000000e+02
1.318621e-03   1.266562e-34   1.000000e+02
1.330835e-03   1.422924e-34   1.000000e+02
1.343161e-03   1.601953e-34   1.000000e+02
1.355602e-03   1.807309e-34   1.000000e+02
1.368158e-03   2.043300e-34   1.000000e+02
1.380830e-03   2.314999e-34   1.000000e+02
1.393619e-03   2.628395e-34   1.000000e+02
1.406527e-03   2.990568e-34   1.000000e+02
1.419555e-03   3.409901e-34   1.000000e+02
1.432703e-03   3.896345e-34   1.000000e+02
1.445973e-03   4.461721e-34   1.000000e+02
1.459366e-03   5.120107e-34   1.000000e+02
1.472883e-03   5.888290e-34   1.000000e+02
1.486525e-03   6.786332e-34   1.000000e+02
1.500293e-03   7.838246e-34   1.000000e+02
1.514189e-03   9.072825e-34   1.000000e+02
1.528214e-03   1.052466e-33   1.000000e+02
1.542369e-03   1.223539e-33   1.000000e+02
1.556654e-03   1.425522e-33   1.000000e+02
1.571072e-03   1.664478e-33   1.000000e+02
1.585624e-03   1.947748e-33   1.000000e+02
1.600310e-03   2.284230e-33   1.000000e+02
1.615133e-03   2.684735e-33   1.000000e+02
1.630092e-03   3.162421e-33   1.000000e+02
1.645191e-03   3.733333e-33   1.000000e+02
1.660429e-03   4.417073e-33   1.000000e+02
1.675808e-03   5.237637e-33   1.000000e+02
1.691330e-03   6.224453e-33   1.000000e+02
1.706995e-03   7.413684e-33   1.000000e+02
1.722805e-03   8.849856e-33   1.000000e+02
1.738762e-03   1.058789e-32   1.000000e+02
1.754867e-03   1.269569e-32   1.000000e+02
1.771121e-03   1.525734e-32   1.000000e+02
1.787526e-03   1.837717e-32   1.000000e+02
1.804082e-03   2.218493e-32   1.000000e+02
1.820792e-03   2.684228e-32   1.000000e+02
1.837656e-03   3.255101e-32   1.000000e+02
1.854677e-03   3.956358e-32   1.000000e+02
1.871855e-03   4.819640e-32   1.000000e+02
1.889193e-03   5.884694e-32   1.000000e+02
1.906691e-03   7.201539e-32   1.000000e+02
1.924351e-03   8.833262e-32   1.000000e+02
1.942175e-03   1.085959e-31   1.000000e+02
1.960163e-03   1.338147e-31   1.000000e+02
1.978319e-03   1.652704e-31   1.000000e+02
1.996642e-03   2.045922e-31   1.000000e+02
2.015136e-03   2.538562e-31   1.000000e+02
2.033800e-03   3.157137e-31   1.000000e+02
2.052638e-03   3.935573e-31   1.000000e+02
2.071650e-03   4.917377e-31   1.000000e+02
2.090838e-03   6.158462e-31   1.000000e+02
2.110203e-03   7.730832e-31   1.000000e+02
2.129749e-03   9.727417e-31   1.000000e+02
2.149475e-03   1.226841e-30   1.000000e+02
2.169384e-03   1.550959e-30   1.000000e+02
2.189477e-03   1.965334e-30   1.000000e+02
2.209756e-03   2.496306e-30   1.000000e+02
2.230223e-03   3.178243e-30   1.000000e+02
2.250880e-03   4.056078e-30   1.000000e+02
2.271728e-03   5.188687e-30   1.000000e+02
2.292769e-03   6.653386e-30   1.000000e+02
2.314005e-03   8.551930e-30   1.000000e+02
2.335438e-03   1.101853e-29   1.000000e+02
2.357069e-03   1.423062e-29   1.000000e+02
2.378901e-03   1.842325e-29   1.000000e+02
2.400935e-03   2.390854e-29   1.000000e+02
2.423173e-03   3.110189e-29   1.000000e+02
2.445617e-03   4.055730e-29   1.000000e+02
2.468268e-03   5.301541e-29   1.000000e+02
2.491130e-03   6.946853e-29   1.000000e+02
2.514203e-03   9.124920e-29   1.000000e+02
2.537490e-03   1.201509e-28   1.000000e+02
2.560993e-03   1.585931e-28   1.000000e+02
2.584714e-03   2.098470e-28   1.000000e+02
2.608654e-03   2.783458e-28   1.000000e+02
2.632815e-03   3.701110e-28   1.000000e+02
2.657201e-03   4.933406e-28   1.000000e+02
2.681813e-03   6.592215e-28   1.000000e+02
2.706652e-03   8.830547e-28   1.000000e+02
2.731722e-03   1.185817e-27   1.000000e+02
2.757023e-03   1.596333e-27   1.000000e+02
2.782559e-03   2.154307e-27   1.000000e+02
2.808332e-03   2.914551e-27   1.000000e+02
2.834343e-03   3.952918e-27   1.000000e+02
2.860596e-03   5.374627e-27   1.000000e+02
2.887091e-03   7.325972e-27   1.000000e+02
2.913832e-03   1.001084e-26   1.000000e+02
2.940820e-03   1.371408e-26   1.000000e+02
2.968059e-03   1.883455e-26   1.000000e+02
2.995549e-03   2.593215e-26   1.000000e+02
3.023295e-03   3.579627e-26   1.000000e+02
3.051297e-03   4.955642e-26   1.000000e+02
3.079559e-03   6.883700e-26   1.000000e+02
3.108082e-03   9.598446e-26   1.000000e+02
3.136870e-03   1.344108e-25   1.000000e+02
3.165924e-03   1.891119e-25   1.000000e+02
3.195248e-03   2.674559e-25   1.000000e+02
3.224842e-03   3.803921e-25   1.000000e+02
3.254712e-03   5.443194e-25   1.000000e+02
3.284857e-03   7.840006e-25   1.000000e+02
3.315282e-03   1.137147e-24   1.000000e+02
3.345989e-03   1.661695e-24   1.000000e+02
3.376980e-03   2.447474e-24   1.000000e+02
3.408259e-03   3.635079e-24   1.000000e+02
3.439826e-03   5.446733e-24   1.000000e+02
3.471687e-03   8.237241e-24   1.000000e+02
3.503842e-03   1.257906e-23   1.000000e+02
3.536296e-03   1.940585e-23   1.000000e+02
3.569049e-03   3.025744e-23   1.000000e+02
3.602107e-03   4.770283e-23   1.000000e+02
3.635470e-03   7.607916e-23   1.000000e+02
3.669142e-03   1.227988e-22   1.000000e+02
3.703127e-03   2.006903e-22   1.000000e+02
3.737426e-03   3.322461e-22   1.000000e+02
3.772042e-03   5.574319e-22   1.000000e+02
3.806980e-03   9.482423e-22   1.000000e+02
3.842241e-03   1.636212e-21   1.000000e+02
3.877828e-03   2.865168e-21   1.000000e+02
3.913746e-03   5.093869e-21   1.000000e+02
3.949995e-03   9.198772e-21   1.000000e+02
3.986581e-03   1.688082e-20   1.000000e+02
4.023506e-03   3.149139e-20   1.000000e+02
4.060772e-03   5.966210e-20   1.000000e+02
4.098384e-03   1.145729e-19   1.000000e+02
4.136344e-03   2.225877e-19   1.000000e+02
4.174655e-03   4.366332e-19   1.000000e+02
4.213322e-03   8.631539e-19   1.000000e+02
4.252346e-03   1.716229e-18   1.000000e+02
4.291732e-03   3.425608e-18   1.000000e+02
4.331483e-03   6.850705e-18   1.000000e+02
4.371602e-03   1.370023e-17   1.000000e+02
4.412093e-03   2.734482e-17   1.000000e+02
4.452959e-03   5.436717e-17   1.000000e+02
4.494203e-03   1.074664e-16   1.000000e+02
4.535829e-03   2.107864e-16   1.000000e+02
4.577841e-03   4.094552e-16   1.000000e+02
4.620241e-03   7.861831e-16   1.000000e+02
4.663035e-03   1.489204e-15   1.000000e+02
4.706225e-03   2.777525e-15   1.000000e+02
4.749815e-03   5.090901e-15   1.000000e+02
4.793808e-03   9.152165e-15   1.000000e+02
4.838210e-03   1.610666e-14   1.000000e+02
4.883022e-03   2.769487e-14   1.000000e+02
4.928250e-03   4.643709e-14   1.000000e+02
4.973896e-03   7.578138e-14   1.000000e+02
5.019965e-03   1.201363e-13   1.000000e+02
5.066461e-03   1.849763e-13   1.000000e+02
5.113388e-03   2.771280e-13   1.000000e+02
5.160749e-03   4.047720e-13   1.000000e+02
5.208549e-03   5.774969e-13   1.000000e+02
5.256791e-03   8.063828e-13   1.000000e+02
5.305481e-03   1.104152e-12   1.000000e+02
5.354621e-03   1.485441e-12   1.000000e+02
5.404216e-03   1.967274e-12   1.000000e+02
5.454271e-03   2.569805e-12   1.000000e+02
5.504790e-03   3.317453e-12   1.000000e+02
5.555776e-03   4.240550e-12   1.000000e+02
5.607235e-03   5.377689e-12   1.000000e+02
5.659170e-03   6.779047e-12   1.000000e+02
5.711586e-03   8.511075e-12   1.000000e+02
5.764488e-03   1.066317e-11   1.000000e+02
5.817880e-03   1.335728e-11   1.000000e+02
5.871766e-03   1.676188e-11   1.000000e+02
5.926152e-03   2.111269e-11   1.000000e+02
5.981041e-03   2.674387e-11   1.000000e+02
6.036439e-03   3.413124e-11   1.000000e+02
6.092349e-03   4.389748e-11   1.000000e+02
6.148778e-03   5.685288e-11   1.000000e+02
6.205729e-03   7.408806e-11   1.000000e+02
6.263207e-03   9.706986e-11   1.000000e+02
6.321218e-03   1.277670e-10   1.000000e+02
6.379767e-03   1.688141e-10   1.000000e+02
6.438857e-03   2.237236e-10   1.000000e+02
6.498495e-03   2.971569e-10   1.000000e+02
6.558686e-03   3.952649e-10   1.000000e+02
6.619433e-03   5.261100e-10   1.000000e+02
6.680744e-03   7.001781e-10   1.000000e+02
6.742622e-03   9.309828e-10   1.000000e+02
6.805074e-03   1.235758e-09   1.000000e+02
6.868104e-03   1.636220e-09   1.000000e+02
6.931717e-03   2.159354e-09   1.000000e+02
6.995920e-03   2.838163e-09   1.000000e+02
7.060718e-03   3.712783e-09   1.000000e+02
7.126115e-03   4.834104e-09   1.000000e+02
7.192119e-03   6.265836e-09   1.000000e+02
7.258734e-03   8.086885e-09   1.000000e+02
7.325965e-03   1.039478e-08   1.000000e+02
7.393820e-03   1.330986e-08   1.000000e+02
7.462303e-03   1.698043e-08   1.000000e+02
7.531420e-03   2.158904e-08   1.000000e+02
7.601178e-03   2.736024e-08   1.000000e+02
7.671581e-03   3.457012e-08   1.000000e+02
7.742637e-03   4.355810e-08   1.000000e+02
7.814351e-03   5.474149e-08   1.000000e+02
7.886729e-03   6.863354e-08   1.000000e+02
7.959777e-03   8.586592e-08   1.000000e+02
8.033502e-03   1.072151e-07   1.000000e+02
8.107910e-03   1.335802e-07   1.000000e+02
8.183007e-03   1.659464e-07   1.000000e+02
8.258799e-03   2.054052e-07   1.000000e+02
8.335294e-03   2.531344e-07   1.000000e+02
8.412497e-03   3.103595e-07   1.000000e+02
8.490415e-03   3.782953e-07   1.000000e+02
8.569055e-03   4.580648e-07   1.000000e+02
8.648423e-03   5.505935e-07   1.000000e+02
8.728527e-03   6.564799e-07   1.000000e+02
8.809372e-03   7.758469e-07   1.000000e+02
8.890966e-03   9.081821e-07   1.000000e+02
8.973316e-03   1.052180e-06   1.000000e+02
9.056428e-03   1.205780e-06   1.000000e+02
9.140311e-03   1.368178e-06   1.000000e+02
9.224970e-03   1.540231e-06   1.000000e+02
9.310413e-03   1.723756e-06   1.000000e+02
9.396648e-03   1.921723e-06   1.000000e+02
9.483682e-03   2.138500e-06   1.000000e+02
9.571522e-03   2.380178e-06   1.000000e+02
9.660175e-03   2.655032e-06   1.000000e+02
9.749649e-03   2.974189e-06   1.000000e+02
9.839952e-03   3.352618e-06   1.000000e+02
9.931092e-03   3.810611e-06   1.000000e+02
1.002308e-02   4.375975e-06   1.000000e+02
1.011591e-02   5.082044e-06   1.000000e+02
1.020961e-02   5.962165e-06   1.000000e+02
1.030417e-02   7.056473e-06   1.000000e+02
1.039961e-02   8.414054e-06   1.000000e+02
1.049593e-02   1.009422e-05   1.000000e+02
1.059315e-02   1.216764e-05   1.000000e+02
1.069126e-02   1.471707e-05   1.000000e+02
1.079029e-02   1.783752e-05   1.000000e+02
1.089023e-02   2.163520e-05   1.000000e+02
1.099110e-02   2.622510e-05   1.000000e+02
1.109290e-02   3.173329e-05   1.000000e+02
1.119564e-02   3.833254e-05   1.000000e+02
1.129934e-02   4.624346e-05   1.000000e+02
1.140400e-02   5.573643e-05   1.000000e+02
1.150962e-02   6.714439e-05   1.000000e+02
1.161623e-02   8.087937e-05   1.000000e+02
1.172382e-02   9.745386e-05   1.000000e+02
1.183241e-02   1.175085e-04   1.000000e+02
1.194200e-02   1.418483e-04   1.000000e+02
1.205261e-02   1.714886e-04   1.000000e+02
1.216424e-02   2.076662e-04   1.000000e+02
1.227691e-02   2.518622e-04   1.000000e+02
1.239062e-02   3.058921e-04   1.000000e+02
1.250539e-02   3.719832e-04   1.000000e+02
1.262121e-02   4.528659e-04   1.000000e+02
1.273811e-02   5.518852e-04   1.000000e+02
1.285610e-02   6.731352e-04   1.000000e+02
1.297517e-02   8.216215e-04   1.000000e+02
1.309535e-02   1.003470e-03   1.000000e+02
1.321664e-02   1.226284e-03   1.000000e+02
1.333906e-02   1.499483e-03   1.000000e+02
1.346261e-02   1.834705e-03   1.000000e+02
1.358730e-02   2.246340e-03   1.000000e+02
1.371315e-02   2.752198e-03   1.000000e+02
1.384016e-02   3.374344e-03   1.000000e+02
1.396835e-02   4.140135e-03   1.000000e+02
1.409773e-02   5.083514e-03   1.000000e+02
1.422830e-02   6.246431e-03   1.000000e+02
1.436009e-02   7.680778e-03   1.000000e+02
1.449310e-02   9.450840e-03   1.000000e+02
1.462733e-02   1.163629e-02   1.000000e+02
1.476281e-02   1.433587e-02   1.000000e+02
1.489955e-02   1.767200e-02   1.000000e+02
1.503755e-02   2.179649e-02   1.000000e+02
1.517683e-02   2.689773e-02   1.000000e+02
1.531740e-02   3.320987e-02   1.000000e+02
1.545928e-02   4.102377e-02   1.000000e+02
1.560246e-02   5.070086e-02   1.000000e+02
1.574698e-02   6.269039e-02   1.000000e+02
1.589283e-02   7.755092e-02   1.000000e+02
1.604003e-02   9.597714e-02   1.000000e+02
1.618860e-02   1.188321e-01   1.000000e+02
1.633854e-02   1.471863e-01   1.000000e+02
1.648987e-02   1.823688e-01   1.000000e+02
1.664260e-02   2.260295e-01   1.000000e+02
1.679675e-02   2.802159e-01   1.000000e+02
1.695232e-02   3.474683e-01   1.000000e+02
1.710934e-02   4.309375e-01   1.000000e+02
1.726781e-02   5.345298e-01   1.000000e+02
1.742775e-02   6.630859e-01   1.000000e+02
1.758917e-02   8.226018e-01   1.000000e+02
1.775208e-02   1.020501e+00   1.000000e+02
1.791650e-02   1.265968e+00   1.000000e+02
1.808245e-02   1.570362e+00   1.000000e+02
1.824993e-02   1.947762e+00   1.000000e+02
1.841897e-02   2.415640e+00   1.000000e+02
1.858957e-02   2.995637e+00   1.000000e+02
1.876175e-02   3.714569e+00   1.000000e+02
1.893552e-02   4.605650e+00   1.000000e+02
1.911091e-02   5.710020e+00   1.000000e+02
1.928792e-02   7.078639e+00   1.000000e+02
1.946656e-02   8.774623e+00   1.000000e+02
1.964687e-02   1.087614e+01   1.000000e+02
1.982884e-02   1.348000e+01   1.000000e+02
2.001250e-02   1.670609e+01   1.000000e+02
2.019786e-02   2.070234e+01   1.000000e+02
2.038493e-02   2.564938e+01   1.000000e+02
2.057374e-02   3.176818e+01   1.000000e+02
2.076430e-02   3.932887e+01   1.000000e+02
2.095662e-02   4.866084e+01   1.000000e+02
2.115073e-02   6.016478e+01   1.000000e+02
2.134663e-02   7.432673e+01   1.000000e+02
2.154435e-02   9.173462e+01   1.000000e+02
2.174389e-02   1.130974e+02   1.000000e+02
2.194529e-02   1.392669e+02   1.000000e+02
2.214855e-02   1.712638e+02   1.000000e+02
2.235370e-02   2.103054e+02   1.000000e+02
2.256074e-02   2.578387e+02   1.000000e+02
2.276970e-02   3.155761e+02   1.000000e+02
2.298060e-02   3.855351e+02   1.000000e+02
2.319345e-02   4.700812e+02   1.000000e+02
2.340827e-02   5.719744e+02   1.000000e+02
2.362508e-02   6.944172e+02   1.000000e+02
2.384390e-02   8.411046e+02   1.000000e+02
2.406475e-02   1.016274e+03   1.000000e+02
2.428764e-02   1.224751e+03   1.000000e+02
2.451260e-02   1.471998e+03   1.000000e+02
2.473964e-02   1.764144e+03   1.000000e+02
2.496878e-02   2.108015e+03   1.000000e+02
2.520005e-02   2.511221e+03   1.000000e+02
2.543346e-02   2.982656e+03   1.000000e+02
2.566903e-02   3.532590e+03   1.000000e+02
2.590678e-02   4.172727e+03   1.000000e+02
2.614673e-02   4.916410e+03   1.000000e+02
2.638891e-02   5.778865e+03   1.000000e+02
2.663333e-02   6.777477e+03   1.000000e+02
2.688001e-02   7.932120e+03   1.000000e+02
2.712898e-02   9.265549e+03   1.000000e+02
2.738025e-02   1.080385e+04   1.000000e+02
2.763385e-02   1.257697e+04   1.000000e+02
2.788980e-02   1.461936e+04   1.000000e+02
2.814812e-02   1.697073e+04   1.000000e+02
2.840884e-02   1.967693e+04   1.000000e+02
2.867196e-02   2.279100e+04   1.000000e+02
2.893753e-02   2.637446e+04   1.000000e+02
2.920556e-02   3.049880e+04   1.000000e+02
2.947606e-02   3.524728e+04   1.000000e+02
2.974908e-02   4.071712e+04   1.000000e+02
3.002462e-02   4.702206e+04   1.000000e+02
3.030271e-02   5.428529e+04   1.000000e+02
3.058338e-02   6.261081e+04   1.000000e+02
3.086665e-02   7.209176e+04   1.000000e+02
3.115254e-02   8.280825e+04   1.000000e+02
3.144108e-02   9.481910e+04   1.000000e+02
3.173230e-02   1.081521e+05   1.000000e+02
3.202621e-02   1.227929e+05   1.000000e+02
3.232284e-02   1.386735e+05   1.000000e+02
3.262222e-02   1.556603e+05   1.000000e+02
3.292437e-02   1.735439e+05   1.000000e+02
3.322933e-02   1.920306e+05   1.000000e+02
3.353710e-02   2.107383e+05   1.000000e+02
3.384773e-02   2.291981e+05   1.000000e+02
3.416123e-02   2.468628e+05   1.000000e+02
3.447764e-02   2.631236e+05   1.000000e+02
3.479698e-02   2.773361e+05   1.000000e+02
3.511928e-02   2.888534e+05   1.000000e+02
3.544456e-02   2.970680e+05   1.000000e+02
3.577285e-02   3.014562e+05   1.000000e+02
3.610419e-02   3.016232e+05   1.000000e+02
3.643859e-02   2.973447e+05   1.000000e+02
3.677609e-02   2.885978e+05   1.000000e+02
3.711672e-02   2.755788e+05   1.000000e+02
3.746050e-02   2.587028e+05   1.000000e+02
3.780747e-02   2.385841e+05   1.000000e+02
3.815765e-02   2.159978e+05   1.000000e+02
3.851107e-02   1.918260e+05   1.000000e+02
3.886777e-02   1.669929e+05   1.000000e+02
3.922777e-02   1.423980e+05   1.000000e+02
3.959110e-02   1.188523e+05   1.000000e+02
3.995780e-02   9.702674e+04   1.000000e+02
4.032790e-02   7.744455e+04   1.000000e+02
4.070142e-02   6.053478e+04   1.000000e+02
4.107841e-02   4.644467e+04   1.000000e+02
4.145888e-02   3.505793e+04   1.000000e+02
4.184289e-02   2.609508e+04   1.000000e+02
4.223044e-02   1.919799e+04   1.000000e+02
4.262159e-02   1.399200e+04   1.000000e+02
4.301636e-02   1.012591e+04   1.000000e+02
4.341478e-02   7.293235e+03   1.000000e+02
4.381690e-02   5.240124e+03   1.000000e+02
4.422274e-02   3.764440e+03   1.000000e+02
4.463234e-02   2.710187e+03   1.000000e+02
4.504573e-02   1.959932e+03   1.000000e+02
4.546295e-02   1.427013e+03   1.000000e+02
4.588404e-02   1.048486e+03   1.000000e+02
4.630903e-02   7.791980e+02   1.000000e+02
4.673795e-02   5.870649e+02   1.000000e+02
4.717085e-02   4.494486e+02   1.000000e+02
4.760775e-02   3.504548e+02   1.000000e+02
4.804870e-02   2.789619e+02   1.000000e+02
4.849374e-02   2.272067e+02   1.000000e+02
4.894290e-02   1.897856e+02   1.000000e+02
4.939622e-02   1.629574e+02   1.000000e+02
4.985373e-02   1.441637e+02   1.000000e+02
5.031549e-02   1.316765e+02   1.000000e+02
5.078152e-02   1.241079e+02   1.000000e+02
5.125187e-02   1.204469e+02   1.000000e+02
5.172657e-02   1.201031e+02   1.000000e+02
5.220568e-02   1.227812e+02   1.000000e+02
5.268921e-02   1.284060e+02   1.000000e+02
5.317723e-02   1.370791e+02   1.000000e+02
5.366977e-02   1.490550e+02   1.000000e+02
5.416687e-02   1.647281e+02   1.000000e+02
5.466857e-02   1.846255e+02   1.000000e+02
5.517492e-02   2.093992e+02   1.000000e+02
5.568596e-02   2.398141e+02   1.000000e+02
5.620174e-02   2.767243e+02   1.000000e+02
5.672229e-02   3.210330e+02   1.000000e+02
5.724766e-02   3.736273e+02   1.000000e+02
5.777790e-02   4.352820e+02   1.000000e+02
5.831305e-02   5.065273e+02   1.000000e+02
5.885316e-02   5.874782e+02   1.000000e+02
5.939827e-02   6.776323e+02   1.000000e+02
5.994843e-02   7.756516e+02   1.000000e+02
6.050368e-02   8.794688e+02   1.000000e+02
6.106408e-02   9.878320e+02   1.000000e+02
6.162966e-02   1.099897e+03   1.000000e+02
6.220049e-02   1.214855e+03   1.000000e+02
6.277660e-02   1.331981e+03   1.000000e+02
6.335805e-02   1.450675e+03   1.000000e+02
6.394488e-02   1.570502e+03   1.000000e+02
6.453715e-02   1.691221e+03   1.000000e+02
6.513491e-02   1.812813e+03   1.000000e+02
6.573820e-02   1.935505e+03   1.000000e+02
6.634708e-02   2.059783e+03   1.000000e+02
6.696160e-02   2.186412e+03   1.000000e+02
6.758181e-02   2.316452e+03   1.000000e+02
6.820777e-02   2.451281e+03   1.000000e+02
6.883952e-02   2.592618e+03   1.000000e+02
6.947713e-02   2.742567e+03   1.000000e+02
7.012064e-02   2.903664e+03   1.000000e+02
7.077011e-02   3.078184e+03   1.000000e+02
7.142559e-02   3.266933e+03   1.000000e+02
7.208715e-02   3.470455e+03   1.000000e+02
7.275484e-02   3.689234e+03   1.000000e+02
7.342870e-02   3.923669e+03   1.000000e+02
7.410882e-02   4.174055e+03   1.000000e+02
7.479523e-02   4.440547e+03   1.000000e+02
7.548799e-02   4.723134e+03   1.000000e+02
7.618718e-02   5.021605e+03   1.000000e+02
7.689284e-02   5.335516e+03   1.000000e+02
7.760503e-02   5.664151e+03   1.000000e+02
7.832383e-02   6.006489e+03   1.000000e+02
7.904928e-02   6.361172e+03   1.000000e+02
7.978145e-02   6.726469e+03   1.000000e+02
8.052040e-02   7.100211e+03   1.000000e+02
8.126619e-02   7.479395e+03   1.000000e+02
8.201889e-02   7.860234e+03   1.000000e+02
8.277857e-02   8.238364e+03   1.000000e+02
8.354528e-02   8.608861e+03   1.000000e+02
8.431909e-02   8.966280e+03   1.000000e+02
8.510007e-02   9.304723e+03   1.000000e+02
8.588829e-02   9.617935e+03   1.000000e+02
8.668380e-02   9.899428e+03   1.000000e+02
8.748668e-02   1.014264e+04   1.000000e+02
8.829700e-02   1.034111e+04   1.000000e+02
8.911482e-02   1.048868e+04   1.000000e+02
8.994022e-02   1.057975e+04   1.000000e+02
9.077327e-02   1.061178e+04   1.000000e+02
9.161402e-02   1.059465e+04   1.000000e+02
9.246257e-02   1.054253e+04   1.000000e+02
9.331898e-02   1.046975e+04   1.000000e+02
9.418332e-02   1.039048e+04   1.000000e+02
9.505566e-02   1.031848e+04   1.000000e+02
9.593608e-02   1.026717e+04   1.000000e+02
9.682466e-02   1.024979e+04   1.000000e+02
9.772147e-02   1.027973e+04   1.000000e+02
9.862658e-02   1.037110e+04   1.000000e+02
9.954008e-02   1.053946e+04   1.000000e+02
1.004620e-01   1.080223e+04   1.000000e+02
1.013925e-01   1.116724e+04   1.000000e+02
1.023317e-01   1.163146e+04   1.000000e+02
1.032795e-01   1.219203e+04   1.000000e+02
1.042361e-01   1.284599e+04   1.000000e+02
1.052015e-01   1.358958e+04   1.000000e+02
1.061759e-01   1.441743e+04   1.000000e+02
1.071593e-01   1.532181e+04   1.000000e+02
1.081519e-01   1.629181e+04   1.000000e+02
1.091536e-01   1.731261e+04   1.000000e+02
1.101646e-01   1.836484e+04   1.000000e+02
1.111850e-01   1.943157e+04   1.000000e+02
1.122148e-01   2.051188e+04   1.000000e+02
1.132541e-01   2.160850e+04   1.000000e+02
1.143031e-01   2.272529e+04   1.000000e+02
1.153618e-01   2.386736e+04   1.000000e+02
1.164303e-01   2.504113e+04   1.000000e+02
1.175087e-01   2.625442e+04   1.000000e+02
1.185971e-01   2.751657e+04   1.000000e+02
1.196956e-01   2.883858e+04   1.000000e+02
1.208042e-01   3.023247e+04   1.000000e+02
1.219231e-01   3.170382e+04   1.000000e+02
1.230524e-01   3.325395e+04   1.000000e+02
1.241921e-01   3.488374e+04   1.000000e+02
1.253424e-01   3.659365e+04   1.000000e+02
1.265034e-01   3.838361e+04   1.000000e+02
1.276751e-01   4.025296e+04   1.000000e+02
1.288576e-01   4.220038e+04   1.000000e+02
1.300511e-01   4.422381e+04   1.000000e+02
1.312557e-01   4.632058e+04   1.000000e+02
1.324714e-01   4.848804e+04   1.000000e+02
1.336984e-01   5.072298e+04   1.000000e+02
1.349367e-01   5.302135e+04   1.000000e+02
1.361865e-01   5.537827e+04   1.000000e+02
1.374479e-01   5.778793e+04   1.000000e+02
1.387210e-01   6.024355e+04   1.000000e+02
1.400058e-01   6.273735e+04   1.000000e+02
1.413026e-01   6.526496e+04   1.000000e+02
1.426114e-01   6.783977e+04   1.000000e+02
1.439323e-01   7.048226e+04   1.000000e+02
1.452654e-01   7.321621e+04   1.000000e+02
1.466109e-01   7.606894e+04   1.000000e+02
1.479688e-01   7.907170e+04   1.000000e+02
1.493393e-01   8.226007e+04   1.000000e+02
1.507225e-01   8.567349e+04   1.000000e+02
1.521186e-01   8.933247e+04   1.000000e+02
1.535275e-01   9.323550e+04   1.000000e+02
1.549495e-01   9.737814e+04   1.000000e+02
1.563847e-01   1.017534e+05   1.000000e+02
1.578331e-01   1.063513e+05   1.000000e+02
1.592950e-01   1.111584e+05   1.000000e+02
1.607704e-01   1.161579e+05   1.000000e+02
1.622595e-01   1.213428e+05   1.000000e+02
1.637624e-01   1.267177e+05   1.000000e+02
1.652792e-01   1.322876e+05   1.000000e+02
1.668101e-01   1.380577e+05   1.000000e+02
1.683551e-01   1.440332e+05   1.000000e+02
1.699144e-01   1.502195e+05   1.000000e+02
1.714882e-01   1.566218e+05   1.000000e+02
1.730766e-01   1.632457e+05   1.000000e+02
1.746796e-01   1.700965e+05   1.000000e+02
1.762975e-01   1.771799e+05   1.000000e+02
1.779304e-01   1.845013e+05   1.000000e+02
1.795785e-01   1.920665e+05   1.000000e+02
1.812418e-01   1.998815e+05   1.000000e+02
1.829205e-01   2.079551e+05   1.000000e+02
1.846147e-01   2.162983e+05   1.000000e+02
1.863246e-01   2.249228e+05   1.000000e+02
1.880504e-01   2.338412e+05   1.000000e+02
1.897922e-01   2.430673e+05   1.000000e+02
1.915501e-01   2.526156e+05   1.000000e+02
1.933242e-01   2.625019e+05   1.000000e+02
1.951148e-01   2.727431e+05   1.000000e+02
1.969220e-01   2.833574e+05   1.000000e+02
1.987460e-01   2.943645e+05   1.000000e+02
2.005868e-01   3.057852e+05   1.000000e+02
2.024447e-01   3.176388e+05   1.000000e+02
2.043197e-01   3.299398e+05   1.000000e+02
2.062122e-01   3.427027e+05   1.000000e+02
2.081222e-01   3.559421e+05   1.000000e+02
2.100498e-01   3.696732e+05   1.000000e+02
2.119953e-01   3.839109e+05   1.000000e+02
2.139589e-01   3.986710e+05   1.000000e+02
2.159406e-01   4.139689e+05   1.000000e+02
2.179407e-01   4.298207e+05   1.000000e+02
2.199593e-01   4.462425e+05   1.000000e+02
2.219966e-01   4.632506e+05   1.000000e+02
2.240528e-01   4.808615e+05   1.000000e+02
2.261280e-01   4.990917e+05   1.000000e+02
2.282224e-01   5.179581e+05   1.000000e+02
2.303363e-01   5.374775e+05   1.000000e+02
2.324697e-01   5.576667e+05   1.000000e+02
2.346229e-01   5.785428e+05   1.000000e+02
2.367960e-01   6.001228e+05   1.000000e+02
2.389893e-01   6.224235e+05   1.000000e+02
2.412028e-01   6.454618e+05   1.000000e+02
2.434369e-01   6.692546e+05   1.000000e+02
2.456916e-01   6.938186e+05   1.000000e+02
2.479673e-01   7.191702e+05   1.000000e+02
2.502640e-01   7.453256e+05   1.000000e+02
2.525820e-01   7.723026e+05   1.000000e+02
2.549215e-01   8.001234e+05   1.000000e+02
2.572826e-01   8.288117e+05   1.000000e+02
2.596656e-01   8.583922e+05   1.000000e+02
2.620707e-01   8.888899e+05   1.000000e+02
2.644980e-01   9.203308e+05   1.000000e+02
2.669478e-01   9.527418e+05   1.000000e+02
2.694204e-01   9.861503e+05   1.000000e+02
2.719158e-01   1.020585e+06   1.000000e+02
2.744343e-01   1.056075e+06   1.000000e+02
2.769762e-01   1.092650e+06   1.000000e+02
2.795416e-01   1.130343e+06   1.000000e+02
2.821308e-01   1.169185e+06   1.000000e+02
2.847439e-01   1.209209e+06   1.000000e+02
2.873813e-01   1.250450e+06   1.000000e+02
2.900430e-01   1.292943e+06   1.000000e+02
2.927295e-01   1.336725e+06   1.000000e+02
2.954408e-01   1.381834e+06   1.000000e+02
2.981772e-01   1.428309e+06   1.000000e+02
3.009390e-01   1.476190e+06   1.000000e+02
3.037264e-01   1.525516e+06   1.000000e+02
3.065395e-01   1.576320e+06   1.000000e+02
3.093788e-01   1.628635e+06   1.000000e+02
3.122443e-01   1.682494e+06   1.000000e+02
3.151363e-01   1.737929e+06   1.000000e+02
3.180552e-01   1.794974e+06   1.000000e+02
3.210011e-01   1.853662e+06   1.000000e+02
3.239743e-01   1.914026e+06   1.000000e+02
3.269750e-01   1.976099e+06   1.000000e+02
3.300035e-01   2.039912e+06   1.000000e+02
3.330600e-01   2.105499e+06   1.000000e+02
3.361449e-01   2.172892e+06   1.000000e+02
3.392583e-01   2.242121e+06   1.000000e+02
3.424006e-01   2.313219e+06   1.000000e+02
3.455720e-01   2.386215e+06   1.000000e+02
3.487727e-01   2.461140e+06   1.000000e+02
3.520031e-01   2.538025e+06   1.000000e+02
3.552635e-01   2.616912e+06   1.000000e+02
3.585540e-01   2.697855e+06   1.000000e+02
3.618750e-01   2.780913e+06   1.000000e+02
3.652267e-01   2.866143e+06   1.000000e+02
3.686095e-01   2.953608e+06   1.000000e+02
3.720237e-01   3.043373e+06   1.000000e+02
3.754694e-01   3.135504e+06   1.000000e+02
3.789471e-01   3.230072e+06   1.000000e+02
3.824570e-01   3.327150e+06   1.000000e+02
3.859994e-01   3.426815e+06   1.000000e+02
3.895746e-01   3.529147e+06   1.000000e+02
3.931829e-01   3.634229e+06   1.000000e+02
3.968246e-01   3.742149e+06   1.000000e+02
4.005001e-01   3.852997e+06   1.000000e+02
4.042096e-01   3.966854e+06   1.000000e+02
4.079535e-01   4.083764e+06   1.000000e+02
4.117320e-01   4.203757e+06   1.000000e+02
4.155455e-01   4.326866e+06   1.000000e+02
4.193944e-01   4.453117e+06   1.000000e+02
4.232789e-01   4.582531e+06   1.000000e+02
4.271994e-01   4.715130e+06   1.000000e+02
4.311562e-01   4.850926e+06   1.000000e+02
4.351497e-01   4.989931e+06   1.000000e+02
4.391801e-01   5.132149e+06   1.000000e+02
4.432479e-01   5.277580e+06   1.000000e+02
4.473533e-01   5.426219e+06   1.000000e+02
4.514968e-01   5.578055e+06   1.000000e+02
4.556786e-01   5.733112e+06   1.000000e+02
4.598992e-01   5.891471e+06   1.000000e+02
4.641589e-01   6.053224e+06   1.000000e+02
4.684580e-01   6.218468e+06   1.000000e+02
4.727970e-01   6.387305e+06   1.000000e+02
4.771761e-01   6.559842e+06   1.000000e+02
4.815958e-01   6.736195e+06   1.000000e+02
4.860564e-01   6.916483e+06   1.000000e+02
4.905584e-01   7.100834e+06   1.000000e+02
4.951020e-01   7.289382e+06   1.000000e+02
4.996877e-01   7.482270e+06   1.000000e+02
5.043159e-01   7.679635e+06   1.000000e+02
5.089870e-01   7.881565e+06   1.000000e+02
5.137014e-01   8.088130e+06   1.000000e+02
5.184594e-01   8.299400e+06   1.000000e+02
5.232614e-01   8.515444e+06   1.000000e+02
5.281080e-01   8.736331e+06   1.000000e+02
5.329994e-01   8.962127e+06   1.000000e+02
5.379362e-01   9.192900e+06   1.000000e+02
5.429186e-01   9.428714e+06   1.000000e+02
5.479472e-01   9.669634e+06   1.000000e+02
5.530224e-01   9.915722e+06   1.000000e+02
5.581446e-01   1.016704e+07   1.000000e+02
5.633143e-01   1.042365e+07   1.000000e+02
5.685318e-01   1.068560e+07   1.000000e+02
5.737976e-01   1.095296e+07   1.000000e+02
5.791123e-01   1.122578e+07   1.000000e+02
5.844761e-01   1.150411e+07   1.000000e+02
5.898896e-01   1.178799e+07   1.000000e+02
5.953533e-01   1.207749e+07   1.000000e+02
6.008676e-01   1.237263e+07   1.000000e+02
6.064329e-01   1.267348e+07   1.000000e+02
6.120498e-01   1.298011e+07   1.000000e+02
6.177188e-01   1.329259e+07   1.000000e+02
6.234402e-01   1.361101e+07   1.000000e+02
6.292146e-01   1.393544e+07   1.000000e+02
6.350425e-01   1.426597e+07   1.000000e+02
6.409244e-01   1.460268e+07   1.000000e+02
6.468608e-01   1.494565e+07   1.000000e+02
6.528521e-01   1.529496e+07   1.000000e+02
6.588990e-01   1.565069e+07   1.000000e+02
6.650018e-01   1.601294e+07   1.000000e+02
6.711612e-01   1.638178e+07   1.000000e+02
6.773776e-01   1.675730e+07   1.000000e+02
6.836516e-01   1.713959e+07   1.000000e+02
6.899837e-01   1.752873e+07   1.000000e+02
6.963745e-01   1.792482e+07   1.000000e+02
7.028244e-01   1.832794e+07   1.000000e+02
7.093341e-01   1.873817e+07   1.000000e+02
7.159041e-01   1.915560e+07   1.000000e+02
7.225349e-01   1.958027e+07   1.000000e+02
7.292272e-01   2.001228e+07   1.000000e+02
7.359814e-01   2.045168e+07   1.000000e+02
7.427982e-01   2.089855e+07   1.000000e+02
7.496782e-01   2.135294e+07   1.000000e+02
7.566219e-01   2.181494e+07   1.000000e+02
7.636298e-01   2.228460e+07   1.000000e+02
7.707027e-01   2.276198e+07   1.000000e+02
7.778411e-01   2.324716e+07   1.000000e+02
7.850456e-01   2.374018e+07   1.000000e+02
7.923169e-01   2.424112e+07   1.000000e+02
7.996555e-01   2.475003e+07   1.000000e+02
8.070620e-01   2.526696e+07   1.000000e+02
8.145372e-01   2.579199e+07   1.000000e+02
8.220816e-01   2.632518e+07   1.000000e+02
8.296959e-01   2.686659e+07   1.000000e+02
8.373807e-01   2.741629e+07   1.000000e+02
8.451366e-01   2.797434e+07   1.000000e+02
8.529644e-01   2.854080e+07   1.000000e+02
8.608648e-01   2.911574e+07   1.000000e+02
8.688383e-01   2.969921e+07   1.000000e+02
8.768856e-01   3.029128e+07   1.000000e+02
8.850075e-01   3.089200e+07   1.000000e+02
8.932046e-01   3.150144e+07   1.000000e+02
9.014776e-01   3.211964e+07   1.000000e+02
9.098273e-01   3.274667e+07   1.000000e+02
9.182543e-01   3.338257e+07   1.000000e+02
9.267593e-01   3.402737e+07   1.000000e+02
9.353432e-01   3.468113e+07   1.000000e+02
9.440065e-01   3.534389e+07   1.000000e+02
9.527500e-01   3.601567e+07   1.000000e+02
9.615746e-01   3.669652e+07   1.000000e+02
9.704809e-01   3.738647e+07   1.000000e+02
9.794697e-01   3.808555e+07   1.000000e+02
9.885417e-01   3.879378e+07   1.000000e+02
9.976978e-01   3.951121e+07   1.000000e+02
1.006939e+00   4.023784e+07   1.000000e+02
1.016265e+00   4.097371e+07   1.000000e+02
1.025678e+00   4.171886e+07   1.000000e+02
1.035178e+00   4.247329e+07   1.000000e+02
1.044766e+00   4.323704e+07   1.000000e+02
1.054443e+00   4.401013e+07   1.000000e+02
1.064209e+00   4.479259e+07   1.000000e+02
1.074066e+00   4.558442e+07   1.000000e+02
1.084014e+00   4.638565e+07   1.000000e+02
1.094055e+00   4.719629e+07   1.000000e+02
1.104188e+00   4.801636e+07   1.000000e+02
1.114415e+00   4.884586e+07   1.000000e+02
1.124737e+00   4.968480e+07   1.000000e+02
1.135155e+00   5.053319e+07   1.000000e+02
1.145669e+00   5.139104e+07   1.000000e+02
1.156280e+00   5.225834e+07   1.000000e+02
1.166990e+00   5.313509e+07   1.000000e+02
1.177799e+00   5.402130e+07   1.000000e+02
1.188708e+00   5.491695e+07   1.000000e+02
1.199718e+00   5.582204e+07   1.000000e+02
1.210830e+00   5.673657e+07   1.000000e+02
1.222045e+00   5.766051e+07   1.000000e+02
1.233363e+00   5.859386e+07   1.000000e+02
1.244787e+00   5.953659e+07   1.000000e+02
1.256317e+00   6.048870e+07   1.000000e+02
1.267953e+00   6.145022e+07   1.000000e+02
1.279697e+00   6.242125e+07   1.000000e+02
1.291550e+00   6.340189e+07   1.000000e+02
1.303512e+00   6.439224e+07   1.000000e+02
1.315586e+00   6.539243e+07   1.000000e+02
1.327771e+00   6.640255e+07   1.000000e+02
1.340069e+00   6.742275e+07   1.000000e+02
1.352481e+00   6.845314e+07   1.000000e+02
1.365008e+00   6.949386e+07   1.000000e+02
1.377651e+00   7.054505e+07   1.000000e+02
1.390411e+00   7.160686e+07   1.000000e+02
1.403289e+00   7.267944e+07   1.000000e+02
1.416287e+00   7.376296e+07   1.000000e+02
1.429405e+00   7.485757e+07   1.000000e+02
1.442644e+00   7.596346e+07   1.000000e+02
1.456006e+00   7.708081e+07   1.000000e+02
1.469492e+00   7.820980e+07   1.000000e+02
1.483103e+00   7.935064e+07   1.000000e+02
1.496839e+00   8.050351e+07   1.000000e+02
1.510703e+00   8.166861e+07   1.000000e+02
1.524696e+00   8.284568e+07   1.000000e+02
1.538818e+00   8.403429e+07   1.000000e+02
1.553071e+00   8.523398e+07   1.000000e+02
1.567455e+00   8.644422e+07   1.000000e+02
1.581973e+00   8.766451e+07   1.000000e+02
1.596626e+00   8.889427e+07   1.000000e+02
1.611414e+00   9.013290e+07   1.000000e+02
1.626340e+00   9.137979e+07   1.000000e+02
1.641403e+00   9.263427e+07   1.000000e+02
1.656606e+00   9.389565e+07   1.000000e+02
1.671950e+00   9.516321e+07   1.000000e+02
1.687436e+00   9.643619e+07   1.000000e+02
1.703065e+00   9.771380e+07   1.000000e+02
1.718839e+00   9.899521e+07   1.000000e+02
1.734759e+00   1.002796e+08   1.000000e+02
1.750827e+00   1.015660e+08   1.000000e+02
1.767044e+00   1.028537e+08   1.000000e+02
1.783410e+00   1.041431e+08   1.000000e+02
1.799929e+00   1.054346e+08   1.000000e+02
1.816600e+00   1.067286e+08   1.000000e+02
1.833425e+00   1.080257e+08   1.000000e+02
1.850407e+00   1.093264e+08   1.000000e+02
1.867546e+00   1.106313e+08   1.000000e+02
1.884843e+00   1.119411e+08   1.000000e+02
1.902301e+00   1.132564e+08   1.000000e+02
1.919921e+00   1.145779e+08   1.000000e+02
1.937703e+00   1.159064e+08   1.000000e+02
1.955651e+00   1.172426e+08   1.000000e+02
1.973764e+00   1.185874e+08   1.000000e+02
1.992046e+00   1.199415e+08   1.000000e+02
2.010496e+00   1.213060e+08   1.000000e+02
2.029118e+00   1.226809e+08   1.000000e+02
2.047912e+00   1.240663e+08   1.000000e+02
2.066880e+00   1.254618e+08   1.000000e+02
2.086024e+00   1.268672e+08   1.000000e+02
2.105345e+00   1.282823e+08   1.000000e+02
2.124845e+00   1.297070e+08   1.000000e+02
2.144526e+00   1.311408e+08   1.000000e+02
2.164389e+00   1.325836e+08   1.000000e+02
2.184436e+00   1.340350e+08   1.000000e+02
2.204669e+00   1.354948e+08   1.000000e+02
2.225089e+00   1.369627e+08   1.000000e+02
2.245698e+00   1.384384e+08   1.000000e+02
2.266498e+00   1.399215e+08   1.000000e+02
2.287491e+00   1.414118e+08   1.000000e+02
2.308678e+00   1.429087e+08   1.000000e+02
2.330061e+00   1.444121e+08   1.000000e+02
2.351643e+00   1.459215e+08   1.000000e+02
2.373424e+00   1.474365e+08   1.000000e+02
2.395407e+00   1.489568e+08   1.000000e+02
2.417594e+00   1.504819e+08   1.000000e+02
2.439986e+00   1.520113e+08   1.000000e+02
2.462586e+00   1.535447e+08   1.000000e+02
2.485395e+00   1.550817e+08   1.000000e+02
2.508415e+00   1.566216e+08   1.000000e+02
2.531648e+00   1.581643e+08   1.000000e+02
2.555097e+00   1.597097e+08   1.000000e+02
2.578763e+00   1.612576e+08   1.000000e+02
2.602648e+00   1.628082e+08   1.000000e+02
2.626754e+00   1.643614e+08   1.000000e+02
2.651084e+00   1.659170e+08   1.000000e+02
2.675638e+00   1.674752e+08   1.000000e+02
2.700421e+00   1.690359e+08   1.000000e+02
2.725433e+00   1.705990e+08   1.000000e+02
2.750676e+00   1.721646e+08   1.000000e+02
2.776153e+00   1.737327e+08   1.000000e+02
2.801867e+00   1.753032e+08   1.000000e+02
2.827818e+00   1.768762e+08   1.000000e+02
2.854010e+00   1.784517e+08   1.000000e+02
2.880444e+00   1.800296e+08   1.000000e+02
2.907123e+00   1.816100e+08   1.000000e+02
2.934050e+00   1.831929e+08   1.000000e+02
2.961225e+00   1.847784e+08   1.000000e+02
2.988653e+00   1.863665e+08   1.000000e+02
3.016334e+00   1.879572e+08   1.000000e+02
3.044272e+00   1.895504e+08   1.000000e+02
3.072469e+00   1.911460e+08   1.000000e+02
3.100927e+00   1.927439e+08   1.000000e+02
3.129648e+00   1.943438e+08   1.000000e+02
3.158635e+00   1.959457e+08   1.000000e+02
3.187891e+00   1.975494e+08   1.000000e+02
3.217418e+00   1.991546e+08   1.000000e+02
3.247218e+00   2.007614e+08   1.000000e+02
3.277295e+00   2.023694e+08   1.000000e+02
3.307650e+00   2.039786e+08   1.000000e+02
3.338286e+00   2.055888e+08   1.000000e+02
3.369206e+00   2.071998e+08   1.000000e+02
3.400412e+00   2.088115e+08   1.000000e+02
3.431907e+00   2.104236e+08   1.000000e+02
3.463694e+00   2.120361e+08   1.000000e+02
3.495776e+00   2.136488e+08   1.000000e+02
3.528154e+00   2.152614e+08   1.000000e+02
3.560833e+00   2.168739e+08   1.000000e+02
3.593814e+00   2.184862e+08   1.000000e+02
3.627100e+00   2.200983e+08   1.000000e+02
3.660695e+00   2.217100e+08   1.000000e+02
3.694601e+00   2.233212e+08   1.000000e+02
3.728821e+00   2.249318e+08   1.000000e+02
3.763358e+00   2.265419e+08   1.000000e+02
3.798215e+00   2.281512e+08   1.000000e+02
3.833395e+00   2.297598e+08   1.000000e+02
3.868901e+00   2.313674e+08   1.000000e+02
3.904735e+00   2.329742e+08   1.000000e+02
3.940902e+00   2.345799e+08   1.000000e+02
3.977403e+00   2.361845e+08   1.000000e+02
4.014242e+00   2.377880e+08   1.000000e+02
4.051423e+00   2.393903e+08   1.000000e+02
4.088948e+00   2.409912e+08   1.000000e+02
4.126821e+00   2.425906e+08   1.000000e+02
4.165044e+00   2.441885e+08   1.000000e+02
4.203622e+00   2.457847e+08   1.000000e+02
4.242556e+00   2.473791e+08   1.000000e+02
4.281852e+00   2.489717e+08   1.000000e+02
4.321511e+00   2.505622e+08   1.000000e+02
4.361538e+00   2.521507e+08   1.000000e+02
4.401935e+00   2.537370e+08   1.000000e+02
4.442707e+00   2.553210e+08   1.000000e+02
4.483856e+00   2.569027e+08   1.000000e+02
4.525386e+00   2.584818e+08   1.000000e+02
4.567301e+00   2.600584e+08   1.000000e+02
4.609604e+00   2.616323e+08   1.000000e+02
4.652300e+00   2.632034e+08   1.000000e+02
4.695390e+00   2.647717e+08   1.000000e+02
4.738880e+00   2.663370e+08   1.000000e+02
4.782772e+00   2.678992e+08   1.000000e+02
4.827071e+00   2.694583e+08   1.000000e+02
4.871780e+00   2.710141e+08   1.000000e+02
4.916904e+00   2.725667e+08   1.000000e+02
4.962445e+00   2.741158e+08   1.000000e+02
5.008408e+00   2.756614e+08   1.000000e+02
5.054797e+00   2.772034e+08   1.000000e+02
5.101615e+00   2.787418e+08   1.000000e+02
5.148867e+00   2.802763e+08   1.000000e+02
5.196557e+00   2.818068e+08   1.000000e+02
5.244689e+00   2.833334e+08   1.000000e+02
5.293266e+00   2.848557e+08   1.000000e+02
5.342293e+00   2.863738e+08   1.000000e+02
5.391775e+00   2.878875e+08   1.000000e+02
5.441714e+00   2.893967e+08   1.000000e+02
5.492116e+00   2.909013e+08   1.000000e+02
5.542986e+00   2.924012e+08   1.000000e+02
5.594326e+00   2.938963e+08   1.000000e+02
5.646141e+00   2.953864e+08   1.000000e+02
5.698437e+00   2.968715e+08   1.000000e+02
5.751217e+00   2.983514e+08   1.000000e+02
5.804486e+00   2.998261e+08   1.000000e+02
5.858248e+00   3.012954e+08   1.000000e+02
5.912508e+00   3.027592e+08   1.000000e+02
5.967271e+00   3.042175e+08   1.000000e+02
6.022541e+00   3.056701e+08   1.000000e+02
6.078323e+00   3.071169e+08   1.000000e+02
6.134622e+00   3.085578e+08   1.000000e+02
6.191442e+00   3.099926e+08   1.000000e+02
6.248788e+00   3.114211e+08   1.000000e+02
6.306666e+00   3.128432e+08   1.000000e+02
6.365079e+00   3.142588e+08   1.000000e+02
6.424034e+00   3.156677e+08   1.000000e+02
6.483534e+00   3.170697e+08   1.000000e+02
6.543586e+00   3.184647e+08   1.000000e+02
6.604194e+00   3.198526e+08   1.000000e+02
6.665363e+00   3.212332e+08   1.000000e+02
6.727099e+00   3.226063e+08   1.000000e+02
6.789407e+00   3.239718e+08   1.000000e+02
6.852292e+00   3.253296e+08   1.000000e+02
6.915759e+00   3.266795e+08   1.000000e+02
6.979814e+00   3.280214e+08   1.000000e+02
7.044462e+00   3.293550e+08   1.000000e+02
7.109709e+00   3.306803e+08   1.000000e+02
7.175561e+00   3.319969e+08   1.000000e+02
7.242022e+00   3.333047e+08   1.000000e+02
7.309099e+00   3.346034e+08   1.000000e+02
7.376798e+00   3.358929e+08   1.000000e+02
7.445123e+00   3.371728e+08   1.000000e+02
7.514081e+00   3.384429e+08   1.000000e+02
7.583678e+00   3.397031e+08   1.000000e+02
7.653919e+00   3.409531e+08   1.000000e+02
7.724811e+00   3.421927e+08   1.000000e+02
7.796360e+00   3.434216e+08   1.000000e+02
7.868572e+00   3.446396e+08   1.000000e+02
7.941452e+00   3.458465e+08   1.000000e+02
8.015007e+00   3.470421e+08   1.000000e+02
8.089243e+00   3.482260e+08   1.000000e+02
8.164168e+00   3.493981e+08   1.000000e+02
8.239786e+00   3.505578e+08   1.000000e+02
8.316104e+00   3.517049e+08   1.000000e+02
8.393129e+00   3.528390e+08   1.000000e+02
8.470868e+00   3.539599e+08   1.000000e+02
8.549327e+00   3.550670e+08   1.000000e+02
8.628513e+00   3.561602e+08   1.000000e+02
8.708431e+00   3.572390e+08   1.000000e+02
8.789091e+00   3.583031e+08   1.000000e+02
8.870497e+00   3.593521e+08   1.000000e+02
8.952657e+00   3.603858e+08   1.000000e+02
9.035578e+00   3.614036e+08   1.000000e+02
9.119268e+00   3.624054e+08   1.000000e+02
9.203732e+00   3.633907e+08   1.000000e+02
9.288979e+00   3.643592e+08   1.000000e+02
9.375015e+00   3.653105e+08   1.000000e+02
9.461848e+00   3.662444e+08   1.000000e+02
9.549486e+00   3.671603e+08   1.000000e+02
9.637935e+00   3.680581e+08   1.000000e+02
9.727203e+00   3.689373e+08   1.000000e+02
9.817298e+00   3.697976e+08   1.000000e+02
9.908228e+00   3.706386e+08   1.000000e+02
1.000000e+01   3.714600e+08   1.000000e+02
