# Be10 + p > B11 + g   [Be10_p__B11_g]   ref=TALYS2, Koning et al. 2023
# detailed balance: alpha=4.3305e+09 beta=1.5 gamma=-130.293  Q=11.2278
# T9                 rate                error
1.000000e-03   1.000000e-35   1.000000e+02
1.009262e-03   1.029636e-35   1.000000e+02
1.018610e-03   1.060482e-35   1.000000e+02
1.028045e-03   1.092607e-35   1.000000e+02
1.037567e-03   1.126085e-35   1.000000e+02
1.047177e-03   1.160993e-35   1.000000e+02
1.056876e-03   1.197414e-35   1.000000e+02
1.066665e-03   1.235437e-35   1.000000e+02
1.076545e-03   1.275157e-35   1.000000e+02
1.086516e-03   1.316675e-35   1.000000e+02
1.096579e-03   1.360098e-35   1.000000e+02
1.106736e-03   1.405542e-35   1.000000e+02
1.116987e-03   1.453130e-35   1.000000e+02
1.127333e-03   1.502993e-35   1.000000e+02
1.137774e-03   1.555274e-35   1.000000e+02
1.148312e-03   1.610124e-35   1.000000e+02
1.158948e-03   1.667704e-35   1.000000e+02
1.169683e-03   1.728189e-35   1.000000e+02
1.180517e-03   1.791765e-35   1.000000e+02
1.191451e-03   1.858632e-35   1.000000e+02
1.202486e-03   1.929007e-35   1.000000e+02
1.213624e-03   2.003120e-35   1.000000e+02
1.224865e-03   2.081221e-35   1.000000e+02
1.236210e-03   2.163577e-35   1.000000e+02
1.247660e-03   2.250479e-35   1.000000e+02
1.259216e-03   2.342236e-35   1.000000e+02
1.270879e-03   2.439185e-35   1.000000e+02
1.282650e-03   2.541689e-35   1.000000e+02
1.294530e-03   2.650139e-35   1.000000e+02
1.306520e-03   2.764957e-35   1.000000e+02
1.318621e-03   2.886603e-35   1.000000e+02
1.330835e-03   3.015571e-35   1.000000e+02
1.343161e-03   3.152398e-35   1.000000e+02
1.355602e-03   3.297665e-35   1.000000e+02
1.368158e-03   3.452003e-35   1.000000e+02
1.380830e-03   3.616097e-35   1.000000e+02
1.393619e-03   3.790691e-35   1.000000e+02
1.406527e-03   3.976593e-35   1.000000e+02
1.419555e-03   4.174681e-35   1.000000e+02
1.432703e-03   4.385915e-35   1.000000e+02
1.445973e-03   4.611337e-35   1.000000e+02
1.459366e-03   4.852084e-35   1.000000e+02
1.472883e-03   5.109397e-35   1.000000e+02
1.486525e-03   5.384632e-35   1.000000e+02
1.500293e-03   5.679270e-35   1.000000e+02
1.514189e-03   5.994932e-35   1.000000e+02
1.528214e-03   6.333391e-35   1.000000e+02
1.542369e-03   6.696591e-35   1.000000e+02
1.556654e-03   7.086662e-35   1.000000e+02
1.571072e-03   7.505943e-35   1.000000e+02
1.585624e-03   7.957003e-35   1.000000e+02
1.600310e-03   8.442665e-35   1.000000e+02
1.615133e-03   8.966036e-35   1.000000e+02
1.630092e-03   9.530538e-35   1.000000e+02
1.645191e-03   1.013994e-34   1.000000e+02
1.660429e-03   1.079841e-34   1.000000e+02
1.675808e-03   1.151052e-34   1.000000e+02
1.691330e-03   1.228137e-34   1.000000e+02
1.706995e-03   1.311657e-34   1.000000e+02
1.722805e-03   1.402233e-34   1.000000e+02
1.738762e-03   1.500554e-34   1.000000e+02
1.754867e-03   1.607385e-34   1.000000e+02
1.771121e-03   1.723575e-34   1.000000e+02
1.787526e-03   1.850066e-34   1.000000e+02
1.804082e-03   1.987909e-34   1.000000e+02
1.820792e-03   2.138271e-34   1.000000e+02
1.837656e-03   2.302456e-34   1.000000e+02
1.854677e-03   2.481917e-34   1.000000e+02
1.871855e-03   2.678277e-34   1.000000e+02
1.889193e-03   2.893353e-34   1.000000e+02
1.906691e-03   3.129175e-34   1.000000e+02
1.924351e-03   3.388021e-34   1.000000e+02
1.942175e-03   3.672443e-34   1.000000e+02
1.960163e-03   3.985310e-34   1.000000e+02
1.978319e-03   4.329842e-34   1.000000e+02
1.996642e-03   4.709666e-34   1.000000e+02
2.015136e-03   5.128867e-34   1.000000e+02
2.033800e-03   5.592050e-34   1.000000e+02
2.052638e-03   6.104415e-34   1.000000e+02
2.071650e-03   6.671839e-34   1.000000e+02
2.090838e-03   7.300971e-34   1.000000e+02
2.110203e-03   7.999345e-34   1.000000e+02
2.129749e-03   8.775502e-34   1.000000e+02
2.149475e-03   9.639143e-34   1.000000e+02
2.169384e-03   1.060129e-33   1.000000e+02
2.189477e-03   1.167450e-33   1.000000e+02
2.209756e-03   1.287307e-33   1.000000e+02
2.230223e-03   1.421330e-33   1.000000e+02
2.250880e-03   1.571384e-33   1.000000e+02
2.271728e-03   1.739599e-33   1.000000e+02
2.292769e-03   1.928415e-33   1.000000e+02
2.314005e-03   2.140629e-33   1.000000e+02
2.335438e-03   2.379454e-33   1.000000e+02
2.357069e-03   2.648579e-33   1.000000e+02
2.378901e-03   2.952252e-33   1.000000e+02
2.400935e-03   3.295369e-33   1.000000e+02
2.423173e-03   3.683577e-33   1.000000e+02
2.445617e-03   4.123402e-33   1.000000e+02
2.468268e-03   4.622395e-33   1.000000e+02
2.491130e-03   5.189300e-33   1.000000e+02
2.514203e-03   5.834263e-33   1.000000e+02
2.537490e-03   6.569070e-33   1.000000e+02
2.560993e-03   7.407429e-33   1.000000e+02
2.584714e-03   8.365308e-33   1.000000e+02
2.608654e-03   9.461331e-33   1.000000e+02
2.632815e-03   1.071726e-32   1.000000e+02
2.657201e-03   1.215853e-32   1.000000e+02
2.681813e-03   1.381496e-32   1.000000e+02
2.706652e-03   1.572152e-32   1.000000e+02
2.731722e-03   1.791930e-32   1.000000e+02
2.757023e-03   2.045661e-32   1.000000e+02
2.782559e-03   2.339043e-32   1.000000e+02
2.808332e-03   2.678794e-32   1.000000e+02
2.834343e-03   3.072856e-32   1.000000e+02
2.860596e-03   3.530627e-32   1.000000e+02
2.887091e-03   4.063251e-32   1.000000e+02
2.913832e-03   4.683952e-32   1.000000e+02
2.940820e-03   5.408457e-32   1.000000e+02
2.968059e-03   6.255494e-32   1.000000e+02
2.995549e-03   7.247400e-32   1.000000e+02
3.023295e-03   8.410973e-32   1.000000e+02
3.051297e-03   9.779208e-32   1.000000e+02
3.079559e-03   1.139253e-31   1.000000e+02
3.108082e-03   1.330031e-31   1.000000e+02
3.136870e-03   1.556303e-31   1.000000e+02
3.165924e-03   1.825503e-31   1.000000e+02
3.195248e-03   2.146808e-31   1.000000e+02
3.224842e-03   2.531580e-31   1.000000e+02
3.254712e-03   2.993943e-31   1.000000e+02
3.284857e-03   3.551525e-31   1.000000e+02
3.315282e-03   4.226406e-31   1.000000e+02
3.345989e-03   5.046361e-31   1.000000e+02
3.376980e-03   6.046470e-31   1.000000e+02
3.408259e-03   7.271227e-31   1.000000e+02
3.439826e-03   8.777311e-31   1.000000e+02
3.471687e-03   1.063724e-30   1.000000e+02
3.503842e-03   1.294422e-30   1.000000e+02
3.536296e-03   1.581860e-30   1.000000e+02
3.569049e-03   1.941650e-30   1.000000e+02
3.602107e-03   2.394145e-30   1.000000e+02
3.635470e-03   2.966009e-30   1.000000e+02
3.669142e-03   3.692348e-30   1.000000e+02
3.703127e-03   4.619622e-30   1.000000e+02
3.737426e-03   5.809650e-30   1.000000e+02
3.772042e-03   7.345117e-30   1.000000e+02
3.806980e-03   9.337240e-30   1.000000e+02
3.842241e-03   1.193645e-29   1.000000e+02
3.877828e-03   1.534738e-29   1.000000e+02
3.913746e-03   1.985005e-29   1.000000e+02
3.949995e-03   2.582990e-29   1.000000e+02
3.986581e-03   3.382079e-29   1.000000e+02
4.023506e-03   4.456547e-29   1.000000e+02
4.060772e-03   5.908363e-29   1.000000e+02
4.098384e-03   7.877400e-29   1.000000e+02
4.136344e-03   1.055689e-28   1.000000e+02
4.174655e-03   1.421403e-28   1.000000e+02
4.213322e-03   1.921841e-28   1.000000e+02
4.252346e-03   2.608115e-28   1.000000e+02
4.291732e-03   3.550880e-28   1.000000e+02
4.331483e-03   4.847700e-28   1.000000e+02
4.371602e-03   6.633100e-28   1.000000e+02
4.412093e-03   9.092203e-28   1.000000e+02
4.452959e-03   1.247912e-27   1.000000e+02
4.494203e-03   1.714162e-27   1.000000e+02
4.535829e-03   2.355391e-27   1.000000e+02
4.577841e-03   3.236000e-27   1.000000e+02
4.620241e-03   4.443023e-27   1.000000e+02
4.663035e-03   6.093460e-27   1.000000e+02
4.706225e-03   8.343635e-27   1.000000e+02
4.749815e-03   1.140100e-26   1.000000e+02
4.793808e-03   1.553882e-26   1.000000e+02
4.838210e-03   2.111400e-26   1.000000e+02
4.883022e-03   2.858851e-26   1.000000e+02
4.928250e-03   3.855416e-26   1.000000e+02
4.973896e-03   5.176075e-26   1.000000e+02
5.019965e-03   6.914735e-26   1.000000e+02
5.066461e-03   9.191221e-26   1.000000e+02
5.113388e-03   1.216148e-25   1.000000e+02
5.160749e-03   1.602585e-25   1.000000e+02
5.208549e-03   2.104179e-25   1.000000e+02
5.256791e-03   2.754080e-25   1.000000e+02
5.305481e-03   3.595078e-25   1.000000e+02
5.354621e-03   4.682565e-25   1.000000e+02
5.404216e-03   6.088475e-25   1.000000e+02
5.454271e-03   7.906568e-25   1.000000e+02
5.504790e-03   1.025954e-24   1.000000e+02
5.555776e-03   1.330864e-24   1.000000e+02
5.607235e-03   1.726676e-24   1.000000e+02
5.659170e-03   2.241638e-24   1.000000e+02
5.711586e-03   2.913417e-24   1.000000e+02
5.764488e-03   3.792523e-24   1.000000e+02
5.817880e-03   4.947065e-24   1.000000e+02
5.871766e-03   6.469438e-24   1.000000e+02
5.926152e-03   8.485756e-24   1.000000e+02
5.981041e-03   1.116928e-23   1.000000e+02
6.036439e-03   1.475924e-23   1.000000e+02
6.092349e-03   1.958187e-23   1.000000e+02
6.148778e-03   2.608232e-23   1.000000e+02
6.205729e-03   3.487293e-23   1.000000e+02
6.263207e-03   4.679825e-23   1.000000e+02
6.321218e-03   6.302580e-23   1.000000e+02
6.379767e-03   8.517327e-23   1.000000e+02
6.438857e-03   1.154870e-22   1.000000e+02
6.498495e-03   1.570928e-22   1.000000e+02
6.558686e-03   2.143490e-22   1.000000e+02
6.619433e-03   2.933442e-22   1.000000e+02
6.680744e-03   4.025990e-22   1.000000e+02
6.742622e-03   5.540588e-22   1.000000e+02
6.805074e-03   7.644965e-22   1.000000e+02
6.868104e-03   1.057500e-21   1.000000e+02
6.931717e-03   1.466287e-21   1.000000e+02
6.995920e-03   2.037699e-21   1.000000e+02
7.060718e-03   2.837875e-21   1.000000e+02
7.126115e-03   3.960367e-21   1.000000e+02
7.192119e-03   5.537638e-21   1.000000e+02
7.258734e-03   7.757454e-21   1.000000e+02
7.325965e-03   1.088623e-20   1.000000e+02
7.393820e-03   1.530236e-20   1.000000e+02
7.462303e-03   2.154366e-20   1.000000e+02
7.531420e-03   3.037522e-20   1.000000e+02
7.601178e-03   4.288611e-20   1.000000e+02
7.671581e-03   6.062748e-20   1.000000e+02
7.742637e-03   8.580967e-20   1.000000e+02
7.814351e-03   1.215837e-19   1.000000e+02
7.886729e-03   1.724427e-19   1.000000e+02
7.959777e-03   2.447956e-19   1.000000e+02
8.033502e-03   3.477882e-19   1.000000e+02
8.107910e-03   4.946472e-19   1.000000e+02
8.183007e-03   7.047515e-19   1.000000e+02
8.258799e-03   1.006550e-18   1.000000e+02
8.335294e-03   1.442092e-18   1.000000e+02
8.412497e-03   2.073996e-18   1.000000e+02
8.490415e-03   2.996263e-18   1.000000e+02
8.569055e-03   4.351192e-18   1.000000e+02
8.648423e-03   6.356121e-18   1.000000e+02
8.728527e-03   9.346110e-18   1.000000e+02
8.809372e-03   1.384280e-17   1.000000e+02
8.890966e-03   2.066667e-17   1.000000e+02
8.973316e-03   3.112217e-17   1.000000e+02
9.056428e-03   4.729725e-17   1.000000e+02
9.140311e-03   7.241436e-17   1.000000e+02
9.224970e-03   1.113509e-16   1.000000e+02
9.310413e-03   1.714315e-16   1.000000e+02
9.396648e-03   2.634290e-16   1.000000e+02
9.483682e-03   4.027732e-16   1.000000e+02
9.571522e-03   6.108430e-16   1.000000e+02
9.660175e-03   9.160490e-16   1.000000e+02
9.749649e-03   1.354178e-15   1.000000e+02
9.839952e-03   1.967202e-15   1.000000e+02
9.931092e-03   2.799536e-15   1.000000e+02
1.002308e-02   3.890832e-15   1.000000e+02
1.011591e-02   5.275492e-15   1.000000e+02
1.020961e-02   6.998726e-15   1.000000e+02
1.030417e-02   9.115506e-15   1.000000e+02
1.039961e-02   1.169549e-14   1.000000e+02
1.049593e-02   1.483208e-14   1.000000e+02
1.059315e-02   1.865527e-14   1.000000e+02
1.069126e-02   2.335002e-14   1.000000e+02
1.079029e-02   2.918296e-14   1.000000e+02
1.089023e-02   3.654245e-14   1.000000e+02
1.099110e-02   4.600050e-14   1.000000e+02
1.109290e-02   5.837816e-14   1.000000e+02
1.119564e-02   7.468239e-14   1.000000e+02
1.129934e-02   9.620789e-14   1.000000e+02
1.140400e-02   1.246730e-13   1.000000e+02
1.150962e-02   1.623484e-13   1.000000e+02
1.161623e-02   2.122178e-13   1.000000e+02
1.172382e-02   2.781752e-13   1.000000e+02
1.183241e-02   3.652602e-13   1.000000e+02
1.194200e-02   4.799302e-13   1.000000e+02
1.205261e-02   6.303775e-13   1.000000e+02
1.216424e-02   8.273634e-13   1.000000e+02
1.227691e-02   1.085378e-12   1.000000e+02
1.239062e-02   1.423593e-12   1.000000e+02
1.250539e-02   1.867413e-12   1.000000e+02
1.262121e-02   2.450618e-12   1.000000e+02
1.273811e-02   3.218266e-12   1.000000e+02
1.285610e-02   4.230672e-12   1.000000e+02
1.297517e-02   5.568890e-12   1.000000e+02
1.309535e-02   7.342014e-12   1.000000e+02
1.321664e-02   9.695080e-12   1.000000e+02
1.333906e-02   1.282118e-11   1.000000e+02
1.346261e-02   1.697836e-11   1.000000e+02
1.358730e-02   2.251152e-11   1.000000e+02
1.371315e-02   2.988173e-11   1.000000e+02
1.384016e-02   3.970535e-11   1.000000e+02
1.396835e-02   5.280624e-11   1.000000e+02
1.409773e-02   7.028592e-11   1.000000e+02
1.422830e-02   9.362301e-11   1.000000e+02
1.436009e-02   1.248037e-10   1.000000e+02
1.449310e-02   1.664956e-10   1.000000e+02
1.462733e-02   2.222841e-10   1.000000e+02
1.476281e-02   2.969912e-10   1.000000e+02
1.489955e-02   3.971078e-10   1.000000e+02
1.503755e-02   5.313767e-10   1.000000e+02
1.517683e-02   7.115759e-10   1.000000e+02
1.531740e-02   9.535697e-10   1.000000e+02
1.545928e-02   1.278742e-09   1.000000e+02
1.560246e-02   1.715932e-09   1.000000e+02
1.574698e-02   2.304042e-09   1.000000e+02
1.589283e-02   3.095572e-09   1.000000e+02
1.604003e-02   4.161393e-09   1.000000e+02
1.618860e-02   5.597144e-09   1.000000e+02
1.633854e-02   7.531810e-09   1.000000e+02
1.648987e-02   1.013939e-08   1.000000e+02
1.664260e-02   1.365457e-08   1.000000e+02
1.679675e-02   1.839385e-08   1.000000e+02
1.695232e-02   2.478391e-08   1.000000e+02
1.710934e-02   3.339981e-08   1.000000e+02
1.726781e-02   4.501629e-08   1.000000e+02
1.742775e-02   6.067657e-08   1.000000e+02
1.758917e-02   8.178480e-08   1.000000e+02
1.775208e-02   1.102297e-07   1.000000e+02
1.791650e-02   1.485503e-07   1.000000e+02
1.808245e-02   2.001577e-07   1.000000e+02
1.824993e-02   2.696390e-07   1.000000e+02
1.841897e-02   3.631662e-07   1.000000e+02
1.858957e-02   4.890373e-07   1.000000e+02
1.876175e-02   6.584060e-07   1.000000e+02
1.893552e-02   8.862621e-07   1.000000e+02
1.911091e-02   1.192748e-06   1.000000e+02
1.928792e-02   1.604924e-06   1.000000e+02
1.946656e-02   2.159141e-06   1.000000e+02
1.964687e-02   2.904221e-06   1.000000e+02
1.982884e-02   3.905727e-06   1.000000e+02
2.001250e-02   5.251691e-06   1.000000e+02
2.019786e-02   7.060031e-06   1.000000e+02
2.038493e-02   9.487609e-06   1.000000e+02
2.057374e-02   1.274300e-05   1.000000e+02
2.076430e-02   1.710302e-05   1.000000e+02
2.095662e-02   2.293412e-05   1.000000e+02
2.115073e-02   3.072002e-05   1.000000e+02
2.134663e-02   4.109725e-05   1.000000e+02
2.154435e-02   5.490068e-05   1.000000e+02
2.174389e-02   7.322140e-05   1.000000e+02
2.194529e-02   9.748003e-05   1.000000e+02
2.214855e-02   1.295187e-04   1.000000e+02
2.235370e-02   1.717157e-04   1.000000e+02
2.256074e-02   2.271278e-04   1.000000e+02
2.276970e-02   2.996644e-04   1.000000e+02
2.298060e-02   3.942996e-04   1.000000e+02
2.319345e-02   5.173276e-04   1.000000e+02
2.340827e-02   6.766670e-04   1.000000e+02
2.362508e-02   8.822183e-04   1.000000e+02
2.384390e-02   1.146280e-03   1.000000e+02
2.406475e-02   1.484024e-03   1.000000e+02
2.428764e-02   1.914027e-03   1.000000e+02
2.451260e-02   2.458864e-03   1.000000e+02
2.473964e-02   3.145731e-03   1.000000e+02
2.496878e-02   4.007112e-03   1.000000e+02
2.520005e-02   5.081644e-03   1.000000e+02
2.543346e-02   6.416403e-03   1.000000e+02
2.566903e-02   8.068391e-03   1.000000e+02
2.590678e-02   1.010610e-02   1.000000e+02
2.614673e-02   1.261173e-02   1.000000e+02
2.638891e-02   1.568388e-02   1.000000e+02
2.663333e-02   1.944078e-02   1.000000e+02
2.688001e-02   2.402418e-02   1.000000e+02
2.712898e-02   2.960406e-02   1.000000e+02
2.738025e-02   3.638440e-02   1.000000e+02
2.763385e-02   4.461016e-02   1.000000e+02
2.788980e-02   5.457582e-02   1.000000e+02
2.814812e-02   6.663585e-02   1.000000e+02
2.840884e-02   8.121761e-02   1.000000e+02
2.867196e-02   9.883718e-02   1.000000e+02
2.893753e-02   1.201190e-01   1.000000e+02
2.920556e-02   1.458202e-01   1.000000e+02
2.947606e-02   1.768609e-01   1.000000e+02
2.974908e-02   2.143616e-01   1.000000e+02
3.002462e-02   2.596908e-01   1.000000e+02
3.030271e-02   3.144390e-01   1.000000e+02
3.058338e-02   3.801895e-01   1.000000e+02
3.086665e-02   4.585565e-01   1.000000e+02
3.115254e-02   5.511369e-01   1.000000e+02
3.144108e-02   6.593940e-01   1.000000e+02
3.173230e-02   7.845021e-01   1.000000e+02
3.202621e-02   9.271542e-01   1.000000e+02
3.232284e-02   1.087335e+00   1.000000e+02
3.262222e-02   1.264076e+00   1.000000e+02
3.292437e-02   1.455213e+00   1.000000e+02
3.322933e-02   1.657174e+00   1.000000e+02
3.353710e-02   1.864845e+00   1.000000e+02
3.384773e-02   2.071552e+00   1.000000e+02
3.416123e-02   2.269195e+00   1.000000e+02
3.447764e-02   2.448589e+00   1.000000e+02
3.479698e-02   2.599997e+00   1.000000e+02
3.511928e-02   2.713861e+00   1.000000e+02
3.544456e-02   2.781667e+00   1.000000e+02
3.577285e-02   2.796857e+00   1.000000e+02
3.610419e-02   2.755675e+00   1.000000e+02
3.643859e-02   2.657806e+00   1.000000e+02
3.677609e-02   2.506692e+00   1.000000e+02
3.711672e-02   2.309436e+00   1.000000e+02
3.746050e-02   2.076267e+00   1.000000e+02
3.780747e-02   1.819608e+00   1.000000e+02
3.815765e-02   1.552867e+00   1.000000e+02
3.851107e-02   1.289133e+00   1.000000e+02
3.886777e-02   1.039952e+00   1.000000e+02
3.922777e-02   8.143774e-01   1.000000e+02
3.959110e-02   6.184148e-01   1.000000e+02
3.995780e-02   4.549050e-01   1.000000e+02
4.032790e-02   3.239758e-01   1.000000e+02
4.070142e-02   2.239036e-01   1.000000e+02
4.107841e-02   1.506632e-01   1.000000e+02
4.145888e-02   9.903586e-02   1.000000e+02
4.184289e-02   6.380558e-02   1.000000e+02
4.223044e-02   4.042475e-02   1.000000e+02
4.262159e-02   2.526969e-02   1.000000e+02
4.301636e-02   1.563717e-02   1.000000e+02
4.341478e-02   9.610891e-03   1.000000e+02
4.381690e-02   5.886510e-03   1.000000e+02
4.422274e-02   3.604811e-03   1.000000e+02
4.463234e-02   2.214518e-03   1.000000e+02
4.504573e-02   1.369271e-03   1.000000e+02
4.546295e-02   8.549775e-04   1.000000e+02
4.588404e-02   5.408998e-04   1.000000e+02
4.630903e-02   3.478702e-04   1.000000e+02
4.673795e-02   2.281906e-04   1.000000e+02
4.717085e-02   1.531791e-04   1.000000e+02
4.760775e-02   1.055759e-04   1.000000e+02
4.804870e-02   7.496085e-05   1.000000e+02
4.849374e-02   5.501113e-05   1.000000e+02
4.894290e-02   4.186533e-05   1.000000e+02
4.939622e-02   3.315034e-05   1.000000e+02
4.985373e-02   2.740265e-05   1.000000e+02
5.031549e-02   2.371711e-05   1.000000e+02
5.078152e-02   2.147636e-05   1.000000e+02
5.125187e-02   2.028370e-05   1.000000e+02
5.172657e-02   1.991883e-05   1.000000e+02
5.220568e-02   2.027467e-05   1.000000e+02
5.268921e-02   2.132355e-05   1.000000e+02
5.317723e-02   2.310063e-05   1.000000e+02
5.366977e-02   2.569741e-05   1.000000e+02
5.416687e-02   2.926168e-05   1.000000e+02
5.466857e-02   3.400132e-05   1.000000e+02
5.517492e-02   4.019038e-05   1.000000e+02
5.568596e-02   4.817489e-05   1.000000e+02
5.620174e-02   5.837603e-05   1.000000e+02
5.672229e-02   7.128634e-05   1.000000e+02
5.724766e-02   8.745381e-05   1.000000e+02
5.777790e-02   1.074471e-04   1.000000e+02
5.831305e-02   1.317943e-04   1.000000e+02
5.885316e-02   1.608895e-04   1.000000e+02
5.939827e-02   1.948634e-04   1.000000e+02
5.994843e-02   2.334251e-04   1.000000e+02
6.050368e-02   2.758317e-04   1.000000e+02
6.106408e-02   3.215600e-04   1.000000e+02
6.162966e-02   3.701960e-04   1.000000e+02
6.220049e-02   4.212926e-04   1.000000e+02
6.277660e-02   4.744045e-04   1.000000e+02
6.335805e-02   5.291241e-04   1.000000e+02
6.394488e-02   5.851140e-04   1.000000e+02
6.453715e-02   6.421380e-04   1.000000e+02
6.513491e-02   7.000866e-04   1.000000e+02
6.573820e-02   7.589993e-04   1.000000e+02
6.634708e-02   8.190827e-04   1.000000e+02
6.696160e-02   8.807276e-04   1.000000e+02
6.758181e-02   9.445251e-04   1.000000e+02
6.820777e-02   1.011286e-03   1.000000e+02
6.883952e-02   1.082067e-03   1.000000e+02
6.947713e-02   1.158201e-03   1.000000e+02
7.012064e-02   1.241349e-03   1.000000e+02
7.077011e-02   1.333083e-03   1.000000e+02
7.142559e-02   1.434119e-03   1.000000e+02
7.208715e-02   1.545035e-03   1.000000e+02
7.275484e-02   1.666387e-03   1.000000e+02
7.342870e-02   1.798699e-03   1.000000e+02
7.410882e-02   1.942433e-03   1.000000e+02
7.479523e-02   2.097966e-03   1.000000e+02
7.548799e-02   2.265562e-03   1.000000e+02
7.618718e-02   2.445336e-03   1.000000e+02
7.689284e-02   2.637220e-03   1.000000e+02
7.760503e-02   2.840922e-03   1.000000e+02
7.832383e-02   3.055888e-03   1.000000e+02
7.904928e-02   3.281261e-03   1.000000e+02
7.978145e-02   3.515844e-03   1.000000e+02
8.052040e-02   3.758039e-03   1.000000e+02
8.126619e-02   4.005613e-03   1.000000e+02
8.201889e-02   4.255703e-03   1.000000e+02
8.277857e-02   4.504914e-03   1.000000e+02
8.354528e-02   4.749339e-03   1.000000e+02
8.431909e-02   4.984592e-03   1.000000e+02
8.510007e-02   5.205882e-03   1.000000e+02
8.588829e-02   5.408111e-03   1.000000e+02
8.668380e-02   5.586013e-03   1.000000e+02
8.748668e-02   5.734318e-03   1.000000e+02
8.829700e-02   5.847947e-03   1.000000e+02
8.911482e-02   5.922231e-03   1.000000e+02
8.994022e-02   5.953139e-03   1.000000e+02
9.077327e-02   5.939243e-03   1.000000e+02
9.161402e-02   5.888696e-03   1.000000e+02
9.246257e-02   5.812789e-03   1.000000e+02
9.331898e-02   5.722716e-03   1.000000e+02
9.418332e-02   5.629198e-03   1.000000e+02
9.505566e-02   5.542328e-03   1.000000e+02
9.593608e-02   5.471596e-03   1.000000e+02
9.682466e-02   5.426083e-03   1.000000e+02
9.772147e-02   5.414822e-03   1.000000e+02
9.862658e-02   5.447307e-03   1.000000e+02
9.954008e-02   5.534191e-03   1.000000e+02
1.004620e-01   5.687814e-03   1.000000e+02
1.013925e-01   5.914284e-03   1.000000e+02
1.023317e-01   6.212603e-03   1.000000e+02
1.032795e-01   6.582314e-03   1.000000e+02
1.042361e-01   7.023212e-03   1.000000e+02
1.052015e-01   7.534666e-03   1.000000e+02
1.061759e-01   8.114878e-03   1.000000e+02
1.071593e-01   8.760090e-03   1.000000e+02
1.081519e-01   9.463732e-03   1.000000e+02
1.091536e-01   1.021556e-02   1.000000e+02
1.101646e-01   1.100089e-02   1.000000e+02
1.111850e-01   1.180607e-02   1.000000e+02
1.122148e-01   1.263006e-02   1.000000e+02
1.132541e-01   1.347487e-02   1.000000e+02
1.143031e-01   1.434365e-02   1.000000e+02
1.153618e-01   1.524078e-02   1.000000e+02
1.164303e-01   1.617201e-02   1.000000e+02
1.175087e-01   1.714455e-02   1.000000e+02
1.185971e-01   1.816732e-02   1.000000e+02
1.196956e-01   1.925104e-02   1.000000e+02
1.208042e-01   2.040784e-02   1.000000e+02
1.219231e-01   2.164431e-02   1.000000e+02
1.230524e-01   2.296327e-02   1.000000e+02
1.241921e-01   2.436719e-02   1.000000e+02
1.253424e-01   2.585813e-02   1.000000e+02
1.265034e-01   2.743765e-02   1.000000e+02
1.276751e-01   2.910671e-02   1.000000e+02
1.288576e-01   3.086557e-02   1.000000e+02
1.300511e-01   3.271362e-02   1.000000e+02
1.312557e-01   3.464962e-02   1.000000e+02
1.324714e-01   3.667256e-02   1.000000e+02
1.336984e-01   3.878085e-02   1.000000e+02
1.349367e-01   4.097200e-02   1.000000e+02
1.361865e-01   4.324254e-02   1.000000e+02
1.374479e-01   4.558794e-02   1.000000e+02
1.387210e-01   4.800251e-02   1.000000e+02
1.400058e-01   5.047933e-02   1.000000e+02
1.413026e-01   5.301457e-02   1.000000e+02
1.426114e-01   5.562204e-02   1.000000e+02
1.439323e-01   5.832323e-02   1.000000e+02
1.452654e-01   6.114377e-02   1.000000e+02
1.466109e-01   6.411384e-02   1.000000e+02
1.479688e-01   6.726873e-02   1.000000e+02
1.493393e-01   7.064957e-02   1.000000e+02
1.507225e-01   7.430305e-02   1.000000e+02
1.521186e-01   7.825718e-02   1.000000e+02
1.535275e-01   8.251700e-02   1.000000e+02
1.549495e-01   8.708437e-02   1.000000e+02
1.563847e-01   9.195817e-02   1.000000e+02
1.578331e-01   9.713361e-02   1.000000e+02
1.592950e-01   1.026015e-01   1.000000e+02
1.607704e-01   1.083481e-01   1.000000e+02
1.622595e-01   1.143703e-01   1.000000e+02
1.637624e-01   1.206780e-01   1.000000e+02
1.652792e-01   1.272820e-01   1.000000e+02
1.668101e-01   1.341933e-01   1.000000e+02
1.683551e-01   1.414232e-01   1.000000e+02
1.699144e-01   1.489833e-01   1.000000e+02
1.714882e-01   1.568854e-01   1.000000e+02
1.730766e-01   1.651418e-01   1.000000e+02
1.746796e-01   1.737648e-01   1.000000e+02
1.762975e-01   1.827670e-01   1.000000e+02
1.779304e-01   1.921615e-01   1.000000e+02
1.795785e-01   2.019615e-01   1.000000e+02
1.812418e-01   2.121808e-01   1.000000e+02
1.829205e-01   2.228375e-01   1.000000e+02
1.846147e-01   2.339524e-01   1.000000e+02
1.863246e-01   2.455485e-01   1.000000e+02
1.880504e-01   2.576499e-01   1.000000e+02
1.897922e-01   2.702830e-01   1.000000e+02
1.915501e-01   2.834761e-01   1.000000e+02
1.933242e-01   2.972597e-01   1.000000e+02
1.951148e-01   3.116665e-01   1.000000e+02
1.969220e-01   3.267322e-01   1.000000e+02
1.987460e-01   3.424949e-01   1.000000e+02
2.005868e-01   3.589960e-01   1.000000e+02
2.024447e-01   3.762750e-01   1.000000e+02
2.043197e-01   3.943656e-01   1.000000e+02
2.062122e-01   4.133019e-01   1.000000e+02
2.081222e-01   4.331192e-01   1.000000e+02
2.100498e-01   4.538537e-01   1.000000e+02
2.119953e-01   4.755426e-01   1.000000e+02
2.139589e-01   4.982245e-01   1.000000e+02
2.159406e-01   5.219388e-01   1.000000e+02
2.179407e-01   5.467260e-01   1.000000e+02
2.199593e-01   5.726278e-01   1.000000e+02
2.219966e-01   5.996866e-01   1.000000e+02
2.240528e-01   6.279462e-01   1.000000e+02
2.261280e-01   6.574511e-01   1.000000e+02
2.282224e-01   6.882469e-01   1.000000e+02
2.303363e-01   7.203800e-01   1.000000e+02
2.324697e-01   7.538977e-01   1.000000e+02
2.346229e-01   7.888481e-01   1.000000e+02
2.367960e-01   8.252802e-01   1.000000e+02
2.389893e-01   8.632434e-01   1.000000e+02
2.412028e-01   9.027881e-01   1.000000e+02
2.434369e-01   9.439649e-01   1.000000e+02
2.456916e-01   9.868251e-01   1.000000e+02
2.479673e-01   1.031420e+00   1.000000e+02
2.502640e-01   1.077802e+00   1.000000e+02
2.525820e-01   1.126026e+00   1.000000e+02
2.549215e-01   1.176155e+00   1.000000e+02
2.572826e-01   1.228258e+00   1.000000e+02
2.596656e-01   1.282405e+00   1.000000e+02
2.620707e-01   1.338667e+00   1.000000e+02
2.644980e-01   1.397121e+00   1.000000e+02
2.669478e-01   1.457844e+00   1.000000e+02
2.694204e-01   1.520916e+00   1.000000e+02
2.719158e-01   1.586420e+00   1.000000e+02
2.744343e-01   1.654443e+00   1.000000e+02
2.769762e-01   1.725074e+00   1.000000e+02
2.795416e-01   1.798405e+00   1.000000e+02
2.821308e-01   1.874533e+00   1.000000e+02
2.847439e-01   1.953558e+00   1.000000e+02
2.873813e-01   2.035581e+00   1.000000e+02
2.900430e-01   2.120710e+00   1.000000e+02
2.927295e-01   2.209056e+00   1.000000e+02
2.954408e-01   2.300733e+00   1.000000e+02
2.981772e-01   2.395862e+00   1.000000e+02
3.009390e-01   2.494565e+00   1.000000e+02
3.037264e-01   2.596964e+00   1.000000e+02
3.065395e-01   2.703171e+00   1.000000e+02
3.093788e-01   2.813298e+00   1.000000e+02
3.122443e-01   2.927462e+00   1.000000e+02
3.151363e-01   3.045777e+00   1.000000e+02
3.180552e-01   3.168361e+00   1.000000e+02
3.210011e-01   3.295334e+00   1.000000e+02
3.239743e-01   3.426814e+00   1.000000e+02
3.269750e-01   3.562923e+00   1.000000e+02
3.300035e-01   3.703781e+00   1.000000e+02
3.330600e-01   3.849511e+00   1.000000e+02
3.361449e-01   4.000236e+00   1.000000e+02
3.392583e-01   4.156077e+00   1.000000e+02
3.424006e-01   4.317158e+00   1.000000e+02
3.455720e-01   4.483601e+00   1.000000e+02
3.487727e-01   4.655529e+00   1.000000e+02
3.520031e-01   4.833064e+00   1.000000e+02
3.552635e-01   5.016362e+00   1.000000e+02
3.585540e-01   5.205605e+00   1.000000e+02
3.618750e-01   5.400984e+00   1.000000e+02
3.652267e-01   5.602699e+00   1.000000e+02
3.686095e-01   5.810956e+00   1.000000e+02
3.720237e-01   6.025974e+00   1.000000e+02
3.754694e-01   6.247978e+00   1.000000e+02
3.789471e-01   6.477205e+00   1.000000e+02
3.824570e-01   6.713903e+00   1.000000e+02
3.859994e-01   6.958330e+00   1.000000e+02
3.895746e-01   7.210756e+00   1.000000e+02
3.931829e-01   7.471465e+00   1.000000e+02
3.968246e-01   7.740753e+00   1.000000e+02
4.005001e-01   8.018930e+00   1.000000e+02
4.042096e-01   8.306284e+00   1.000000e+02
4.079535e-01   8.603005e+00   1.000000e+02
4.117320e-01   8.909263e+00   1.000000e+02
4.155455e-01   9.225217e+00   1.000000e+02
4.193944e-01   9.551021e+00   1.000000e+02
4.232789e-01   9.886815e+00   1.000000e+02
4.271994e-01   1.023273e+01   1.000000e+02
4.311562e-01   1.058889e+01   1.000000e+02
4.351497e-01   1.095539e+01   1.000000e+02
4.391801e-01   1.133232e+01   1.000000e+02
4.432479e-01   1.171977e+01   1.000000e+02
4.473533e-01   1.211778e+01   1.000000e+02
4.514968e-01   1.252640e+01   1.000000e+02
4.556786e-01   1.294576e+01   1.000000e+02
4.598992e-01   1.337616e+01   1.000000e+02
4.641589e-01   1.381793e+01   1.000000e+02
4.684580e-01   1.427141e+01   1.000000e+02
4.727970e-01   1.473698e+01   1.000000e+02
4.771761e-01   1.521501e+01   1.000000e+02
4.815958e-01   1.570592e+01   1.000000e+02
4.860564e-01   1.621014e+01   1.000000e+02
4.905584e-01   1.672813e+01   1.000000e+02
4.951020e-01   1.726038e+01   1.000000e+02
4.996877e-01   1.780739e+01   1.000000e+02
5.043159e-01   1.836967e+01   1.000000e+02
5.089870e-01   1.894759e+01   1.000000e+02
5.137014e-01   1.954146e+01   1.000000e+02
5.184594e-01   2.015159e+01   1.000000e+02
5.232614e-01   2.077831e+01   1.000000e+02
5.281080e-01   2.142192e+01   1.000000e+02
5.329994e-01   2.208273e+01   1.000000e+02
5.379362e-01   2.276107e+01   1.000000e+02
5.429186e-01   2.345724e+01   1.000000e+02
5.479472e-01   2.417155e+01   1.000000e+02
5.530224e-01   2.490430e+01   1.000000e+02
5.581446e-01   2.565580e+01   1.000000e+02
5.633143e-01   2.642634e+01   1.000000e+02
5.685318e-01   2.721622e+01   1.000000e+02
5.737976e-01   2.802572e+01   1.000000e+02
5.791123e-01   2.885513e+01   1.000000e+02
5.844761e-01   2.970473e+01   1.000000e+02
5.898896e-01   3.057478e+01   1.000000e+02
5.953533e-01   3.146555e+01   1.000000e+02
6.008676e-01   3.237729e+01   1.000000e+02
6.064329e-01   3.331028e+01   1.000000e+02
6.120498e-01   3.426486e+01   1.000000e+02
6.177188e-01   3.524142e+01   1.000000e+02
6.234402e-01   3.624032e+01   1.000000e+02
6.292146e-01   3.726193e+01   1.000000e+02
6.350425e-01   3.830663e+01   1.000000e+02
6.409244e-01   3.937482e+01   1.000000e+02
6.468608e-01   4.046688e+01   1.000000e+02
6.528521e-01   4.158321e+01   1.000000e+02
6.588990e-01   4.272420e+01   1.000000e+02
6.650018e-01   4.389025e+01   1.000000e+02
6.711612e-01   4.508178e+01   1.000000e+02
6.773776e-01   4.629920e+01   1.000000e+02
6.836516e-01   4.754293e+01   1.000000e+02
6.899837e-01   4.881339e+01   1.000000e+02
6.963745e-01   5.011101e+01   1.000000e+02
7.028244e-01   5.143623e+01   1.000000e+02
7.093341e-01   5.278945e+01   1.000000e+02
7.159041e-01   5.417107e+01   1.000000e+02
7.225349e-01   5.558145e+01   1.000000e+02
7.292272e-01   5.702098e+01   1.000000e+02
7.359814e-01   5.849003e+01   1.000000e+02
7.427982e-01   5.998898e+01   1.000000e+02
7.496782e-01   6.151820e+01   1.000000e+02
7.566219e-01   6.307807e+01   1.000000e+02
7.636298e-01   6.466895e+01   1.000000e+02
7.707027e-01   6.629122e+01   1.000000e+02
7.778411e-01   6.794523e+01   1.000000e+02
7.850456e-01   6.963135e+01   1.000000e+02
7.923169e-01   7.134994e+01   1.000000e+02
7.996555e-01   7.310136e+01   1.000000e+02
8.070620e-01   7.488595e+01   1.000000e+02
8.145372e-01   7.670410e+01   1.000000e+02
8.220816e-01   7.855617e+01   1.000000e+02
8.296959e-01   8.044253e+01   1.000000e+02
8.373807e-01   8.236356e+01   1.000000e+02
8.451366e-01   8.431961e+01   1.000000e+02
8.529644e-01   8.631106e+01   1.000000e+02
8.608648e-01   8.833827e+01   1.000000e+02
8.688383e-01   9.040160e+01   1.000000e+02
8.768856e-01   9.250141e+01   1.000000e+02
8.850075e-01   9.463805e+01   1.000000e+02
8.932046e-01   9.681187e+01   1.000000e+02
9.014776e-01   9.902324e+01   1.000000e+02
9.098273e-01   1.012725e+02   1.000000e+02
9.182543e-01   1.035600e+02   1.000000e+02
9.267593e-01   1.058860e+02   1.000000e+02
9.353432e-01   1.082509e+02   1.000000e+02
9.440065e-01   1.106551e+02   1.000000e+02
9.527500e-01   1.130988e+02   1.000000e+02
9.615746e-01   1.155824e+02   1.000000e+02
9.704809e-01   1.181062e+02   1.000000e+02
9.794697e-01   1.206705e+02   1.000000e+02
9.885417e-01   1.232757e+02   1.000000e+02
9.976978e-01   1.259220e+02   1.000000e+02
1.006939e+00   1.286097e+02   1.000000e+02
1.016265e+00   1.313391e+02   1.000000e+02
1.025678e+00   1.341105e+02   1.000000e+02
1.035178e+00   1.369241e+02   1.000000e+02
1.044766e+00   1.397802e+02   1.000000e+02
1.054443e+00   1.426789e+02   1.000000e+02
1.064209e+00   1.456206e+02   1.000000e+02
1.074066e+00   1.486054e+02   1.000000e+02
1.084014e+00   1.516336e+02   1.000000e+02
1.094055e+00   1.547053e+02   1.000000e+02
1.104188e+00   1.578207e+02   1.000000e+02
1.114415e+00   1.609801e+02   1.000000e+02
1.124737e+00   1.641835e+02   1.000000e+02
1.135155e+00   1.674312e+02   1.000000e+02
1.145669e+00   1.707233e+02   1.000000e+02
1.156280e+00   1.740599e+02   1.000000e+02
1.166990e+00   1.774412e+02   1.000000e+02
1.177799e+00   1.808673e+02   1.000000e+02
1.188708e+00   1.843382e+02   1.000000e+02
1.199718e+00   1.878542e+02   1.000000e+02
1.210830e+00   1.914152e+02   1.000000e+02
1.222045e+00   1.950214e+02   1.000000e+02
1.233363e+00   1.986728e+02   1.000000e+02
1.244787e+00   2.023695e+02   1.000000e+02
1.256317e+00   2.061114e+02   1.000000e+02
1.267953e+00   2.098990e+02   1.000000e+02
1.279697e+00   2.137328e+02   1.000000e+02
1.291550e+00   2.176133e+02   1.000000e+02
1.303512e+00   2.215411e+02   1.000000e+02
1.315586e+00   2.255169e+02   1.000000e+02
1.327771e+00   2.295414e+02   1.000000e+02
1.340069e+00   2.336152e+02   1.000000e+02
1.352481e+00   2.377391e+02   1.000000e+02
1.365008e+00   2.419138e+02   1.000000e+02
1.377651e+00   2.461402e+02   1.000000e+02
1.390411e+00   2.504190e+02   1.000000e+02
1.403289e+00   2.547511e+02   1.000000e+02
1.416287e+00   2.591374e+02   1.000000e+02
1.429405e+00   2.635788e+02   1.000000e+02
1.442644e+00   2.680763e+02   1.000000e+02
1.456006e+00   2.726310e+02   1.000000e+02
1.469492e+00   2.772439e+02   1.000000e+02
1.483103e+00   2.819160e+02   1.000000e+02
1.496839e+00   2.866486e+02   1.000000e+02
1.510703e+00   2.914426e+02   1.000000e+02
1.524696e+00   2.962973e+02   1.000000e+02
1.538818e+00   3.012111e+02   1.000000e+02
1.553071e+00   3.061823e+02   1.000000e+02
1.567455e+00   3.112088e+02   1.000000e+02
1.581973e+00   3.162888e+02   1.000000e+02
1.596626e+00   3.214200e+02   1.000000e+02
1.611414e+00   3.266001e+02   1.000000e+02
1.626340e+00   3.318265e+02   1.000000e+02
1.641403e+00   3.370966e+02   1.000000e+02
1.656606e+00   3.424075e+02   1.000000e+02
1.671950e+00   3.477563e+02   1.000000e+02
1.687436e+00   3.531398e+02   1.000000e+02
1.703065e+00   3.585547e+02   1.000000e+02
1.718839e+00   3.639974e+02   1.000000e+02
1.734759e+00   3.694644e+02   1.000000e+02
1.750827e+00   3.749516e+02   1.000000e+02
1.767044e+00   3.804563e+02   1.000000e+02
1.783410e+00   3.859795e+02   1.000000e+02
1.799929e+00   3.915230e+02   1.000000e+02
1.816600e+00   3.970890e+02   1.000000e+02
1.833425e+00   4.026799e+02   1.000000e+02
1.850407e+00   4.082980e+02   1.000000e+02
1.867546e+00   4.139461e+02   1.000000e+02
1.884843e+00   4.196269e+02   1.000000e+02
1.902301e+00   4.253435e+02   1.000000e+02
1.919921e+00   4.310991e+02   1.000000e+02
1.937703e+00   4.368971e+02   1.000000e+02
1.955651e+00   4.427410e+02   1.000000e+02
1.973764e+00   4.486345e+02   1.000000e+02
1.992046e+00   4.545817e+02   1.000000e+02
2.010496e+00   4.605866e+02   1.000000e+02
2.029118e+00   4.666508e+02   1.000000e+02
2.047912e+00   4.727738e+02   1.000000e+02
2.066880e+00   4.789550e+02   1.000000e+02
2.086024e+00   4.851937e+02   1.000000e+02
2.105345e+00   4.914893e+02   1.000000e+02
2.124845e+00   4.978409e+02   1.000000e+02
2.144526e+00   5.042478e+02   1.000000e+02
2.164389e+00   5.107091e+02   1.000000e+02
2.184436e+00   5.172239e+02   1.000000e+02
2.204669e+00   5.237913e+02   1.000000e+02
2.225089e+00   5.304101e+02   1.000000e+02
2.245698e+00   5.370793e+02   1.000000e+02
2.266498e+00   5.437978e+02   1.000000e+02
2.287491e+00   5.505644e+02   1.000000e+02
2.308678e+00   5.573778e+02   1.000000e+02
2.330061e+00   5.642367e+02   1.000000e+02
2.351643e+00   5.711397e+02   1.000000e+02
2.373424e+00   5.780853e+02   1.000000e+02
2.395407e+00   5.850721e+02   1.000000e+02
2.417594e+00   5.920985e+02   1.000000e+02
2.439986e+00   5.991628e+02   1.000000e+02
2.462586e+00   6.062634e+02   1.000000e+02
2.485395e+00   6.133985e+02   1.000000e+02
2.508415e+00   6.205662e+02   1.000000e+02
2.531648e+00   6.277655e+02   1.000000e+02
2.555097e+00   6.349964e+02   1.000000e+02
2.578763e+00   6.422592e+02   1.000000e+02
2.602648e+00   6.495540e+02   1.000000e+02
2.626754e+00   6.568811e+02   1.000000e+02
2.651084e+00   6.642407e+02   1.000000e+02
2.675638e+00   6.716332e+02   1.000000e+02
2.700421e+00   6.790588e+02   1.000000e+02
2.725433e+00   6.865179e+02   1.000000e+02
2.750676e+00   6.940109e+02   1.000000e+02
2.776153e+00   7.015382e+02   1.000000e+02
2.801867e+00   7.091003e+02   1.000000e+02
2.827818e+00   7.166976e+02   1.000000e+02
2.854010e+00   7.243308e+02   1.000000e+02
2.880444e+00   7.320002e+02   1.000000e+02
2.907123e+00   7.397066e+02   1.000000e+02
2.934050e+00   7.474506e+02   1.000000e+02
2.961225e+00   7.552327e+02   1.000000e+02
2.988653e+00   7.630538e+02   1.000000e+02
3.016334e+00   7.709145e+02   1.000000e+02
3.044272e+00   7.788152e+02   1.000000e+02
3.072469e+00   7.867558e+02   1.000000e+02
3.100927e+00   7.947363e+02   1.000000e+02
3.129648e+00   8.027569e+02   1.000000e+02
3.158635e+00   8.108173e+02   1.000000e+02
3.187891e+00   8.189178e+02   1.000000e+02
3.217418e+00   8.270584e+02   1.000000e+02
3.247218e+00   8.352390e+02   1.000000e+02
3.277295e+00   8.434597e+02   1.000000e+02
3.307650e+00   8.517205e+02   1.000000e+02
3.338286e+00   8.600216e+02   1.000000e+02
3.369206e+00   8.683630e+02   1.000000e+02
3.400412e+00   8.767447e+02   1.000000e+02
3.431907e+00   8.851669e+02   1.000000e+02
3.463694e+00   8.936297e+02   1.000000e+02
3.495776e+00   9.021331e+02   1.000000e+02
3.528154e+00   9.106773e+02   1.000000e+02
3.560833e+00   9.192628e+02   1.000000e+02
3.593814e+00   9.278902e+02   1.000000e+02
3.627100e+00   9.365602e+02   1.000000e+02
3.660695e+00   9.452733e+02   1.000000e+02
3.694601e+00   9.540304e+02   1.000000e+02
3.728821e+00   9.628321e+02   1.000000e+02
3.763358e+00   9.716791e+02   1.000000e+02
3.798215e+00   9.805723e+02   1.000000e+02
3.833395e+00   9.895125e+02   1.000000e+02
3.868901e+00   9.985005e+02   1.000000e+02
3.904735e+00   1.007537e+03   1.000000e+02
3.940902e+00   1.016623e+03   1.000000e+02
3.977403e+00   1.025760e+03   1.000000e+02
4.014242e+00   1.034948e+03   1.000000e+02
4.051423e+00   1.044189e+03   1.000000e+02
4.088948e+00   1.053484e+03   1.000000e+02
4.126821e+00   1.062833e+03   1.000000e+02
4.165044e+00   1.072238e+03   1.000000e+02
4.203622e+00   1.081700e+03   1.000000e+02
4.242556e+00   1.091221e+03   1.000000e+02
4.281852e+00   1.100802e+03   1.000000e+02
4.321511e+00   1.110443e+03   1.000000e+02
4.361538e+00   1.120148e+03   1.000000e+02
4.401935e+00   1.129916e+03   1.000000e+02
4.442707e+00   1.139749e+03   1.000000e+02
4.483856e+00   1.149650e+03   1.000000e+02
4.525386e+00   1.159619e+03   1.000000e+02
4.567301e+00   1.169657e+03   1.000000e+02
4.609604e+00   1.179768e+03   1.000000e+02
4.652300e+00   1.189952e+03   1.000000e+02
4.695390e+00   1.200211e+03   1.000000e+02
4.738880e+00   1.210547e+03   1.000000e+02
4.782772e+00   1.220961e+03   1.000000e+02
4.827071e+00   1.231456e+03   1.000000e+02
4.871780e+00   1.242034e+03   1.000000e+02
4.916904e+00   1.252696e+03   1.000000e+02
4.962445e+00   1.263445e+03   1.000000e+02
5.008408e+00   1.274282e+03   1.000000e+02
5.054797e+00   1.285210e+03   1.000000e+02
5.101615e+00   1.296231e+03   1.000000e+02
5.148867e+00   1.307348e+03   1.000000e+02
5.196557e+00   1.318564e+03   1.000000e+02
5.244689e+00   1.329880e+03   1.000000e+02
5.293266e+00   1.341302e+03   1.000000e+02
5.342293e+00   1.352830e+03   1.000000e+02
5.391775e+00   1.364468e+03   1.000000e+02
5.441714e+00   1.376219e+03   1.000000e+02
5.492116e+00   1.388087e+03   1.000000e+02
5.542986e+00   1.400073e+03   1.000000e+02
5.594326e+00   1.412183e+03   1.000000e+02
5.646141e+00   1.424418e+03   1.000000e+02
5.698437e+00   1.436783e+03   1.000000e+02
5.751217e+00   1.449281e+03   1.000000e+02
5.804486e+00   1.461915e+03   1.000000e+02
5.858248e+00   1.474690e+03   1.000000e+02
5.912508e+00   1.487609e+03   1.000000e+02
5.967271e+00   1.500676e+03   1.000000e+02
6.022541e+00   1.513895e+03   1.000000e+02
6.078323e+00   1.527271e+03   1.000000e+02
6.134622e+00   1.540806e+03   1.000000e+02
6.191442e+00   1.554507e+03   1.000000e+02
6.248788e+00   1.568376e+03   1.000000e+02
6.306666e+00   1.582419e+03   1.000000e+02
6.365079e+00   1.596640e+03   1.000000e+02
6.424034e+00   1.611044e+03   1.000000e+02
6.483534e+00   1.625636e+03   1.000000e+02
6.543586e+00   1.640420e+03   1.000000e+02
6.604194e+00   1.655402e+03   1.000000e+02
6.665363e+00   1.670587e+03   1.000000e+02
6.727099e+00   1.685981e+03   1.000000e+02
6.789407e+00   1.701588e+03   1.000000e+02
6.852292e+00   1.717415e+03   1.000000e+02
6.915759e+00   1.733467e+03   1.000000e+02
6.979814e+00   1.749751e+03   1.000000e+02
7.044462e+00   1.766272e+03   1.000000e+02
7.109709e+00   1.783036e+03   1.000000e+02
7.175561e+00   1.800048e+03   1.000000e+02
7.242022e+00   1.817314e+03   1.000000e+02
7.309099e+00   1.834841e+03   1.000000e+02
7.376798e+00   1.852634e+03   1.000000e+02
7.445123e+00   1.870698e+03   1.000000e+02
7.514081e+00   1.889041e+03   1.000000e+02
7.583678e+00   1.907668e+03   1.000000e+02
7.653919e+00   1.926587e+03   1.000000e+02
7.724811e+00   1.945804e+03   1.000000e+02
7.796360e+00   1.965325e+03   1.000000e+02
7.868572e+00   1.985158e+03   1.000000e+02
7.941452e+00   2.005311e+03   1.000000e+02
8.015007e+00   2.025790e+03   1.000000e+02
8.089243e+00   2.046602e+03   1.000000e+02
8.164168e+00   2.067754e+03   1.000000e+02
8.239786e+00   2.089250e+03   1.000000e+02
8.316104e+00   2.111096e+03   1.000000e+02
8.393129e+00   2.133299e+03   1.000000e+02
8.470868e+00   2.155863e+03   1.000000e+02
8.549327e+00   2.178796e+03   1.000000e+02
8.628513e+00   2.202102e+03   1.000000e+02
8.708431e+00   2.225789e+03   1.000000e+02
8.789091e+00   2.249862e+03   1.000000e+02
8.870497e+00   2.274328e+03   1.000000e+02
8.952657e+00   2.299193e+03   1.000000e+02
9.035578e+00   2.324465e+03   1.000000e+02
9.119268e+00   2.350149e+03   1.000000e+02
9.203732e+00   2.376254e+03   1.000000e+02
9.288979e+00   2.402785e+03   1.000000e+02
9.375015e+00   2.429751e+03   1.000000e+02
9.461848e+00   2.457158e+03   1.000000e+02
9.549486e+00   2.485014e+03   1.000000e+02
9.637935e+00   2.513327e+03   1.000000e+02
9.727203e+00   2.542104e+03   1.000000e+02
9.817298e+00   2.571353e+03   1.000000e+02
9.908228e+00   2.601082e+03   1.000000e+02
1.000000e+01   2.631300e+03   1.000000e+02
