# B11 + p > a + a + a   [B11_p__a_a_a]   ref=NACRE, Xu et al. 2010, 2011
# detailed balance: alpha=3.5008e-10 beta=-1.5 gamma=-100.752  Q=8.6821
# T9                 rate                error
1.000000e-03   1.000000e-35   1.000000e+00
1.009262e-03   2.901429e-36   1.000000e+00
1.018610e-03   8.824418e-37   1.000000e+00
1.028045e-03   2.811754e-37   1.000000e+00
1.037567e-03   9.380819e-38   1.000000e+00
1.047177e-03   3.275153e-38   1.000000e+00
1.056876e-03   1.195928e-38   1.000000e+00
1.066665e-03   4.564739e-39   1.000000e+00
1.076545e-03   1.820202e-39   1.000000e+00
1.086516e-03   7.578291e-40   1.000000e+00
1.096579e-03   3.292500e-40   1.000000e+00
1.106736e-03   1.491896e-40   1.000000e+00
1.116987e-03   7.046351e-41   1.000000e+00
1.127333e-03   3.467036e-41   1.000000e+00
1.137774e-03   1.776135e-41   1.000000e+00
1.148312e-03   9.468301e-42   1.000000e+00
1.158948e-03   5.249305e-42   1.000000e+00
1.169683e-03   3.024965e-42   1.000000e+00
1.180517e-03   1.810852e-42   1.000000e+00
1.191451e-03   1.125497e-42   1.000000e+00
1.202486e-03   7.258718e-43   1.000000e+00
1.213624e-03   4.854950e-43   1.000000e+00
1.224865e-03   3.365689e-43   1.000000e+00
1.236210e-03   2.417033e-43   1.000000e+00
1.247660e-03   1.797074e-43   1.000000e+00
1.259216e-03   1.382543e-43   1.000000e+00
1.270879e-03   1.099959e-43   1.000000e+00
1.282650e-03   9.045120e-44   1.000000e+00
1.294530e-03   7.683288e-44   1.000000e+00
1.306520e-03   6.737985e-44   1.000000e+00
1.318621e-03   6.097029e-44   1.000000e+00
1.330835e-03   5.689406e-44   1.000000e+00
1.343161e-03   5.471811e-44   1.000000e+00
1.355602e-03   5.420831e-44   1.000000e+00
1.368158e-03   5.528743e-44   1.000000e+00
1.380830e-03   5.801868e-44   1.000000e+00
1.393619e-03   6.261022e-44   1.000000e+00
1.406527e-03   6.944064e-44   1.000000e+00
1.419555e-03   7.910946e-44   1.000000e+00
1.432703e-03   9.252188e-44   1.000000e+00
1.445973e-03   1.110240e-43   1.000000e+00
1.459366e-03   1.366158e-43   1.000000e+00
1.472883e-03   1.722867e-43   1.000000e+00
1.486525e-03   2.225483e-43   1.000000e+00
1.500293e-03   2.942888e-43   1.000000e+00
1.514189e-03   3.981577e-43   1.000000e+00
1.528214e-03   5.508378e-43   1.000000e+00
1.542369e-03   7.788156e-43   1.000000e+00
1.556654e-03   1.124716e-42   1.000000e+00
1.571072e-03   1.658073e-42   1.000000e+00
1.585624e-03   2.493859e-42   1.000000e+00
1.600310e-03   3.824749e-42   1.000000e+00
1.615133e-03   5.977945e-42   1.000000e+00
1.630092e-03   9.516423e-42   1.000000e+00
1.645191e-03   1.542140e-41   1.000000e+00
1.660429e-03   2.542476e-41   1.000000e+00
1.675808e-03   4.262145e-41   1.000000e+00
1.691330e-03   7.260943e-41   1.000000e+00
1.706995e-03   1.256338e-40   1.000000e+00
1.722805e-03   2.206599e-40   1.000000e+00
1.738762e-03   3.931871e-40   1.000000e+00
1.754867e-03   7.103770e-40   1.000000e+00
1.771121e-03   1.300611e-39   1.000000e+00
1.787526e-03   2.411739e-39   1.000000e+00
1.804082e-03   4.526811e-39   1.000000e+00
1.820792e-03   8.595848e-39   1.000000e+00
1.837656e-03   1.650344e-38   1.000000e+00
1.854677e-03   3.201879e-38   1.000000e+00
1.871855e-03   6.273863e-38   1.000000e+00
1.889193e-03   1.240852e-37   1.000000e+00
1.906691e-03   2.475796e-37   1.000000e+00
1.924351e-03   4.980520e-37   1.000000e+00
1.942175e-03   1.009613e-36   1.000000e+00
1.960163e-03   2.061152e-36   1.000000e+00
1.978319e-03   4.235413e-36   1.000000e+00
1.996642e-03   8.755218e-36   1.000000e+00
2.015136e-03   1.819612e-35   1.000054e+00
2.033800e-03   3.800024e-35   1.000264e+00
2.052638e-03   7.969752e-35   1.000624e+00
2.071650e-03   1.677680e-34   1.001128e+00
2.090838e-03   3.542703e-34   1.001768e+00
2.110203e-03   7.500261e-34   1.002537e+00
2.129749e-03   1.591070e-33   1.003427e+00
2.149475e-03   3.380095e-33   1.004433e+00
2.169384e-03   7.187037e-33   1.005545e+00
2.189477e-03   1.528648e-32   1.006759e+00
2.209756e-03   3.250551e-32   1.008065e+00
2.230223e-03   6.906425e-32   1.009458e+00
2.250880e-03   1.465385e-31   1.010929e+00
2.271728e-03   3.103182e-31   1.012472e+00
2.292769e-03   6.555034e-31   1.014080e+00
2.314005e-03   1.380416e-30   1.015744e+00
2.335438e-03   2.896461e-30   1.017459e+00
2.357069e-03   6.052054e-30   1.019216e+00
2.378901e-03   1.258551e-29   1.021009e+00
2.400935e-03   2.603313e-29   1.022829e+00
2.423173e-03   5.353343e-29   1.024669e+00
2.445617e-03   1.093759e-28   1.026522e+00
2.468268e-03   2.219074e-28   1.028380e+00
2.491130e-03   4.468172e-28   1.030235e+00
2.514203e-03   8.923834e-28   1.032080e+00
2.537490e-03   1.766817e-27   1.033907e+00
2.560993e-03   3.465815e-27   1.035708e+00
2.584714e-03   6.732058e-27   1.037476e+00
2.608654e-03   1.294119e-26   1.039201e+00
2.632815e-03   2.460592e-26   1.040877e+00
2.657201e-03   4.624865e-26   1.042496e+00
2.681813e-03   8.588312e-26   1.044048e+00
2.706652e-03   1.574783e-25   1.045527e+00
2.731722e-03   2.849662e-25   1.046924e+00
2.757023e-03   5.086047e-25   1.048231e+00
2.782559e-03   8.948229e-25   1.049440e+00
2.808332e-03   1.551024e-24   1.050542e+00
2.834343e-03   2.647159e-24   1.051530e+00
2.860596e-03   4.446073e-24   1.052395e+00
2.887091e-03   7.344516e-24   1.053129e+00
2.913832e-03   1.192601e-23   1.053724e+00
2.940820e-03   1.902512e-23   1.054172e+00
2.968059e-03   2.979992e-23   1.054465e+00
2.995549e-03   4.580506e-23   1.054595e+00
3.023295e-03   6.906136e-23   1.054615e+00
3.051297e-03   1.021807e-22   1.054632e+00
3.079559e-03   1.484751e-22   1.054648e+00
3.108082e-03   2.120459e-22   1.054664e+00
3.136870e-03   2.978773e-22   1.054678e+00
3.165924e-03   4.119230e-22   1.054692e+00
3.195248e-03   5.611847e-22   1.054706e+00
3.224842e-03   7.537834e-22   1.054718e+00
3.254712e-03   9.990295e-22   1.054730e+00
3.284857e-03   1.307497e-21   1.054742e+00
3.315282e-03   1.691119e-21   1.054753e+00
3.345989e-03   2.163307e-21   1.054763e+00
3.376980e-03   2.739132e-21   1.054773e+00
3.408259e-03   3.435565e-21   1.054783e+00
3.439826e-03   4.271829e-21   1.054792e+00
3.471687e-03   5.269870e-21   1.054800e+00
3.503842e-03   6.455001e-21   1.054809e+00
3.536296e-03   7.856750e-21   1.054816e+00
3.569049e-03   9.509982e-21   1.054824e+00
3.602107e-03   1.145636e-20   1.054831e+00
3.635470e-03   1.374622e-20   1.054838e+00
3.669142e-03   1.644108e-20   1.054845e+00
3.703127e-03   1.961674e-20   1.054851e+00
3.737426e-03   2.336756e-20   1.054857e+00
3.772042e-03   2.781182e-20   1.054863e+00
3.806980e-03   3.309902e-20   1.054869e+00
3.842241e-03   3.941944e-20   1.054875e+00
3.877828e-03   4.701702e-20   1.054881e+00
3.913746e-03   5.620685e-20   1.054887e+00
3.949995e-03   6.739888e-20   1.054892e+00
3.986581e-03   8.113072e-20   1.054898e+00
4.023506e-03   9.810859e-20   1.054904e+00
4.060772e-03   1.191998e-19   1.054909e+00
4.098384e-03   1.454673e-19   1.054915e+00
4.136344e-03   1.782571e-19   1.054921e+00
4.174655e-03   2.192755e-19   1.054927e+00
4.213322e-03   2.706860e-19   1.054933e+00
4.252346e-03   3.352311e-19   1.054938e+00
4.291732e-03   4.163861e-19   1.054944e+00
4.331483e-03   5.185513e-19   1.054949e+00
4.371602e-03   6.472938e-19   1.054955e+00
4.412093e-03   8.096470e-19   1.054960e+00
4.452959e-03   1.014483e-18   1.054965e+00
4.494203e-03   1.272974e-18   1.054970e+00
4.535829e-03   1.599153e-18   1.054974e+00
4.577841e-03   2.010606e-18   1.054978e+00
4.620241e-03   2.529300e-18   1.054982e+00
4.663035e-03   3.182592e-18   1.054986e+00
4.706225e-03   4.004416e-18   1.054989e+00
4.749815e-03   5.036692e-18   1.054992e+00
4.793808e-03   6.330967e-18   1.054995e+00
4.838210e-03   7.950300e-18   1.054997e+00
4.883022e-03   9.971403e-18   1.054998e+00
4.928250e-03   1.248702e-17   1.054999e+00
4.973896e-03   1.560851e-17   1.055000e+00
5.019965e-03   1.946870e-17   1.054996e+00
5.066461e-03   2.422897e-17   1.054963e+00
5.113388e-03   3.008823e-17   1.054896e+00
5.160749e-03   3.728798e-17   1.054800e+00
5.208549e-03   4.612091e-17   1.054679e+00
5.256791e-03   5.694171e-17   1.054537e+00
5.305481e-03   7.017998e-17   1.054378e+00
5.354621e-03   8.635604e-17   1.054205e+00
5.404216e-03   1.061000e-16   1.054023e+00
5.454271e-03   1.301752e-16   1.053836e+00
5.504790e-03   1.595061e-16   1.053646e+00
5.555776e-03   1.952135e-16   1.053459e+00
5.607235e-03   2.386557e-16   1.053278e+00
5.659170e-03   2.914809e-16   1.053106e+00
5.711586e-03   3.556898e-16   1.052948e+00
5.764488e-03   4.337128e-16   1.052808e+00
5.817880e-03   5.285050e-16   1.052690e+00
5.871766e-03   6.436632e-16   1.052597e+00
5.926152e-03   7.835696e-16   1.052533e+00
5.981041e-03   9.535694e-16   1.052502e+00
6.036439e-03   1.160184e-15   1.052510e+00
6.092349e-03   1.411273e-15   1.052560e+00
6.148778e-03   1.716297e-15   1.052649e+00
6.205729e-03   2.086694e-15   1.052769e+00
6.263207e-03   2.536279e-15   1.052917e+00
6.321218e-03   3.081728e-15   1.053085e+00
6.379767e-03   3.743158e-15   1.053268e+00
6.438857e-03   4.544810e-15   1.053461e+00
6.498495e-03   5.515874e-15   1.053658e+00
6.558686e-03   6.691464e-15   1.053853e+00
6.619433e-03   8.113785e-15   1.054041e+00
6.680744e-03   9.833513e-15   1.054217e+00
6.742622e-03   1.191143e-14   1.054373e+00
6.805074e-03   1.442037e-14   1.054505e+00
6.868104e-03   1.744752e-14   1.054608e+00
6.931717e-03   2.109710e-14   1.054674e+00
6.995920e-03   2.549359e-14   1.054700e+00
7.060718e-03   3.078561e-14   1.054688e+00
7.126115e-03   3.715120e-14   1.054651e+00
7.192119e-03   4.480324e-14   1.054593e+00
7.258734e-03   5.399583e-14   1.054518e+00
7.325965e-03   6.503219e-14   1.054431e+00
7.393820e-03   7.827387e-14   1.054334e+00
7.462303e-03   9.415176e-14   1.054231e+00
7.531420e-03   1.131791e-13   1.054128e+00
7.601178e-03   1.359669e-13   1.054028e+00
7.671581e-03   1.632422e-13   1.053934e+00
7.742637e-03   1.958695e-13   1.053850e+00
7.814351e-03   2.348763e-13   1.053782e+00
7.886729e-03   2.814833e-13   1.053732e+00
7.959777e-03   3.371399e-13   1.053704e+00
8.033502e-03   4.035660e-13   1.053704e+00
8.107910e-03   4.828005e-13   1.053741e+00
8.183007e-03   5.772578e-13   1.053811e+00
8.258799e-03   6.897967e-13   1.053909e+00
8.335294e-03   8.238002e-13   1.054029e+00
8.412497e-03   9.832691e-13   1.054165e+00
8.490415e-03   1.172932e-12   1.054311e+00
8.569055e-03   1.398375e-12   1.054461e+00
8.648423e-03   1.666191e-12   1.054610e+00
8.728527e-03   1.984159e-12   1.054752e+00
8.809372e-03   2.361453e-12   1.054882e+00
8.890966e-03   2.808880e-12   1.054992e+00
8.973316e-03   3.339171e-12   1.055078e+00
9.056428e-03   3.967309e-12   1.055142e+00
9.140311e-03   4.710963e-12   1.055205e+00
9.224970e-03   5.590957e-12   1.055267e+00
9.310413e-03   6.631808e-12   1.055327e+00
9.396648e-03   7.862374e-12   1.055384e+00
9.483682e-03   9.316611e-12   1.055437e+00
9.571522e-03   1.103446e-11   1.055484e+00
9.660175e-03   1.306292e-11   1.055525e+00
9.749649e-03   1.545722e-11   1.055558e+00
9.839952e-03   1.828233e-11   1.055582e+00
9.931092e-03   2.161458e-11   1.055597e+00
1.002308e-02   2.554371e-11   1.055592e+00
1.011591e-02   3.017476e-11   1.055410e+00
1.020961e-02   3.562995e-11   1.055028e+00
1.030417e-02   4.205196e-11   1.054497e+00
1.039961e-02   4.960720e-11   1.053868e+00
1.049593e-02   5.848956e-11   1.053192e+00
1.059315e-02   6.892475e-11   1.052521e+00
1.069126e-02   8.117514e-11   1.051906e+00
1.079029e-02   9.554540e-11   1.051397e+00
1.089023e-02   1.123888e-10   1.051045e+00
1.099110e-02   1.321147e-10   1.050901e+00
1.109290e-02   1.551975e-10   1.050973e+00
1.119564e-02   1.821927e-10   1.051198e+00
1.129934e-02   2.137481e-10   1.051535e+00
1.140400e-02   2.506174e-10   1.051944e+00
1.150962e-02   2.936770e-10   1.052385e+00
1.161623e-02   3.439465e-10   1.052819e+00
1.172382e-02   4.026119e-10   1.053205e+00
1.183241e-02   4.710525e-10   1.053504e+00
1.194200e-02   5.508731e-10   1.053675e+00
1.205261e-02   6.439401e-10   1.053697e+00
1.216424e-02   7.524113e-10   1.053677e+00
1.227691e-02   8.787745e-10   1.053641e+00
1.239062e-02   1.025906e-09   1.053594e+00
1.250539e-02   1.197131e-09   1.053543e+00
1.262121e-02   1.396290e-09   1.053493e+00
1.273811e-02   1.627814e-09   1.053448e+00
1.285610e-02   1.896818e-09   1.053416e+00
1.297517e-02   2.209192e-09   1.053401e+00
1.309535e-02   2.571727e-09   1.053425e+00
1.321664e-02   2.992260e-09   1.053514e+00
1.333906e-02   3.479830e-09   1.053650e+00
1.346261e-02   4.044846e-09   1.053812e+00
1.358730e-02   4.699293e-09   1.053978e+00
1.371315e-02   5.456958e-09   1.054128e+00
1.384016e-02   6.333701e-09   1.054242e+00
1.396835e-02   7.347751e-09   1.054298e+00
1.409773e-02   8.520061e-09   1.054278e+00
1.422830e-02   9.874746e-09   1.054189e+00
1.436009e-02   1.143955e-08   1.054053e+00
1.449310e-02   1.324637e-08   1.053891e+00
1.462733e-02   1.533184e-08   1.053722e+00
1.476281e-02   1.773805e-08   1.053569e+00
1.489955e-02   2.051336e-08   1.053451e+00
1.503755e-02   2.371328e-08   1.053388e+00
1.517683e-02   2.740134e-08   1.053344e+00
1.531740e-02   3.164987e-08   1.053303e+00
1.545928e-02   3.654150e-08   1.053267e+00
1.560246e-02   4.217054e-08   1.053238e+00
1.574698e-02   4.864456e-08   1.053216e+00
1.589283e-02   5.608620e-08   1.053203e+00
1.604003e-02   6.463511e-08   1.053200e+00
1.618860e-02   7.445061e-08   1.053200e+00
1.633854e-02   8.571497e-08   1.053200e+00
1.648987e-02   9.863603e-08   1.053200e+00
1.664260e-02   1.134506e-07   1.053200e+00
1.679675e-02   1.304283e-07   1.053200e+00
1.695232e-02   1.498763e-07   1.053200e+00
1.710934e-02   1.721439e-07   1.053200e+00
1.726781e-02   1.976285e-07   1.053200e+00
1.742775e-02   2.267822e-07   1.053200e+00
1.758917e-02   2.601185e-07   1.053200e+00
1.775208e-02   2.982211e-07   1.053200e+00
1.791650e-02   3.417528e-07   1.053200e+00
1.808245e-02   3.914661e-07   1.053210e+00
1.824993e-02   4.482147e-07   1.053284e+00
1.841897e-02   5.129662e-07   1.053420e+00
1.858957e-02   5.868177e-07   1.053602e+00
1.876175e-02   6.710123e-07   1.053816e+00
1.893552e-02   7.669578e-07   1.054048e+00
1.911091e-02   8.762484e-07   1.054283e+00
1.928792e-02   1.000688e-06   1.054507e+00
1.946656e-02   1.142318e-06   1.054705e+00
1.964687e-02   1.303446e-06   1.054863e+00
1.982884e-02   1.486681e-06   1.054966e+00
2.001250e-02   1.694970e-06   1.055000e+00
2.019786e-02   1.931644e-06   1.054991e+00
2.038493e-02   2.200459e-06   1.054969e+00
2.057374e-02   2.505653e-06   1.054934e+00
2.076430e-02   2.852008e-06   1.054887e+00
2.095662e-02   3.244913e-06   1.054830e+00
2.115073e-02   3.690442e-06   1.054764e+00
2.134663e-02   4.195437e-06   1.054691e+00
2.154435e-02   4.767600e-06   1.054611e+00
2.174389e-02   5.415603e-06   1.054526e+00
2.194529e-02   6.149201e-06   1.054437e+00
2.214855e-02   6.979363e-06   1.054346e+00
2.235370e-02   7.918423e-06   1.054253e+00
2.256074e-02   8.980237e-06   1.054160e+00
2.276970e-02   1.018037e-05   1.054069e+00
2.298060e-02   1.153630e-05   1.053980e+00
2.319345e-02   1.306764e-05   1.053894e+00
2.340827e-02   1.479639e-05   1.053814e+00
2.362508e-02   1.674722e-05   1.053740e+00
2.384390e-02   1.894780e-05   1.053674e+00
2.406475e-02   2.142912e-05   1.053616e+00
2.428764e-02   2.422590e-05   1.053569e+00
2.451260e-02   2.737699e-05   1.053533e+00
2.473964e-02   3.092590e-05   1.053510e+00
2.496878e-02   3.492130e-05   1.053500e+00
2.520005e-02   3.941759e-05   1.053501e+00
2.543346e-02   4.447557e-05   1.053503e+00
2.566903e-02   5.016314e-05   1.053508e+00
2.590678e-02   5.655614e-05   1.053514e+00
2.614673e-02   6.373918e-05   1.053522e+00
2.638891e-02   7.180669e-05   1.053531e+00
2.663333e-02   8.086396e-05   1.053542e+00
2.688001e-02   9.102837e-05   1.053555e+00
2.712898e-02   1.024307e-04   1.053569e+00
2.738025e-02   1.152166e-04   1.053584e+00
2.763385e-02   1.295483e-04   1.053601e+00
2.788980e-02   1.456061e-04   1.053619e+00
2.814812e-02   1.635909e-04   1.053638e+00
2.840884e-02   1.837259e-04   1.053659e+00
2.867196e-02   2.062590e-04   1.053680e+00
2.893753e-02   2.314658e-04   1.053703e+00
2.920556e-02   2.596523e-04   1.053726e+00
2.947606e-02   2.911582e-04   1.053751e+00
2.974908e-02   3.263602e-04   1.053776e+00
3.002462e-02   3.656762e-04   1.053802e+00
3.030271e-02   4.095696e-04   1.053849e+00
3.058338e-02   4.585547e-04   1.053929e+00
3.086665e-02   5.132018e-04   1.054039e+00
3.115254e-02   5.741425e-04   1.054177e+00
3.144108e-02   6.420767e-04   1.054341e+00
3.173230e-02   7.177790e-04   1.054529e+00
3.202621e-02   8.021070e-04   1.054738e+00
3.232284e-02   8.960097e-04   1.054966e+00
3.262222e-02   1.000536e-03   1.055210e+00
3.292437e-02   1.116848e-03   1.055469e+00
3.322933e-02   1.246226e-03   1.055740e+00
3.353710e-02   1.390090e-03   1.056020e+00
3.384773e-02   1.550005e-03   1.056308e+00
3.416123e-02   1.727699e-03   1.056601e+00
3.447764e-02   1.925083e-03   1.056897e+00
3.479698e-02   2.144262e-03   1.057193e+00
3.511928e-02   2.387562e-03   1.057487e+00
3.544456e-02   2.657545e-03   1.057777e+00
3.577285e-02   2.957039e-03   1.058061e+00
3.610419e-02   3.289158e-03   1.058335e+00
3.643859e-02   3.657338e-03   1.058599e+00
3.677609e-02   4.065358e-03   1.058849e+00
3.711672e-02   4.517386e-03   1.059082e+00
3.746050e-02   5.018006e-03   1.059298e+00
3.780747e-02   5.572266e-03   1.059493e+00
3.815765e-02   6.185719e-03   1.059665e+00
3.851107e-02   6.864476e-03   1.059812e+00
3.886777e-02   7.615253e-03   1.059931e+00
3.922777e-02   8.445439e-03   1.060020e+00
3.959110e-02   9.363152e-03   1.060077e+00
3.995780e-02   1.037731e-02   1.060100e+00
4.032790e-02   1.149772e-02   1.060096e+00
4.070142e-02   1.273511e-02   1.060083e+00
4.107841e-02   1.410127e-02   1.060061e+00
4.145888e-02   1.560911e-02   1.060031e+00
4.184289e-02   1.727281e-02   1.059994e+00
4.223044e-02   1.910788e-02   1.059951e+00
4.262159e-02   2.113135e-02   1.059903e+00
4.301636e-02   2.336183e-02   1.059851e+00
4.341478e-02   2.581975e-02   1.059795e+00
4.381690e-02   2.852742e-02   1.059736e+00
4.422274e-02   3.150928e-02   1.059675e+00
4.463234e-02   3.479206e-02   1.059613e+00
4.504573e-02   3.840500e-02   1.059551e+00
4.546295e-02   4.238004e-02   1.059490e+00
4.588404e-02   4.675209e-02   1.059430e+00
4.630903e-02   5.155929e-02   1.059373e+00
4.673795e-02   5.684331e-02   1.059319e+00
4.717085e-02   6.264959e-02   1.059269e+00
4.760775e-02   6.902777e-02   1.059224e+00
4.804870e-02   7.603198e-02   1.059184e+00
4.849374e-02   8.372126e-02   1.059151e+00
4.894290e-02   9.215996e-02   1.059126e+00
4.939622e-02   1.014182e-01   1.059109e+00
4.985373e-02   1.115725e-01   1.059101e+00
5.031549e-02   1.227061e-01   1.059111e+00
5.078152e-02   1.349095e-01   1.059167e+00
5.125187e-02   1.482815e-01   1.059266e+00
5.172657e-02   1.629295e-01   1.059403e+00
5.220568e-02   1.789702e-01   1.059574e+00
5.268921e-02   1.965307e-01   1.059775e+00
5.317723e-02   2.157492e-01   1.060002e+00
5.366977e-02   2.367756e-01   1.060249e+00
5.416687e-02   2.597730e-01   1.060514e+00
5.466857e-02   2.849185e-01   1.060791e+00
5.517492e-02   3.124044e-01   1.061076e+00
5.568596e-02   3.424393e-01   1.061364e+00
5.620174e-02   3.752497e-01   1.061652e+00
5.672229e-02   4.110812e-01   1.061935e+00
5.724766e-02   4.502001e-01   1.062209e+00
5.777790e-02   4.928951e-01   1.062470e+00
5.831305e-02   5.394791e-01   1.062712e+00
5.885316e-02   5.902909e-01   1.062932e+00
5.939827e-02   6.456976e-01   1.063125e+00
5.994843e-02   7.060967e-01   1.063287e+00
6.050368e-02   7.719186e-01   1.063426e+00
6.106408e-02   8.436316e-01   1.063558e+00
6.162966e-02   9.217440e-01   1.063684e+00
6.220049e-02   1.006807e+00   1.063805e+00
6.277660e-02   1.099416e+00   1.063922e+00
6.335805e-02   1.200220e+00   1.064033e+00
6.394488e-02   1.309917e+00   1.064141e+00
6.453715e-02   1.429268e+00   1.064245e+00
6.513491e-02   1.559095e+00   1.064347e+00
6.573820e-02   1.700286e+00   1.064446e+00
6.634708e-02   1.853808e+00   1.064544e+00
6.696160e-02   2.020703e+00   1.064640e+00
6.758181e-02   2.202103e+00   1.064735e+00
6.820777e-02   2.399231e+00   1.064830e+00
6.883952e-02   2.613413e+00   1.064925e+00
6.947713e-02   2.846083e+00   1.065021e+00
7.012064e-02   3.098795e+00   1.065118e+00
7.077011e-02   3.373222e+00   1.065222e+00
7.142559e-02   3.671157e+00   1.065334e+00
7.208715e-02   3.994529e+00   1.065450e+00
7.275484e-02   4.345417e+00   1.065570e+00
7.342870e-02   4.726060e+00   1.065689e+00
7.410882e-02   5.138870e+00   1.065807e+00
7.479523e-02   5.586443e+00   1.065921e+00
7.548799e-02   6.071571e+00   1.066028e+00
7.618718e-02   6.597259e+00   1.066126e+00
7.689284e-02   7.166734e+00   1.066212e+00
7.760503e-02   7.783468e+00   1.066285e+00
7.832383e-02   8.451188e+00   1.066342e+00
7.904928e-02   9.173897e+00   1.066381e+00
7.978145e-02   9.955888e+00   1.066399e+00
8.052040e-02   1.080179e+01   1.066399e+00
8.126619e-02   1.171669e+01   1.066396e+00
8.201889e-02   1.270619e+01   1.066390e+00
8.277857e-02   1.377637e+01   1.066382e+00
8.354528e-02   1.493380e+01   1.066371e+00
8.431909e-02   1.618565e+01   1.066358e+00
8.510007e-02   1.753965e+01   1.066342e+00
8.588829e-02   1.900426e+01   1.066324e+00
8.668380e-02   2.058863e+01   1.066304e+00
8.748668e-02   2.230273e+01   1.066282e+00
8.829700e-02   2.415740e+01   1.066257e+00
8.911482e-02   2.616444e+01   1.066231e+00
8.994022e-02   2.833670e+01   1.066202e+00
9.077327e-02   3.068812e+01   1.066147e+00
9.161402e-02   3.323346e+01   1.066039e+00
9.246257e-02   3.598855e+01   1.065883e+00
9.331898e-02   3.897051e+01   1.065688e+00
9.418332e-02   4.219783e+01   1.065461e+00
9.505566e-02   4.569051e+01   1.065209e+00
9.593608e-02   4.947012e+01   1.064939e+00
9.682466e-02   5.355998e+01   1.064659e+00
9.772147e-02   5.798529e+01   1.064375e+00
9.862658e-02   6.277323e+01   1.064096e+00
9.954008e-02   6.795320e+01   1.063828e+00
1.004620e-01   7.355690e+01   1.063573e+00
1.013925e-01   7.961870e+01   1.063309e+00
1.023317e-01   8.617584e+01   1.063034e+00
1.032795e-01   9.326861e+01   1.062748e+00
1.042361e-01   1.009406e+02   1.062455e+00
1.052015e-01   1.092388e+02   1.062157e+00
1.061759e-01   1.182141e+02   1.061855e+00
1.071593e-01   1.279217e+02   1.061551e+00
1.081519e-01   1.384211e+02   1.061248e+00
1.091536e-01   1.497765e+02   1.060948e+00
1.101646e-01   1.620577e+02   1.060653e+00
1.111850e-01   1.753397e+02   1.060364e+00
1.122148e-01   1.897034e+02   1.060080e+00
1.132541e-01   2.052361e+02   1.059799e+00
1.143031e-01   2.220321e+02   1.059516e+00
1.153618e-01   2.401930e+02   1.059231e+00
1.164303e-01   2.598288e+02   1.058938e+00
1.175087e-01   2.810579e+02   1.058637e+00
1.185971e-01   3.040083e+02   1.058323e+00
1.196956e-01   3.288182e+02   1.057994e+00
1.208042e-01   3.556363e+02   1.057644e+00
1.219231e-01   3.846216e+02   1.057266e+00
1.230524e-01   4.159443e+02   1.056866e+00
1.241921e-01   4.497870e+02   1.056451e+00
1.253424e-01   4.863462e+02   1.056028e+00
1.265034e-01   5.258324e+02   1.055603e+00
1.276751e-01   5.684719e+02   1.055183e+00
1.288576e-01   6.145069e+02   1.054774e+00
1.300511e-01   6.641975e+02   1.054384e+00
1.312557e-01   7.178211e+02   1.054017e+00
1.324714e-01   7.756708e+02   1.053668e+00
1.336984e-01   8.380582e+02   1.053330e+00
1.349367e-01   9.053151e+02   1.052994e+00
1.361865e-01   9.777939e+02   1.052651e+00
1.374479e-01   1.055869e+03   1.052293e+00
1.387210e-01   1.139939e+03   1.051911e+00
1.400058e-01   1.230424e+03   1.051498e+00
1.413026e-01   1.327772e+03   1.051010e+00
1.426114e-01   1.432457e+03   1.050436e+00
1.439323e-01   1.544985e+03   1.049816e+00
1.452654e-01   1.665886e+03   1.049188e+00
1.466109e-01   1.795725e+03   1.048592e+00
1.479688e-01   1.935095e+03   1.048066e+00
1.493393e-01   2.084621e+03   1.047650e+00
1.507225e-01   2.244963e+03   1.047365e+00
1.521186e-01   2.416834e+03   1.047147e+00
1.535275e-01   2.601010e+03   1.046968e+00
1.549495e-01   2.798314e+03   1.046811e+00
1.563847e-01   3.009625e+03   1.046659e+00
1.578331e-01   3.235875e+03   1.046496e+00
1.592950e-01   3.478056e+03   1.046306e+00
1.607704e-01   3.737219e+03   1.046075e+00
1.622595e-01   4.014457e+03   1.045815e+00
1.637624e-01   4.310896e+03   1.045532e+00
1.652792e-01   4.627718e+03   1.045228e+00
1.668101e-01   4.966164e+03   1.044906e+00
1.683551e-01   5.327532e+03   1.044568e+00
1.699144e-01   5.713184e+03   1.044217e+00
1.714882e-01   6.124541e+03   1.043856e+00
1.730766e-01   6.563088e+03   1.043488e+00
1.746796e-01   7.030373e+03   1.043115e+00
1.762975e-01   7.528010e+03   1.042739e+00
1.779304e-01   8.057676e+03   1.042365e+00
1.795785e-01   8.621112e+03   1.041994e+00
1.812418e-01   9.220131e+03   1.041611e+00
1.829205e-01   9.856645e+03   1.041184e+00
1.846147e-01   1.053267e+04   1.040723e+00
1.863246e-01   1.125029e+04   1.040242e+00
1.880504e-01   1.201168e+04   1.039754e+00
1.897922e-01   1.281911e+04   1.039272e+00
1.915501e-01   1.367493e+04   1.038810e+00
1.933242e-01   1.458155e+04   1.038381e+00
1.951148e-01   1.554149e+04   1.037998e+00
1.969220e-01   1.655737e+04   1.037674e+00
1.987460e-01   1.763187e+04   1.037423e+00
2.005868e-01   1.876777e+04   1.037253e+00
2.024447e-01   1.996798e+04   1.037114e+00
2.043197e-01   2.123559e+04   1.036987e+00
2.062122e-01   2.257382e+04   1.036871e+00
2.081222e-01   2.398599e+04   1.036764e+00
2.100498e-01   2.547557e+04   1.036665e+00
2.119953e-01   2.704616e+04   1.036575e+00
2.139589e-01   2.870147e+04   1.036492e+00
2.159406e-01   3.044539e+04   1.036415e+00
2.179407e-01   3.228190e+04   1.036343e+00
2.199593e-01   3.421516e+04   1.036276e+00
2.219966e-01   3.624948e+04   1.036212e+00
2.240528e-01   3.838931e+04   1.036151e+00
2.261280e-01   4.063925e+04   1.036091e+00
2.282224e-01   4.300407e+04   1.036032e+00
2.303363e-01   4.548873e+04   1.035973e+00
2.324697e-01   4.809832e+04   1.035913e+00
2.346229e-01   5.083813e+04   1.035851e+00
2.367960e-01   5.371363e+04   1.035786e+00
2.389893e-01   5.673045e+04   1.035718e+00
2.412028e-01   5.989444e+04   1.035644e+00
2.434369e-01   6.321163e+04   1.035566e+00
2.456916e-01   6.668824e+04   1.035481e+00
2.479673e-01   7.033072e+04   1.035389e+00
2.502640e-01   7.414571e+04   1.035288e+00
2.525820e-01   7.814007e+04   1.035172e+00
2.549215e-01   8.232092e+04   1.035039e+00
2.572826e-01   8.669558e+04   1.034891e+00
2.596656e-01   9.127164e+04   1.034730e+00
2.620707e-01   9.605691e+04   1.034559e+00
2.644980e-01   1.010595e+05   1.034382e+00
2.669478e-01   1.062877e+05   1.034200e+00
2.694204e-01   1.117502e+05   1.034016e+00
2.719158e-01   1.174558e+05   1.033833e+00
2.744343e-01   1.234137e+05   1.033652e+00
2.769762e-01   1.296333e+05   1.033478e+00
2.795416e-01   1.361246e+05   1.033313e+00
2.821308e-01   1.428974e+05   1.033158e+00
2.847439e-01   1.499623e+05   1.033017e+00
2.873813e-01   1.573300e+05   1.032892e+00
2.900430e-01   1.650115e+05   1.032786e+00
2.927295e-01   1.730183e+05   1.032701e+00
2.954408e-01   1.813623e+05   1.032641e+00
2.981772e-01   1.900556e+05   1.032607e+00
3.009390e-01   1.991107e+05   1.032601e+00
3.037264e-01   2.085408e+05   1.032615e+00
3.065395e-01   2.183594e+05   1.032643e+00
3.093788e-01   2.285803e+05   1.032683e+00
3.122443e-01   2.392180e+05   1.032734e+00
3.151363e-01   2.502875e+05   1.032793e+00
3.180552e-01   2.618042e+05   1.032858e+00
3.210011e-01   2.737840e+05   1.032927e+00
3.239743e-01   2.862434e+05   1.032998e+00
3.269750e-01   2.991995e+05   1.033070e+00
3.300035e-01   3.126700e+05   1.033139e+00
3.330600e-01   3.266732e+05   1.033205e+00
3.361449e-01   3.412280e+05   1.033264e+00
3.392583e-01   3.563539e+05   1.033315e+00
3.424006e-01   3.720713e+05   1.033356e+00
3.455720e-01   3.884011e+05   1.033385e+00
3.487727e-01   4.053652e+05   1.033399e+00
3.520031e-01   4.229862e+05   1.033398e+00
3.552635e-01   4.412886e+05   1.033389e+00
3.585540e-01   4.602986e+05   1.033371e+00
3.618750e-01   4.800439e+05   1.033347e+00
3.652267e-01   5.005534e+05   1.033315e+00
3.686095e-01   5.218574e+05   1.033278e+00
3.720237e-01   5.439877e+05   1.033236e+00
3.754694e-01   5.669775e+05   1.033189e+00
3.789471e-01   5.908619e+05   1.033139e+00
3.824570e-01   6.156776e+05   1.033085e+00
3.859994e-01   6.414632e+05   1.033029e+00
3.895746e-01   6.682592e+05   1.032971e+00
3.931829e-01   6.961081e+05   1.032911e+00
3.968246e-01   7.250550e+05   1.032852e+00
4.005001e-01   7.551468e+05   1.032792e+00
4.042096e-01   7.864295e+05   1.032715e+00
4.079535e-01   8.189400e+05   1.032615e+00
4.117320e-01   8.527140e+05   1.032497e+00
4.155455e-01   8.877869e+05   1.032367e+00
4.193944e-01   9.241942e+05   1.032229e+00
4.232789e-01   9.619708e+05   1.032090e+00
4.271994e-01   1.001152e+06   1.031954e+00
4.311562e-01   1.041771e+06   1.031826e+00
4.351497e-01   1.083861e+06   1.031712e+00
4.391801e-01   1.127456e+06   1.031618e+00
4.432479e-01   1.172588e+06   1.031548e+00
4.473533e-01   1.219286e+06   1.031508e+00
4.514968e-01   1.267580e+06   1.031505e+00
4.556786e-01   1.317515e+06   1.031563e+00
4.598992e-01   1.369158e+06   1.031676e+00
4.641589e-01   1.422585e+06   1.031833e+00
4.684580e-01   1.477876e+06   1.032021e+00
4.727970e-01   1.535116e+06   1.032225e+00
4.771761e-01   1.594397e+06   1.032435e+00
4.815958e-01   1.655816e+06   1.032636e+00
4.860564e-01   1.719479e+06   1.032816e+00
4.905584e-01   1.785497e+06   1.032962e+00
4.951020e-01   1.853989e+06   1.033061e+00
4.996877e-01   1.925085e+06   1.033100e+00
5.043159e-01   1.998914e+06   1.033094e+00
5.089870e-01   2.075581e+06   1.033073e+00
5.137014e-01   2.155183e+06   1.033039e+00
5.184594e-01   2.237821e+06   1.032994e+00
5.232614e-01   2.323596e+06   1.032938e+00
5.281080e-01   2.412613e+06   1.032873e+00
5.329994e-01   2.504981e+06   1.032801e+00
5.379362e-01   2.600807e+06   1.032721e+00
5.429186e-01   2.700203e+06   1.032636e+00
5.479472e-01   2.803285e+06   1.032546e+00
5.530224e-01   2.910167e+06   1.032454e+00
5.581446e-01   3.020968e+06   1.032360e+00
5.633143e-01   3.135809e+06   1.032265e+00
5.685318e-01   3.254813e+06   1.032171e+00
5.737976e-01   3.378102e+06   1.032079e+00
5.791123e-01   3.505804e+06   1.031990e+00
5.844761e-01   3.638046e+06   1.031905e+00
5.898896e-01   3.774958e+06   1.031827e+00
5.953533e-01   3.916670e+06   1.031755e+00
6.008676e-01   4.063314e+06   1.031690e+00
6.064329e-01   4.215028e+06   1.031627e+00
6.120498e-01   4.371958e+06   1.031559e+00
6.177188e-01   4.534258e+06   1.031489e+00
6.234402e-01   4.702083e+06   1.031418e+00
6.292146e-01   4.875591e+06   1.031346e+00
6.350425e-01   5.054943e+06   1.031274e+00
6.409244e-01   5.240303e+06   1.031204e+00
6.468608e-01   5.431838e+06   1.031136e+00
6.528521e-01   5.629717e+06   1.031072e+00
6.588990e-01   5.834113e+06   1.031012e+00
6.650018e-01   6.045201e+06   1.030957e+00
6.711612e-01   6.263158e+06   1.030909e+00
6.773776e-01   6.488165e+06   1.030869e+00
6.836516e-01   6.720403e+06   1.030837e+00
6.899837e-01   6.960058e+06   1.030814e+00
6.963745e-01   7.207317e+06   1.030802e+00
7.028244e-01   7.462369e+06   1.030805e+00
7.093341e-01   7.725417e+06   1.030855e+00
7.159041e-01   7.996682e+06   1.030951e+00
7.225349e-01   8.276391e+06   1.031084e+00
7.292272e-01   8.564778e+06   1.031248e+00
7.359814e-01   8.862080e+06   1.031433e+00
7.427982e-01   9.168542e+06   1.031633e+00
7.496782e-01   9.484416e+06   1.031840e+00
7.566219e-01   9.809959e+06   1.032045e+00
7.636298e-01   1.014544e+07   1.032240e+00
7.707027e-01   1.049111e+07   1.032419e+00
7.778411e-01   1.084727e+07   1.032572e+00
7.850456e-01   1.121420e+07   1.032691e+00
7.923169e-01   1.159218e+07   1.032770e+00
7.996555e-01   1.198153e+07   1.032800e+00
8.070620e-01   1.238252e+07   1.032762e+00
8.145372e-01   1.279545e+07   1.032649e+00
8.220816e-01   1.322057e+07   1.032472e+00
8.296959e-01   1.365815e+07   1.032244e+00
8.373807e-01   1.410846e+07   1.031977e+00
8.451366e-01   1.457177e+07   1.031683e+00
8.529644e-01   1.504833e+07   1.031373e+00
8.608648e-01   1.553842e+07   1.031061e+00
8.688383e-01   1.604230e+07   1.030758e+00
8.768856e-01   1.656024e+07   1.030476e+00
8.850075e-01   1.709251e+07   1.030228e+00
8.932046e-01   1.763935e+07   1.030025e+00
9.014776e-01   1.820104e+07   1.029878e+00
9.098273e-01   1.877781e+07   1.029760e+00
9.182543e-01   1.936987e+07   1.029653e+00
9.267593e-01   1.997741e+07   1.029554e+00
9.353432e-01   2.060060e+07   1.029463e+00
9.440065e-01   2.123961e+07   1.029377e+00
9.527500e-01   2.189459e+07   1.029297e+00
9.615746e-01   2.256568e+07   1.029220e+00
9.704809e-01   2.325300e+07   1.029145e+00
9.794697e-01   2.395665e+07   1.029071e+00
9.885417e-01   2.467672e+07   1.028996e+00
9.976978e-01   2.541328e+07   1.028920e+00
1.006939e+00   2.616638e+07   1.028841e+00
1.016265e+00   2.693616e+07   1.028761e+00
1.025678e+00   2.772279e+07   1.028680e+00
1.035178e+00   2.852642e+07   1.028599e+00
1.044766e+00   2.934723e+07   1.028518e+00
1.054443e+00   3.018535e+07   1.028437e+00
1.064209e+00   3.104093e+07   1.028357e+00
1.074066e+00   3.191413e+07   1.028276e+00
1.084014e+00   3.280506e+07   1.028197e+00
1.094055e+00   3.371385e+07   1.028118e+00
1.104188e+00   3.464063e+07   1.028040e+00
1.114415e+00   3.558551e+07   1.027964e+00
1.124737e+00   3.654858e+07   1.027889e+00
1.135155e+00   3.752995e+07   1.027816e+00
1.145669e+00   3.852970e+07   1.027745e+00
1.156280e+00   3.954791e+07   1.027675e+00
1.166990e+00   4.058465e+07   1.027608e+00
1.177799e+00   4.163999e+07   1.027544e+00
1.188708e+00   4.271396e+07   1.027482e+00
1.199718e+00   4.380662e+07   1.027423e+00
1.210830e+00   4.491800e+07   1.027367e+00
1.222045e+00   4.604811e+07   1.027314e+00
1.233363e+00   4.719697e+07   1.027265e+00
1.244787e+00   4.836458e+07   1.027219e+00
1.256317e+00   4.955093e+07   1.027178e+00
1.267953e+00   5.075602e+07   1.027140e+00
1.279697e+00   5.197988e+07   1.027107e+00
1.291550e+00   5.322251e+07   1.027076e+00
1.303512e+00   5.448394e+07   1.027049e+00
1.315586e+00   5.576416e+07   1.027023e+00
1.327771e+00   5.706316e+07   1.027000e+00
1.340069e+00   5.838093e+07   1.026977e+00
1.352481e+00   5.971746e+07   1.026955e+00
1.365008e+00   6.107272e+07   1.026934e+00
1.377651e+00   6.244667e+07   1.026912e+00
1.390411e+00   6.383929e+07   1.026889e+00
1.403289e+00   6.525052e+07   1.026864e+00
1.416287e+00   6.668031e+07   1.026838e+00
1.429405e+00   6.812861e+07   1.026809e+00
1.442644e+00   6.959535e+07   1.026778e+00
1.456006e+00   7.108045e+07   1.026743e+00
1.469492e+00   7.258385e+07   1.026704e+00
1.483103e+00   7.410546e+07   1.026660e+00
1.496839e+00   7.564519e+07   1.026612e+00
1.510703e+00   7.720290e+07   1.026546e+00
1.524696e+00   7.877825e+07   1.026438e+00
1.538818e+00   8.037073e+07   1.026293e+00
1.553071e+00   8.197979e+07   1.026118e+00
1.567455e+00   8.360486e+07   1.025918e+00
1.581973e+00   8.524532e+07   1.025699e+00
1.596626e+00   8.690051e+07   1.025468e+00
1.611414e+00   8.856975e+07   1.025230e+00
1.626340e+00   9.025229e+07   1.024992e+00
1.641403e+00   9.194736e+07   1.024760e+00
1.656606e+00   9.365416e+07   1.024539e+00
1.671950e+00   9.537181e+07   1.024336e+00
1.687436e+00   9.709943e+07   1.024157e+00
1.703065e+00   9.883608e+07   1.024008e+00
1.718839e+00   1.005808e+08   1.023895e+00
1.734759e+00   1.023325e+08   1.023823e+00
1.750827e+00   1.040902e+08   1.023800e+00
1.767044e+00   1.058530e+08   1.023842e+00
1.783410e+00   1.076205e+08   1.023952e+00
1.799929e+00   1.093928e+08   1.024120e+00
1.816600e+00   1.111698e+08   1.024334e+00
1.833425e+00   1.129515e+08   1.024583e+00
1.850407e+00   1.147378e+08   1.024857e+00
1.867546e+00   1.165289e+08   1.025144e+00
1.884843e+00   1.183247e+08   1.025433e+00
1.902301e+00   1.201254e+08   1.025713e+00
1.919921e+00   1.219311e+08   1.025973e+00
1.937703e+00   1.237421e+08   1.026202e+00
1.955651e+00   1.255584e+08   1.026389e+00
1.973764e+00   1.273803e+08   1.026523e+00
1.992046e+00   1.292081e+08   1.026593e+00
2.010496e+00   1.310420e+08   1.026598e+00
2.029118e+00   1.328820e+08   1.026586e+00
2.047912e+00   1.347276e+08   1.026562e+00
2.066880e+00   1.365782e+08   1.026529e+00
2.086024e+00   1.384335e+08   1.026488e+00
2.105345e+00   1.402928e+08   1.026439e+00
2.124845e+00   1.421557e+08   1.026383e+00
2.144526e+00   1.440217e+08   1.026321e+00
2.164389e+00   1.458902e+08   1.026255e+00
2.184436e+00   1.477607e+08   1.026186e+00
2.204669e+00   1.496326e+08   1.026113e+00
2.225089e+00   1.515054e+08   1.026040e+00
2.245698e+00   1.533785e+08   1.025965e+00
2.266498e+00   1.552514e+08   1.025891e+00
2.287491e+00   1.571234e+08   1.025819e+00
2.308678e+00   1.589940e+08   1.025749e+00
2.330061e+00   1.608626e+08   1.025683e+00
2.351643e+00   1.627286e+08   1.025621e+00
2.373424e+00   1.645914e+08   1.025565e+00
2.395407e+00   1.664504e+08   1.025515e+00
2.417594e+00   1.683049e+08   1.025473e+00
2.439986e+00   1.701544e+08   1.025440e+00
2.462586e+00   1.719983e+08   1.025416e+00
2.485395e+00   1.738358e+08   1.025402e+00
2.508415e+00   1.756664e+08   1.025400e+00
2.531648e+00   1.774894e+08   1.025404e+00
2.555097e+00   1.793043e+08   1.025412e+00
2.578763e+00   1.811105e+08   1.025424e+00
2.602648e+00   1.829075e+08   1.025440e+00
2.626754e+00   1.846945e+08   1.025460e+00
2.651084e+00   1.864711e+08   1.025483e+00
2.675638e+00   1.882366e+08   1.025509e+00
2.700421e+00   1.899905e+08   1.025537e+00
2.725433e+00   1.917322e+08   1.025569e+00
2.750676e+00   1.934612e+08   1.025603e+00
2.776153e+00   1.951767e+08   1.025639e+00
2.801867e+00   1.968784e+08   1.025677e+00
2.827818e+00   1.985655e+08   1.025717e+00
2.854010e+00   2.002376e+08   1.025759e+00
2.880444e+00   2.018941e+08   1.025801e+00
2.907123e+00   2.035343e+08   1.025845e+00
2.934050e+00   2.051579e+08   1.025890e+00
2.961225e+00   2.067641e+08   1.025935e+00
2.988653e+00   2.083524e+08   1.025981e+00
3.016334e+00   2.099224e+08   1.026029e+00
3.044272e+00   2.114740e+08   1.026083e+00
3.072469e+00   2.130075e+08   1.026146e+00
3.100927e+00   2.145232e+08   1.026215e+00
3.129648e+00   2.160216e+08   1.026290e+00
3.158635e+00   2.175030e+08   1.026372e+00
3.187891e+00   2.189679e+08   1.026458e+00
3.217418e+00   2.204168e+08   1.026549e+00
3.247218e+00   2.218501e+08   1.026645e+00
3.277295e+00   2.232685e+08   1.026743e+00
3.307650e+00   2.246723e+08   1.026845e+00
3.338286e+00   2.260624e+08   1.026949e+00
3.369206e+00   2.274391e+08   1.027055e+00
3.400412e+00   2.288033e+08   1.027162e+00
3.431907e+00   2.301554e+08   1.027270e+00
3.463694e+00   2.314962e+08   1.027378e+00
3.495776e+00   2.328265e+08   1.027486e+00
3.528154e+00   2.341468e+08   1.027599e+00
3.560833e+00   2.354570e+08   1.027726e+00
3.593814e+00   2.367569e+08   1.027864e+00
3.627100e+00   2.380462e+08   1.028011e+00
3.660695e+00   2.393246e+08   1.028163e+00
3.694601e+00   2.405917e+08   1.028319e+00
3.728821e+00   2.418474e+08   1.028476e+00
3.763358e+00   2.430912e+08   1.028630e+00
3.798215e+00   2.443230e+08   1.028779e+00
3.833395e+00   2.455423e+08   1.028921e+00
3.868901e+00   2.467490e+08   1.029053e+00
3.904735e+00   2.479426e+08   1.029171e+00
3.940902e+00   2.491230e+08   1.029274e+00
3.977403e+00   2.502899e+08   1.029358e+00
4.014242e+00   2.514428e+08   1.029423e+00
4.051423e+00   2.525820e+08   1.029479e+00
4.088948e+00   2.537077e+08   1.029530e+00
4.126821e+00   2.548206e+08   1.029576e+00
4.165044e+00   2.559209e+08   1.029618e+00
4.203622e+00   2.570094e+08   1.029656e+00
4.242556e+00   2.580864e+08   1.029691e+00
4.281852e+00   2.591525e+08   1.029723e+00
4.321511e+00   2.602082e+08   1.029753e+00
4.361538e+00   2.612541e+08   1.029781e+00
4.401935e+00   2.622908e+08   1.029808e+00
4.442707e+00   2.633188e+08   1.029834e+00
4.483856e+00   2.643387e+08   1.029859e+00
4.525386e+00   2.653511e+08   1.029885e+00
4.567301e+00   2.663567e+08   1.029911e+00
4.609604e+00   2.673560e+08   1.029939e+00
4.652300e+00   2.683497e+08   1.029968e+00
4.695390e+00   2.693385e+08   1.029999e+00
4.738880e+00   2.703229e+08   1.030032e+00
4.782772e+00   2.713037e+08   1.030068e+00
4.827071e+00   2.722816e+08   1.030108e+00
4.871780e+00   2.732572e+08   1.030152e+00
4.916904e+00   2.742312e+08   1.030200e+00
4.962445e+00   2.752043e+08   1.030253e+00
5.008408e+00   2.761773e+08   1.030311e+00
5.054797e+00   2.771511e+08   1.030388e+00
5.101615e+00   2.781267e+08   1.030488e+00
5.148867e+00   2.791055e+08   1.030608e+00
5.196557e+00   2.800887e+08   1.030745e+00
5.244689e+00   2.810775e+08   1.030897e+00
5.293266e+00   2.820732e+08   1.031060e+00
5.342293e+00   2.830772e+08   1.031234e+00
5.391775e+00   2.840907e+08   1.031414e+00
5.441714e+00   2.851151e+08   1.031597e+00
5.492116e+00   2.861518e+08   1.031783e+00
5.542986e+00   2.872022e+08   1.031966e+00
5.594326e+00   2.882675e+08   1.032146e+00
5.646141e+00   2.893494e+08   1.032319e+00
5.698437e+00   2.904491e+08   1.032483e+00
5.751217e+00   2.915682e+08   1.032635e+00
5.804486e+00   2.927082e+08   1.032771e+00
5.858248e+00   2.938705e+08   1.032891e+00
5.912508e+00   2.950567e+08   1.032990e+00
5.967271e+00   2.962684e+08   1.033067e+00
6.022541e+00   2.975072e+08   1.033119e+00
6.078323e+00   2.987741e+08   1.033162e+00
6.134622e+00   3.000696e+08   1.033200e+00
6.191442e+00   3.013940e+08   1.033233e+00
6.248788e+00   3.027478e+08   1.033263e+00
6.306666e+00   3.041314e+08   1.033289e+00
6.365079e+00   3.055452e+08   1.033313e+00
6.424034e+00   3.069897e+08   1.033336e+00
6.483534e+00   3.084652e+08   1.033357e+00
6.543586e+00   3.099724e+08   1.033379e+00
6.604194e+00   3.115116e+08   1.033401e+00
6.665363e+00   3.130833e+08   1.033424e+00
6.727099e+00   3.146880e+08   1.033450e+00
6.789407e+00   3.163262e+08   1.033478e+00
6.852292e+00   3.179984e+08   1.033509e+00
6.915759e+00   3.197052e+08   1.033545e+00
6.979814e+00   3.214471e+08   1.033586e+00
7.044462e+00   3.232246e+08   1.033637e+00
7.109709e+00   3.250388e+08   1.033709e+00
7.175561e+00   3.268906e+08   1.033798e+00
7.242022e+00   3.287812e+08   1.033903e+00
7.309099e+00   3.307118e+08   1.034018e+00
7.376798e+00   3.326835e+08   1.034139e+00
7.445123e+00   3.346976e+08   1.034263e+00
7.514081e+00   3.367554e+08   1.034387e+00
7.583678e+00   3.388580e+08   1.034505e+00
7.653919e+00   3.410068e+08   1.034615e+00
7.724811e+00   3.432032e+08   1.034712e+00
7.796360e+00   3.454485e+08   1.034793e+00
7.868572e+00   3.477442e+08   1.034854e+00
7.941452e+00   3.500917e+08   1.034891e+00
8.015007e+00   3.524924e+08   1.034900e+00
8.089243e+00   3.549473e+08   1.034891e+00
8.164168e+00   3.574556e+08   1.034869e+00
8.239786e+00   3.600166e+08   1.034838e+00
8.316104e+00   3.626292e+08   1.034797e+00
8.393129e+00   3.652926e+08   1.034749e+00
8.470868e+00   3.680057e+08   1.034696e+00
8.549327e+00   3.707676e+08   1.034637e+00
8.628513e+00   3.735773e+08   1.034576e+00
8.708431e+00   3.764336e+08   1.034513e+00
8.789091e+00   3.793354e+08   1.034451e+00
8.870497e+00   3.822816e+08   1.034389e+00
8.952657e+00   3.852710e+08   1.034331e+00
9.035578e+00   3.883022e+08   1.034277e+00
9.119268e+00   3.913741e+08   1.034222e+00
9.203732e+00   3.944851e+08   1.034166e+00
9.288979e+00   3.976340e+08   1.034108e+00
9.375015e+00   4.008193e+08   1.034049e+00
9.461848e+00   4.040394e+08   1.033989e+00
9.549486e+00   4.072929e+08   1.033927e+00
9.637935e+00   4.105779e+08   1.033864e+00
9.727203e+00   4.138930e+08   1.033799e+00
9.817298e+00   4.172362e+08   1.033734e+00
9.908228e+00   4.206059e+08   1.033667e+00
1.000000e+01   4.240000e+08   1.033600e+00
