# B11 + d > Be9 + a   [B11_d__Be9_a]   ref=TALYS2, Koning et al. 2023
# detailed balance: alpha=1.4459 beta=0 gamma=-93.197  Q=8.0311
# T9                 rate                error
1.000000e-03   1.000000e-35   1.000000e+02
1.009262e-03   1.021556e-35   1.000000e+02
1.018610e-03   1.043363e-35   1.000000e+02
1.028045e-03   1.065431e-35   1.000000e+02
1.037567e-03   1.087774e-35   1.000000e+02
1.047177e-03   1.110405e-35   1.000000e+02
1.056876e-03   1.133339e-35   1.000000e+02
1.066665e-03   1.156590e-35   1.000000e+02
1.076545e-03   1.180177e-35   1.000000e+02
1.086516e-03   1.204118e-35   1.000000e+02
1.096579e-03   1.228431e-35   1.000000e+02
1.106736e-03   1.253138e-35   1.000000e+02
1.116987e-03   1.278261e-35   1.000000e+02
1.127333e-03   1.303823e-35   1.000000e+02
1.137774e-03   1.329849e-35   1.000000e+02
1.148312e-03   1.356367e-35   1.000000e+02
1.158948e-03   1.383404e-35   1.000000e+02
1.169683e-03   1.410991e-35   1.000000e+02
1.180517e-03   1.439158e-35   1.000000e+02
1.191451e-03   1.467940e-35   1.000000e+02
1.202486e-03   1.497373e-35   1.000000e+02
1.213624e-03   1.527494e-35   1.000000e+02
1.224865e-03   1.558342e-35   1.000000e+02
1.236210e-03   1.589960e-35   1.000000e+02
1.247660e-03   1.622393e-35   1.000000e+02
1.259216e-03   1.655687e-35   1.000000e+02
1.270879e-03   1.689893e-35   1.000000e+02
1.282650e-03   1.725062e-35   1.000000e+02
1.294530e-03   1.761251e-35   1.000000e+02
1.306520e-03   1.798518e-35   1.000000e+02
1.318621e-03   1.836925e-35   1.000000e+02
1.330835e-03   1.876539e-35   1.000000e+02
1.343161e-03   1.917428e-35   1.000000e+02
1.355602e-03   1.959668e-35   1.000000e+02
1.368158e-03   2.003335e-35   1.000000e+02
1.380830e-03   2.048513e-35   1.000000e+02
1.393619e-03   2.095289e-35   1.000000e+02
1.406527e-03   2.143756e-35   1.000000e+02
1.419555e-03   2.194013e-35   1.000000e+02
1.432703e-03   2.246166e-35   1.000000e+02
1.445973e-03   2.300324e-35   1.000000e+02
1.459366e-03   2.356608e-35   1.000000e+02
1.472883e-03   2.415141e-35   1.000000e+02
1.486525e-03   2.476059e-35   1.000000e+02
1.500293e-03   2.539503e-35   1.000000e+02
1.514189e-03   2.605626e-35   1.000000e+02
1.528214e-03   2.674589e-35   1.000000e+02
1.542369e-03   2.746565e-35   1.000000e+02
1.556654e-03   2.821738e-35   1.000000e+02
1.571072e-03   2.900305e-35   1.000000e+02
1.585624e-03   2.982476e-35   1.000000e+02
1.600310e-03   3.068475e-35   1.000000e+02
1.615133e-03   3.158543e-35   1.000000e+02
1.630092e-03   3.252939e-35   1.000000e+02
1.645191e-03   3.351936e-35   1.000000e+02
1.660429e-03   3.455833e-35   1.000000e+02
1.675808e-03   3.564946e-35   1.000000e+02
1.691330e-03   3.679616e-35   1.000000e+02
1.706995e-03   3.800209e-35   1.000000e+02
1.722805e-03   3.927121e-35   1.000000e+02
1.738762e-03   4.060774e-35   1.000000e+02
1.754867e-03   4.201626e-35   1.000000e+02
1.771121e-03   4.350168e-35   1.000000e+02
1.787526e-03   4.506932e-35   1.000000e+02
1.804082e-03   4.672490e-35   1.000000e+02
1.820792e-03   4.847462e-35   1.000000e+02
1.837656e-03   5.032516e-35   1.000000e+02
1.854677e-03   5.228376e-35   1.000000e+02
1.871855e-03   5.435826e-35   1.000000e+02
1.889193e-03   5.655715e-35   1.000000e+02
1.906691e-03   5.888962e-35   1.000000e+02
1.924351e-03   6.136568e-35   1.000000e+02
1.942175e-03   6.399618e-35   1.000000e+02
1.960163e-03   6.679291e-35   1.000000e+02
1.978319e-03   6.976871e-35   1.000000e+02
1.996642e-03   7.293754e-35   1.000000e+02
2.015136e-03   7.631464e-35   1.000000e+02
2.033800e-03   7.991660e-35   1.000000e+02
2.052638e-03   8.376156e-35   1.000000e+02
2.071650e-03   8.786932e-35   1.000000e+02
2.090838e-03   9.226154e-35   1.000000e+02
2.110203e-03   9.696191e-35   1.000000e+02
2.129749e-03   1.019964e-34   1.000000e+02
2.149475e-03   1.073935e-34   1.000000e+02
2.169384e-03   1.131844e-34   1.000000e+02
2.189477e-03   1.194034e-34   1.000000e+02
2.209756e-03   1.260883e-34   1.000000e+02
2.230223e-03   1.332806e-34   1.000000e+02
2.250880e-03   1.410260e-34   1.000000e+02
2.271728e-03   1.493749e-34   1.000000e+02
2.292769e-03   1.583830e-34   1.000000e+02
2.314005e-03   1.681117e-34   1.000000e+02
2.335438e-03   1.786292e-34   1.000000e+02
2.357069e-03   1.900105e-34   1.000000e+02
2.378901e-03   2.023391e-34   1.000000e+02
2.400935e-03   2.157075e-34   1.000000e+02
2.423173e-03   2.302184e-34   1.000000e+02
2.445617e-03   2.459860e-34   1.000000e+02
2.468268e-03   2.631373e-34   1.000000e+02
2.491130e-03   2.818139e-34   1.000000e+02
2.514203e-03   3.021734e-34   1.000000e+02
2.537490e-03   3.243920e-34   1.000000e+02
2.560993e-03   3.486667e-34   1.000000e+02
2.584714e-03   3.752176e-34   1.000000e+02
2.608654e-03   4.042914e-34   1.000000e+02
2.632815e-03   4.361648e-34   1.000000e+02
2.657201e-03   4.711482e-34   1.000000e+02
2.681813e-03   5.095908e-34   1.000000e+02
2.706652e-03   5.518854e-34   1.000000e+02
2.731722e-03   5.984743e-34   1.000000e+02
2.757023e-03   6.498568e-34   1.000000e+02
2.782559e-03   7.065965e-34   1.000000e+02
2.808332e-03   7.693309e-34   1.000000e+02
2.834343e-03   8.387814e-34   1.000000e+02
2.860596e-03   9.157662e-34   1.000000e+02
2.887091e-03   1.001213e-33   1.000000e+02
2.913832e-03   1.096178e-33   1.000000e+02
2.940820e-03   1.201861e-33   1.000000e+02
2.968059e-03   1.319630e-33   1.000000e+02
2.995549e-03   1.451045e-33   1.000000e+02
3.023295e-03   1.597897e-33   1.000000e+02
3.051297e-03   1.762283e-33   1.000000e+02
3.079559e-03   1.946644e-33   1.000000e+02
3.108082e-03   2.153807e-33   1.000000e+02
3.136870e-03   2.387049e-33   1.000000e+02
3.165924e-03   2.650180e-33   1.000000e+02
3.195248e-03   2.947637e-33   1.000000e+02
3.224842e-03   3.284597e-33   1.000000e+02
3.254712e-03   3.667117e-33   1.000000e+02
3.284857e-03   4.102299e-33   1.000000e+02
3.315282e-03   4.598483e-33   1.000000e+02
3.345989e-03   5.165493e-33   1.000000e+02
3.376980e-03   5.814924e-33   1.000000e+02
3.408259e-03   6.560490e-33   1.000000e+02
3.439826e-03   7.418459e-33   1.000000e+02
3.471687e-03   8.408167e-33   1.000000e+02
3.503842e-03   9.552659e-33   1.000000e+02
3.536296e-03   1.087947e-32   1.000000e+02
3.569049e-03   1.242157e-32   1.000000e+02
3.602107e-03   1.421856e-32   1.000000e+02
3.635470e-03   1.631814e-32   1.000000e+02
3.669142e-03   1.877787e-32   1.000000e+02
3.703127e-03   2.166745e-32   1.000000e+02
3.737426e-03   2.507149e-32   1.000000e+02
3.772042e-03   2.909300e-32   1.000000e+02
3.806980e-03   3.385773e-32   1.000000e+02
3.842241e-03   3.951966e-32   1.000000e+02
3.877828e-03   4.626790e-32   1.000000e+02
3.913746e-03   5.433538e-32   1.000000e+02
3.949995e-03   6.400988e-32   1.000000e+02
3.986581e-03   7.564804e-32   1.000000e+02
4.023506e-03   8.969294e-32   1.000000e+02
4.060772e-03   1.066919e-31   1.000000e+02
4.098384e-03   1.273225e-31   1.000000e+02
4.136344e-03   1.524289e-31   1.000000e+02
4.174655e-03   1.830651e-31   1.000000e+02
4.213322e-03   2.205503e-31   1.000000e+02
4.252346e-03   2.665393e-31   1.000000e+02
4.291732e-03   3.231127e-31   1.000000e+02
4.331483e-03   3.928928e-31   1.000000e+02
4.371602e-03   4.791911e-31   1.000000e+02
4.412093e-03   5.862003e-31   1.000000e+02
4.452959e-03   7.192396e-31   1.000000e+02
4.494203e-03   8.850731e-31   1.000000e+02
4.535829e-03   1.092321e-30   1.000000e+02
4.577841e-03   1.351995e-30   1.000000e+02
4.620241e-03   1.678190e-30   1.000000e+02
4.663035e-03   2.088989e-30   1.000000e+02
4.706225e-03   2.607641e-30   1.000000e+02
4.749815e-03   3.264104e-30   1.000000e+02
4.793808e-03   4.097060e-30   1.000000e+02
4.838210e-03   5.156565e-30   1.000000e+02
4.883022e-03   6.507534e-30   1.000000e+02
4.928250e-03   8.234320e-30   1.000000e+02
4.973896e-03   1.044677e-29   1.000000e+02
5.019965e-03   1.328825e-29   1.000000e+02
5.066461e-03   1.694653e-29   1.000000e+02
5.113388e-03   2.166840e-29   1.000000e+02
5.160749e-03   2.777874e-29   1.000000e+02
5.208549e-03   3.570626e-29   1.000000e+02
5.256791e-03   4.601811e-29   1.000000e+02
5.305481e-03   5.946649e-29   1.000000e+02
5.354621e-03   7.705152e-29   1.000000e+02
5.404216e-03   1.001065e-28   1.000000e+02
5.454271e-03   1.304132e-28   1.000000e+02
5.504790e-03   1.703592e-28   1.000000e+02
5.555776e-03   2.231522e-28   1.000000e+02
5.607235e-03   2.931127e-28   1.000000e+02
5.659170e-03   3.860755e-28   1.000000e+02
5.711586e-03   5.099418e-28   1.000000e+02
5.764488e-03   6.754391e-28   1.000000e+02
5.817880e-03   8.971715e-28   1.000000e+02
5.871766e-03   1.195074e-27   1.000000e+02
5.926152e-03   1.596433e-27   1.000000e+02
5.981041e-03   2.138700e-27   1.000000e+02
6.036439e-03   2.873425e-27   1.000000e+02
6.092349e-03   3.871937e-27   1.000000e+02
6.148778e-03   5.233291e-27   1.000000e+02
6.205729e-03   7.095449e-27   1.000000e+02
6.263207e-03   9.651244e-27   1.000000e+02
6.321218e-03   1.317120e-26   1.000000e+02
6.379767e-03   1.803624e-26   1.000000e+02
6.438857e-03   2.478481e-26   1.000000e+02
6.498495e-03   3.418096e-26   1.000000e+02
6.558686e-03   4.731315e-26   1.000000e+02
6.619433e-03   6.573835e-26   1.000000e+02
6.680744e-03   9.169276e-26   1.000000e+02
6.742622e-03   1.284017e-25   1.000000e+02
6.805074e-03   1.805370e-25   1.000000e+02
6.868104e-03   2.548949e-25   1.000000e+02
6.931717e-03   3.614067e-25   1.000000e+02
6.995920e-03   5.146490e-25   1.000000e+02
7.060718e-03   7.360874e-25   1.000000e+02
7.126115e-03   1.057286e-24   1.000000e+02
7.192119e-03   1.524817e-24   1.000000e+02
7.258734e-03   2.207609e-24   1.000000e+02
7.325965e-03   3.207914e-24   1.000000e+02
7.393820e-03   4.677744e-24   1.000000e+02
7.462303e-03   6.843535e-24   1.000000e+02
7.531420e-03   1.004320e-23   1.000000e+02
7.601178e-03   1.478182e-23   1.000000e+02
7.671581e-03   2.181551e-23   1.000000e+02
7.742637e-03   3.227761e-23   1.000000e+02
7.814351e-03   4.786885e-23   1.000000e+02
7.886729e-03   7.114385e-23   1.000000e+02
7.959777e-03   1.059428e-22   1.000000e+02
8.033502e-03   1.580453e-22   1.000000e+02
8.107910e-03   2.362939e-22   1.000000e+02
8.183007e-03   3.544562e-22   1.000000e+02
8.258799e-03   5.340788e-22   1.000000e+02
8.335294e-03   8.092351e-22   1.000000e+02
8.412497e-03   1.234424e-21   1.000000e+02
8.490415e-03   1.897876e-21   1.000000e+02
8.569055e-03   2.944280e-21   1.000000e+02
8.648423e-03   4.614151e-21   1.000000e+02
8.728527e-03   7.313070e-21   1.000000e+02
8.809372e-03   1.173536e-20   1.000000e+02
8.890966e-03   1.908869e-20   1.000000e+02
8.973316e-03   3.150880e-20   1.000000e+02
9.056428e-03   5.282336e-20   1.000000e+02
9.140311e-03   8.971156e-20   1.000000e+02
9.224970e-03   1.536270e-19   1.000000e+02
9.310413e-03   2.640209e-19   1.000000e+02
9.396648e-03   4.532259e-19   1.000000e+02
9.483682e-03   7.734842e-19   1.000000e+02
9.571522e-03   1.306180e-18   1.000000e+02
9.660175e-03   2.172319e-18   1.000000e+02
9.749649e-03   3.541343e-18   1.000000e+02
9.839952e-03   5.632363e-18   1.000000e+02
9.931092e-03   8.698531e-18   1.000000e+02
1.002308e-02   1.298372e-17   1.000000e+02
1.011591e-02   1.869924e-17   1.000000e+02
1.020961e-02   2.609369e-17   1.000000e+02
1.030417e-02   3.545198e-17   1.000000e+02
1.039961e-02   4.712441e-17   1.000000e+02
1.049593e-02   6.158270e-17   1.000000e+02
1.059315e-02   7.950340e-17   1.000000e+02
1.069126e-02   1.018905e-16   1.000000e+02
1.079029e-02   1.302597e-16   1.000000e+02
1.089023e-02   1.669249e-16   1.000000e+02
1.099110e-02   2.154638e-16   1.000000e+02
1.109290e-02   2.812724e-16   1.000000e+02
1.119564e-02   3.712958e-16   1.000000e+02
1.129934e-02   4.948829e-16   1.000000e+02
1.140400e-02   6.650032e-16   1.000000e+02
1.150962e-02   8.995662e-16   1.000000e+02
1.161623e-02   1.223151e-15   1.000000e+02
1.172382e-02   1.669220e-15   1.000000e+02
1.183241e-02   2.282881e-15   1.000000e+02
1.194200e-02   3.124195e-15   1.000000e+02
1.205261e-02   4.272112e-15   1.000000e+02
1.216424e-02   5.833780e-15   1.000000e+02
1.227691e-02   7.958468e-15   1.000000e+02
1.239062e-02   1.085102e-14   1.000000e+02
1.250539e-02   1.479320e-14   1.000000e+02
1.262121e-02   2.017411e-14   1.000000e+02
1.273811e-02   2.753319e-14   1.000000e+02
1.285610e-02   3.762165e-14   1.000000e+02
1.297517e-02   5.149060e-14   1.000000e+02
1.309535e-02   7.061466e-14   1.000000e+02
1.321664e-02   9.703875e-14   1.000000e+02
1.333906e-02   1.336016e-13   1.000000e+02
1.346261e-02   1.842580e-13   1.000000e+02
1.358730e-02   2.545199e-13   1.000000e+02
1.371315e-02   3.520708e-13   1.000000e+02
1.384016e-02   4.876221e-13   1.000000e+02
1.396835e-02   6.761052e-13   1.000000e+02
1.409773e-02   9.383395e-13   1.000000e+02
1.422830e-02   1.303474e-12   1.000000e+02
1.436009e-02   1.812363e-12   1.000000e+02
1.449310e-02   2.522278e-12   1.000000e+02
1.462733e-02   3.513582e-12   1.000000e+02
1.476281e-02   4.899150e-12   1.000000e+02
1.489955e-02   6.837688e-12   1.000000e+02
1.503755e-02   9.552564e-12   1.000000e+02
1.517683e-02   1.335828e-11   1.000000e+02
1.531740e-02   1.869768e-11   1.000000e+02
1.545928e-02   2.619486e-11   1.000000e+02
1.560246e-02   3.672998e-11   1.000000e+02
1.574698e-02   5.154502e-11   1.000000e+02
1.589283e-02   7.239343e-11   1.000000e+02
1.604003e-02   1.017520e-10   1.000000e+02
1.618860e-02   1.431195e-10   1.000000e+02
1.633854e-02   2.014377e-10   1.000000e+02
1.648987e-02   2.836879e-10   1.000000e+02
1.664260e-02   3.997349e-10   1.000000e+02
1.679675e-02   5.635169e-10   1.000000e+02
1.695232e-02   7.947275e-10   1.000000e+02
1.710934e-02   1.121188e-09   1.000000e+02
1.726781e-02   1.582197e-09   1.000000e+02
1.742775e-02   2.233247e-09   1.000000e+02
1.758917e-02   3.152681e-09   1.000000e+02
1.775208e-02   4.451054e-09   1.000000e+02
1.791650e-02   6.284318e-09   1.000000e+02
1.808245e-02   8.872354e-09   1.000000e+02
1.824993e-02   1.252542e-08   1.000000e+02
1.841897e-02   1.768150e-08   1.000000e+02
1.858957e-02   2.495866e-08   1.000000e+02
1.876175e-02   3.522898e-08   1.000000e+02
1.893552e-02   4.972301e-08   1.000000e+02
1.911091e-02   7.017697e-08   1.000000e+02
1.928792e-02   9.904065e-08   1.000000e+02
1.946656e-02   1.397705e-07   1.000000e+02
1.964687e-02   1.972433e-07   1.000000e+02
1.982884e-02   2.783400e-07   1.000000e+02
2.001250e-02   3.927687e-07   1.000000e+02
2.019786e-02   5.542047e-07   1.000000e+02
2.038493e-02   7.818133e-07   1.000000e+02
2.057374e-02   1.102430e-06   1.000000e+02
2.076430e-02   1.553565e-06   1.000000e+02
2.095662e-02   2.187531e-06   1.000000e+02
2.115073e-02   3.077095e-06   1.000000e+02
2.134663e-02   4.323198e-06   1.000000e+02
2.154435e-02   6.065443e-06   1.000000e+02
2.174389e-02   8.496278e-06   1.000000e+02
2.194529e-02   1.188008e-05   1.000000e+02
2.214855e-02   1.657868e-05   1.000000e+02
2.235370e-02   2.308533e-05   1.000000e+02
2.256074e-02   3.206960e-05   1.000000e+02
2.276970e-02   4.443630e-05   1.000000e+02
2.298060e-02   6.140233e-05   1.000000e+02
2.319345e-02   8.459601e-05   1.000000e+02
2.340827e-02   1.161846e-04   1.000000e+02
2.362508e-02   1.590365e-04   1.000000e+02
2.384390e-02   2.169253e-04   1.000000e+02
2.406475e-02   2.947840e-04   1.000000e+02
2.428764e-02   3.990195e-04   1.000000e+02
2.451260e-02   5.378932e-04   1.000000e+02
2.473964e-02   7.219807e-04   1.000000e+02
2.496878e-02   9.647132e-04   1.000000e+02
2.520005e-02   1.283067e-03   1.000000e+02
2.543346e-02   1.698770e-03   1.000000e+02
2.566903e-02   2.239512e-03   1.000000e+02
2.590678e-02   2.940397e-03   1.000000e+02
2.614673e-02   3.845850e-03   1.000000e+02
2.638891e-02   5.012016e-03   1.000000e+02
2.663333e-02   6.509780e-03   1.000000e+02
2.688001e-02   8.428570e-03   1.000000e+02
2.712898e-02   1.088116e-02   1.000000e+02
2.738025e-02   1.400975e-02   1.000000e+02
2.763385e-02   1.799364e-02   1.000000e+02
2.788980e-02   2.305906e-02   1.000000e+02
2.814812e-02   2.949156e-02   1.000000e+02
2.840884e-02   3.765198e-02   1.000000e+02
2.867196e-02   4.799671e-02   1.000000e+02
2.893753e-02   6.110388e-02   1.000000e+02
2.920556e-02   7.770695e-02   1.000000e+02
2.947606e-02   9.873807e-02   1.000000e+02
2.974908e-02   1.253843e-01   1.000000e+02
3.002462e-02   1.591605e-01   1.000000e+02
3.030271e-02   2.019453e-01   1.000000e+02
3.058338e-02   2.558714e-01   1.000000e+02
3.086665e-02   3.233755e-01   1.000000e+02
3.115254e-02   4.071914e-01   1.000000e+02
3.144108e-02   5.102748e-01   1.000000e+02
3.173230e-02   6.356705e-01   1.000000e+02
3.202621e-02   7.863046e-01   1.000000e+02
3.232284e-02   9.646916e-01   1.000000e+02
3.262222e-02   1.172556e+00   1.000000e+02
3.292437e-02   1.410373e+00   1.000000e+02
3.322933e-02   1.676866e+00   1.000000e+02
3.353710e-02   1.968498e+00   1.000000e+02
3.384773e-02   2.279040e+00   1.000000e+02
3.416123e-02   2.599307e+00   1.000000e+02
3.447764e-02   2.917159e+00   1.000000e+02
3.479698e-02   3.217865e+00   1.000000e+02
3.511928e-02   3.484891e+00   1.000000e+02
3.544456e-02   3.701113e+00   1.000000e+02
3.577285e-02   3.850397e+00   1.000000e+02
3.610419e-02   3.919378e+00   1.000000e+02
3.643859e-02   3.899198e+00   1.000000e+02
3.677609e-02   3.786940e+00   1.000000e+02
3.711672e-02   3.586450e+00   1.000000e+02
3.746050e-02   3.308358e+00   1.000000e+02
3.780747e-02   2.969205e+00   1.000000e+02
3.815765e-02   2.589737e+00   1.000000e+02
3.851107e-02   2.192641e+00   1.000000e+02
3.886777e-02   1.800048e+00   1.000000e+02
3.922777e-02   1.431243e+00   1.000000e+02
3.959110e-02   1.100941e+00   1.000000e+02
3.995780e-02   8.183593e-01   1.000000e+02
4.032790e-02   5.874866e-01   1.000000e+02
4.070142e-02   4.083248e-01   1.000000e+02
4.107841e-02   2.757505e-01   1.000000e+02
4.145888e-02   1.815845e-01   1.000000e+02
4.184289e-02   1.170154e-01   1.000000e+02
4.223044e-02   7.405555e-02   1.000000e+02
4.262159e-02   4.619260e-02   1.000000e+02
4.301636e-02   2.849946e-02   1.000000e+02
4.341478e-02   1.745419e-02   1.000000e+02
4.381690e-02   1.064905e-02   1.000000e+02
4.422274e-02   6.495600e-03   1.000000e+02
4.463234e-02   3.975343e-03   1.000000e+02
4.504573e-02   2.449774e-03   1.000000e+02
4.546295e-02   1.525537e-03   1.000000e+02
4.588404e-02   9.634172e-04   1.000000e+02
4.630903e-02   6.192274e-04   1.000000e+02
4.673795e-02   4.065176e-04   1.000000e+02
4.717085e-02   2.735592e-04   1.000000e+02
4.760775e-02   1.893719e-04   1.000000e+02
4.804870e-02   1.353384e-04   1.000000e+02
4.849374e-02   1.002115e-04   1.000000e+02
4.894290e-02   7.715323e-05   1.000000e+02
4.939622e-02   6.198409e-05   1.000000e+02
4.985373e-02   5.214889e-05   1.000000e+02
5.031549e-02   4.609343e-05   1.000000e+02
5.078152e-02   4.276648e-05   1.000000e+02
5.125187e-02   4.151429e-05   1.000000e+02
5.172657e-02   4.202083e-05   1.000000e+02
5.220568e-02   4.420258e-05   1.000000e+02
5.268921e-02   4.816036e-05   1.000000e+02
5.317723e-02   5.416692e-05   1.000000e+02
5.366977e-02   6.267928e-05   1.000000e+02
5.416687e-02   7.437080e-05   1.000000e+02
5.466857e-02   9.018050e-05   1.000000e+02
5.517492e-02   1.113776e-04   1.000000e+02
5.568596e-02   1.396371e-04   1.000000e+02
5.620174e-02   1.771189e-04   1.000000e+02
5.672229e-02   2.265341e-04   1.000000e+02
5.724766e-02   2.911720e-04   1.000000e+02
5.777790e-02   3.748489e-04   1.000000e+02
5.831305e-02   4.817222e-04   1.000000e+02
5.885316e-02   6.159053e-04   1.000000e+02
5.939827e-02   7.808207e-04   1.000000e+02
5.994843e-02   9.782545e-04   1.000000e+02
6.050368e-02   1.207804e-03   1.000000e+02
6.106408e-02   1.469692e-03   1.000000e+02
6.162966e-02   1.764406e-03   1.000000e+02
6.220049e-02   2.092038e-03   1.000000e+02
6.277660e-02   2.452432e-03   1.000000e+02
6.335805e-02   2.845363e-03   1.000000e+02
6.394488e-02   3.270762e-03   1.000000e+02
6.453715e-02   3.728960e-03   1.000000e+02
6.513491e-02   4.220961e-03   1.000000e+02
6.573820e-02   4.748722e-03   1.000000e+02
6.634708e-02   5.315463e-03   1.000000e+02
6.696160e-02   5.925998e-03   1.000000e+02
6.758181e-02   6.587113e-03   1.000000e+02
6.820777e-02   7.308007e-03   1.000000e+02
6.883952e-02   8.100843e-03   1.000000e+02
6.947713e-02   8.981440e-03   1.000000e+02
7.012064e-02   9.970173e-03   1.000000e+02
7.077011e-02   1.108895e-02   1.000000e+02
7.142559e-02   1.235417e-02   1.000000e+02
7.208715e-02   1.378232e-02   1.000000e+02
7.275484e-02   1.539101e-02   1.000000e+02
7.342870e-02   1.719878e-02   1.000000e+02
7.410882e-02   1.922491e-02   1.000000e+02
7.479523e-02   2.148905e-02   1.000000e+02
7.548799e-02   2.401079e-02   1.000000e+02
7.618718e-02   2.680910e-02   1.000000e+02
7.689284e-02   2.990162e-02   1.000000e+02
7.760503e-02   3.330381e-02   1.000000e+02
7.832383e-02   3.702799e-02   1.000000e+02
7.904928e-02   4.108218e-02   1.000000e+02
7.978145e-02   4.546885e-02   1.000000e+02
8.052040e-02   5.018310e-02   1.000000e+02
8.126619e-02   5.520585e-02   1.000000e+02
8.201889e-02   6.050228e-02   1.000000e+02
8.277857e-02   6.602253e-02   1.000000e+02
8.354528e-02   7.170029e-02   1.000000e+02
8.431909e-02   7.745200e-02   1.000000e+02
8.510007e-02   8.317677e-02   1.000000e+02
8.588829e-02   8.875723e-02   1.000000e+02
8.668380e-02   9.406160e-02   1.000000e+02
8.748668e-02   9.894698e-02   1.000000e+02
8.829700e-02   1.032640e-01   1.000000e+02
8.911482e-02   1.068627e-01   1.000000e+02
8.994022e-02   1.095996e-01   1.000000e+02
9.077327e-02   1.113847e-01   1.000000e+02
9.161402e-02   1.123480e-01   1.000000e+02
9.246257e-02   1.127081e-01   1.000000e+02
9.331898e-02   1.126992e-01   1.000000e+02
9.418332e-02   1.125614e-01   1.000000e+02
9.505566e-02   1.125348e-01   1.000000e+02
9.593608e-02   1.128598e-01   1.000000e+02
9.682466e-02   1.137820e-01   1.000000e+02
9.772147e-02   1.155621e-01   1.000000e+02
9.862658e-02   1.184927e-01   1.000000e+02
9.954008e-02   1.229217e-01   1.000000e+02
1.004620e-01   1.292755e-01   1.000000e+02
1.013925e-01   1.378519e-01   1.000000e+02
1.023317e-01   1.487801e-01   1.000000e+02
1.032795e-01   1.622193e-01   1.000000e+02
1.042361e-01   1.783512e-01   1.000000e+02
1.052015e-01   1.973585e-01   1.000000e+02
1.061759e-01   2.193975e-01   1.000000e+02
1.071593e-01   2.445649e-01   1.000000e+02
1.081519e-01   2.728558e-01   1.000000e+02
1.091536e-01   3.041160e-01   1.000000e+02
1.101646e-01   3.379895e-01   1.000000e+02
1.111850e-01   3.740978e-01   1.000000e+02
1.122148e-01   4.124903e-01   1.000000e+02
1.132541e-01   4.533353e-01   1.000000e+02
1.143031e-01   4.968588e-01   1.000000e+02
1.153618e-01   5.433562e-01   1.000000e+02
1.164303e-01   5.932052e-01   1.000000e+02
1.175087e-01   6.468813e-01   1.000000e+02
1.185971e-01   7.049756e-01   1.000000e+02
1.196956e-01   7.682169e-01   1.000000e+02
1.208042e-01   8.374624e-01   1.000000e+02
1.219231e-01   9.133712e-01   1.000000e+02
1.230524e-01   9.964560e-01   1.000000e+02
1.241921e-01   1.087239e+00   1.000000e+02
1.253424e-01   1.186247e+00   1.000000e+02
1.265034e-01   1.294004e+00   1.000000e+02
1.276751e-01   1.411021e+00   1.000000e+02
1.288576e-01   1.537788e+00   1.000000e+02
1.300511e-01   1.674755e+00   1.000000e+02
1.312557e-01   1.822331e+00   1.000000e+02
1.324714e-01   1.980892e+00   1.000000e+02
1.336984e-01   2.150750e+00   1.000000e+02
1.349367e-01   2.332126e+00   1.000000e+02
1.361865e-01   2.525139e+00   1.000000e+02
1.374479e-01   2.729780e+00   1.000000e+02
1.387210e-01   2.945893e+00   1.000000e+02
1.400058e-01   3.173152e+00   1.000000e+02
1.413026e-01   3.411462e+00   1.000000e+02
1.426114e-01   3.662403e+00   1.000000e+02
1.439323e-01   3.928432e+00   1.000000e+02
1.452654e-01   4.212615e+00   1.000000e+02
1.466109e-01   4.518722e+00   1.000000e+02
1.479688e-01   4.851347e+00   1.000000e+02
1.493393e-01   5.216075e+00   1.000000e+02
1.507225e-01   5.619553e+00   1.000000e+02
1.521186e-01   6.066875e+00   1.000000e+02
1.535275e-01   6.560874e+00   1.000000e+02
1.549495e-01   7.104144e+00   1.000000e+02
1.563847e-01   7.699014e+00   1.000000e+02
1.578331e-01   8.347413e+00   1.000000e+02
1.592950e-01   9.050699e+00   1.000000e+02
1.607704e-01   9.809573e+00   1.000000e+02
1.622595e-01   1.062599e+01   1.000000e+02
1.637624e-01   1.150373e+01   1.000000e+02
1.652792e-01   1.244684e+01   1.000000e+02
1.668101e-01   1.345962e+01   1.000000e+02
1.683551e-01   1.454659e+01   1.000000e+02
1.699144e-01   1.571252e+01   1.000000e+02
1.714882e-01   1.696244e+01   1.000000e+02
1.730766e-01   1.830167e+01   1.000000e+02
1.746796e-01   1.973577e+01   1.000000e+02
1.762975e-01   2.127065e+01   1.000000e+02
1.779304e-01   2.291246e+01   1.000000e+02
1.795785e-01   2.466772e+01   1.000000e+02
1.812418e-01   2.654332e+01   1.000000e+02
1.829205e-01   2.854722e+01   1.000000e+02
1.846147e-01   3.068834e+01   1.000000e+02
1.863246e-01   3.297633e+01   1.000000e+02
1.880504e-01   3.542172e+01   1.000000e+02
1.897922e-01   3.803591e+01   1.000000e+02
1.915501e-01   4.083133e+01   1.000000e+02
1.933242e-01   4.382153e+01   1.000000e+02
1.951148e-01   4.702128e+01   1.000000e+02
1.969220e-01   5.044673e+01   1.000000e+02
1.987460e-01   5.411552e+01   1.000000e+02
2.005868e-01   5.804696e+01   1.000000e+02
2.024447e-01   6.226101e+01   1.000000e+02
2.043197e-01   6.677727e+01   1.000000e+02
2.062122e-01   7.161641e+01   1.000000e+02
2.081222e-01   7.680038e+01   1.000000e+02
2.100498e-01   8.235247e+01   1.000000e+02
2.119953e-01   8.829741e+01   1.000000e+02
2.139589e-01   9.466138e+01   1.000000e+02
2.159406e-01   1.014721e+02   1.000000e+02
2.179407e-01   1.087591e+02   1.000000e+02
2.199593e-01   1.165532e+02   1.000000e+02
2.219966e-01   1.248875e+02   1.000000e+02
2.240528e-01   1.337966e+02   1.000000e+02
2.261280e-01   1.433170e+02   1.000000e+02
2.282224e-01   1.534875e+02   1.000000e+02
2.303363e-01   1.643487e+02   1.000000e+02
2.324697e-01   1.759434e+02   1.000000e+02
2.346229e-01   1.883167e+02   1.000000e+02
2.367960e-01   2.015158e+02   1.000000e+02
2.389893e-01   2.155905e+02   1.000000e+02
2.412028e-01   2.305929e+02   1.000000e+02
2.434369e-01   2.465775e+02   1.000000e+02
2.456916e-01   2.636014e+02   1.000000e+02
2.479673e-01   2.817243e+02   1.000000e+02
2.502640e-01   3.010086e+02   1.000000e+02
2.525820e-01   3.215204e+02   1.000000e+02
2.549215e-01   3.433326e+02   1.000000e+02
2.572826e-01   3.665226e+02   1.000000e+02
2.596656e-01   3.911725e+02   1.000000e+02
2.620707e-01   4.173691e+02   1.000000e+02
2.644980e-01   4.452042e+02   1.000000e+02
2.669478e-01   4.747748e+02   1.000000e+02
2.694204e-01   5.061836e+02   1.000000e+02
2.719158e-01   5.395392e+02   1.000000e+02
2.744343e-01   5.749565e+02   1.000000e+02
2.769762e-01   6.125572e+02   1.000000e+02
2.795416e-01   6.524698e+02   1.000000e+02
2.821308e-01   6.948305e+02   1.000000e+02
2.847439e-01   7.397833e+02   1.000000e+02
2.873813e-01   7.874807e+02   1.000000e+02
2.900430e-01   8.380842e+02   1.000000e+02
2.927295e-01   8.917645e+02   1.000000e+02
2.954408e-01   9.487026e+02   1.000000e+02
2.981772e-01   1.009090e+03   1.000000e+02
3.009390e-01   1.073129e+03   1.000000e+02
3.037264e-01   1.141031e+03   1.000000e+02
3.065395e-01   1.213008e+03   1.000000e+02
3.093788e-01   1.289283e+03   1.000000e+02
3.122443e-01   1.370089e+03   1.000000e+02
3.151363e-01   1.455671e+03   1.000000e+02
3.180552e-01   1.546283e+03   1.000000e+02
3.210011e-01   1.642191e+03   1.000000e+02
3.239743e-01   1.743672e+03   1.000000e+02
3.269750e-01   1.851015e+03   1.000000e+02
3.300035e-01   1.964522e+03   1.000000e+02
3.330600e-01   2.084505e+03   1.000000e+02
3.361449e-01   2.211292e+03   1.000000e+02
3.392583e-01   2.345220e+03   1.000000e+02
3.424006e-01   2.486642e+03   1.000000e+02
3.455720e-01   2.635922e+03   1.000000e+02
3.487727e-01   2.793439e+03   1.000000e+02
3.520031e-01   2.959586e+03   1.000000e+02
3.552635e-01   3.134799e+03   1.000000e+02
3.585540e-01   3.319558e+03   1.000000e+02
3.618750e-01   3.514369e+03   1.000000e+02
3.652267e-01   3.719768e+03   1.000000e+02
3.686095e-01   3.936321e+03   1.000000e+02
3.720237e-01   4.164628e+03   1.000000e+02
3.754694e-01   4.405323e+03   1.000000e+02
3.789471e-01   4.659077e+03   1.000000e+02
3.824570e-01   4.926603e+03   1.000000e+02
3.859994e-01   5.208653e+03   1.000000e+02
3.895746e-01   5.506028e+03   1.000000e+02
3.931829e-01   5.819574e+03   1.000000e+02
3.968246e-01   6.150193e+03   1.000000e+02
4.005001e-01   6.498840e+03   1.000000e+02
4.042096e-01   6.866482e+03   1.000000e+02
4.079535e-01   7.254013e+03   1.000000e+02
4.117320e-01   7.662329e+03   1.000000e+02
4.155455e-01   8.092347e+03   1.000000e+02
4.193944e-01   8.545005e+03   1.000000e+02
4.232789e-01   9.021257e+03   1.000000e+02
4.271994e-01   9.522076e+03   1.000000e+02
4.311562e-01   1.004845e+04   1.000000e+02
4.351497e-01   1.060136e+04   1.000000e+02
4.391801e-01   1.118183e+04   1.000000e+02
4.432479e-01   1.179085e+04   1.000000e+02
4.473533e-01   1.242944e+04   1.000000e+02
4.514968e-01   1.309860e+04   1.000000e+02
4.556786e-01   1.379952e+04   1.000000e+02
4.598992e-01   1.453366e+04   1.000000e+02
4.641589e-01   1.530260e+04   1.000000e+02
4.684580e-01   1.610800e+04   1.000000e+02
4.727970e-01   1.695164e+04   1.000000e+02
4.771761e-01   1.783537e+04   1.000000e+02
4.815958e-01   1.876119e+04   1.000000e+02
4.860564e-01   1.973120e+04   1.000000e+02
4.905584e-01   2.074763e+04   1.000000e+02
4.951020e-01   2.181286e+04   1.000000e+02
4.996877e-01   2.292942e+04   1.000000e+02
5.043159e-01   2.409992e+04   1.000000e+02
5.089870e-01   2.532682e+04   1.000000e+02
5.137014e-01   2.661256e+04   1.000000e+02
5.184594e-01   2.795966e+04   1.000000e+02
5.232614e-01   2.937074e+04   1.000000e+02
5.281080e-01   3.084850e+04   1.000000e+02
5.329994e-01   3.239575e+04   1.000000e+02
5.379362e-01   3.401537e+04   1.000000e+02
5.429186e-01   3.571035e+04   1.000000e+02
5.479472e-01   3.748374e+04   1.000000e+02
5.530224e-01   3.933873e+04   1.000000e+02
5.581446e-01   4.127858e+04   1.000000e+02
5.633143e-01   4.330666e+04   1.000000e+02
5.685318e-01   4.542642e+04   1.000000e+02
5.737976e-01   4.764142e+04   1.000000e+02
5.791123e-01   4.995531e+04   1.000000e+02
5.844761e-01   5.237186e+04   1.000000e+02
5.898896e-01   5.489492e+04   1.000000e+02
5.953533e-01   5.752842e+04   1.000000e+02
6.008676e-01   6.027641e+04   1.000000e+02
6.064329e-01   6.314313e+04   1.000000e+02
6.120498e-01   6.613312e+04   1.000000e+02
6.177188e-01   6.925113e+04   1.000000e+02
6.234402e-01   7.250207e+04   1.000000e+02
6.292146e-01   7.589100e+04   1.000000e+02
6.350425e-01   7.942319e+04   1.000000e+02
6.409244e-01   8.310405e+04   1.000000e+02
6.468608e-01   8.693920e+04   1.000000e+02
6.528521e-01   9.093444e+04   1.000000e+02
6.588990e-01   9.509576e+04   1.000000e+02
6.650018e-01   9.942937e+04   1.000000e+02
6.711612e-01   1.039417e+05   1.000000e+02
6.773776e-01   1.086393e+05   1.000000e+02
6.836516e-01   1.135291e+05   1.000000e+02
6.899837e-01   1.186181e+05   1.000000e+02
6.963745e-01   1.239136e+05   1.000000e+02
7.028244e-01   1.294232e+05   1.000000e+02
7.093341e-01   1.351547e+05   1.000000e+02
7.159041e-01   1.411157e+05   1.000000e+02
7.225349e-01   1.473143e+05   1.000000e+02
7.292272e-01   1.537588e+05   1.000000e+02
7.359814e-01   1.604576e+05   1.000000e+02
7.427982e-01   1.674195e+05   1.000000e+02
7.496782e-01   1.746535e+05   1.000000e+02
7.566219e-01   1.821686e+05   1.000000e+02
7.636298e-01   1.899745e+05   1.000000e+02
7.707027e-01   1.980806e+05   1.000000e+02
7.778411e-01   2.064971e+05   1.000000e+02
7.850456e-01   2.152341e+05   1.000000e+02
7.923169e-01   2.243021e+05   1.000000e+02
7.996555e-01   2.337118e+05   1.000000e+02
8.070620e-01   2.434742e+05   1.000000e+02
8.145372e-01   2.536008e+05   1.000000e+02
8.220816e-01   2.641033e+05   1.000000e+02
8.296959e-01   2.749936e+05   1.000000e+02
8.373807e-01   2.862841e+05   1.000000e+02
8.451366e-01   2.979875e+05   1.000000e+02
8.529644e-01   3.101167e+05   1.000000e+02
8.608648e-01   3.226851e+05   1.000000e+02
8.688383e-01   3.357062e+05   1.000000e+02
8.768856e-01   3.491940e+05   1.000000e+02
8.850075e-01   3.631629e+05   1.000000e+02
8.932046e-01   3.776274e+05   1.000000e+02
9.014776e-01   3.926026e+05   1.000000e+02
9.098273e-01   4.081038e+05   1.000000e+02
9.182543e-01   4.241465e+05   1.000000e+02
9.267593e-01   4.407463e+05   1.000000e+02
9.353432e-01   4.579195e+05   1.000000e+02
9.440065e-01   4.756823e+05   1.000000e+02
9.527500e-01   4.940516e+05   1.000000e+02
9.615746e-01   5.130443e+05   1.000000e+02
9.704809e-01   5.326780e+05   1.000000e+02
9.794697e-01   5.529703e+05   1.000000e+02
9.885417e-01   5.739392e+05   1.000000e+02
9.976978e-01   5.956032e+05   1.000000e+02
1.006939e+00   6.179810e+05   1.000000e+02
1.016265e+00   6.410918e+05   1.000000e+02
1.025678e+00   6.649554e+05   1.000000e+02
1.035178e+00   6.895919e+05   1.000000e+02
1.044766e+00   7.150218e+05   1.000000e+02
1.054443e+00   7.412661e+05   1.000000e+02
1.064209e+00   7.683458e+05   1.000000e+02
1.074066e+00   7.962828e+05   1.000000e+02
1.084014e+00   8.250990e+05   1.000000e+02
1.094055e+00   8.548169e+05   1.000000e+02
1.104188e+00   8.854593e+05   1.000000e+02
1.114415e+00   9.170493e+05   1.000000e+02
1.124737e+00   9.496106e+05   1.000000e+02
1.135155e+00   9.831671e+05   1.000000e+02
1.145669e+00   1.017743e+06   1.000000e+02
1.156280e+00   1.053364e+06   1.000000e+02
1.166990e+00   1.090054e+06   1.000000e+02
1.177799e+00   1.127838e+06   1.000000e+02
1.188708e+00   1.166744e+06   1.000000e+02
1.199718e+00   1.206797e+06   1.000000e+02
1.210830e+00   1.248024e+06   1.000000e+02
1.222045e+00   1.290452e+06   1.000000e+02
1.233363e+00   1.334108e+06   1.000000e+02
1.244787e+00   1.379021e+06   1.000000e+02
1.256317e+00   1.425218e+06   1.000000e+02
1.267953e+00   1.472730e+06   1.000000e+02
1.279697e+00   1.521592e+06   1.000000e+02
1.291550e+00   1.571838e+06   1.000000e+02
1.303512e+00   1.623503e+06   1.000000e+02
1.315586e+00   1.676625e+06   1.000000e+02
1.327771e+00   1.731241e+06   1.000000e+02
1.340069e+00   1.787391e+06   1.000000e+02
1.352481e+00   1.845115e+06   1.000000e+02
1.365008e+00   1.904454e+06   1.000000e+02
1.377651e+00   1.965451e+06   1.000000e+02
1.390411e+00   2.028151e+06   1.000000e+02
1.403289e+00   2.092599e+06   1.000000e+02
1.416287e+00   2.158841e+06   1.000000e+02
1.429405e+00   2.226928e+06   1.000000e+02
1.442644e+00   2.296908e+06   1.000000e+02
1.456006e+00   2.368834e+06   1.000000e+02
1.469492e+00   2.442759e+06   1.000000e+02
1.483103e+00   2.518739e+06   1.000000e+02
1.496839e+00   2.596830e+06   1.000000e+02
1.510703e+00   2.677090e+06   1.000000e+02
1.524696e+00   2.759552e+06   1.000000e+02
1.538818e+00   2.844237e+06   1.000000e+02
1.553071e+00   2.931166e+06   1.000000e+02
1.567455e+00   3.020352e+06   1.000000e+02
1.581973e+00   3.111808e+06   1.000000e+02
1.596626e+00   3.205544e+06   1.000000e+02
1.611414e+00   3.301564e+06   1.000000e+02
1.626340e+00   3.399869e+06   1.000000e+02
1.641403e+00   3.500457e+06   1.000000e+02
1.656606e+00   3.603320e+06   1.000000e+02
1.671950e+00   3.708445e+06   1.000000e+02
1.687436e+00   3.815815e+06   1.000000e+02
1.703065e+00   3.925406e+06   1.000000e+02
1.718839e+00   4.037192e+06   1.000000e+02
1.734759e+00   4.151136e+06   1.000000e+02
1.750827e+00   4.267199e+06   1.000000e+02
1.767044e+00   4.385353e+06   1.000000e+02
1.783410e+00   4.505639e+06   1.000000e+02
1.799929e+00   4.628115e+06   1.000000e+02
1.816600e+00   4.752844e+06   1.000000e+02
1.833425e+00   4.879895e+06   1.000000e+02
1.850407e+00   5.009341e+06   1.000000e+02
1.867546e+00   5.141263e+06   1.000000e+02
1.884843e+00   5.275746e+06   1.000000e+02
1.902301e+00   5.412882e+06   1.000000e+02
1.919921e+00   5.552770e+06   1.000000e+02
1.937703e+00   5.695515e+06   1.000000e+02
1.955651e+00   5.841229e+06   1.000000e+02
1.973764e+00   5.990034e+06   1.000000e+02
1.992046e+00   6.142058e+06   1.000000e+02
2.010496e+00   6.297435e+06   1.000000e+02
2.029118e+00   6.456251e+06   1.000000e+02
2.047912e+00   6.618548e+06   1.000000e+02
2.066880e+00   6.784365e+06   1.000000e+02
2.086024e+00   6.953739e+06   1.000000e+02
2.105345e+00   7.126707e+06   1.000000e+02
2.124845e+00   7.303302e+06   1.000000e+02
2.144526e+00   7.483556e+06   1.000000e+02
2.164389e+00   7.667500e+06   1.000000e+02
2.184436e+00   7.855161e+06   1.000000e+02
2.204669e+00   8.046565e+06   1.000000e+02
2.225089e+00   8.241735e+06   1.000000e+02
2.245698e+00   8.440692e+06   1.000000e+02
2.266498e+00   8.643452e+06   1.000000e+02
2.287491e+00   8.850030e+06   1.000000e+02
2.308678e+00   9.060439e+06   1.000000e+02
2.330061e+00   9.274687e+06   1.000000e+02
2.351643e+00   9.492778e+06   1.000000e+02
2.373424e+00   9.714714e+06   1.000000e+02
2.395407e+00   9.940492e+06   1.000000e+02
2.417594e+00   1.017011e+07   1.000000e+02
2.439986e+00   1.040355e+07   1.000000e+02
2.462586e+00   1.064080e+07   1.000000e+02
2.485395e+00   1.088185e+07   1.000000e+02
2.508415e+00   1.112667e+07   1.000000e+02
2.531648e+00   1.137525e+07   1.000000e+02
2.555097e+00   1.162762e+07   1.000000e+02
2.578763e+00   1.188380e+07   1.000000e+02
2.602648e+00   1.214382e+07   1.000000e+02
2.626754e+00   1.240771e+07   1.000000e+02
2.651084e+00   1.267549e+07   1.000000e+02
2.675638e+00   1.294719e+07   1.000000e+02
2.700421e+00   1.322283e+07   1.000000e+02
2.725433e+00   1.350244e+07   1.000000e+02
2.750676e+00   1.378604e+07   1.000000e+02
2.776153e+00   1.407367e+07   1.000000e+02
2.801867e+00   1.436535e+07   1.000000e+02
2.827818e+00   1.466111e+07   1.000000e+02
2.854010e+00   1.496097e+07   1.000000e+02
2.880444e+00   1.526497e+07   1.000000e+02
2.907123e+00   1.557313e+07   1.000000e+02
2.934050e+00   1.588549e+07   1.000000e+02
2.961225e+00   1.620206e+07   1.000000e+02
2.988653e+00   1.652289e+07   1.000000e+02
3.016334e+00   1.684800e+07   1.000000e+02
3.044272e+00   1.717740e+07   1.000000e+02
3.072469e+00   1.751110e+07   1.000000e+02
3.100927e+00   1.784910e+07   1.000000e+02
3.129648e+00   1.819140e+07   1.000000e+02
3.158635e+00   1.853799e+07   1.000000e+02
3.187891e+00   1.888887e+07   1.000000e+02
3.217418e+00   1.924403e+07   1.000000e+02
3.247218e+00   1.960347e+07   1.000000e+02
3.277295e+00   1.996717e+07   1.000000e+02
3.307650e+00   2.033512e+07   1.000000e+02
3.338286e+00   2.070731e+07   1.000000e+02
3.369206e+00   2.108372e+07   1.000000e+02
3.400412e+00   2.146433e+07   1.000000e+02
3.431907e+00   2.184913e+07   1.000000e+02
3.463694e+00   2.223810e+07   1.000000e+02
3.495776e+00   2.263120e+07   1.000000e+02
3.528154e+00   2.302842e+07   1.000000e+02
3.560833e+00   2.342973e+07   1.000000e+02
3.593814e+00   2.383513e+07   1.000000e+02
3.627100e+00   2.424458e+07   1.000000e+02
3.660695e+00   2.465807e+07   1.000000e+02
3.694601e+00   2.507559e+07   1.000000e+02
3.728821e+00   2.549710e+07   1.000000e+02
3.763358e+00   2.592258e+07   1.000000e+02
3.798215e+00   2.635201e+07   1.000000e+02
3.833395e+00   2.678535e+07   1.000000e+02
3.868901e+00   2.722260e+07   1.000000e+02
3.904735e+00   2.766370e+07   1.000000e+02
3.940902e+00   2.810864e+07   1.000000e+02
3.977403e+00   2.855738e+07   1.000000e+02
4.014242e+00   2.900990e+07   1.000000e+02
4.051423e+00   2.946614e+07   1.000000e+02
4.088948e+00   2.992608e+07   1.000000e+02
4.126821e+00   3.038968e+07   1.000000e+02
4.165044e+00   3.085689e+07   1.000000e+02
4.203622e+00   3.132767e+07   1.000000e+02
4.242556e+00   3.180197e+07   1.000000e+02
4.281852e+00   3.227976e+07   1.000000e+02
4.321511e+00   3.276098e+07   1.000000e+02
4.361538e+00   3.324559e+07   1.000000e+02
4.401935e+00   3.373353e+07   1.000000e+02
4.442707e+00   3.422475e+07   1.000000e+02
4.483856e+00   3.471921e+07   1.000000e+02
4.525386e+00   3.521684e+07   1.000000e+02
4.567301e+00   3.571759e+07   1.000000e+02
4.609604e+00   3.622140e+07   1.000000e+02
4.652300e+00   3.672822e+07   1.000000e+02
4.695390e+00   3.723798e+07   1.000000e+02
4.738880e+00   3.775063e+07   1.000000e+02
4.782772e+00   3.826610e+07   1.000000e+02
4.827071e+00   3.878433e+07   1.000000e+02
4.871780e+00   3.930525e+07   1.000000e+02
4.916904e+00   3.982880e+07   1.000000e+02
4.962445e+00   4.035491e+07   1.000000e+02
5.008408e+00   4.088352e+07   1.000000e+02
5.054797e+00   4.141454e+07   1.000000e+02
5.101615e+00   4.194792e+07   1.000000e+02
5.148867e+00   4.248357e+07   1.000000e+02
5.196557e+00   4.302142e+07   1.000000e+02
5.244689e+00   4.356140e+07   1.000000e+02
5.293266e+00   4.410343e+07   1.000000e+02
5.342293e+00   4.464744e+07   1.000000e+02
5.391775e+00   4.519334e+07   1.000000e+02
5.441714e+00   4.574105e+07   1.000000e+02
5.492116e+00   4.629049e+07   1.000000e+02
5.542986e+00   4.684159e+07   1.000000e+02
5.594326e+00   4.739425e+07   1.000000e+02
5.646141e+00   4.794840e+07   1.000000e+02
5.698437e+00   4.850395e+07   1.000000e+02
5.751217e+00   4.906080e+07   1.000000e+02
5.804486e+00   4.961889e+07   1.000000e+02
5.858248e+00   5.017811e+07   1.000000e+02
5.912508e+00   5.073838e+07   1.000000e+02
5.967271e+00   5.129962e+07   1.000000e+02
6.022541e+00   5.186172e+07   1.000000e+02
6.078323e+00   5.242460e+07   1.000000e+02
6.134622e+00   5.298817e+07   1.000000e+02
6.191442e+00   5.355234e+07   1.000000e+02
6.248788e+00   5.411700e+07   1.000000e+02
6.306666e+00   5.468207e+07   1.000000e+02
6.365079e+00   5.524744e+07   1.000000e+02
6.424034e+00   5.581303e+07   1.000000e+02
6.483534e+00   5.637873e+07   1.000000e+02
6.543586e+00   5.694445e+07   1.000000e+02
6.604194e+00   5.751010e+07   1.000000e+02
6.665363e+00   5.807556e+07   1.000000e+02
6.727099e+00   5.864075e+07   1.000000e+02
6.789407e+00   5.920557e+07   1.000000e+02
6.852292e+00   5.976991e+07   1.000000e+02
6.915759e+00   6.033368e+07   1.000000e+02
6.979814e+00   6.089677e+07   1.000000e+02
7.044462e+00   6.145909e+07   1.000000e+02
7.109709e+00   6.202053e+07   1.000000e+02
7.175561e+00   6.258099e+07   1.000000e+02
7.242022e+00   6.314034e+07   1.000000e+02
7.309099e+00   6.369849e+07   1.000000e+02
7.376798e+00   6.425533e+07   1.000000e+02
7.445123e+00   6.481075e+07   1.000000e+02
7.514081e+00   6.536463e+07   1.000000e+02
7.583678e+00   6.591686e+07   1.000000e+02
7.653919e+00   6.646735e+07   1.000000e+02
7.724811e+00   6.701596e+07   1.000000e+02
7.796360e+00   6.756261e+07   1.000000e+02
7.868572e+00   6.810717e+07   1.000000e+02
7.941452e+00   6.864953e+07   1.000000e+02
8.015007e+00   6.918959e+07   1.000000e+02
8.089243e+00   6.972723e+07   1.000000e+02
8.164168e+00   7.026233e+07   1.000000e+02
8.239786e+00   7.079479e+07   1.000000e+02
8.316104e+00   7.132449e+07   1.000000e+02
8.393129e+00   7.185130e+07   1.000000e+02
8.470868e+00   7.237512e+07   1.000000e+02
8.549327e+00   7.289583e+07   1.000000e+02
8.628513e+00   7.341331e+07   1.000000e+02
8.708431e+00   7.392745e+07   1.000000e+02
8.789091e+00   7.443814e+07   1.000000e+02
8.870497e+00   7.494526e+07   1.000000e+02
8.952657e+00   7.544870e+07   1.000000e+02
9.035578e+00   7.594834e+07   1.000000e+02
9.119268e+00   7.644407e+07   1.000000e+02
9.203732e+00   7.693579e+07   1.000000e+02
9.288979e+00   7.742336e+07   1.000000e+02
9.375015e+00   7.790670e+07   1.000000e+02
9.461848e+00   7.838568e+07   1.000000e+02
9.549486e+00   7.886019e+07   1.000000e+02
9.637935e+00   7.933013e+07   1.000000e+02
9.727203e+00   7.979539e+07   1.000000e+02
9.817298e+00   8.025586e+07   1.000000e+02
9.908228e+00   8.071143e+07   1.000000e+02
1.000000e+01   8.116200e+07   1.000000e+02
