# C14 + p > N15 + g   [C14_p__N15_g]   ref=Iliadis et al. 2010
# detailed balance: alpha=9.0059e+09 beta=1.5 gamma=-118.452  Q=10.2074
# T9                 rate                error
1.000000e-03   1.000000e-35   1.000000e+02
1.009262e-03   1.002588e-35   1.000000e+02
1.018610e-03   1.005070e-35   1.000000e+02
1.028045e-03   1.007446e-35   1.000000e+02
1.037567e-03   1.009717e-35   1.000000e+02
1.047177e-03   1.011884e-35   1.000000e+02
1.056876e-03   1.013949e-35   1.000000e+02
1.066665e-03   1.015912e-35   1.000000e+02
1.076545e-03   1.017775e-35   1.000000e+02
1.086516e-03   1.019539e-35   1.000000e+02
1.096579e-03   1.021205e-35   1.000000e+02
1.106736e-03   1.022775e-35   1.000000e+02
1.116987e-03   1.024249e-35   1.000000e+02
1.127333e-03   1.025630e-35   1.000000e+02
1.137774e-03   1.026919e-35   1.000000e+02
1.148312e-03   1.028117e-35   1.000000e+02
1.158948e-03   1.029226e-35   1.000000e+02
1.169683e-03   1.030247e-35   1.000000e+02
1.180517e-03   1.031182e-35   1.000000e+02
1.191451e-03   1.032032e-35   1.000000e+02
1.202486e-03   1.032800e-35   1.000000e+02
1.213624e-03   1.033486e-35   1.000000e+02
1.224865e-03   1.034092e-35   1.000000e+02
1.236210e-03   1.034621e-35   1.000000e+02
1.247660e-03   1.035073e-35   1.000000e+02
1.259216e-03   1.035450e-35   1.000000e+02
1.270879e-03   1.035755e-35   1.000000e+02
1.282650e-03   1.035989e-35   1.000000e+02
1.294530e-03   1.036154e-35   1.000000e+02
1.306520e-03   1.036251e-35   1.000000e+02
1.318621e-03   1.036283e-35   1.000000e+02
1.330835e-03   1.036251e-35   1.000000e+02
1.343161e-03   1.036157e-35   1.000000e+02
1.355602e-03   1.036002e-35   1.000000e+02
1.368158e-03   1.035790e-35   1.000000e+02
1.380830e-03   1.035521e-35   1.000000e+02
1.393619e-03   1.035198e-35   1.000000e+02
1.406527e-03   1.034822e-35   1.000000e+02
1.419555e-03   1.034396e-35   1.000000e+02
1.432703e-03   1.033920e-35   1.000000e+02
1.445973e-03   1.033398e-35   1.000000e+02
1.459366e-03   1.032831e-35   1.000000e+02
1.472883e-03   1.032220e-35   1.000000e+02
1.486525e-03   1.031569e-35   1.000000e+02
1.500293e-03   1.030878e-35   1.000000e+02
1.514189e-03   1.030149e-35   1.000000e+02
1.528214e-03   1.029386e-35   1.000000e+02
1.542369e-03   1.028588e-35   1.000000e+02
1.556654e-03   1.027759e-35   1.000000e+02
1.571072e-03   1.026900e-35   1.000000e+02
1.585624e-03   1.026013e-35   1.000000e+02
1.600310e-03   1.025100e-35   1.000000e+02
1.615133e-03   1.024163e-35   1.000000e+02
1.630092e-03   1.023203e-35   1.000000e+02
1.645191e-03   1.022223e-35   1.000000e+02
1.660429e-03   1.021225e-35   1.000000e+02
1.675808e-03   1.020210e-35   1.000000e+02
1.691330e-03   1.019180e-35   1.000000e+02
1.706995e-03   1.018137e-35   1.000000e+02
1.722805e-03   1.017083e-35   1.000000e+02
1.738762e-03   1.016020e-35   1.000000e+02
1.754867e-03   1.014949e-35   1.000000e+02
1.771121e-03   1.013872e-35   1.000000e+02
1.787526e-03   1.012792e-35   1.000000e+02
1.804082e-03   1.011710e-35   1.000000e+02
1.820792e-03   1.010627e-35   1.000000e+02
1.837656e-03   1.009546e-35   1.000000e+02
1.854677e-03   1.008468e-35   1.000000e+02
1.871855e-03   1.007396e-35   1.000000e+02
1.889193e-03   1.006330e-35   1.000000e+02
1.906691e-03   1.005273e-35   1.000000e+02
1.924351e-03   1.004226e-35   1.000000e+02
1.942175e-03   1.003192e-35   1.000000e+02
1.960163e-03   1.002171e-35   1.000000e+02
1.978319e-03   1.001166e-35   1.000000e+02
1.996642e-03   1.000178e-35   1.000000e+02
2.015136e-03   9.992093e-36   1.000000e+02
2.033800e-03   9.982613e-36   1.000000e+02
2.052638e-03   9.973357e-36   1.000000e+02
2.071650e-03   9.964344e-36   1.000000e+02
2.090838e-03   9.955588e-36   1.000000e+02
2.110203e-03   9.947109e-36   1.000000e+02
2.129749e-03   9.938922e-36   1.000000e+02
2.149475e-03   9.931044e-36   1.000000e+02
2.169384e-03   9.923492e-36   1.000000e+02
2.189477e-03   9.916283e-36   1.000000e+02
2.209756e-03   9.909434e-36   1.000000e+02
2.230223e-03   9.902962e-36   1.000000e+02
2.250880e-03   9.896883e-36   1.000000e+02
2.271728e-03   9.891214e-36   1.000000e+02
2.292769e-03   9.885971e-36   1.000000e+02
2.314005e-03   9.881173e-36   1.000000e+02
2.335438e-03   9.876835e-36   1.000000e+02
2.357069e-03   9.872974e-36   1.000000e+02
2.378901e-03   9.869608e-36   1.000000e+02
2.400935e-03   9.866753e-36   1.000000e+02
2.423173e-03   9.864426e-36   1.000000e+02
2.445617e-03   9.862645e-36   1.000000e+02
2.468268e-03   9.861426e-36   1.000000e+02
2.491130e-03   9.860786e-36   1.000000e+02
2.514203e-03   9.860744e-36   1.000000e+02
2.537490e-03   9.861316e-36   1.000000e+02
2.560993e-03   9.862521e-36   1.000000e+02
2.584714e-03   9.864375e-36   1.000000e+02
2.608654e-03   9.866896e-36   1.000000e+02
2.632815e-03   9.870104e-36   1.000000e+02
2.657201e-03   9.874015e-36   1.000000e+02
2.681813e-03   9.878647e-36   1.000000e+02
2.706652e-03   9.884021e-36   1.000000e+02
2.731722e-03   9.890153e-36   1.000000e+02
2.757023e-03   9.897064e-36   1.000000e+02
2.782559e-03   9.904772e-36   1.000000e+02
2.808332e-03   9.913297e-36   1.000000e+02
2.834343e-03   9.922658e-36   1.000000e+02
2.860596e-03   9.932875e-36   1.000000e+02
2.887091e-03   9.943969e-36   1.000000e+02
2.913832e-03   9.955960e-36   1.000000e+02
2.940820e-03   9.968868e-36   1.000000e+02
2.968059e-03   9.982716e-36   1.000000e+02
2.995549e-03   9.997524e-36   1.000000e+02
3.023295e-03   1.001329e-35   1.000000e+02
3.051297e-03   1.002990e-35   1.000000e+02
3.079559e-03   1.004715e-35   1.000000e+02
3.108082e-03   1.006486e-35   1.000000e+02
3.136870e-03   1.008284e-35   1.000000e+02
3.165924e-03   1.010092e-35   1.000000e+02
3.195248e-03   1.011889e-35   1.000000e+02
3.224842e-03   1.013656e-35   1.000000e+02
3.254712e-03   1.015375e-35   1.000000e+02
3.284857e-03   1.017026e-35   1.000000e+02
3.315282e-03   1.018589e-35   1.000000e+02
3.345989e-03   1.020046e-35   1.000000e+02
3.376980e-03   1.021375e-35   1.000000e+02
3.408259e-03   1.022559e-35   1.000000e+02
3.439826e-03   1.023576e-35   1.000000e+02
3.471687e-03   1.024407e-35   1.000000e+02
3.503842e-03   1.025033e-35   1.000000e+02
3.536296e-03   1.025434e-35   1.000000e+02
3.569049e-03   1.025590e-35   1.000000e+02
3.602107e-03   1.025482e-35   1.000000e+02
3.635470e-03   1.025090e-35   1.000000e+02
3.669142e-03   1.024397e-35   1.000000e+02
3.703127e-03   1.023383e-35   1.000000e+02
3.737426e-03   1.022030e-35   1.000000e+02
3.772042e-03   1.020320e-35   1.000000e+02
3.806980e-03   1.018237e-35   1.000000e+02
3.842241e-03   1.015762e-35   1.000000e+02
3.877828e-03   1.012880e-35   1.000000e+02
3.913746e-03   1.009576e-35   1.000000e+02
3.949995e-03   1.005835e-35   1.000000e+02
3.986581e-03   1.001643e-35   1.000000e+02
4.023506e-03   9.969919e-36   1.000000e+02
4.060772e-03   9.919459e-36   1.000000e+02
4.098384e-03   9.866162e-36   1.000000e+02
4.136344e-03   9.811132e-36   1.000000e+02
4.174655e-03   9.755454e-36   1.000000e+02
4.213322e-03   9.700185e-36   1.000000e+02
4.252346e-03   9.646363e-36   1.000000e+02
4.291732e-03   9.595000e-36   1.000000e+02
4.331483e-03   9.547088e-36   1.000000e+02
4.371602e-03   9.503602e-36   1.000000e+02
4.412093e-03   9.465503e-36   1.000000e+02
4.452959e-03   9.433743e-36   1.000000e+02
4.494203e-03   9.409274e-36   1.000000e+02
4.535829e-03   9.393051e-36   1.000000e+02
4.577841e-03   9.386043e-36   1.000000e+02
4.620241e-03   9.389239e-36   1.000000e+02
4.663035e-03   9.403664e-36   1.000000e+02
4.706225e-03   9.430386e-36   1.000000e+02
4.749815e-03   9.470528e-36   1.000000e+02
4.793808e-03   9.525288e-36   1.000000e+02
4.838210e-03   9.595951e-36   1.000000e+02
4.883022e-03   9.683907e-36   1.000000e+02
4.928250e-03   9.790679e-36   1.000000e+02
4.973896e-03   9.917935e-36   1.000000e+02
5.019965e-03   1.006744e-35   1.000000e+02
5.066461e-03   1.023812e-35   1.000000e+02
5.113388e-03   1.042525e-35   1.000000e+02
5.160749e-03   1.062356e-35   1.000000e+02
5.208549e-03   1.082738e-35   1.000000e+02
5.256791e-03   1.103060e-35   1.000000e+02
5.305481e-03   1.122663e-35   1.000000e+02
5.354621e-03   1.140845e-35   1.000000e+02
5.404216e-03   1.156866e-35   1.000000e+02
5.454271e-03   1.169961e-35   1.000000e+02
5.504790e-03   1.179353e-35   1.000000e+02
5.555776e-03   1.184275e-35   1.000000e+02
5.607235e-03   1.183996e-35   1.000000e+02
5.659170e-03   1.177848e-35   1.000000e+02
5.711586e-03   1.165258e-35   1.000000e+02
5.764488e-03   1.145779e-35   1.000000e+02
5.817880e-03   1.119124e-35   1.000000e+02
5.871766e-03   1.085191e-35   1.000000e+02
5.926152e-03   1.044089e-35   1.000000e+02
5.981041e-03   9.961488e-36   1.000000e+02
6.036439e-03   9.420809e-36   1.000000e+02
6.092349e-03   8.844702e-36   1.000000e+02
6.148778e-03   8.266370e-36   1.000000e+02
6.205729e-03   7.712559e-36   1.000000e+02
6.263207e-03   7.203601e-36   1.000000e+02
6.321218e-03   6.754353e-36   1.000000e+02
6.379767e-03   6.375528e-36   1.000000e+02
6.438857e-03   6.075224e-36   1.000000e+02
6.498495e-03   5.860540e-36   1.000000e+02
6.558686e-03   5.739282e-36   1.000000e+02
6.619433e-03   5.721864e-36   1.000000e+02
6.680744e-03   5.823620e-36   1.000000e+02
6.742622e-03   6.067913e-36   1.000000e+02
6.805074e-03   6.490707e-36   1.000000e+02
6.868104e-03   7.147701e-36   1.000000e+02
6.931717e-03   8.126020e-36   1.000000e+02
6.995920e-03   9.564055e-36   1.000000e+02
7.060718e-03   1.166088e-35   1.000000e+02
7.126115e-03   1.458336e-35   1.000000e+02
7.192119e-03   1.846525e-35   1.000000e+02
7.258734e-03   2.336459e-35   1.000000e+02
7.325965e-03   2.916087e-35   1.000000e+02
7.393820e-03   3.543368e-35   1.000000e+02
7.462303e-03   4.137515e-35   1.000000e+02
7.531420e-03   4.582521e-35   1.000000e+02
7.601178e-03   4.751655e-35   1.000000e+02
7.671581e-03   4.552973e-35   1.000000e+02
7.742637e-03   3.979138e-35   1.000000e+02
7.814351e-03   3.130839e-35   1.000000e+02
7.886729e-03   2.188993e-35   1.000000e+02
7.959777e-03   1.342375e-35   1.000000e+02
8.033502e-03   7.134599e-36   1.000000e+02
8.107910e-03   3.354529e-36   1.000000e+02
8.183007e-03   1.477291e-36   1.000000e+02
8.258799e-03   6.464461e-37   1.000000e+02
8.335294e-03   2.981879e-37   1.000000e+02
8.412497e-03   1.538149e-37   1.000000e+02
8.490415e-03   9.412763e-38   1.000000e+02
8.569055e-03   7.249454e-38   1.000000e+02
8.648423e-03   7.454569e-38   1.000000e+02
8.728527e-03   1.085746e-37   1.000000e+02
8.809372e-03   2.376193e-37   1.000000e+02
8.890966e-03   8.289769e-37   1.000000e+02
8.973316e-03   4.890687e-36   1.000000e+02
9.056428e-03   5.131533e-35   9.575134e+01
9.140311e-03   9.139111e-34   7.789500e+01
9.224970e-03   2.481318e-32   5.514818e+01
9.310413e-03   9.215509e-31   3.516907e+01
9.396648e-03   4.200992e-29   2.090979e+01
9.483682e-03   2.109196e-27   1.199634e+01
9.571522e-03   1.046530e-25   6.873990e+00
9.660175e-03   4.604607e-24   4.071753e+00
9.749649e-03   1.612045e-22   2.580581e+00
9.839952e-03   4.029417e-21   1.811206e+00
9.931092e-03   6.452451e-20   1.457082e+00
1.002308e-02   5.942553e-19   1.382008e+00
1.011591e-02   2.997214e-18   1.382177e+00
1.020961e-02   8.838381e-18   1.382534e+00
1.030417e-02   1.648393e-17   1.383030e+00
1.039961e-02   2.103315e-17   1.383618e+00
1.049593e-02   1.986214e-17   1.384250e+00
1.059315e-02   1.501580e-17   1.384879e+00
1.069126e-02   9.830920e-18   1.385456e+00
1.079029e-02   6.029562e-18   1.385933e+00
1.089023e-02   3.747536e-18   1.386264e+00
1.099110e-02   2.553271e-18   1.386399e+00
1.109290e-02   2.036189e-18   1.386295e+00
1.119564e-02   1.896599e-18   1.385973e+00
1.129934e-02   2.014113e-18   1.385491e+00
1.140400e-02   2.380415e-18   1.384906e+00
1.150962e-02   3.056269e-18   1.384276e+00
1.161623e-02   4.161122e-18   1.383656e+00
1.172382e-02   5.864333e-18   1.383105e+00
1.183241e-02   8.350756e-18   1.382679e+00
1.194200e-02   1.172848e-17   1.382436e+00
1.205261e-02   1.586791e-17   1.382410e+00
1.216424e-02   2.049558e-17   1.382497e+00
1.227691e-02   2.544167e-17   1.382661e+00
1.239062e-02   3.057670e-17   1.382892e+00
1.250539e-02   3.584345e-17   1.383176e+00
1.262121e-02   4.128739e-17   1.383503e+00
1.273811e-02   4.707911e-17   1.383860e+00
1.285610e-02   5.353731e-17   1.384237e+00
1.297517e-02   6.116695e-17   1.384621e+00
1.309535e-02   7.067654e-17   1.385093e+00
1.321664e-02   8.263454e-17   1.385799e+00
1.333906e-02   9.754375e-17   1.386655e+00
1.346261e-02   1.159861e-16   1.387575e+00
1.358730e-02   1.386114e-16   1.388467e+00
1.371315e-02   1.661097e-16   1.389243e+00
1.384016e-02   1.991646e-16   1.389813e+00
1.396835e-02   2.383787e-16   1.390088e+00
1.409773e-02   2.842307e-16   1.389943e+00
1.422830e-02   3.375425e-16   1.389333e+00
1.436009e-02   3.995306e-16   1.388411e+00
1.449310e-02   4.716816e-16   1.387333e+00
1.462733e-02   5.558256e-16   1.386258e+00
1.476281e-02   6.542328e-16   1.385344e+00
1.489955e-02   7.697389e-16   1.384746e+00
1.503755e-02   9.059077e-16   1.384627e+00
1.517683e-02   1.066916e-15   1.385143e+00
1.531740e-02   1.257215e-15   1.386148e+00
1.545928e-02   1.481915e-15   1.387429e+00
1.560246e-02   1.746917e-15   1.388770e+00
1.574698e-02   2.059006e-15   1.389954e+00
1.589283e-02   2.425940e-15   1.390767e+00
1.604003e-02   2.856547e-15   1.391018e+00
1.618860e-02   3.361065e-15   1.391080e+00
1.633854e-02   3.951716e-15   1.391136e+00
1.648987e-02   4.642732e-15   1.391186e+00
1.664260e-02   5.450622e-15   1.391230e+00
1.679675e-02   6.394533e-15   1.391269e+00
1.695232e-02   7.496656e-15   1.391303e+00
1.710934e-02   8.782697e-15   1.391331e+00
1.726781e-02   1.028242e-14   1.391354e+00
1.742775e-02   1.203029e-14   1.391373e+00
1.758917e-02   1.406615e-14   1.391386e+00
1.775208e-02   1.643609e-14   1.391395e+00
1.791650e-02   1.919340e-14   1.391399e+00
1.808245e-02   2.239963e-14   1.391360e+00
1.824993e-02   2.612596e-14   1.391054e+00
1.841897e-02   3.045465e-14   1.390497e+00
1.858957e-02   3.548077e-14   1.389748e+00
1.876175e-02   4.131410e-14   1.388866e+00
1.893552e-02   4.808140e-14   1.387910e+00
1.911091e-02   5.592905e-14   1.386938e+00
1.928792e-02   6.502599e-14   1.386010e+00
1.946656e-02   7.556725e-14   1.385184e+00
1.964687e-02   8.777789e-14   1.384518e+00
1.982884e-02   1.019177e-13   1.384070e+00
2.001250e-02   1.182863e-13   1.383898e+00
2.019786e-02   1.372290e-13   1.383862e+00
2.038493e-02   1.591417e-13   1.383829e+00
2.057374e-02   1.844793e-13   1.383797e+00
2.076430e-02   2.137647e-13   1.383767e+00
2.095662e-02   2.475984e-13   1.383740e+00
2.115073e-02   2.866698e-13   1.383713e+00
2.134663e-02   3.317701e-13   1.383689e+00
2.154435e-02   3.838069e-13   1.383666e+00
2.174389e-02   4.438205e-13   1.383645e+00
2.194529e-02   5.130031e-13   1.383625e+00
2.214855e-02   5.927199e-13   1.383607e+00
2.235370e-02   6.845337e-13   1.383590e+00
2.256074e-02   7.902326e-13   1.383575e+00
2.276970e-02   9.118610e-13   1.383562e+00
2.298060e-02   1.051756e-12   1.383550e+00
2.319345e-02   1.212586e-12   1.383539e+00
2.340827e-02   1.397400e-12   1.383530e+00
2.362508e-02   1.609675e-12   1.383522e+00
2.384390e-02   1.853377e-12   1.383515e+00
2.406475e-02   2.133027e-12   1.383510e+00
2.428764e-02   2.453777e-12   1.383506e+00
2.451260e-02   2.821491e-12   1.383503e+00
2.473964e-02   3.242845e-12   1.383501e+00
2.496878e-02   3.725431e-12   1.383500e+00
2.520005e-02   4.277880e-12   1.383508e+00
2.543346e-02   4.910014e-12   1.383537e+00
2.566903e-02   5.632995e-12   1.383585e+00
2.590678e-02   6.459503e-12   1.383649e+00
2.614673e-02   7.403933e-12   1.383728e+00
2.638891e-02   8.482621e-12   1.383817e+00
2.663333e-02   9.714096e-12   1.383917e+00
2.688001e-02   1.111937e-11   1.384023e+00
2.712898e-02   1.272224e-11   1.384134e+00
2.738025e-02   1.454968e-11   1.384247e+00
2.763385e-02   1.663222e-11   1.384361e+00
2.788980e-02   1.900442e-11   1.384472e+00
2.814812e-02   2.170536e-11   1.384578e+00
2.840884e-02   2.477924e-11   1.384678e+00
2.867196e-02   2.827601e-11   1.384768e+00
2.893753e-02   3.225210e-11   1.384847e+00
2.920556e-02   3.677123e-11   1.384912e+00
2.947606e-02   4.190531e-11   1.384961e+00
2.974908e-02   4.773549e-11   1.384991e+00
3.002462e-02   5.435325e-11   1.385000e+00
3.030271e-02   6.186177e-11   1.384969e+00
3.058338e-02   7.037735e-11   1.384889e+00
3.086665e-02   8.003105e-11   1.384763e+00
3.115254e-02   9.097047e-11   1.384594e+00
3.144108e-02   1.033618e-10   1.384387e+00
3.173230e-02   1.173919e-10   1.384143e+00
3.202621e-02   1.332713e-10   1.383867e+00
3.232284e-02   1.512365e-10   1.383562e+00
3.262222e-02   1.715533e-10   1.383232e+00
3.292437e-02   1.945205e-10   1.382879e+00
3.322933e-02   2.204737e-10   1.382508e+00
3.353710e-02   2.497898e-10   1.382122e+00
3.384773e-02   2.828917e-10   1.381724e+00
3.416123e-02   3.202541e-10   1.381317e+00
3.447764e-02   3.624094e-10   1.380905e+00
3.479698e-02   4.099545e-10   1.380492e+00
3.511928e-02   4.635585e-10   1.380080e+00
3.544456e-02   5.239713e-10   1.379674e+00
3.577285e-02   5.920327e-10   1.379276e+00
3.610419e-02   6.686832e-10   1.378891e+00
3.643859e-02   7.549755e-10   1.378520e+00
3.677609e-02   8.520879e-10   1.378168e+00
3.711672e-02   9.613383e-10   1.377839e+00
3.746050e-02   1.084201e-09   1.377534e+00
3.780747e-02   1.222323e-09   1.377259e+00
3.815765e-02   1.377547e-09   1.377016e+00
3.851107e-02   1.551930e-09   1.376808e+00
3.886777e-02   1.747771e-09   1.376639e+00
3.922777e-02   1.967636e-09   1.376513e+00
3.959110e-02   2.214390e-09   1.376432e+00
3.995780e-02   2.491231e-09   1.376400e+00
4.032790e-02   2.801723e-09   1.376446e+00
4.070142e-02   3.149828e-09   1.376603e+00
4.107841e-02   3.539954e-09   1.376861e+00
4.145888e-02   3.977003e-09   1.377211e+00
4.184289e-02   4.466429e-09   1.377644e+00
4.223044e-02   5.014290e-09   1.378148e+00
4.262159e-02   5.627320e-09   1.378714e+00
4.301636e-02   6.312995e-09   1.379332e+00
4.341478e-02   7.079613e-09   1.379993e+00
4.381690e-02   7.936376e-09   1.380686e+00
4.422274e-02   8.893490e-09   1.381401e+00
4.463234e-02   9.962262e-09   1.382129e+00
4.504573e-02   1.115522e-08   1.382860e+00
4.546295e-02   1.248622e-08   1.383583e+00
4.588404e-02   1.397060e-08   1.384289e+00
4.630903e-02   1.562532e-08   1.384967e+00
4.673795e-02   1.746913e-08   1.385608e+00
4.717085e-02   1.952274e-08   1.386201e+00
4.760775e-02   2.180898e-08   1.386736e+00
4.804870e-02   2.435309e-08   1.387203e+00
4.849374e-02   2.718287e-08   1.387593e+00
4.894290e-02   3.032895e-08   1.387895e+00
4.939622e-02   3.382510e-08   1.388098e+00
4.985373e-02   3.770846e-08   1.388194e+00
5.031549e-02   4.201993e-08   1.388200e+00
5.078152e-02   4.680479e-08   1.388197e+00
5.125187e-02   5.211312e-08   1.388192e+00
5.172657e-02   5.800014e-08   1.388186e+00
5.220568e-02   6.452671e-08   1.388177e+00
5.268921e-02   7.175993e-08   1.388166e+00
5.317723e-02   7.977372e-08   1.388153e+00
5.366977e-02   8.864952e-08   1.388139e+00
5.416687e-02   9.847705e-08   1.388122e+00
5.466857e-02   1.093551e-07   1.388103e+00
5.517492e-02   1.213926e-07   1.388082e+00
5.568596e-02   1.347093e-07   1.388059e+00
5.620174e-02   1.494371e-07   1.388034e+00
5.672229e-02   1.657214e-07   1.388007e+00
5.724766e-02   1.837219e-07   1.387978e+00
5.777790e-02   2.036147e-07   1.387947e+00
5.831305e-02   2.255935e-07   1.387914e+00
5.885316e-02   2.498714e-07   1.387879e+00
5.939827e-02   2.766830e-07   1.387842e+00
5.994843e-02   3.062865e-07   1.387804e+00
6.050368e-02   3.389654e-07   1.387712e+00
6.106408e-02   3.750288e-07   1.387503e+00
6.162966e-02   4.148150e-07   1.387191e+00
6.220049e-02   4.586944e-07   1.386788e+00
6.277660e-02   5.070727e-07   1.386309e+00
6.335805e-02   5.603940e-07   1.385768e+00
6.394488e-02   6.191443e-07   1.385178e+00
6.453715e-02   6.838550e-07   1.384554e+00
6.513491e-02   7.551072e-07   1.383909e+00
6.573820e-02   8.335359e-07   1.383257e+00
6.634708e-02   9.198346e-07   1.382612e+00
6.696160e-02   1.014761e-06   1.381987e+00
6.758181e-02   1.119140e-06   1.381396e+00
6.820777e-02   1.233875e-06   1.380853e+00
6.883952e-02   1.359948e-06   1.380372e+00
6.947713e-02   1.498429e-06   1.379966e+00
7.012064e-02   1.650487e-06   1.379646e+00
7.077011e-02   1.817397e-06   1.379360e+00
7.142559e-02   2.000567e-06   1.379077e+00
7.208715e-02   2.201541e-06   1.378800e+00
7.275484e-02   2.422003e-06   1.378531e+00
7.342870e-02   2.663799e-06   1.378271e+00
7.410882e-02   2.928946e-06   1.378023e+00
7.479523e-02   3.219650e-06   1.377789e+00
7.548799e-02   3.538325e-06   1.377571e+00
7.618718e-02   3.887613e-06   1.377371e+00
7.689284e-02   4.270401e-06   1.377192e+00
7.760503e-02   4.689852e-06   1.377034e+00
7.832383e-02   5.149426e-06   1.376901e+00
7.904928e-02   5.652908e-06   1.376795e+00
7.978145e-02   6.204444e-06   1.376717e+00
8.052040e-02   6.808549e-06   1.376663e+00
8.126619e-02   7.469915e-06   1.376612e+00
8.201889e-02   8.193445e-06   1.376564e+00
8.277857e-02   8.984364e-06   1.376519e+00
8.354528e-02   9.848234e-06   1.376477e+00
8.431909e-02   1.079095e-05   1.376438e+00
8.510007e-02   1.181876e-05   1.376404e+00
8.588829e-02   1.293822e-05   1.376374e+00
8.668380e-02   1.415626e-05   1.376349e+00
8.748668e-02   1.548010e-05   1.376328e+00
8.829700e-02   1.691727e-05   1.376313e+00
8.911482e-02   1.847560e-05   1.376304e+00
8.994022e-02   2.016317e-05   1.376300e+00
9.077327e-02   2.198866e-05   1.376457e+00
9.161402e-02   2.396317e-05   1.376935e+00
9.246257e-02   2.609953e-05   1.377668e+00
9.331898e-02   2.841199e-05   1.378590e+00
9.418332e-02   3.091639e-05   1.379633e+00
9.505566e-02   3.363034e-05   1.380729e+00
9.593608e-02   3.657352e-05   1.381813e+00
9.682466e-02   3.976792e-05   1.382814e+00
9.772147e-02   4.323814e-05   1.383667e+00
9.862658e-02   4.701178e-05   1.384303e+00
9.954008e-02   5.111984e-05   1.384653e+00
1.004620e-01   5.559701e-05   1.384571e+00
1.013925e-01   6.047823e-05   1.383621e+00
1.023317e-01   6.579741e-05   1.381917e+00
1.032795e-01   7.159059e-05   1.379669e+00
1.042361e-01   7.789608e-05   1.377084e+00
1.052015e-01   8.475457e-05   1.374366e+00
1.061759e-01   9.220906e-05   1.371722e+00
1.071593e-01   1.003049e-04   1.369353e+00
1.081519e-01   1.090899e-04   1.367461e+00
1.091536e-01   1.186138e-04   1.366248e+00
1.101646e-01   1.289288e-04   1.365905e+00
1.111850e-01   1.400912e-04   1.366127e+00
1.122148e-01   1.521655e-04   1.366642e+00
1.132541e-01   1.652221e-04   1.367390e+00
1.143031e-01   1.793362e-04   1.368315e+00
1.153618e-01   1.945884e-04   1.369360e+00
1.164303e-01   2.110654e-04   1.370465e+00
1.175087e-01   2.288597e-04   1.371574e+00
1.185971e-01   2.480707e-04   1.372628e+00
1.196956e-01   2.688048e-04   1.373568e+00
1.208042e-01   2.911766e-04   1.374432e+00
1.219231e-01   3.153165e-04   1.375410e+00
1.230524e-01   3.413706e-04   1.376456e+00
1.241921e-01   3.694989e-04   1.377508e+00
1.253424e-01   3.998769e-04   1.378504e+00
1.265034e-01   4.326973e-04   1.379384e+00
1.276751e-01   4.681717e-04   1.380084e+00
1.288576e-01   5.065331e-04   1.380543e+00
1.300511e-01   5.480379e-04   1.380699e+00
1.312557e-01   5.929553e-04   1.380042e+00
1.324714e-01   6.415267e-04   1.378392e+00
1.336984e-01   6.939913e-04   1.376064e+00
1.349367e-01   7.505937e-04   1.373374e+00
1.361865e-01   8.115822e-04   1.370633e+00
1.374479e-01   8.772064e-04   1.368151e+00
1.387210e-01   9.477153e-04   1.366237e+00
1.400058e-01   1.023354e-03   1.365198e+00
1.413026e-01   1.104405e-03   1.364772e+00
1.426114e-01   1.191347e-03   1.364474e+00
1.439323e-01   1.284767e-03   1.364255e+00
1.452654e-01   1.385341e-03   1.364069e+00
1.466109e-01   1.493842e-03   1.363868e+00
1.479688e-01   1.611157e-03   1.363605e+00
1.493393e-01   1.738306e-03   1.363231e+00
1.507225e-01   1.876445e-03   1.362605e+00
1.521186e-01   2.026634e-03   1.361239e+00
1.535275e-01   2.189765e-03   1.359229e+00
1.549495e-01   2.366752e-03   1.356765e+00
1.563847e-01   2.558538e-03   1.354034e+00
1.578331e-01   2.766085e-03   1.351220e+00
1.592950e-01   2.990365e-03   1.348509e+00
1.607704e-01   3.232364e-03   1.346027e+00
1.622595e-01   3.493324e-03   1.343574e+00
1.637624e-01   3.774821e-03   1.341101e+00
1.652792e-01   4.078594e-03   1.338598e+00
1.668101e-01   4.406553e-03   1.336058e+00
1.683551e-01   4.760794e-03   1.333471e+00
1.699144e-01   5.143626e-03   1.330828e+00
1.714882e-01   5.557593e-03   1.328120e+00
1.730766e-01   6.005499e-03   1.325340e+00
1.746796e-01   6.490439e-03   1.322478e+00
1.762975e-01   7.015836e-03   1.319527e+00
1.779304e-01   7.585474e-03   1.316477e+00
1.795785e-01   8.203548e-03   1.313321e+00
1.812418e-01   8.874667e-03   1.309997e+00
1.829205e-01   9.603558e-03   1.306395e+00
1.846147e-01   1.039517e-02   1.302562e+00
1.863246e-01   1.125483e-02   1.298548e+00
1.880504e-01   1.218834e-02   1.294406e+00
1.897922e-01   1.320191e-02   1.290185e+00
1.915501e-01   1.430228e-02   1.285935e+00
1.933242e-01   1.549671e-02   1.281706e+00
1.951148e-01   1.679301e-02   1.277546e+00
1.969220e-01   1.819960e-02   1.273504e+00
1.987460e-01   1.972552e-02   1.269627e+00
2.005868e-01   2.138049e-02   1.265949e+00
2.024447e-01   2.317510e-02   1.262342e+00
2.043197e-01   2.512094e-02   1.258756e+00
2.062122e-01   2.723057e-02   1.255194e+00
2.081222e-01   2.951755e-02   1.251657e+00
2.100498e-01   3.199654e-02   1.248147e+00
2.119953e-01   3.468333e-02   1.244666e+00
2.139589e-01   3.759500e-02   1.241216e+00
2.159406e-01   4.074993e-02   1.237798e+00
2.179407e-01   4.416798e-02   1.234415e+00
2.199593e-01   4.787052e-02   1.231067e+00
2.219966e-01   5.188059e-02   1.227758e+00
2.240528e-01   5.622302e-02   1.224487e+00
2.261280e-01   6.092450e-02   1.221258e+00
2.282224e-01   6.601377e-02   1.218071e+00
2.303363e-01   7.152176e-02   1.214928e+00
2.324697e-01   7.748167e-02   1.211831e+00
2.346229e-01   8.392922e-02   1.208782e+00
2.367960e-01   9.090275e-02   1.205782e+00
2.389893e-01   9.844341e-02   1.202832e+00
2.412028e-01   1.065953e-01   1.199934e+00
2.434369e-01   1.154059e-01   1.197091e+00
2.456916e-01   1.249259e-01   1.194302e+00
2.479673e-01   1.352095e-01   1.191570e+00
2.502640e-01   1.463150e-01   1.188896e+00
2.525820e-01   1.583045e-01   1.186236e+00
2.549215e-01   1.712445e-01   1.183567e+00
2.572826e-01   1.852056e-01   1.180897e+00
2.596656e-01   2.002635e-01   1.178236e+00
2.620707e-01   2.164987e-01   1.175592e+00
2.644980e-01   2.339969e-01   1.172974e+00
2.669478e-01   2.528496e-01   1.170389e+00
2.694204e-01   2.731538e-01   1.167847e+00
2.719158e-01   2.950127e-01   1.165357e+00
2.744343e-01   3.185361e-01   1.162925e+00
2.769762e-01   3.438401e-01   1.160560e+00
2.795416e-01   3.710480e-01   1.158271e+00
2.821308e-01   4.002904e-01   1.156066e+00
2.847439e-01   4.317052e-01   1.153953e+00
2.873813e-01   4.654385e-01   1.151939e+00
2.900430e-01   5.016442e-01   1.150032e+00
2.927295e-01   5.404848e-01   1.148242e+00
2.954408e-01   5.821316e-01   1.146575e+00
2.981772e-01   6.267647e-01   1.145039e+00
3.009390e-01   6.745735e-01   1.143640e+00
3.037264e-01   7.257609e-01   1.142338e+00
3.065395e-01   7.805472e-01   1.141114e+00
3.093788e-01   8.391664e-01   1.139961e+00
3.122443e-01   9.018669e-01   1.138870e+00
3.151363e-01   9.689119e-01   1.137834e+00
3.180552e-01   1.040581e+00   1.136844e+00
3.210011e-01   1.117169e+00   1.135892e+00
3.239743e-01   1.198990e+00   1.134971e+00
3.269750e-01   1.286377e+00   1.134073e+00
3.300035e-01   1.379681e+00   1.133190e+00
3.330600e-01   1.479276e+00   1.132315e+00
3.361449e-01   1.585556e+00   1.131438e+00
3.392583e-01   1.698940e+00   1.130554e+00
3.424006e-01   1.819871e+00   1.129653e+00
3.455720e-01   1.948819e+00   1.128729e+00
3.487727e-01   2.086280e+00   1.127774e+00
3.520031e-01   2.232779e+00   1.126779e+00
3.552635e-01   2.388857e+00   1.125740e+00
3.585540e-01   2.555069e+00   1.124668e+00
3.618750e-01   2.731995e+00   1.123575e+00
3.652267e-01   2.920242e+00   1.122469e+00
3.686095e-01   3.120443e+00   1.121363e+00
3.720237e-01   3.333260e+00   1.120266e+00
3.754694e-01   3.559378e+00   1.119191e+00
3.789471e-01   3.799515e+00   1.118146e+00
3.824570e-01   4.054414e+00   1.117143e+00
3.859994e-01   4.324845e+00   1.116192e+00
3.895746e-01   4.611611e+00   1.115303e+00
3.931829e-01   4.915538e+00   1.114488e+00
3.968246e-01   5.237483e+00   1.113757e+00
4.005001e-01   5.578331e+00   1.113119e+00
4.042096e-01   5.939030e+00   1.112556e+00
4.079535e-01   6.320676e+00   1.112047e+00
4.117320e-01   6.724450e+00   1.111582e+00
4.155455e-01   7.151604e+00   1.111153e+00
4.193944e-01   7.603473e+00   1.110750e+00
4.232789e-01   8.081480e+00   1.110365e+00
4.271994e-01   8.587136e+00   1.109988e+00
4.311562e-01   9.122058e+00   1.109611e+00
4.351497e-01   9.687967e+00   1.109225e+00
4.391801e-01   1.028670e+01   1.108821e+00
4.432479e-01   1.092023e+01   1.108389e+00
4.473533e-01   1.159066e+01   1.107922e+00
4.514968e-01   1.230022e+01   1.107407e+00
4.556786e-01   1.305117e+01   1.106809e+00
4.598992e-01   1.384564e+01   1.106139e+00
4.641589e-01   1.468581e+01   1.105418e+00
4.684580e-01   1.557395e+01   1.104668e+00
4.727970e-01   1.651240e+01   1.103911e+00
4.771761e-01   1.750358e+01   1.103168e+00
4.815958e-01   1.854998e+01   1.102461e+00
4.860564e-01   1.965415e+01   1.101811e+00
4.905584e-01   2.081872e+01   1.101239e+00
4.951020e-01   2.204639e+01   1.100768e+00
4.996877e-01   2.333990e+01   1.100419e+00
5.043159e-01   2.470212e+01   1.100149e+00
5.089870e-01   2.613625e+01   1.099887e+00
5.137014e-01   2.764569e+01   1.099631e+00
5.184594e-01   2.923401e+01   1.099384e+00
5.232614e-01   3.090492e+01   1.099146e+00
5.281080e-01   3.266228e+01   1.098918e+00
5.329994e-01   3.451012e+01   1.098701e+00
5.379362e-01   3.645266e+01   1.098495e+00
5.429186e-01   3.849427e+01   1.098301e+00
5.479472e-01   4.063953e+01   1.098120e+00
5.530224e-01   4.289318e+01   1.097953e+00
5.581446e-01   4.526021e+01   1.097800e+00
5.633143e-01   4.774577e+01   1.097663e+00
5.685318e-01   5.035526e+01   1.097542e+00
5.737976e-01   5.309430e+01   1.097438e+00
5.791123e-01   5.596873e+01   1.097352e+00
5.844761e-01   5.898465e+01   1.097284e+00
5.898896e-01   6.214843e+01   1.097236e+00
5.953533e-01   6.546668e+01   1.097208e+00
6.008676e-01   6.894630e+01   1.097200e+00
6.064329e-01   7.259433e+01   1.097209e+00
6.120498e-01   7.641774e+01   1.097232e+00
6.177188e-01   8.042360e+01   1.097267e+00
6.234402e-01   8.461922e+01   1.097313e+00
6.292146e-01   8.901205e+01   1.097369e+00
6.350425e-01   9.360977e+01   1.097434e+00
6.409244e-01   9.842022e+01   1.097508e+00
6.468608e-01   1.034514e+02   1.097588e+00
6.528521e-01   1.087116e+02   1.097674e+00
6.588990e-01   1.142091e+02   1.097764e+00
6.650018e-01   1.199524e+02   1.097858e+00
6.711612e-01   1.259503e+02   1.097955e+00
6.773776e-01   1.322116e+02   1.098054e+00
6.836516e-01   1.387452e+02   1.098152e+00
6.899837e-01   1.455604e+02   1.098250e+00
6.963745e-01   1.526662e+02   1.098347e+00
7.028244e-01   1.600721e+02   1.098441e+00
7.093341e-01   1.677874e+02   1.098537e+00
7.159041e-01   1.758213e+02   1.098636e+00
7.225349e-01   1.841832e+02   1.098738e+00
7.292272e-01   1.928822e+02   1.098846e+00
7.359814e-01   2.019276e+02   1.098958e+00
7.427982e-01   2.113287e+02   1.099075e+00
7.496782e-01   2.210945e+02   1.099199e+00
7.566219e-01   2.312340e+02   1.099330e+00
7.636298e-01   2.417561e+02   1.099468e+00
7.707027e-01   2.526696e+02   1.099614e+00
7.778411e-01   2.639828e+02   1.099768e+00
7.850456e-01   2.757041e+02   1.099933e+00
7.923169e-01   2.878415e+02   1.100107e+00
7.996555e-01   3.004026e+02   1.100291e+00
8.070620e-01   3.133956e+02   1.100503e+00
8.145372e-01   3.268323e+02   1.100759e+00
8.220816e-01   3.407259e+02   1.101053e+00
8.296959e-01   3.550903e+02   1.101377e+00
8.373807e-01   3.699399e+02   1.101726e+00
8.451366e-01   3.852899e+02   1.102094e+00
8.529644e-01   4.011562e+02   1.102474e+00
8.608648e-01   4.175555e+02   1.102860e+00
8.688383e-01   4.345051e+02   1.103245e+00
8.768856e-01   4.520235e+02   1.103624e+00
8.850075e-01   4.701300e+02   1.103989e+00
8.932046e-01   4.888447e+02   1.104335e+00
9.014776e-01   5.081890e+02   1.104655e+00
9.098273e-01   5.281813e+02   1.104973e+00
9.182543e-01   5.488305e+02   1.105298e+00
9.267593e-01   5.701432e+02   1.105627e+00
9.353432e-01   5.921247e+02   1.105954e+00
9.440065e-01   6.147787e+02   1.106276e+00
9.527500e-01   6.381075e+02   1.106588e+00
9.615746e-01   6.621118e+02   1.106886e+00
9.704809e-01   6.867903e+02   1.107167e+00
9.794697e-01   7.121400e+02   1.107424e+00
9.885417e-01   7.381555e+02   1.107655e+00
9.976978e-01   7.648297e+02   1.107855e+00
1.006939e+00   7.921539e+02   1.108029e+00
1.016265e+00   8.201292e+02   1.108194e+00
1.025678e+00   8.487618e+02   1.108353e+00
1.035178e+00   8.780582e+02   1.108506e+00
1.044766e+00   9.080248e+02   1.108653e+00
1.054443e+00   9.386683e+02   1.108794e+00
1.064209e+00   9.699954e+02   1.108930e+00
1.074066e+00   1.002013e+03   1.109061e+00
1.084014e+00   1.034728e+03   1.109186e+00
1.094055e+00   1.068147e+03   1.109307e+00
1.104188e+00   1.102278e+03   1.109424e+00
1.114415e+00   1.137129e+03   1.109537e+00
1.124737e+00   1.172707e+03   1.109645e+00
1.135155e+00   1.209020e+03   1.109751e+00
1.145669e+00   1.246078e+03   1.109852e+00
1.156280e+00   1.283889e+03   1.109951e+00
1.166990e+00   1.322461e+03   1.110047e+00
1.177799e+00   1.361806e+03   1.110140e+00
1.188708e+00   1.401932e+03   1.110231e+00
1.199718e+00   1.442851e+03   1.110321e+00
1.210830e+00   1.484574e+03   1.110408e+00
1.222045e+00   1.527111e+03   1.110494e+00
1.233363e+00   1.570477e+03   1.110579e+00
1.244787e+00   1.614682e+03   1.110662e+00
1.256317e+00   1.659742e+03   1.110746e+00
1.267953e+00   1.705662e+03   1.110832e+00
1.279697e+00   1.752446e+03   1.110920e+00
1.291550e+00   1.800093e+03   1.111009e+00
1.303512e+00   1.848605e+03   1.111099e+00
1.315586e+00   1.897980e+03   1.111188e+00
1.327771e+00   1.948217e+03   1.111276e+00
1.340069e+00   1.999316e+03   1.111363e+00
1.352481e+00   2.051272e+03   1.111447e+00
1.365008e+00   2.104084e+03   1.111529e+00
1.377651e+00   2.157746e+03   1.111606e+00
1.390411e+00   2.212255e+03   1.111678e+00
1.403289e+00   2.267604e+03   1.111745e+00
1.416287e+00   2.323787e+03   1.111806e+00
1.429405e+00   2.380797e+03   1.111860e+00
1.442644e+00   2.438625e+03   1.111906e+00
1.456006e+00   2.497264e+03   1.111944e+00
1.469492e+00   2.556702e+03   1.111973e+00
1.483103e+00   2.616929e+03   1.111992e+00
1.496839e+00   2.677935e+03   1.112000e+00
1.510703e+00   2.739706e+03   1.111982e+00
1.524696e+00   2.802242e+03   1.111907e+00
1.538818e+00   2.865545e+03   1.111779e+00
1.553071e+00   2.929620e+03   1.111604e+00
1.567455e+00   2.994471e+03   1.111388e+00
1.581973e+00   3.060104e+03   1.111136e+00
1.596626e+00   3.126523e+03   1.110853e+00
1.611414e+00   3.193736e+03   1.110546e+00
1.626340e+00   3.261750e+03   1.110219e+00
1.641403e+00   3.330573e+03   1.109879e+00
1.656606e+00   3.400214e+03   1.109531e+00
1.671950e+00   3.470683e+03   1.109180e+00
1.687436e+00   3.541990e+03   1.108833e+00
1.703065e+00   3.614148e+03   1.108494e+00
1.718839e+00   3.687169e+03   1.108170e+00
1.734759e+00   3.761066e+03   1.107866e+00
1.750827e+00   3.835855e+03   1.107586e+00
1.767044e+00   3.911547e+03   1.107325e+00
1.783410e+00   3.988142e+03   1.107069e+00
1.799929e+00   4.065637e+03   1.106819e+00
1.816600e+00   4.144028e+03   1.106572e+00
1.833425e+00   4.223310e+03   1.106325e+00
1.850407e+00   4.303480e+03   1.106078e+00
1.867546e+00   4.384532e+03   1.105828e+00
1.884843e+00   4.466462e+03   1.105574e+00
1.902301e+00   4.549262e+03   1.105313e+00
1.919921e+00   4.632928e+03   1.105043e+00
1.937703e+00   4.717453e+03   1.104764e+00
1.955651e+00   4.802830e+03   1.104472e+00
1.973764e+00   4.889052e+03   1.104166e+00
1.992046e+00   4.976112e+03   1.103844e+00
2.010496e+00   5.064002e+03   1.103505e+00
2.029118e+00   5.152720e+03   1.103144e+00
2.047912e+00   5.242274e+03   1.102764e+00
2.066880e+00   5.332670e+03   1.102365e+00
2.086024e+00   5.423914e+03   1.101948e+00
2.105345e+00   5.516015e+03   1.101515e+00
2.124845e+00   5.608980e+03   1.101067e+00
2.144526e+00   5.702820e+03   1.100606e+00
2.164389e+00   5.797543e+03   1.100132e+00
2.184436e+00   5.893161e+03   1.099646e+00
2.204669e+00   5.989685e+03   1.099150e+00
2.225089e+00   6.087126e+03   1.098646e+00
2.245698e+00   6.185499e+03   1.098133e+00
2.266498e+00   6.284817e+03   1.097614e+00
2.287491e+00   6.385094e+03   1.097090e+00
2.308678e+00   6.486347e+03   1.096561e+00
2.330061e+00   6.588591e+03   1.096030e+00
2.351643e+00   6.691844e+03   1.095496e+00
2.373424e+00   6.796125e+03   1.094963e+00
2.395407e+00   6.901453e+03   1.094429e+00
2.417594e+00   7.007849e+03   1.093898e+00
2.439986e+00   7.115334e+03   1.093370e+00
2.462586e+00   7.223930e+03   1.092845e+00
2.485395e+00   7.333662e+03   1.092326e+00
2.508415e+00   7.444554e+03   1.091813e+00
2.531648e+00   7.556617e+03   1.091298e+00
2.555097e+00   7.669840e+03   1.090778e+00
2.578763e+00   7.784209e+03   1.090253e+00
2.602648e+00   7.899711e+03   1.089725e+00
2.626754e+00   8.016328e+03   1.089193e+00
2.651084e+00   8.134045e+03   1.088658e+00
2.675638e+00   8.252842e+03   1.088119e+00
2.700421e+00   8.372702e+03   1.087578e+00
2.725433e+00   8.493602e+03   1.087034e+00
2.750676e+00   8.615522e+03   1.086489e+00
2.776153e+00   8.738438e+03   1.085941e+00
2.801867e+00   8.862325e+03   1.085392e+00
2.827818e+00   8.987158e+03   1.084841e+00
2.854010e+00   9.112910e+03   1.084290e+00
2.880444e+00   9.239551e+03   1.083737e+00
2.907123e+00   9.367053e+03   1.083185e+00
2.934050e+00   9.495384e+03   1.082632e+00
2.961225e+00   9.624511e+03   1.082079e+00
2.988653e+00   9.754399e+03   1.081527e+00
3.016334e+00   9.885014e+03   1.080977e+00
3.044272e+00   1.001633e+04   1.080434e+00
3.072469e+00   1.014834e+04   1.079897e+00
3.100927e+00   1.028103e+04   1.079364e+00
3.129648e+00   1.041439e+04   1.078834e+00
3.158635e+00   1.054839e+04   1.078304e+00
3.187891e+00   1.068304e+04   1.077773e+00
3.217418e+00   1.081831e+04   1.077239e+00
3.247218e+00   1.095419e+04   1.076700e+00
3.277295e+00   1.109067e+04   1.076154e+00
3.307650e+00   1.122773e+04   1.075599e+00
3.338286e+00   1.136536e+04   1.075034e+00
3.369206e+00   1.150355e+04   1.074456e+00
3.400412e+00   1.164229e+04   1.073865e+00
3.431907e+00   1.178154e+04   1.073257e+00
3.463694e+00   1.192132e+04   1.072631e+00
3.495776e+00   1.206159e+04   1.071986e+00
3.528154e+00   1.220234e+04   1.071306e+00
3.560833e+00   1.234355e+04   1.070573e+00
3.593814e+00   1.248519e+04   1.069797e+00
3.627100e+00   1.262722e+04   1.068985e+00
3.660695e+00   1.276960e+04   1.068148e+00
3.694601e+00   1.291232e+04   1.067293e+00
3.728821e+00   1.305532e+04   1.066429e+00
3.763358e+00   1.319859e+04   1.065566e+00
3.798215e+00   1.334207e+04   1.064713e+00
3.833395e+00   1.348574e+04   1.063877e+00
3.868901e+00   1.362956e+04   1.063067e+00
3.904735e+00   1.377348e+04   1.062293e+00
3.940902e+00   1.391748e+04   1.061564e+00
3.977403e+00   1.406150e+04   1.060886e+00
4.014242e+00   1.420552e+04   1.060266e+00
4.051423e+00   1.434948e+04   1.059672e+00
4.088948e+00   1.449337e+04   1.059092e+00
4.126821e+00   1.463713e+04   1.058526e+00
4.165044e+00   1.478075e+04   1.057974e+00
4.203622e+00   1.492418e+04   1.057435e+00
4.242556e+00   1.506738e+04   1.056909e+00
4.281852e+00   1.521032e+04   1.056394e+00
4.321511e+00   1.535297e+04   1.055890e+00
4.361538e+00   1.549528e+04   1.055397e+00
4.401935e+00   1.563723e+04   1.054914e+00
4.442707e+00   1.577877e+04   1.054440e+00
4.483856e+00   1.591986e+04   1.053974e+00
4.525386e+00   1.606046e+04   1.053516e+00
4.567301e+00   1.620055e+04   1.053066e+00
4.609604e+00   1.634008e+04   1.052622e+00
4.652300e+00   1.647900e+04   1.052185e+00
4.695390e+00   1.661729e+04   1.051752e+00
4.738880e+00   1.675490e+04   1.051325e+00
4.782772e+00   1.689179e+04   1.050902e+00
4.827071e+00   1.702793e+04   1.050482e+00
4.871780e+00   1.716327e+04   1.050065e+00
4.916904e+00   1.729778e+04   1.049650e+00
4.962445e+00   1.743140e+04   1.049237e+00
5.008408e+00   1.756412e+04   1.048825e+00
5.054797e+00   1.769588e+04   1.048411e+00
5.101615e+00   1.782668e+04   1.047994e+00
5.148867e+00   1.795650e+04   1.047575e+00
5.196557e+00   1.808533e+04   1.047157e+00
5.244689e+00   1.821316e+04   1.046741e+00
5.293266e+00   1.833998e+04   1.046327e+00
5.342293e+00   1.846578e+04   1.045918e+00
5.391775e+00   1.859056e+04   1.045514e+00
5.441714e+00   1.871429e+04   1.045117e+00
5.492116e+00   1.883698e+04   1.044729e+00
5.542986e+00   1.895863e+04   1.044351e+00
5.594326e+00   1.907921e+04   1.043983e+00
5.646141e+00   1.919874e+04   1.043629e+00
5.698437e+00   1.931720e+04   1.043288e+00
5.751217e+00   1.943459e+04   1.042962e+00
5.804486e+00   1.955091e+04   1.042653e+00
5.858248e+00   1.966615e+04   1.042362e+00
5.912508e+00   1.978032e+04   1.042090e+00
5.967271e+00   1.989341e+04   1.041839e+00
6.022541e+00   2.000543e+04   1.041608e+00
6.078323e+00   2.011636e+04   1.041389e+00
6.134622e+00   2.022618e+04   1.041178e+00
6.191442e+00   2.033485e+04   1.040976e+00
6.248788e+00   2.044236e+04   1.040781e+00
6.306666e+00   2.054867e+04   1.040593e+00
6.365079e+00   2.065376e+04   1.040413e+00
6.424034e+00   2.075760e+04   1.040239e+00
6.483534e+00   2.086017e+04   1.040072e+00
6.543586e+00   2.096143e+04   1.039912e+00
6.604194e+00   2.106137e+04   1.039757e+00
6.665363e+00   2.115995e+04   1.039608e+00
6.727099e+00   2.125716e+04   1.039465e+00
6.789407e+00   2.135296e+04   1.039326e+00
6.852292e+00   2.144733e+04   1.039193e+00
6.915759e+00   2.154024e+04   1.039063e+00
6.979814e+00   2.163167e+04   1.038938e+00
7.044462e+00   2.172159e+04   1.038817e+00
7.109709e+00   2.180998e+04   1.038697e+00
7.175561e+00   2.189680e+04   1.038579e+00
7.242022e+00   2.198200e+04   1.038463e+00
7.309099e+00   2.206556e+04   1.038351e+00
7.376798e+00   2.214745e+04   1.038241e+00
7.445123e+00   2.222761e+04   1.038136e+00
7.514081e+00   2.230603e+04   1.038035e+00
7.583678e+00   2.238267e+04   1.037939e+00
7.653919e+00   2.245748e+04   1.037848e+00
7.724811e+00   2.253045e+04   1.037763e+00
7.796360e+00   2.260152e+04   1.037684e+00
7.868572e+00   2.267068e+04   1.037612e+00
7.941452e+00   2.273788e+04   1.037546e+00
8.015007e+00   2.280309e+04   1.037489e+00
8.089243e+00   2.286630e+04   1.037436e+00
8.164168e+00   2.292748e+04   1.037387e+00
8.239786e+00   2.298664e+04   1.037341e+00
8.316104e+00   2.304377e+04   1.037298e+00
8.393129e+00   2.309887e+04   1.037257e+00
8.470868e+00   2.315194e+04   1.037219e+00
8.549327e+00   2.320297e+04   1.037182e+00
8.628513e+00   2.325196e+04   1.037147e+00
8.708431e+00   2.329892e+04   1.037114e+00
8.789091e+00   2.334383e+04   1.037081e+00
8.870497e+00   2.338671e+04   1.037049e+00
8.952657e+00   2.342755e+04   1.037018e+00
9.035578e+00   2.346636e+04   1.036987e+00
9.119268e+00   2.350313e+04   1.036956e+00
9.203732e+00   2.353787e+04   1.036926e+00
9.288979e+00   2.357059e+04   1.036897e+00
9.375015e+00   2.360128e+04   1.036869e+00
9.461848e+00   2.362996e+04   1.036842e+00
9.549486e+00   2.365663e+04   1.036815e+00
9.637935e+00   2.368129e+04   1.036790e+00
9.727203e+00   2.370395e+04   1.036766e+00
9.817298e+00   2.372461e+04   1.036743e+00
9.908228e+00   2.374329e+04   1.036721e+00
1.000000e+01   2.376000e+04   1.036700e+00
