# O15 + n > O16 + g   [O15_n__O16_g]   ref=TALYS2, Koning et al. 2023
# detailed balance: alpha=3.6327e+10 beta=1.5 gamma=-181.772  Q=15.6639
# T9                 rate                error
1.000000e-03   3.675100e+03   1.000000e+02
1.009262e-03   3.673840e+03   1.000000e+02
1.018610e-03   3.672585e+03   1.000000e+02
1.028045e-03   3.671333e+03   1.000000e+02
1.037567e-03   3.670086e+03   1.000000e+02
1.047177e-03   3.668843e+03   1.000000e+02
1.056876e-03   3.667603e+03   1.000000e+02
1.066665e-03   3.666369e+03   1.000000e+02
1.076545e-03   3.665138e+03   1.000000e+02
1.086516e-03   3.663912e+03   1.000000e+02
1.096579e-03   3.662690e+03   1.000000e+02
1.106736e-03   3.661472e+03   1.000000e+02
1.116987e-03   3.660259e+03   1.000000e+02
1.127333e-03   3.659051e+03   1.000000e+02
1.137774e-03   3.657847e+03   1.000000e+02
1.148312e-03   3.656647e+03   1.000000e+02
1.158948e-03   3.655453e+03   1.000000e+02
1.169683e-03   3.654263e+03   1.000000e+02
1.180517e-03   3.653077e+03   1.000000e+02
1.191451e-03   3.651897e+03   1.000000e+02
1.202486e-03   3.650721e+03   1.000000e+02
1.213624e-03   3.649551e+03   1.000000e+02
1.224865e-03   3.648385e+03   1.000000e+02
1.236210e-03   3.647224e+03   1.000000e+02
1.247660e-03   3.646068e+03   1.000000e+02
1.259216e-03   3.644917e+03   1.000000e+02
1.270879e-03   3.643772e+03   1.000000e+02
1.282650e-03   3.642631e+03   1.000000e+02
1.294530e-03   3.641496e+03   1.000000e+02
1.306520e-03   3.640366e+03   1.000000e+02
1.318621e-03   3.639241e+03   1.000000e+02
1.330835e-03   3.638122e+03   1.000000e+02
1.343161e-03   3.637008e+03   1.000000e+02
1.355602e-03   3.635899e+03   1.000000e+02
1.368158e-03   3.634796e+03   1.000000e+02
1.380830e-03   3.633699e+03   1.000000e+02
1.393619e-03   3.632607e+03   1.000000e+02
1.406527e-03   3.631520e+03   1.000000e+02
1.419555e-03   3.630440e+03   1.000000e+02
1.432703e-03   3.629365e+03   1.000000e+02
1.445973e-03   3.628296e+03   1.000000e+02
1.459366e-03   3.627232e+03   1.000000e+02
1.472883e-03   3.626175e+03   1.000000e+02
1.486525e-03   3.625123e+03   1.000000e+02
1.500293e-03   3.624077e+03   1.000000e+02
1.514189e-03   3.623037e+03   1.000000e+02
1.528214e-03   3.622004e+03   1.000000e+02
1.542369e-03   3.620976e+03   1.000000e+02
1.556654e-03   3.619955e+03   1.000000e+02
1.571072e-03   3.618939e+03   1.000000e+02
1.585624e-03   3.617930e+03   1.000000e+02
1.600310e-03   3.616927e+03   1.000000e+02
1.615133e-03   3.615931e+03   1.000000e+02
1.630092e-03   3.614940e+03   1.000000e+02
1.645191e-03   3.613957e+03   1.000000e+02
1.660429e-03   3.612979e+03   1.000000e+02
1.675808e-03   3.612008e+03   1.000000e+02
1.691330e-03   3.611044e+03   1.000000e+02
1.706995e-03   3.610086e+03   1.000000e+02
1.722805e-03   3.609135e+03   1.000000e+02
1.738762e-03   3.608190e+03   1.000000e+02
1.754867e-03   3.607252e+03   1.000000e+02
1.771121e-03   3.606321e+03   1.000000e+02
1.787526e-03   3.605397e+03   1.000000e+02
1.804082e-03   3.604480e+03   1.000000e+02
1.820792e-03   3.603569e+03   1.000000e+02
1.837656e-03   3.602665e+03   1.000000e+02
1.854677e-03   3.601769e+03   1.000000e+02
1.871855e-03   3.600879e+03   1.000000e+02
1.889193e-03   3.599997e+03   1.000000e+02
1.906691e-03   3.599121e+03   1.000000e+02
1.924351e-03   3.598253e+03   1.000000e+02
1.942175e-03   3.597392e+03   1.000000e+02
1.960163e-03   3.596538e+03   1.000000e+02
1.978319e-03   3.595691e+03   1.000000e+02
1.996642e-03   3.594852e+03   1.000000e+02
2.015136e-03   3.594020e+03   1.000000e+02
2.033800e-03   3.593196e+03   1.000000e+02
2.052638e-03   3.592379e+03   1.000000e+02
2.071650e-03   3.591570e+03   1.000000e+02
2.090838e-03   3.590768e+03   1.000000e+02
2.110203e-03   3.589974e+03   1.000000e+02
2.129749e-03   3.589187e+03   1.000000e+02
2.149475e-03   3.588408e+03   1.000000e+02
2.169384e-03   3.587637e+03   1.000000e+02
2.189477e-03   3.586874e+03   1.000000e+02
2.209756e-03   3.586118e+03   1.000000e+02
2.230223e-03   3.585370e+03   1.000000e+02
2.250880e-03   3.584631e+03   1.000000e+02
2.271728e-03   3.583899e+03   1.000000e+02
2.292769e-03   3.583175e+03   1.000000e+02
2.314005e-03   3.582459e+03   1.000000e+02
2.335438e-03   3.581752e+03   1.000000e+02
2.357069e-03   3.581052e+03   1.000000e+02
2.378901e-03   3.580361e+03   1.000000e+02
2.400935e-03   3.579678e+03   1.000000e+02
2.423173e-03   3.579003e+03   1.000000e+02
2.445617e-03   3.578337e+03   1.000000e+02
2.468268e-03   3.577679e+03   1.000000e+02
2.491130e-03   3.577029e+03   1.000000e+02
2.514203e-03   3.576388e+03   1.000000e+02
2.537490e-03   3.575756e+03   1.000000e+02
2.560993e-03   3.575132e+03   1.000000e+02
2.584714e-03   3.574516e+03   1.000000e+02
2.608654e-03   3.573909e+03   1.000000e+02
2.632815e-03   3.573311e+03   1.000000e+02
2.657201e-03   3.572722e+03   1.000000e+02
2.681813e-03   3.572141e+03   1.000000e+02
2.706652e-03   3.571569e+03   1.000000e+02
2.731722e-03   3.571006e+03   1.000000e+02
2.757023e-03   3.570452e+03   1.000000e+02
2.782559e-03   3.569907e+03   1.000000e+02
2.808332e-03   3.569371e+03   1.000000e+02
2.834343e-03   3.568844e+03   1.000000e+02
2.860596e-03   3.568326e+03   1.000000e+02
2.887091e-03   3.567818e+03   1.000000e+02
2.913832e-03   3.567318e+03   1.000000e+02
2.940820e-03   3.566828e+03   1.000000e+02
2.968059e-03   3.566347e+03   1.000000e+02
2.995549e-03   3.565875e+03   1.000000e+02
3.023295e-03   3.565413e+03   1.000000e+02
3.051297e-03   3.564966e+03   1.000000e+02
3.079559e-03   3.564540e+03   1.000000e+02
3.108082e-03   3.564141e+03   1.000000e+02
3.136870e-03   3.563775e+03   1.000000e+02
3.165924e-03   3.563448e+03   1.000000e+02
3.195248e-03   3.563167e+03   1.000000e+02
3.224842e-03   3.562938e+03   1.000000e+02
3.254712e-03   3.562767e+03   1.000000e+02
3.284857e-03   3.562661e+03   1.000000e+02
3.315282e-03   3.562624e+03   1.000000e+02
3.345989e-03   3.562665e+03   1.000000e+02
3.376980e-03   3.562789e+03   1.000000e+02
3.408259e-03   3.563001e+03   1.000000e+02
3.439826e-03   3.563310e+03   1.000000e+02
3.471687e-03   3.563719e+03   1.000000e+02
3.503842e-03   3.564237e+03   1.000000e+02
3.536296e-03   3.564869e+03   1.000000e+02
3.569049e-03   3.565621e+03   1.000000e+02
3.602107e-03   3.566501e+03   1.000000e+02
3.635470e-03   3.567513e+03   1.000000e+02
3.669142e-03   3.568665e+03   1.000000e+02
3.703127e-03   3.569962e+03   1.000000e+02
3.737426e-03   3.571412e+03   1.000000e+02
3.772042e-03   3.573021e+03   1.000000e+02
3.806980e-03   3.574794e+03   1.000000e+02
3.842241e-03   3.576739e+03   1.000000e+02
3.877828e-03   3.578862e+03   1.000000e+02
3.913746e-03   3.581170e+03   1.000000e+02
3.949995e-03   3.583669e+03   1.000000e+02
3.986581e-03   3.586366e+03   1.000000e+02
4.023506e-03   3.589267e+03   1.000000e+02
4.060772e-03   3.592359e+03   1.000000e+02
4.098384e-03   3.595619e+03   1.000000e+02
4.136344e-03   3.599024e+03   1.000000e+02
4.174655e-03   3.602548e+03   1.000000e+02
4.213322e-03   3.606169e+03   1.000000e+02
4.252346e-03   3.609861e+03   1.000000e+02
4.291732e-03   3.613601e+03   1.000000e+02
4.331483e-03   3.617364e+03   1.000000e+02
4.371602e-03   3.621126e+03   1.000000e+02
4.412093e-03   3.624861e+03   1.000000e+02
4.452959e-03   3.628547e+03   1.000000e+02
4.494203e-03   3.632157e+03   1.000000e+02
4.535829e-03   3.635666e+03   1.000000e+02
4.577841e-03   3.639051e+03   1.000000e+02
4.620241e-03   3.642285e+03   1.000000e+02
4.663035e-03   3.645344e+03   1.000000e+02
4.706225e-03   3.648202e+03   1.000000e+02
4.749815e-03   3.650835e+03   1.000000e+02
4.793808e-03   3.653217e+03   1.000000e+02
4.838210e-03   3.655322e+03   1.000000e+02
4.883022e-03   3.657126e+03   1.000000e+02
4.928250e-03   3.658603e+03   1.000000e+02
4.973896e-03   3.659728e+03   1.000000e+02
5.019965e-03   3.660476e+03   1.000000e+02
5.066461e-03   3.660845e+03   1.000000e+02
5.113388e-03   3.660857e+03   1.000000e+02
5.160749e-03   3.660535e+03   1.000000e+02
5.208549e-03   3.659905e+03   1.000000e+02
5.256791e-03   3.658989e+03   1.000000e+02
5.305481e-03   3.657813e+03   1.000000e+02
5.354621e-03   3.656400e+03   1.000000e+02
5.404216e-03   3.654775e+03   1.000000e+02
5.454271e-03   3.652962e+03   1.000000e+02
5.504790e-03   3.650985e+03   1.000000e+02
5.555776e-03   3.648868e+03   1.000000e+02
5.607235e-03   3.646636e+03   1.000000e+02
5.659170e-03   3.644313e+03   1.000000e+02
5.711586e-03   3.641922e+03   1.000000e+02
5.764488e-03   3.639488e+03   1.000000e+02
5.817880e-03   3.637035e+03   1.000000e+02
5.871766e-03   3.634586e+03   1.000000e+02
5.926152e-03   3.632165e+03   1.000000e+02
5.981041e-03   3.629797e+03   1.000000e+02
6.036439e-03   3.627502e+03   1.000000e+02
6.092349e-03   3.625286e+03   1.000000e+02
6.148778e-03   3.623138e+03   1.000000e+02
6.205729e-03   3.621049e+03   1.000000e+02
6.263207e-03   3.619010e+03   1.000000e+02
6.321218e-03   3.617012e+03   1.000000e+02
6.379767e-03   3.615046e+03   1.000000e+02
6.438857e-03   3.613103e+03   1.000000e+02
6.498495e-03   3.611173e+03   1.000000e+02
6.558686e-03   3.609248e+03   1.000000e+02
6.619433e-03   3.607318e+03   1.000000e+02
6.680744e-03   3.605375e+03   1.000000e+02
6.742622e-03   3.603409e+03   1.000000e+02
6.805074e-03   3.601411e+03   1.000000e+02
6.868104e-03   3.599373e+03   1.000000e+02
6.931717e-03   3.597285e+03   1.000000e+02
6.995920e-03   3.595138e+03   1.000000e+02
7.060718e-03   3.592926e+03   1.000000e+02
7.126115e-03   3.590649e+03   1.000000e+02
7.192119e-03   3.588312e+03   1.000000e+02
7.258734e-03   3.585919e+03   1.000000e+02
7.325965e-03   3.583474e+03   1.000000e+02
7.393820e-03   3.580982e+03   1.000000e+02
7.462303e-03   3.578445e+03   1.000000e+02
7.531420e-03   3.575868e+03   1.000000e+02
7.601178e-03   3.573256e+03   1.000000e+02
7.671581e-03   3.570612e+03   1.000000e+02
7.742637e-03   3.567940e+03   1.000000e+02
7.814351e-03   3.565245e+03   1.000000e+02
7.886729e-03   3.562529e+03   1.000000e+02
7.959777e-03   3.559798e+03   1.000000e+02
8.033502e-03   3.557055e+03   1.000000e+02
8.107910e-03   3.554298e+03   1.000000e+02
8.183007e-03   3.551516e+03   1.000000e+02
8.258799e-03   3.548700e+03   1.000000e+02
8.335294e-03   3.545839e+03   1.000000e+02
8.412497e-03   3.542925e+03   1.000000e+02
8.490415e-03   3.539946e+03   1.000000e+02
8.569055e-03   3.536893e+03   1.000000e+02
8.648423e-03   3.533757e+03   1.000000e+02
8.728527e-03   3.530527e+03   1.000000e+02
8.809372e-03   3.527193e+03   1.000000e+02
8.890966e-03   3.523747e+03   1.000000e+02
8.973316e-03   3.520177e+03   1.000000e+02
9.056428e-03   3.516478e+03   1.000000e+02
9.140311e-03   3.512668e+03   1.000000e+02
9.224970e-03   3.508785e+03   1.000000e+02
9.310413e-03   3.504865e+03   1.000000e+02
9.396648e-03   3.500943e+03   1.000000e+02
9.483682e-03   3.497057e+03   1.000000e+02
9.571522e-03   3.493243e+03   1.000000e+02
9.660175e-03   3.489536e+03   1.000000e+02
9.749649e-03   3.485972e+03   1.000000e+02
9.839952e-03   3.482587e+03   1.000000e+02
9.931092e-03   3.479416e+03   1.000000e+02
1.002308e-02   3.476495e+03   1.000000e+02
1.011591e-02   3.473836e+03   1.000000e+02
1.020961e-02   3.471409e+03   1.000000e+02
1.030417e-02   3.469177e+03   1.000000e+02
1.039961e-02   3.467106e+03   1.000000e+02
1.049593e-02   3.465160e+03   1.000000e+02
1.059315e-02   3.463303e+03   1.000000e+02
1.069126e-02   3.461500e+03   1.000000e+02
1.079029e-02   3.459717e+03   1.000000e+02
1.089023e-02   3.457917e+03   1.000000e+02
1.099110e-02   3.456066e+03   1.000000e+02
1.109290e-02   3.454135e+03   1.000000e+02
1.119564e-02   3.452124e+03   1.000000e+02
1.129934e-02   3.450044e+03   1.000000e+02
1.140400e-02   3.447906e+03   1.000000e+02
1.150962e-02   3.445719e+03   1.000000e+02
1.161623e-02   3.443494e+03   1.000000e+02
1.172382e-02   3.441242e+03   1.000000e+02
1.183241e-02   3.438972e+03   1.000000e+02
1.194200e-02   3.436696e+03   1.000000e+02
1.205261e-02   3.434422e+03   1.000000e+02
1.216424e-02   3.432156e+03   1.000000e+02
1.227691e-02   3.429895e+03   1.000000e+02
1.239062e-02   3.427635e+03   1.000000e+02
1.250539e-02   3.425376e+03   1.000000e+02
1.262121e-02   3.423112e+03   1.000000e+02
1.273811e-02   3.420843e+03   1.000000e+02
1.285610e-02   3.418565e+03   1.000000e+02
1.297517e-02   3.416276e+03   1.000000e+02
1.309535e-02   3.413974e+03   1.000000e+02
1.321664e-02   3.411657e+03   1.000000e+02
1.333906e-02   3.409326e+03   1.000000e+02
1.346261e-02   3.406983e+03   1.000000e+02
1.358730e-02   3.404627e+03   1.000000e+02
1.371315e-02   3.402259e+03   1.000000e+02
1.384016e-02   3.399879e+03   1.000000e+02
1.396835e-02   3.397488e+03   1.000000e+02
1.409773e-02   3.395087e+03   1.000000e+02
1.422830e-02   3.392676e+03   1.000000e+02
1.436009e-02   3.390256e+03   1.000000e+02
1.449310e-02   3.387827e+03   1.000000e+02
1.462733e-02   3.385389e+03   1.000000e+02
1.476281e-02   3.382944e+03   1.000000e+02
1.489955e-02   3.380492e+03   1.000000e+02
1.503755e-02   3.378032e+03   1.000000e+02
1.517683e-02   3.375567e+03   1.000000e+02
1.531740e-02   3.373094e+03   1.000000e+02
1.545928e-02   3.370615e+03   1.000000e+02
1.560246e-02   3.368128e+03   1.000000e+02
1.574698e-02   3.365633e+03   1.000000e+02
1.589283e-02   3.363130e+03   1.000000e+02
1.604003e-02   3.360618e+03   1.000000e+02
1.618860e-02   3.358098e+03   1.000000e+02
1.633854e-02   3.355569e+03   1.000000e+02
1.648987e-02   3.353032e+03   1.000000e+02
1.664260e-02   3.350488e+03   1.000000e+02
1.679675e-02   3.347937e+03   1.000000e+02
1.695232e-02   3.345378e+03   1.000000e+02
1.710934e-02   3.342814e+03   1.000000e+02
1.726781e-02   3.340243e+03   1.000000e+02
1.742775e-02   3.337667e+03   1.000000e+02
1.758917e-02   3.335085e+03   1.000000e+02
1.775208e-02   3.332499e+03   1.000000e+02
1.791650e-02   3.329908e+03   1.000000e+02
1.808245e-02   3.327313e+03   1.000000e+02
1.824993e-02   3.324715e+03   1.000000e+02
1.841897e-02   3.322112e+03   1.000000e+02
1.858957e-02   3.319506e+03   1.000000e+02
1.876175e-02   3.316896e+03   1.000000e+02
1.893552e-02   3.314282e+03   1.000000e+02
1.911091e-02   3.311665e+03   1.000000e+02
1.928792e-02   3.309043e+03   1.000000e+02
1.946656e-02   3.306418e+03   1.000000e+02
1.964687e-02   3.303790e+03   1.000000e+02
1.982884e-02   3.301157e+03   1.000000e+02
2.001250e-02   3.298521e+03   1.000000e+02
2.019786e-02   3.295882e+03   1.000000e+02
2.038493e-02   3.293240e+03   1.000000e+02
2.057374e-02   3.290596e+03   1.000000e+02
2.076430e-02   3.287951e+03   1.000000e+02
2.095662e-02   3.285307e+03   1.000000e+02
2.115073e-02   3.282663e+03   1.000000e+02
2.134663e-02   3.280022e+03   1.000000e+02
2.154435e-02   3.277384e+03   1.000000e+02
2.174389e-02   3.274750e+03   1.000000e+02
2.194529e-02   3.272120e+03   1.000000e+02
2.214855e-02   3.269497e+03   1.000000e+02
2.235370e-02   3.266880e+03   1.000000e+02
2.256074e-02   3.264270e+03   1.000000e+02
2.276970e-02   3.261670e+03   1.000000e+02
2.298060e-02   3.259079e+03   1.000000e+02
2.319345e-02   3.256498e+03   1.000000e+02
2.340827e-02   3.253928e+03   1.000000e+02
2.362508e-02   3.251371e+03   1.000000e+02
2.384390e-02   3.248826e+03   1.000000e+02
2.406475e-02   3.246296e+03   1.000000e+02
2.428764e-02   3.243781e+03   1.000000e+02
2.451260e-02   3.241281e+03   1.000000e+02
2.473964e-02   3.238798e+03   1.000000e+02
2.496878e-02   3.236333e+03   1.000000e+02
2.520005e-02   3.233886e+03   1.000000e+02
2.543346e-02   3.231456e+03   1.000000e+02
2.566903e-02   3.229043e+03   1.000000e+02
2.590678e-02   3.226645e+03   1.000000e+02
2.614673e-02   3.224260e+03   1.000000e+02
2.638891e-02   3.221889e+03   1.000000e+02
2.663333e-02   3.219530e+03   1.000000e+02
2.688001e-02   3.217181e+03   1.000000e+02
2.712898e-02   3.214841e+03   1.000000e+02
2.738025e-02   3.212510e+03   1.000000e+02
2.763385e-02   3.210185e+03   1.000000e+02
2.788980e-02   3.207867e+03   1.000000e+02
2.814812e-02   3.205553e+03   1.000000e+02
2.840884e-02   3.203243e+03   1.000000e+02
2.867196e-02   3.200935e+03   1.000000e+02
2.893753e-02   3.198629e+03   1.000000e+02
2.920556e-02   3.196323e+03   1.000000e+02
2.947606e-02   3.194016e+03   1.000000e+02
2.974908e-02   3.191706e+03   1.000000e+02
3.002462e-02   3.189394e+03   1.000000e+02
3.030271e-02   3.187079e+03   1.000000e+02
3.058338e-02   3.184766e+03   1.000000e+02
3.086665e-02   3.182460e+03   1.000000e+02
3.115254e-02   3.180168e+03   1.000000e+02
3.144108e-02   3.177894e+03   1.000000e+02
3.173230e-02   3.175644e+03   1.000000e+02
3.202621e-02   3.173424e+03   1.000000e+02
3.232284e-02   3.171239e+03   1.000000e+02
3.262222e-02   3.169095e+03   1.000000e+02
3.292437e-02   3.166998e+03   1.000000e+02
3.322933e-02   3.164952e+03   1.000000e+02
3.353710e-02   3.162963e+03   1.000000e+02
3.384773e-02   3.161037e+03   1.000000e+02
3.416123e-02   3.159179e+03   1.000000e+02
3.447764e-02   3.157395e+03   1.000000e+02
3.479698e-02   3.155690e+03   1.000000e+02
3.511928e-02   3.154069e+03   1.000000e+02
3.544456e-02   3.152538e+03   1.000000e+02
3.577285e-02   3.151102e+03   1.000000e+02
3.610419e-02   3.149767e+03   1.000000e+02
3.643859e-02   3.148538e+03   1.000000e+02
3.677609e-02   3.147420e+03   1.000000e+02
3.711672e-02   3.146419e+03   1.000000e+02
3.746050e-02   3.145541e+03   1.000000e+02
3.780747e-02   3.144790e+03   1.000000e+02
3.815765e-02   3.144173e+03   1.000000e+02
3.851107e-02   3.143694e+03   1.000000e+02
3.886777e-02   3.143359e+03   1.000000e+02
3.922777e-02   3.143174e+03   1.000000e+02
3.959110e-02   3.143144e+03   1.000000e+02
3.995780e-02   3.143275e+03   1.000000e+02
4.032790e-02   3.143569e+03   1.000000e+02
4.070142e-02   3.144015e+03   1.000000e+02
4.107841e-02   3.144595e+03   1.000000e+02
4.145888e-02   3.145293e+03   1.000000e+02
4.184289e-02   3.146091e+03   1.000000e+02
4.223044e-02   3.146972e+03   1.000000e+02
4.262159e-02   3.147919e+03   1.000000e+02
4.301636e-02   3.148915e+03   1.000000e+02
4.341478e-02   3.149943e+03   1.000000e+02
4.381690e-02   3.150985e+03   1.000000e+02
4.422274e-02   3.152025e+03   1.000000e+02
4.463234e-02   3.153045e+03   1.000000e+02
4.504573e-02   3.154027e+03   1.000000e+02
4.546295e-02   3.154955e+03   1.000000e+02
4.588404e-02   3.155811e+03   1.000000e+02
4.630903e-02   3.156579e+03   1.000000e+02
4.673795e-02   3.157239e+03   1.000000e+02
4.717085e-02   3.157776e+03   1.000000e+02
4.760775e-02   3.158172e+03   1.000000e+02
4.804870e-02   3.158410e+03   1.000000e+02
4.849374e-02   3.158472e+03   1.000000e+02
4.894290e-02   3.158341e+03   1.000000e+02
4.939622e-02   3.158000e+03   1.000000e+02
4.985373e-02   3.157431e+03   1.000000e+02
5.031549e-02   3.156620e+03   1.000000e+02
5.078152e-02   3.155570e+03   1.000000e+02
5.125187e-02   3.154297e+03   1.000000e+02
5.172657e-02   3.152819e+03   1.000000e+02
5.220568e-02   3.151151e+03   1.000000e+02
5.268921e-02   3.149309e+03   1.000000e+02
5.317723e-02   3.147311e+03   1.000000e+02
5.366977e-02   3.145171e+03   1.000000e+02
5.416687e-02   3.142908e+03   1.000000e+02
5.466857e-02   3.140536e+03   1.000000e+02
5.517492e-02   3.138073e+03   1.000000e+02
5.568596e-02   3.135534e+03   1.000000e+02
5.620174e-02   3.132936e+03   1.000000e+02
5.672229e-02   3.130295e+03   1.000000e+02
5.724766e-02   3.127626e+03   1.000000e+02
5.777790e-02   3.124947e+03   1.000000e+02
5.831305e-02   3.122272e+03   1.000000e+02
5.885316e-02   3.119618e+03   1.000000e+02
5.939827e-02   3.117001e+03   1.000000e+02
5.994843e-02   3.114436e+03   1.000000e+02
6.050368e-02   3.111937e+03   1.000000e+02
6.106408e-02   3.109503e+03   1.000000e+02
6.162966e-02   3.107129e+03   1.000000e+02
6.220049e-02   3.104811e+03   1.000000e+02
6.277660e-02   3.102543e+03   1.000000e+02
6.335805e-02   3.100321e+03   1.000000e+02
6.394488e-02   3.098140e+03   1.000000e+02
6.453715e-02   3.095994e+03   1.000000e+02
6.513491e-02   3.093880e+03   1.000000e+02
6.573820e-02   3.091793e+03   1.000000e+02
6.634708e-02   3.089727e+03   1.000000e+02
6.696160e-02   3.087678e+03   1.000000e+02
6.758181e-02   3.085641e+03   1.000000e+02
6.820777e-02   3.083611e+03   1.000000e+02
6.883952e-02   3.081584e+03   1.000000e+02
6.947713e-02   3.079555e+03   1.000000e+02
7.012064e-02   3.077519e+03   1.000000e+02
7.077011e-02   3.075473e+03   1.000000e+02
7.142559e-02   3.073419e+03   1.000000e+02
7.208715e-02   3.071358e+03   1.000000e+02
7.275484e-02   3.069292e+03   1.000000e+02
7.342870e-02   3.067222e+03   1.000000e+02
7.410882e-02   3.065150e+03   1.000000e+02
7.479523e-02   3.063077e+03   1.000000e+02
7.548799e-02   3.061006e+03   1.000000e+02
7.618718e-02   3.058938e+03   1.000000e+02
7.689284e-02   3.056875e+03   1.000000e+02
7.760503e-02   3.054817e+03   1.000000e+02
7.832383e-02   3.052768e+03   1.000000e+02
7.904928e-02   3.050728e+03   1.000000e+02
7.978145e-02   3.048700e+03   1.000000e+02
8.052040e-02   3.046684e+03   1.000000e+02
8.126619e-02   3.044684e+03   1.000000e+02
8.201889e-02   3.042703e+03   1.000000e+02
8.277857e-02   3.040744e+03   1.000000e+02
8.354528e-02   3.038812e+03   1.000000e+02
8.431909e-02   3.036910e+03   1.000000e+02
8.510007e-02   3.035040e+03   1.000000e+02
8.588829e-02   3.033208e+03   1.000000e+02
8.668380e-02   3.031415e+03   1.000000e+02
8.748668e-02   3.029666e+03   1.000000e+02
8.829700e-02   3.027963e+03   1.000000e+02
8.911482e-02   3.026311e+03   1.000000e+02
8.994022e-02   3.024713e+03   1.000000e+02
9.077327e-02   3.023170e+03   1.000000e+02
9.161402e-02   3.021672e+03   1.000000e+02
9.246257e-02   3.020206e+03   1.000000e+02
9.331898e-02   3.018759e+03   1.000000e+02
9.418332e-02   3.017318e+03   1.000000e+02
9.505566e-02   3.015870e+03   1.000000e+02
9.593608e-02   3.014402e+03   1.000000e+02
9.682466e-02   3.012901e+03   1.000000e+02
9.772147e-02   3.011354e+03   1.000000e+02
9.862658e-02   3.009748e+03   1.000000e+02
9.954008e-02   3.008070e+03   1.000000e+02
1.004620e-01   3.006308e+03   1.000000e+02
1.013925e-01   3.004460e+03   1.000000e+02
1.023317e-01   3.002539e+03   1.000000e+02
1.032795e-01   3.000555e+03   1.000000e+02
1.042361e-01   2.998519e+03   1.000000e+02
1.052015e-01   2.996444e+03   1.000000e+02
1.061759e-01   2.994340e+03   1.000000e+02
1.071593e-01   2.992218e+03   1.000000e+02
1.081519e-01   2.990090e+03   1.000000e+02
1.091536e-01   2.987967e+03   1.000000e+02
1.101646e-01   2.985860e+03   1.000000e+02
1.111850e-01   2.983776e+03   1.000000e+02
1.122148e-01   2.981715e+03   1.000000e+02
1.132541e-01   2.979673e+03   1.000000e+02
1.143031e-01   2.977646e+03   1.000000e+02
1.153618e-01   2.975632e+03   1.000000e+02
1.164303e-01   2.973629e+03   1.000000e+02
1.175087e-01   2.971632e+03   1.000000e+02
1.185971e-01   2.969640e+03   1.000000e+02
1.196956e-01   2.967649e+03   1.000000e+02
1.208042e-01   2.965656e+03   1.000000e+02
1.219231e-01   2.963662e+03   1.000000e+02
1.230524e-01   2.961668e+03   1.000000e+02
1.241921e-01   2.959677e+03   1.000000e+02
1.253424e-01   2.957690e+03   1.000000e+02
1.265034e-01   2.955708e+03   1.000000e+02
1.276751e-01   2.953735e+03   1.000000e+02
1.288576e-01   2.951770e+03   1.000000e+02
1.300511e-01   2.949817e+03   1.000000e+02
1.312557e-01   2.947876e+03   1.000000e+02
1.324714e-01   2.945949e+03   1.000000e+02
1.336984e-01   2.944036e+03   1.000000e+02
1.349367e-01   2.942137e+03   1.000000e+02
1.361865e-01   2.940252e+03   1.000000e+02
1.374479e-01   2.938383e+03   1.000000e+02
1.387210e-01   2.936529e+03   1.000000e+02
1.400058e-01   2.934692e+03   1.000000e+02
1.413026e-01   2.932870e+03   1.000000e+02
1.426114e-01   2.931063e+03   1.000000e+02
1.439323e-01   2.929267e+03   1.000000e+02
1.452654e-01   2.927480e+03   1.000000e+02
1.466109e-01   2.925700e+03   1.000000e+02
1.479688e-01   2.923924e+03   1.000000e+02
1.493393e-01   2.922150e+03   1.000000e+02
1.507225e-01   2.920375e+03   1.000000e+02
1.521186e-01   2.918598e+03   1.000000e+02
1.535275e-01   2.916822e+03   1.000000e+02
1.549495e-01   2.915047e+03   1.000000e+02
1.563847e-01   2.913275e+03   1.000000e+02
1.578331e-01   2.911506e+03   1.000000e+02
1.592950e-01   2.909742e+03   1.000000e+02
1.607704e-01   2.907985e+03   1.000000e+02
1.622595e-01   2.906236e+03   1.000000e+02
1.637624e-01   2.904494e+03   1.000000e+02
1.652792e-01   2.902762e+03   1.000000e+02
1.668101e-01   2.901039e+03   1.000000e+02
1.683551e-01   2.899327e+03   1.000000e+02
1.699144e-01   2.897627e+03   1.000000e+02
1.714882e-01   2.895939e+03   1.000000e+02
1.730766e-01   2.894263e+03   1.000000e+02
1.746796e-01   2.892602e+03   1.000000e+02
1.762975e-01   2.890955e+03   1.000000e+02
1.779304e-01   2.889323e+03   1.000000e+02
1.795785e-01   2.887708e+03   1.000000e+02
1.812418e-01   2.886110e+03   1.000000e+02
1.829205e-01   2.884528e+03   1.000000e+02
1.846147e-01   2.882961e+03   1.000000e+02
1.863246e-01   2.881410e+03   1.000000e+02
1.880504e-01   2.879873e+03   1.000000e+02
1.897922e-01   2.878348e+03   1.000000e+02
1.915501e-01   2.876837e+03   1.000000e+02
1.933242e-01   2.875337e+03   1.000000e+02
1.951148e-01   2.873847e+03   1.000000e+02
1.969220e-01   2.872368e+03   1.000000e+02
1.987460e-01   2.870898e+03   1.000000e+02
2.005868e-01   2.869436e+03   1.000000e+02
2.024447e-01   2.867983e+03   1.000000e+02
2.043197e-01   2.866536e+03   1.000000e+02
2.062122e-01   2.865098e+03   1.000000e+02
2.081222e-01   2.863668e+03   1.000000e+02
2.100498e-01   2.862245e+03   1.000000e+02
2.119953e-01   2.860830e+03   1.000000e+02
2.139589e-01   2.859422e+03   1.000000e+02
2.159406e-01   2.858022e+03   1.000000e+02
2.179407e-01   2.856630e+03   1.000000e+02
2.199593e-01   2.855246e+03   1.000000e+02
2.219966e-01   2.853869e+03   1.000000e+02
2.240528e-01   2.852500e+03   1.000000e+02
2.261280e-01   2.851138e+03   1.000000e+02
2.282224e-01   2.849784e+03   1.000000e+02
2.303363e-01   2.848437e+03   1.000000e+02
2.324697e-01   2.847098e+03   1.000000e+02
2.346229e-01   2.845767e+03   1.000000e+02
2.367960e-01   2.844443e+03   1.000000e+02
2.389893e-01   2.843126e+03   1.000000e+02
2.412028e-01   2.841817e+03   1.000000e+02
2.434369e-01   2.840515e+03   1.000000e+02
2.456916e-01   2.839221e+03   1.000000e+02
2.479673e-01   2.837934e+03   1.000000e+02
2.502640e-01   2.836654e+03   1.000000e+02
2.525820e-01   2.835382e+03   1.000000e+02
2.549215e-01   2.834116e+03   1.000000e+02
2.572826e-01   2.832857e+03   1.000000e+02
2.596656e-01   2.831604e+03   1.000000e+02
2.620707e-01   2.830357e+03   1.000000e+02
2.644980e-01   2.829116e+03   1.000000e+02
2.669478e-01   2.827879e+03   1.000000e+02
2.694204e-01   2.826647e+03   1.000000e+02
2.719158e-01   2.825420e+03   1.000000e+02
2.744343e-01   2.824196e+03   1.000000e+02
2.769762e-01   2.822976e+03   1.000000e+02
2.795416e-01   2.821759e+03   1.000000e+02
2.821308e-01   2.820545e+03   1.000000e+02
2.847439e-01   2.819333e+03   1.000000e+02
2.873813e-01   2.818123e+03   1.000000e+02
2.900430e-01   2.816915e+03   1.000000e+02
2.927295e-01   2.815708e+03   1.000000e+02
2.954408e-01   2.814502e+03   1.000000e+02
2.981772e-01   2.813297e+03   1.000000e+02
3.009390e-01   2.812091e+03   1.000000e+02
3.037264e-01   2.810886e+03   1.000000e+02
3.065395e-01   2.809681e+03   1.000000e+02
3.093788e-01   2.808476e+03   1.000000e+02
3.122443e-01   2.807271e+03   1.000000e+02
3.151363e-01   2.806066e+03   1.000000e+02
3.180552e-01   2.804862e+03   1.000000e+02
3.210011e-01   2.803658e+03   1.000000e+02
3.239743e-01   2.802455e+03   1.000000e+02
3.269750e-01   2.801252e+03   1.000000e+02
3.300035e-01   2.800050e+03   1.000000e+02
3.330600e-01   2.798849e+03   1.000000e+02
3.361449e-01   2.797648e+03   1.000000e+02
3.392583e-01   2.796449e+03   1.000000e+02
3.424006e-01   2.795250e+03   1.000000e+02
3.455720e-01   2.794052e+03   1.000000e+02
3.487727e-01   2.792856e+03   1.000000e+02
3.520031e-01   2.791660e+03   1.000000e+02
3.552635e-01   2.790466e+03   1.000000e+02
3.585540e-01   2.789272e+03   1.000000e+02
3.618750e-01   2.788080e+03   1.000000e+02
3.652267e-01   2.786887e+03   1.000000e+02
3.686095e-01   2.785695e+03   1.000000e+02
3.720237e-01   2.784503e+03   1.000000e+02
3.754694e-01   2.783310e+03   1.000000e+02
3.789471e-01   2.782117e+03   1.000000e+02
3.824570e-01   2.780924e+03   1.000000e+02
3.859994e-01   2.779729e+03   1.000000e+02
3.895746e-01   2.778533e+03   1.000000e+02
3.931829e-01   2.777336e+03   1.000000e+02
3.968246e-01   2.776138e+03   1.000000e+02
4.005001e-01   2.774937e+03   1.000000e+02
4.042096e-01   2.773735e+03   1.000000e+02
4.079535e-01   2.772531e+03   1.000000e+02
4.117320e-01   2.771326e+03   1.000000e+02
4.155455e-01   2.770119e+03   1.000000e+02
4.193944e-01   2.768912e+03   1.000000e+02
4.232789e-01   2.767705e+03   1.000000e+02
4.271994e-01   2.766498e+03   1.000000e+02
4.311562e-01   2.765290e+03   1.000000e+02
4.351497e-01   2.764084e+03   1.000000e+02
4.391801e-01   2.762878e+03   1.000000e+02
4.432479e-01   2.761673e+03   1.000000e+02
4.473533e-01   2.760469e+03   1.000000e+02
4.514968e-01   2.759267e+03   1.000000e+02
4.556786e-01   2.758067e+03   1.000000e+02
4.598992e-01   2.756870e+03   1.000000e+02
4.641589e-01   2.755674e+03   1.000000e+02
4.684580e-01   2.754480e+03   1.000000e+02
4.727970e-01   2.753288e+03   1.000000e+02
4.771761e-01   2.752098e+03   1.000000e+02
4.815958e-01   2.750910e+03   1.000000e+02
4.860564e-01   2.749724e+03   1.000000e+02
4.905584e-01   2.748540e+03   1.000000e+02
4.951020e-01   2.747359e+03   1.000000e+02
4.996877e-01   2.746180e+03   1.000000e+02
5.043159e-01   2.745003e+03   1.000000e+02
5.089870e-01   2.743828e+03   1.000000e+02
5.137014e-01   2.742657e+03   1.000000e+02
5.184594e-01   2.741489e+03   1.000000e+02
5.232614e-01   2.740324e+03   1.000000e+02
5.281080e-01   2.739164e+03   1.000000e+02
5.329994e-01   2.738007e+03   1.000000e+02
5.379362e-01   2.736856e+03   1.000000e+02
5.429186e-01   2.735709e+03   1.000000e+02
5.479472e-01   2.734568e+03   1.000000e+02
5.530224e-01   2.733433e+03   1.000000e+02
5.581446e-01   2.732304e+03   1.000000e+02
5.633143e-01   2.731181e+03   1.000000e+02
5.685318e-01   2.730065e+03   1.000000e+02
5.737976e-01   2.728957e+03   1.000000e+02
5.791123e-01   2.727855e+03   1.000000e+02
5.844761e-01   2.726762e+03   1.000000e+02
5.898896e-01   2.725677e+03   1.000000e+02
5.953533e-01   2.724601e+03   1.000000e+02
6.008676e-01   2.723533e+03   1.000000e+02
6.064329e-01   2.722475e+03   1.000000e+02
6.120498e-01   2.721426e+03   1.000000e+02
6.177188e-01   2.720387e+03   1.000000e+02
6.234402e-01   2.719357e+03   1.000000e+02
6.292146e-01   2.718337e+03   1.000000e+02
6.350425e-01   2.717327e+03   1.000000e+02
6.409244e-01   2.716328e+03   1.000000e+02
6.468608e-01   2.715338e+03   1.000000e+02
6.528521e-01   2.714359e+03   1.000000e+02
6.588990e-01   2.713390e+03   1.000000e+02
6.650018e-01   2.712431e+03   1.000000e+02
6.711612e-01   2.711484e+03   1.000000e+02
6.773776e-01   2.710547e+03   1.000000e+02
6.836516e-01   2.709622e+03   1.000000e+02
6.899837e-01   2.708707e+03   1.000000e+02
6.963745e-01   2.707804e+03   1.000000e+02
7.028244e-01   2.706912e+03   1.000000e+02
7.093341e-01   2.706032e+03   1.000000e+02
7.159041e-01   2.705164e+03   1.000000e+02
7.225349e-01   2.704308e+03   1.000000e+02
7.292272e-01   2.703465e+03   1.000000e+02
7.359814e-01   2.702635e+03   1.000000e+02
7.427982e-01   2.701819e+03   1.000000e+02
7.496782e-01   2.701018e+03   1.000000e+02
7.566219e-01   2.700230e+03   1.000000e+02
7.636298e-01   2.699458e+03   1.000000e+02
7.707027e-01   2.698700e+03   1.000000e+02
7.778411e-01   2.697959e+03   1.000000e+02
7.850456e-01   2.697233e+03   1.000000e+02
7.923169e-01   2.696524e+03   1.000000e+02
7.996555e-01   2.695832e+03   1.000000e+02
8.070620e-01   2.695157e+03   1.000000e+02
8.145372e-01   2.694499e+03   1.000000e+02
8.220816e-01   2.693859e+03   1.000000e+02
8.296959e-01   2.693236e+03   1.000000e+02
8.373807e-01   2.692630e+03   1.000000e+02
8.451366e-01   2.692042e+03   1.000000e+02
8.529644e-01   2.691472e+03   1.000000e+02
8.608648e-01   2.690919e+03   1.000000e+02
8.688383e-01   2.690383e+03   1.000000e+02
8.768856e-01   2.689866e+03   1.000000e+02
8.850075e-01   2.689366e+03   1.000000e+02
8.932046e-01   2.688883e+03   1.000000e+02
9.014776e-01   2.688419e+03   1.000000e+02
9.098273e-01   2.687972e+03   1.000000e+02
9.182543e-01   2.687543e+03   1.000000e+02
9.267593e-01   2.687133e+03   1.000000e+02
9.353432e-01   2.686742e+03   1.000000e+02
9.440065e-01   2.686370e+03   1.000000e+02
9.527500e-01   2.686018e+03   1.000000e+02
9.615746e-01   2.685685e+03   1.000000e+02
9.704809e-01   2.685373e+03   1.000000e+02
9.794697e-01   2.685081e+03   1.000000e+02
9.885417e-01   2.684809e+03   1.000000e+02
9.976978e-01   2.684559e+03   1.000000e+02
1.006939e+00   2.684331e+03   1.000000e+02
1.016265e+00   2.684123e+03   1.000000e+02
1.025678e+00   2.683938e+03   1.000000e+02
1.035178e+00   2.683774e+03   1.000000e+02
1.044766e+00   2.683633e+03   1.000000e+02
1.054443e+00   2.683513e+03   1.000000e+02
1.064209e+00   2.683414e+03   1.000000e+02
1.074066e+00   2.683338e+03   1.000000e+02
1.084014e+00   2.683284e+03   1.000000e+02
1.094055e+00   2.683252e+03   1.000000e+02
1.104188e+00   2.683242e+03   1.000000e+02
1.114415e+00   2.683255e+03   1.000000e+02
1.124737e+00   2.683289e+03   1.000000e+02
1.135155e+00   2.683347e+03   1.000000e+02
1.145669e+00   2.683426e+03   1.000000e+02
1.156280e+00   2.683528e+03   1.000000e+02
1.166990e+00   2.683653e+03   1.000000e+02
1.177799e+00   2.683800e+03   1.000000e+02
1.188708e+00   2.683970e+03   1.000000e+02
1.199718e+00   2.684163e+03   1.000000e+02
1.210830e+00   2.684378e+03   1.000000e+02
1.222045e+00   2.684617e+03   1.000000e+02
1.233363e+00   2.684879e+03   1.000000e+02
1.244787e+00   2.685163e+03   1.000000e+02
1.256317e+00   2.685471e+03   1.000000e+02
1.267953e+00   2.685802e+03   1.000000e+02
1.279697e+00   2.686156e+03   1.000000e+02
1.291550e+00   2.686534e+03   1.000000e+02
1.303512e+00   2.686934e+03   1.000000e+02
1.315586e+00   2.687358e+03   1.000000e+02
1.327771e+00   2.687805e+03   1.000000e+02
1.340069e+00   2.688275e+03   1.000000e+02
1.352481e+00   2.688768e+03   1.000000e+02
1.365008e+00   2.689285e+03   1.000000e+02
1.377651e+00   2.689825e+03   1.000000e+02
1.390411e+00   2.690387e+03   1.000000e+02
1.403289e+00   2.690973e+03   1.000000e+02
1.416287e+00   2.691583e+03   1.000000e+02
1.429405e+00   2.692215e+03   1.000000e+02
1.442644e+00   2.692871e+03   1.000000e+02
1.456006e+00   2.693550e+03   1.000000e+02
1.469492e+00   2.694252e+03   1.000000e+02
1.483103e+00   2.694977e+03   1.000000e+02
1.496839e+00   2.695725e+03   1.000000e+02
1.510703e+00   2.696497e+03   1.000000e+02
1.524696e+00   2.697293e+03   1.000000e+02
1.538818e+00   2.698112e+03   1.000000e+02
1.553071e+00   2.698957e+03   1.000000e+02
1.567455e+00   2.699827e+03   1.000000e+02
1.581973e+00   2.700723e+03   1.000000e+02
1.596626e+00   2.701646e+03   1.000000e+02
1.611414e+00   2.702595e+03   1.000000e+02
1.626340e+00   2.703573e+03   1.000000e+02
1.641403e+00   2.704579e+03   1.000000e+02
1.656606e+00   2.705614e+03   1.000000e+02
1.671950e+00   2.706678e+03   1.000000e+02
1.687436e+00   2.707772e+03   1.000000e+02
1.703065e+00   2.708898e+03   1.000000e+02
1.718839e+00   2.710054e+03   1.000000e+02
1.734759e+00   2.711242e+03   1.000000e+02
1.750827e+00   2.712463e+03   1.000000e+02
1.767044e+00   2.713717e+03   1.000000e+02
1.783410e+00   2.715003e+03   1.000000e+02
1.799929e+00   2.716321e+03   1.000000e+02
1.816600e+00   2.717670e+03   1.000000e+02
1.833425e+00   2.719048e+03   1.000000e+02
1.850407e+00   2.720457e+03   1.000000e+02
1.867546e+00   2.721893e+03   1.000000e+02
1.884843e+00   2.723358e+03   1.000000e+02
1.902301e+00   2.724850e+03   1.000000e+02
1.919921e+00   2.726369e+03   1.000000e+02
1.937703e+00   2.727913e+03   1.000000e+02
1.955651e+00   2.729483e+03   1.000000e+02
1.973764e+00   2.731077e+03   1.000000e+02
1.992046e+00   2.732694e+03   1.000000e+02
2.010496e+00   2.734334e+03   1.000000e+02
2.029118e+00   2.735997e+03   1.000000e+02
2.047912e+00   2.737683e+03   1.000000e+02
2.066880e+00   2.739391e+03   1.000000e+02
2.086024e+00   2.741124e+03   1.000000e+02
2.105345e+00   2.742879e+03   1.000000e+02
2.124845e+00   2.744659e+03   1.000000e+02
2.144526e+00   2.746462e+03   1.000000e+02
2.164389e+00   2.748290e+03   1.000000e+02
2.184436e+00   2.750142e+03   1.000000e+02
2.204669e+00   2.752019e+03   1.000000e+02
2.225089e+00   2.753921e+03   1.000000e+02
2.245698e+00   2.755848e+03   1.000000e+02
2.266498e+00   2.757800e+03   1.000000e+02
2.287491e+00   2.759778e+03   1.000000e+02
2.308678e+00   2.761782e+03   1.000000e+02
2.330061e+00   2.763813e+03   1.000000e+02
2.351643e+00   2.765869e+03   1.000000e+02
2.373424e+00   2.767952e+03   1.000000e+02
2.395407e+00   2.770062e+03   1.000000e+02
2.417594e+00   2.772199e+03   1.000000e+02
2.439986e+00   2.774363e+03   1.000000e+02
2.462586e+00   2.776555e+03   1.000000e+02
2.485395e+00   2.778775e+03   1.000000e+02
2.508415e+00   2.781023e+03   1.000000e+02
2.531648e+00   2.783299e+03   1.000000e+02
2.555097e+00   2.785603e+03   1.000000e+02
2.578763e+00   2.787935e+03   1.000000e+02
2.602648e+00   2.790296e+03   1.000000e+02
2.626754e+00   2.792684e+03   1.000000e+02
2.651084e+00   2.795101e+03   1.000000e+02
2.675638e+00   2.797545e+03   1.000000e+02
2.700421e+00   2.800018e+03   1.000000e+02
2.725433e+00   2.802518e+03   1.000000e+02
2.750676e+00   2.805047e+03   1.000000e+02
2.776153e+00   2.807603e+03   1.000000e+02
2.801867e+00   2.810187e+03   1.000000e+02
2.827818e+00   2.812798e+03   1.000000e+02
2.854010e+00   2.815438e+03   1.000000e+02
2.880444e+00   2.818105e+03   1.000000e+02
2.907123e+00   2.820800e+03   1.000000e+02
2.934050e+00   2.823523e+03   1.000000e+02
2.961225e+00   2.826273e+03   1.000000e+02
2.988653e+00   2.829050e+03   1.000000e+02
3.016334e+00   2.831856e+03   1.000000e+02
3.044272e+00   2.834688e+03   1.000000e+02
3.072469e+00   2.837550e+03   1.000000e+02
3.100927e+00   2.840439e+03   1.000000e+02
3.129648e+00   2.843358e+03   1.000000e+02
3.158635e+00   2.846305e+03   1.000000e+02
3.187891e+00   2.849282e+03   1.000000e+02
3.217418e+00   2.852290e+03   1.000000e+02
3.247218e+00   2.855327e+03   1.000000e+02
3.277295e+00   2.858395e+03   1.000000e+02
3.307650e+00   2.861495e+03   1.000000e+02
3.338286e+00   2.864626e+03   1.000000e+02
3.369206e+00   2.867788e+03   1.000000e+02
3.400412e+00   2.870983e+03   1.000000e+02
3.431907e+00   2.874211e+03   1.000000e+02
3.463694e+00   2.877472e+03   1.000000e+02
3.495776e+00   2.880766e+03   1.000000e+02
3.528154e+00   2.884094e+03   1.000000e+02
3.560833e+00   2.887456e+03   1.000000e+02
3.593814e+00   2.890853e+03   1.000000e+02
3.627100e+00   2.894286e+03   1.000000e+02
3.660695e+00   2.897754e+03   1.000000e+02
3.694601e+00   2.901257e+03   1.000000e+02
3.728821e+00   2.904798e+03   1.000000e+02
3.763358e+00   2.908375e+03   1.000000e+02
3.798215e+00   2.911990e+03   1.000000e+02
3.833395e+00   2.915642e+03   1.000000e+02
3.868901e+00   2.919333e+03   1.000000e+02
3.904735e+00   2.923063e+03   1.000000e+02
3.940902e+00   2.926831e+03   1.000000e+02
3.977403e+00   2.930640e+03   1.000000e+02
4.014242e+00   2.934488e+03   1.000000e+02
4.051423e+00   2.938378e+03   1.000000e+02
4.088948e+00   2.942309e+03   1.000000e+02
4.126821e+00   2.946282e+03   1.000000e+02
4.165044e+00   2.950299e+03   1.000000e+02
4.203622e+00   2.954359e+03   1.000000e+02
4.242556e+00   2.958465e+03   1.000000e+02
4.281852e+00   2.962616e+03   1.000000e+02
4.321511e+00   2.966814e+03   1.000000e+02
4.361538e+00   2.971059e+03   1.000000e+02
4.401935e+00   2.975352e+03   1.000000e+02
4.442707e+00   2.979695e+03   1.000000e+02
4.483856e+00   2.984088e+03   1.000000e+02
4.525386e+00   2.988531e+03   1.000000e+02
4.567301e+00   2.993027e+03   1.000000e+02
4.609604e+00   2.997575e+03   1.000000e+02
4.652300e+00   3.002176e+03   1.000000e+02
4.695390e+00   3.006832e+03   1.000000e+02
4.738880e+00   3.011544e+03   1.000000e+02
4.782772e+00   3.016311e+03   1.000000e+02
4.827071e+00   3.021136e+03   1.000000e+02
4.871780e+00   3.026019e+03   1.000000e+02
4.916904e+00   3.030962e+03   1.000000e+02
4.962445e+00   3.035964e+03   1.000000e+02
5.008408e+00   3.041027e+03   1.000000e+02
5.054797e+00   3.046153e+03   1.000000e+02
5.101615e+00   3.051342e+03   1.000000e+02
5.148867e+00   3.056595e+03   1.000000e+02
5.196557e+00   3.061915e+03   1.000000e+02
5.244689e+00   3.067302e+03   1.000000e+02
5.293266e+00   3.072758e+03   1.000000e+02
5.342293e+00   3.078284e+03   1.000000e+02
5.391775e+00   3.083882e+03   1.000000e+02
5.441714e+00   3.089554e+03   1.000000e+02
5.492116e+00   3.095299e+03   1.000000e+02
5.542986e+00   3.101121e+03   1.000000e+02
5.594326e+00   3.107020e+03   1.000000e+02
5.646141e+00   3.112999e+03   1.000000e+02
5.698437e+00   3.119057e+03   1.000000e+02
5.751217e+00   3.125198e+03   1.000000e+02
5.804486e+00   3.131422e+03   1.000000e+02
5.858248e+00   3.137731e+03   1.000000e+02
5.912508e+00   3.144127e+03   1.000000e+02
5.967271e+00   3.150611e+03   1.000000e+02
6.022541e+00   3.157185e+03   1.000000e+02
6.078323e+00   3.163850e+03   1.000000e+02
6.134622e+00   3.170608e+03   1.000000e+02
6.191442e+00   3.177462e+03   1.000000e+02
6.248788e+00   3.184412e+03   1.000000e+02
6.306666e+00   3.191461e+03   1.000000e+02
6.365079e+00   3.198611e+03   1.000000e+02
6.424034e+00   3.205864e+03   1.000000e+02
6.483534e+00   3.213221e+03   1.000000e+02
6.543586e+00   3.220685e+03   1.000000e+02
6.604194e+00   3.228257e+03   1.000000e+02
6.665363e+00   3.235940e+03   1.000000e+02
6.727099e+00   3.243736e+03   1.000000e+02
6.789407e+00   3.251646e+03   1.000000e+02
6.852292e+00   3.259673e+03   1.000000e+02
6.915759e+00   3.267819e+03   1.000000e+02
6.979814e+00   3.276085e+03   1.000000e+02
7.044462e+00   3.284475e+03   1.000000e+02
7.109709e+00   3.292991e+03   1.000000e+02
7.175561e+00   3.301634e+03   1.000000e+02
7.242022e+00   3.310409e+03   1.000000e+02
7.309099e+00   3.319316e+03   1.000000e+02
7.376798e+00   3.328360e+03   1.000000e+02
7.445123e+00   3.337542e+03   1.000000e+02
7.514081e+00   3.346866e+03   1.000000e+02
7.583678e+00   3.356334e+03   1.000000e+02
7.653919e+00   3.365948e+03   1.000000e+02
7.724811e+00   3.375713e+03   1.000000e+02
7.796360e+00   3.385630e+03   1.000000e+02
7.868572e+00   3.395702e+03   1.000000e+02
7.941452e+00   3.405933e+03   1.000000e+02
8.015007e+00   3.416326e+03   1.000000e+02
8.089243e+00   3.426883e+03   1.000000e+02
8.164168e+00   3.437610e+03   1.000000e+02
8.239786e+00   3.448512e+03   1.000000e+02
8.316104e+00   3.459594e+03   1.000000e+02
8.393129e+00   3.470859e+03   1.000000e+02
8.470868e+00   3.482315e+03   1.000000e+02
8.549327e+00   3.493966e+03   1.000000e+02
8.628513e+00   3.505816e+03   1.000000e+02
8.708431e+00   3.517873e+03   1.000000e+02
8.789091e+00   3.530140e+03   1.000000e+02
8.870497e+00   3.542624e+03   1.000000e+02
8.952657e+00   3.555329e+03   1.000000e+02
9.035578e+00   3.568263e+03   1.000000e+02
9.119268e+00   3.581430e+03   1.000000e+02
9.203732e+00   3.594837e+03   1.000000e+02
9.288979e+00   3.608489e+03   1.000000e+02
9.375015e+00   3.622393e+03   1.000000e+02
9.461848e+00   3.636555e+03   1.000000e+02
9.549486e+00   3.650980e+03   1.000000e+02
9.637935e+00   3.665677e+03   1.000000e+02
9.727203e+00   3.680650e+03   1.000000e+02
9.817298e+00   3.695907e+03   1.000000e+02
9.908228e+00   3.711455e+03   1.000000e+02
1.000000e+01   3.727300e+03   1.000000e+02
