# C12 + a > O16 + g   [C12_a__O16_g]   ref=NACRE, Xu et al. 2010, 2011
# detailed balance: alpha=5.1353e+10 beta=1.5 gamma=-83.1105  Q=7.1619
# T9                 rate                error
1.000000e-03   1.000000e-35   1.000000e+00
1.009262e-03   1.000000e-35   1.000000e+00
1.018610e-03   1.000000e-35   1.000000e+00
1.028045e-03   1.000000e-35   1.000000e+00
1.037567e-03   1.000000e-35   1.000000e+00
1.047177e-03   1.000000e-35   1.000000e+00
1.056876e-03   1.000000e-35   1.000000e+00
1.066665e-03   1.000000e-35   1.000000e+00
1.076545e-03   1.000000e-35   1.000000e+00
1.086516e-03   1.000000e-35   1.000000e+00
1.096579e-03   1.000000e-35   1.000000e+00
1.106736e-03   1.000000e-35   1.000000e+00
1.116987e-03   1.000000e-35   1.000000e+00
1.127333e-03   1.000000e-35   1.000000e+00
1.137774e-03   1.000000e-35   1.000000e+00
1.148312e-03   1.000000e-35   1.000000e+00
1.158948e-03   1.000000e-35   1.000000e+00
1.169683e-03   1.000000e-35   1.000000e+00
1.180517e-03   1.000000e-35   1.000000e+00
1.191451e-03   1.000000e-35   1.000000e+00
1.202486e-03   1.000000e-35   1.000000e+00
1.213624e-03   1.000000e-35   1.000000e+00
1.224865e-03   1.000000e-35   1.000000e+00
1.236210e-03   1.000000e-35   1.000000e+00
1.247660e-03   1.000000e-35   1.000000e+00
1.259216e-03   1.000000e-35   1.000000e+00
1.270879e-03   1.000000e-35   1.000000e+00
1.282650e-03   1.000000e-35   1.000000e+00
1.294530e-03   1.000000e-35   1.000000e+00
1.306520e-03   1.000000e-35   1.000000e+00
1.318621e-03   1.000000e-35   1.000000e+00
1.330835e-03   1.000000e-35   1.000000e+00
1.343161e-03   1.000000e-35   1.000000e+00
1.355602e-03   1.000000e-35   1.000000e+00
1.368158e-03   1.000000e-35   1.000000e+00
1.380830e-03   1.000000e-35   1.000000e+00
1.393619e-03   1.000000e-35   1.000000e+00
1.406527e-03   1.000000e-35   1.000000e+00
1.419555e-03   1.000000e-35   1.000000e+00
1.432703e-03   1.000000e-35   1.000000e+00
1.445973e-03   1.000000e-35   1.000000e+00
1.459366e-03   1.000000e-35   1.000000e+00
1.472883e-03   1.000000e-35   1.000000e+00
1.486525e-03   1.000000e-35   1.000000e+00
1.500293e-03   1.000000e-35   1.000000e+00
1.514189e-03   1.000000e-35   1.000000e+00
1.528214e-03   1.000000e-35   1.000000e+00
1.542369e-03   1.000000e-35   1.000000e+00
1.556654e-03   1.000000e-35   1.000000e+00
1.571072e-03   1.000000e-35   1.000000e+00
1.585624e-03   1.000000e-35   1.000000e+00
1.600310e-03   1.000000e-35   1.000000e+00
1.615133e-03   1.000000e-35   1.000000e+00
1.630092e-03   1.000000e-35   1.000000e+00
1.645191e-03   1.000000e-35   1.000000e+00
1.660429e-03   1.000000e-35   1.000000e+00
1.675808e-03   1.000000e-35   1.000000e+00
1.691330e-03   1.000000e-35   1.000000e+00
1.706995e-03   1.000000e-35   1.000000e+00
1.722805e-03   1.000000e-35   1.000000e+00
1.738762e-03   1.000000e-35   1.000000e+00
1.754867e-03   1.000000e-35   1.000000e+00
1.771121e-03   1.000000e-35   1.000000e+00
1.787526e-03   1.000000e-35   1.000000e+00
1.804082e-03   1.000000e-35   1.000000e+00
1.820792e-03   1.000000e-35   1.000000e+00
1.837656e-03   1.000000e-35   1.000000e+00
1.854677e-03   1.000000e-35   1.000000e+00
1.871855e-03   1.000000e-35   1.000000e+00
1.889193e-03   1.000000e-35   1.000000e+00
1.906691e-03   1.000000e-35   1.000000e+00
1.924351e-03   1.000000e-35   1.000000e+00
1.942175e-03   1.000000e-35   1.000000e+00
1.960163e-03   1.000000e-35   1.000000e+00
1.978319e-03   1.000000e-35   1.000000e+00
1.996642e-03   1.000000e-35   1.000000e+00
2.015136e-03   1.000000e-35   1.000000e+00
2.033800e-03   1.000000e-35   1.000000e+00
2.052638e-03   1.000000e-35   1.000000e+00
2.071650e-03   1.000000e-35   1.000000e+00
2.090838e-03   1.000000e-35   1.000000e+00
2.110203e-03   1.000000e-35   1.000000e+00
2.129749e-03   1.000000e-35   1.000000e+00
2.149475e-03   1.000000e-35   1.000000e+00
2.169384e-03   1.000000e-35   1.000000e+00
2.189477e-03   1.000000e-35   1.000000e+00
2.209756e-03   1.000000e-35   1.000000e+00
2.230223e-03   1.000000e-35   1.000000e+00
2.250880e-03   1.000000e-35   1.000000e+00
2.271728e-03   1.000000e-35   1.000000e+00
2.292769e-03   1.000000e-35   1.000000e+00
2.314005e-03   1.000000e-35   1.000000e+00
2.335438e-03   1.000000e-35   1.000000e+00
2.357069e-03   1.000000e-35   1.000000e+00
2.378901e-03   1.000000e-35   1.000000e+00
2.400935e-03   1.000000e-35   1.000000e+00
2.423173e-03   1.000000e-35   1.000000e+00
2.445617e-03   1.000000e-35   1.000000e+00
2.468268e-03   1.000000e-35   1.000000e+00
2.491130e-03   1.000000e-35   1.000000e+00
2.514203e-03   1.000000e-35   1.000000e+00
2.537490e-03   1.000000e-35   1.000000e+00
2.560993e-03   1.000000e-35   1.000000e+00
2.584714e-03   1.000000e-35   1.000000e+00
2.608654e-03   1.000000e-35   1.000000e+00
2.632815e-03   1.000000e-35   1.000000e+00
2.657201e-03   1.000000e-35   1.000000e+00
2.681813e-03   1.000000e-35   1.000000e+00
2.706652e-03   1.000000e-35   1.000000e+00
2.731722e-03   1.000000e-35   1.000000e+00
2.757023e-03   1.000000e-35   1.000000e+00
2.782559e-03   1.000000e-35   1.000000e+00
2.808332e-03   1.000000e-35   1.000000e+00
2.834343e-03   1.000000e-35   1.000000e+00
2.860596e-03   1.000000e-35   1.000000e+00
2.887091e-03   1.000000e-35   1.000000e+00
2.913832e-03   1.000000e-35   1.000000e+00
2.940820e-03   1.000000e-35   1.000000e+00
2.968059e-03   1.000000e-35   1.000000e+00
2.995549e-03   1.000000e-35   1.000000e+00
3.023295e-03   1.000000e-35   1.000000e+00
3.051297e-03   1.000000e-35   1.000000e+00
3.079559e-03   1.000000e-35   1.000000e+00
3.108082e-03   1.000000e-35   1.000000e+00
3.136870e-03   1.000000e-35   1.000000e+00
3.165924e-03   1.000000e-35   1.000000e+00
3.195248e-03   1.000000e-35   1.000000e+00
3.224842e-03   1.000000e-35   1.000000e+00
3.254712e-03   1.000000e-35   1.000000e+00
3.284857e-03   1.000000e-35   1.000000e+00
3.315282e-03   1.000000e-35   1.000000e+00
3.345989e-03   1.000000e-35   1.000000e+00
3.376980e-03   1.000000e-35   1.000000e+00
3.408259e-03   1.000000e-35   1.000000e+00
3.439826e-03   1.000000e-35   1.000000e+00
3.471687e-03   1.000000e-35   1.000000e+00
3.503842e-03   1.000000e-35   1.000000e+00
3.536296e-03   1.000000e-35   1.000000e+00
3.569049e-03   1.000000e-35   1.000000e+00
3.602107e-03   1.000000e-35   1.000000e+00
3.635470e-03   1.000000e-35   1.000000e+00
3.669142e-03   1.000000e-35   1.000000e+00
3.703127e-03   1.000000e-35   1.000000e+00
3.737426e-03   1.000000e-35   1.000000e+00
3.772042e-03   1.000000e-35   1.000000e+00
3.806980e-03   1.000000e-35   1.000000e+00
3.842241e-03   1.000000e-35   1.000000e+00
3.877828e-03   1.000000e-35   1.000000e+00
3.913746e-03   1.000000e-35   1.000000e+00
3.949995e-03   1.000000e-35   1.000000e+00
3.986581e-03   1.000000e-35   1.000000e+00
4.023506e-03   1.000000e-35   1.000000e+00
4.060772e-03   1.000000e-35   1.000000e+00
4.098384e-03   1.000000e-35   1.000000e+00
4.136344e-03   1.000000e-35   1.000000e+00
4.174655e-03   1.000000e-35   1.000000e+00
4.213322e-03   1.000000e-35   1.000000e+00
4.252346e-03   1.000000e-35   1.000000e+00
4.291732e-03   1.000000e-35   1.000000e+00
4.331483e-03   1.000000e-35   1.000000e+00
4.371602e-03   1.000000e-35   1.000000e+00
4.412093e-03   1.000000e-35   1.000000e+00
4.452959e-03   1.000000e-35   1.000000e+00
4.494203e-03   1.000000e-35   1.000000e+00
4.535829e-03   1.000000e-35   1.000000e+00
4.577841e-03   1.000000e-35   1.000000e+00
4.620241e-03   1.000000e-35   1.000000e+00
4.663035e-03   1.000000e-35   1.000000e+00
4.706225e-03   1.000000e-35   1.000000e+00
4.749815e-03   1.000000e-35   1.000000e+00
4.793808e-03   1.000000e-35   1.000000e+00
4.838210e-03   1.000000e-35   1.000000e+00
4.883022e-03   1.000000e-35   1.000000e+00
4.928250e-03   1.000000e-35   1.000000e+00
4.973896e-03   1.000000e-35   1.000000e+00
5.019965e-03   1.000000e-35   1.000000e+00
5.066461e-03   1.000000e-35   1.000000e+00
5.113388e-03   1.000000e-35   1.000000e+00
5.160749e-03   1.000000e-35   1.000000e+00
5.208549e-03   1.000000e-35   1.000000e+00
5.256791e-03   1.000000e-35   1.000000e+00
5.305481e-03   1.000000e-35   1.000000e+00
5.354621e-03   1.000000e-35   1.000000e+00
5.404216e-03   1.000000e-35   1.000000e+00
5.454271e-03   1.000000e-35   1.000000e+00
5.504790e-03   1.000000e-35   1.000000e+00
5.555776e-03   1.000000e-35   1.000000e+00
5.607235e-03   1.000000e-35   1.000000e+00
5.659170e-03   1.000000e-35   1.000000e+00
5.711586e-03   1.000000e-35   1.000000e+00
5.764488e-03   1.000000e-35   1.000000e+00
5.817880e-03   1.000000e-35   1.000000e+00
5.871766e-03   1.000000e-35   1.000000e+00
5.926152e-03   1.000000e-35   1.000000e+00
5.981041e-03   1.000000e-35   1.000000e+00
6.036439e-03   1.000000e-35   1.000000e+00
6.092349e-03   1.000000e-35   1.000000e+00
6.148778e-03   1.000000e-35   1.000000e+00
6.205729e-03   1.000000e-35   1.000000e+00
6.263207e-03   1.000000e-35   1.000000e+00
6.321218e-03   1.000000e-35   1.000000e+00
6.379767e-03   1.000000e-35   1.000000e+00
6.438857e-03   1.000000e-35   1.000000e+00
6.498495e-03   1.000000e-35   1.000000e+00
6.558686e-03   1.000000e-35   1.000000e+00
6.619433e-03   1.000000e-35   1.000000e+00
6.680744e-03   1.000000e-35   1.000000e+00
6.742622e-03   1.000000e-35   1.000000e+00
6.805074e-03   1.000000e-35   1.000000e+00
6.868104e-03   1.000000e-35   1.000000e+00
6.931717e-03   1.000000e-35   1.000000e+00
6.995920e-03   1.000000e-35   1.000000e+00
7.060718e-03   1.000000e-35   1.000000e+00
7.126115e-03   1.000000e-35   1.000000e+00
7.192119e-03   1.000000e-35   1.000000e+00
7.258734e-03   1.000000e-35   1.000000e+00
7.325965e-03   1.000000e-35   1.000000e+00
7.393820e-03   1.000000e-35   1.000000e+00
7.462303e-03   1.000000e-35   1.000000e+00
7.531420e-03   1.000000e-35   1.000000e+00
7.601178e-03   1.000000e-35   1.000000e+00
7.671581e-03   1.000000e-35   1.000000e+00
7.742637e-03   1.000000e-35   1.000000e+00
7.814351e-03   1.000000e-35   1.000000e+00
7.886729e-03   1.000000e-35   1.000000e+00
7.959777e-03   1.000000e-35   1.000000e+00
8.033502e-03   1.000000e-35   1.000000e+00
8.107910e-03   1.000000e-35   1.000000e+00
8.183007e-03   1.000000e-35   1.000000e+00
8.258799e-03   1.000000e-35   1.000000e+00
8.335294e-03   1.000000e-35   1.000000e+00
8.412497e-03   1.000000e-35   1.000000e+00
8.490415e-03   1.000000e-35   1.000000e+00
8.569055e-03   1.000000e-35   1.000000e+00
8.648423e-03   1.000000e-35   1.000000e+00
8.728527e-03   1.000000e-35   1.000000e+00
8.809372e-03   1.000000e-35   1.000000e+00
8.890966e-03   1.000000e-35   1.000000e+00
8.973316e-03   1.000000e-35   1.000000e+00
9.056428e-03   1.000000e-35   1.000000e+00
9.140311e-03   1.000000e-35   1.000000e+00
9.224970e-03   9.999999e-36   1.000000e+00
9.310413e-03   9.999999e-36   1.000000e+00
9.396648e-03   9.999999e-36   1.000000e+00
9.483682e-03   9.999999e-36   1.000000e+00
9.571522e-03   9.999999e-36   1.000000e+00
9.660175e-03   9.999999e-36   1.000000e+00
9.749649e-03   9.999999e-36   1.000000e+00
9.839952e-03   9.999999e-36   1.000000e+00
9.931092e-03   1.000000e-35   1.000000e+00
1.002308e-02   1.000000e-35   1.000000e+00
1.011591e-02   1.000000e-35   1.000000e+00
1.020961e-02   1.000000e-35   1.000000e+00
1.030417e-02   1.000000e-35   1.000000e+00
1.039961e-02   1.000000e-35   1.000000e+00
1.049593e-02   1.000000e-35   1.000000e+00
1.059315e-02   1.000000e-35   1.000000e+00
1.069126e-02   1.000000e-35   1.000000e+00
1.079029e-02   1.000000e-35   1.000000e+00
1.089023e-02   1.000000e-35   1.000000e+00
1.099110e-02   1.000000e-35   1.000000e+00
1.109290e-02   9.999998e-36   1.000000e+00
1.119564e-02   9.999995e-36   1.000000e+00
1.129934e-02   9.999992e-36   1.000000e+00
1.140400e-02   9.999989e-36   1.000000e+00
1.150962e-02   9.999987e-36   1.000000e+00
1.161623e-02   9.999987e-36   1.000000e+00
1.172382e-02   9.999988e-36   1.000000e+00
1.183241e-02   9.999991e-36   1.000000e+00
1.194200e-02   9.999996e-36   1.000000e+00
1.205261e-02   1.000000e-35   1.000000e+00
1.216424e-02   1.000001e-35   1.000000e+00
1.227691e-02   1.000003e-35   1.000000e+00
1.239062e-02   1.000003e-35   1.000000e+00
1.250539e-02   1.000004e-35   1.000000e+00
1.262121e-02   1.000004e-35   1.000000e+00
1.273811e-02   1.000004e-35   1.000000e+00
1.285610e-02   1.000003e-35   1.000000e+00
1.297517e-02   1.000001e-35   1.000000e+00
1.309535e-02   9.999974e-36   1.000000e+00
1.321664e-02   9.999936e-36   1.000000e+00
1.333906e-02   9.999898e-36   1.000000e+00
1.346261e-02   9.999869e-36   1.000000e+00
1.358730e-02   9.999856e-36   1.000000e+00
1.371315e-02   9.999864e-36   1.000000e+00
1.384016e-02   9.999902e-36   1.000000e+00
1.396835e-02   9.999975e-36   1.000000e+00
1.409773e-02   1.000009e-35   1.000000e+00
1.422830e-02   1.000023e-35   1.000000e+00
1.436009e-02   1.000036e-35   1.000000e+00
1.449310e-02   1.000045e-35   1.000000e+00
1.462733e-02   1.000048e-35   1.000000e+00
1.476281e-02   1.000042e-35   1.000000e+00
1.489955e-02   1.000023e-35   1.000000e+00
1.503755e-02   9.999891e-36   1.000000e+00
1.517683e-02   9.999418e-36   1.000000e+00
1.531740e-02   9.998925e-36   1.000000e+00
1.545928e-02   9.998532e-36   1.000000e+00
1.560246e-02   9.998362e-36   1.000000e+00
1.574698e-02   9.998535e-36   1.000000e+00
1.589283e-02   9.999173e-36   1.000000e+00
1.604003e-02   1.000040e-35   1.000000e+00
1.618860e-02   1.000222e-35   1.000000e+00
1.633854e-02   1.000444e-35   1.000000e+00
1.648987e-02   1.000687e-35   1.000000e+00
1.664260e-02   1.000930e-35   1.000000e+00
1.679675e-02   1.001150e-35   1.000000e+00
1.695232e-02   1.001328e-35   1.000000e+00
1.710934e-02   1.001443e-35   1.000000e+00
1.726781e-02   1.001473e-35   1.000000e+00
1.742775e-02   1.001397e-35   1.000000e+00
1.758917e-02   1.001196e-35   1.000000e+00
1.775208e-02   1.000847e-35   1.000000e+00
1.791650e-02   1.000331e-35   1.000000e+00
1.808245e-02   9.996279e-36   1.000000e+00
1.824993e-02   9.987709e-36   1.000000e+00
1.841897e-02   9.978421e-36   1.000000e+00
1.858957e-02   9.969263e-36   1.000000e+00
1.876175e-02   9.961077e-36   1.000000e+00
1.893552e-02   9.954705e-36   1.000000e+00
1.911091e-02   9.950985e-36   1.000000e+00
1.928792e-02   9.950757e-36   1.000000e+00
1.946656e-02   9.954865e-36   1.000000e+00
1.964687e-02   9.964156e-36   1.000000e+00
1.982884e-02   9.979491e-36   1.000000e+00
2.001250e-02   1.000174e-35   1.000000e+00
2.019786e-02   1.003139e-35   1.000000e+00
2.038493e-02   1.006756e-35   1.000000e+00
2.057374e-02   1.010909e-35   1.000000e+00
2.076430e-02   1.015481e-35   1.000000e+00
2.095662e-02   1.020355e-35   1.000000e+00
2.115073e-02   1.025409e-35   1.000000e+00
2.134663e-02   1.030522e-35   1.000000e+00
2.154435e-02   1.035567e-35   1.000000e+00
2.174389e-02   1.040418e-35   1.000000e+00
2.194529e-02   1.044945e-35   1.000000e+00
2.214855e-02   1.049016e-35   1.000000e+00
2.235370e-02   1.052498e-35   1.000000e+00
2.256074e-02   1.055257e-35   1.000000e+00
2.276970e-02   1.057158e-35   1.000000e+00
2.298060e-02   1.058070e-35   1.000000e+00
2.319345e-02   1.057860e-35   1.000000e+00
2.340827e-02   1.056401e-35   1.000000e+00
2.362508e-02   1.053570e-35   1.000000e+00
2.384390e-02   1.049252e-35   1.000000e+00
2.406475e-02   1.043338e-35   1.000000e+00
2.428764e-02   1.035729e-35   1.000000e+00
2.451260e-02   1.026338e-35   1.000000e+00
2.473964e-02   1.015093e-35   1.000000e+00
2.496878e-02   1.001933e-35   1.000000e+00
2.520005e-02   9.868892e-36   1.000000e+00
2.543346e-02   9.704267e-36   1.000000e+00
2.566903e-02   9.531482e-36   1.000000e+00
2.590678e-02   9.356218e-36   1.000000e+00
2.614673e-02   9.183775e-36   1.000000e+00
2.638891e-02   9.019075e-36   1.000000e+00
2.663333e-02   8.866687e-36   1.000000e+00
2.688001e-02   8.730885e-36   1.000000e+00
2.712898e-02   8.615718e-36   1.000000e+00
2.738025e-02   8.525106e-36   1.000000e+00
2.763385e-02   8.462956e-36   1.000000e+00
2.788980e-02   8.433291e-36   1.000000e+00
2.814812e-02   8.440414e-36   1.000000e+00
2.840884e-02   8.489084e-36   1.000000e+00
2.867196e-02   8.584739e-36   1.000000e+00
2.893753e-02   8.733765e-36   1.000000e+00
2.920556e-02   8.943814e-36   1.000000e+00
2.947606e-02   9.224222e-36   1.000000e+00
2.974908e-02   9.586526e-36   1.000000e+00
3.002462e-02   1.004514e-35   1.000000e+00
3.030271e-02   1.061438e-35   1.000000e+00
3.058338e-02   1.129983e-35   1.000000e+00
3.086665e-02   1.210570e-35   1.000000e+00
3.115254e-02   1.303618e-35   1.000000e+00
3.144108e-02   1.409470e-35   1.000000e+00
3.173230e-02   1.528298e-35   1.000000e+00
3.202621e-02   1.660004e-35   1.000000e+00
3.232284e-02   1.804103e-35   1.000000e+00
3.262222e-02   1.959594e-35   1.000000e+00
3.292437e-02   2.124838e-35   1.000000e+00
3.322933e-02   2.297432e-35   1.000000e+00
3.353710e-02   2.474106e-35   1.000000e+00
3.384773e-02   2.650667e-35   1.000000e+00
3.416123e-02   2.821987e-35   1.000000e+00
3.447764e-02   2.982084e-35   1.000000e+00
3.479698e-02   3.124295e-35   1.000000e+00
3.511928e-02   3.241554e-35   1.000000e+00
3.544456e-02   3.326793e-35   1.000000e+00
3.577285e-02   3.373428e-35   1.000000e+00
3.610419e-02   3.375922e-35   1.000000e+00
3.643859e-02   3.330356e-35   1.000000e+00
3.677609e-02   3.234955e-35   1.000000e+00
3.711672e-02   3.090489e-35   1.000000e+00
3.746050e-02   2.900478e-35   1.000000e+00
3.780747e-02   2.671144e-35   1.000000e+00
3.815765e-02   2.411085e-35   1.000000e+00
3.851107e-02   2.130676e-35   1.000000e+00
3.886777e-02   1.841254e-35   1.000000e+00
3.922777e-02   1.554188e-35   1.000000e+00
3.959110e-02   1.279938e-35   1.000000e+00
3.995780e-02   1.027240e-35   1.000000e+00
4.032790e-02   8.031613e-36   1.000000e+00
4.070142e-02   6.143250e-36   1.000000e+00
4.107841e-02   4.623448e-36   1.000000e+00
4.145888e-02   3.443616e-36   1.000000e+00
4.184289e-02   2.553012e-36   1.000000e+00
4.223044e-02   1.894911e-36   1.000000e+00
4.262159e-02   1.416221e-36   1.000000e+00
4.301636e-02   1.071983e-36   1.000000e+00
4.341478e-02   8.265486e-37   1.000000e+00
4.381690e-02   6.529507e-37   1.000000e+00
4.422274e-02   5.315360e-37   1.000000e+00
4.463234e-02   4.484702e-37   1.000000e+00
4.504573e-02   3.944497e-37   1.000000e+00
4.546295e-02   3.637603e-37   1.000000e+00
4.588404e-02   3.537636e-37   1.000000e+00
4.630903e-02   3.649165e-37   1.000000e+00
4.673795e-02   4.015733e-37   1.000000e+00
4.717085e-02   4.741718e-37   1.000000e+00
4.760775e-02   6.042472e-37   1.000000e+00
4.804870e-02   8.358147e-37   1.000000e+00
4.849374e-02   1.262206e-36   1.000000e+00
4.894290e-02   2.093071e-36   1.000000e+00
4.939622e-02   3.833359e-36   1.000000e+00
4.985373e-02   7.798756e-36   1.000000e+00
5.031549e-02   1.771060e-35   1.001682e+00
5.078152e-02   4.466343e-35   1.009917e+00
5.125187e-02   1.236607e-34   1.024485e+00
5.172657e-02   3.716046e-34   1.044877e+00
5.220568e-02   1.198147e-33   1.070632e+00
5.268921e-02   4.097588e-33   1.101299e+00
5.317723e-02   1.469416e-32   1.136413e+00
5.366977e-02   5.462221e-32   1.175460e+00
5.416687e-02   2.080708e-31   1.217855e+00
5.466857e-02   8.029338e-31   1.262918e+00
5.517492e-02   3.103021e-30   1.309849e+00
5.568596e-02   1.187231e-29   1.357717e+00
5.620174e-02   4.445712e-29   1.405447e+00
5.672229e-02   1.610690e-28   1.451819e+00
5.724766e-02   5.581573e-28   1.495472e+00
5.777790e-02   1.828879e-27   1.534925e+00
5.831305e-02   5.601525e-27   1.568609e+00
5.885316e-02   1.585368e-26   1.594908e+00
5.939827e-02   4.098888e-26   1.612225e+00
5.994843e-02   9.570251e-26   1.619048e+00
6.050368e-02   1.999880e-25   1.618965e+00
6.106408e-02   3.756631e-25   1.618522e+00
6.162966e-02   6.398941e-25   1.617799e+00
6.220049e-02   9.970907e-25   1.616825e+00
6.277660e-02   1.433773e-24   1.615631e+00
6.335805e-02   1.919319e-24   1.614245e+00
6.394488e-02   2.412888e-24   1.612698e+00
6.453715e-02   2.873773e-24   1.611019e+00
6.513491e-02   3.271110e-24   1.609238e+00
6.573820e-02   3.589776e-24   1.607384e+00
6.634708e-02   3.831520e-24   1.605487e+00
6.696160e-02   4.012440e-24   1.603576e+00
6.758181e-02   4.158930e-24   1.601680e+00
6.820777e-02   4.304201e-24   1.599828e+00
6.883952e-02   4.486868e-24   1.598048e+00
6.947713e-02   4.752652e-24   1.596370e+00
7.012064e-02   5.160209e-24   1.594819e+00
7.077011e-02   5.774937e-24   1.593300e+00
7.142559e-02   6.649299e-24   1.591760e+00
7.208715e-02   7.854159e-24   1.590203e+00
7.275484e-02   9.489980e-24   1.588631e+00
7.342870e-02   1.169552e-23   1.587047e+00
7.410882e-02   1.465915e-23   1.585454e+00
7.479523e-02   1.863287e-23   1.583855e+00
7.548799e-02   2.394854e-23   1.582254e+00
7.618718e-02   3.103512e-23   1.580653e+00
7.689284e-02   4.043427e-23   1.579056e+00
7.760503e-02   5.280973e-23   1.577465e+00
7.832383e-02   6.894350e-23   1.575883e+00
7.904928e-02   8.970864e-23   1.574313e+00
7.978145e-02   1.160068e-22   1.572758e+00
8.052040e-02   1.486905e-22   1.571213e+00
8.126619e-02   1.888230e-22   1.569657e+00
8.201889e-02   2.377885e-22   1.568093e+00
8.277857e-02   2.972292e-22   1.566526e+00
8.354528e-02   3.691110e-22   1.564961e+00
8.431909e-02   4.558139e-22   1.563404e+00
8.510007e-02   5.602518e-22   1.561858e+00
8.588829e-02   6.860318e-22   1.560329e+00
8.668380e-02   8.376656e-22   1.558821e+00
8.748668e-02   1.020852e-21   1.557339e+00
8.829700e-02   1.242855e-21   1.555888e+00
8.911482e-02   1.513019e-21   1.554473e+00
8.994022e-02   1.843462e-21   1.553097e+00
9.077327e-02   2.249682e-21   1.551769e+00
9.161402e-02   2.749745e-21   1.550485e+00
9.246257e-02   3.365339e-21   1.549238e+00
9.331898e-02   4.122980e-21   1.548021e+00
9.418332e-02   5.054988e-21   1.546824e+00
9.505566e-02   6.200639e-21   1.545639e+00
9.593608e-02   7.607482e-21   1.544460e+00
9.682466e-02   9.332848e-21   1.543278e+00
9.772147e-02   1.144556e-20   1.542084e+00
9.862658e-02   1.402782e-20   1.540872e+00
9.954008e-02   1.717729e-20   1.539632e+00
1.004620e-01   2.100941e-20   1.538357e+00
1.013925e-01   2.566398e-20   1.537040e+00
1.023317e-01   3.131221e-20   1.535692e+00
1.032795e-01   3.816052e-20   1.534322e+00
1.042361e-01   4.645763e-20   1.532943e+00
1.052015e-01   5.650327e-20   1.531567e+00
1.061759e-01   6.865867e-20   1.530204e+00
1.071593e-01   8.335927e-20   1.528865e+00
1.081519e-01   1.011301e-19   1.527563e+00
1.091536e-01   1.226046e-19   1.526307e+00
1.101646e-01   1.485471e-19   1.525110e+00
1.111850e-01   1.798771e-19   1.523987e+00
1.122148e-01   2.176934e-19   1.522926e+00
1.132541e-01   2.633132e-19   1.521909e+00
1.143031e-01   3.183157e-19   1.520917e+00
1.153618e-01   3.845933e-19   1.519929e+00
1.164303e-01   4.644125e-19   1.518926e+00
1.175087e-01   5.604860e-19   1.517889e+00
1.185971e-01   6.760590e-19   1.516799e+00
1.196956e-01   8.150110e-19   1.515636e+00
1.208042e-01   9.819762e-19   1.514359e+00
1.219231e-01   1.182468e-18   1.512924e+00
1.230524e-01   1.423042e-18   1.511378e+00
1.241921e-01   1.711491e-18   1.509770e+00
1.253424e-01   2.057067e-18   1.508151e+00
1.265034e-01   2.470745e-18   1.506570e+00
1.276751e-01   2.965526e-18   1.505078e+00
1.288576e-01   3.556792e-18   1.503723e+00
1.300511e-01   4.262720e-18   1.502555e+00
1.312557e-01   5.104833e-18   1.501557e+00
1.324714e-01   6.108839e-18   1.500668e+00
1.336984e-01   7.305317e-18   1.499855e+00
1.349367e-01   8.730589e-18   1.499086e+00
1.361865e-01   1.042781e-17   1.498327e+00
1.374479e-01   1.244824e-17   1.497547e+00
1.387210e-01   1.485285e-17   1.496714e+00
1.400058e-01   1.771409e-17   1.495796e+00
1.413026e-01   2.111783e-17   1.494797e+00
1.426114e-01   2.516440e-17   1.493747e+00
1.439323e-01   2.997163e-17   1.492651e+00
1.452654e-01   3.567791e-17   1.491513e+00
1.466109e-01   4.244563e-17   1.490338e+00
1.479688e-01   5.046498e-17   1.489132e+00
1.493393e-01   5.995840e-17   1.487899e+00
1.507225e-01   7.118568e-17   1.486631e+00
1.521186e-01   8.445333e-17   1.485277e+00
1.535275e-01   1.001241e-16   1.483857e+00
1.549495e-01   1.186249e-16   1.482402e+00
1.563847e-01   1.404575e-16   1.480942e+00
1.578331e-01   1.662124e-16   1.479508e+00
1.592950e-01   1.965839e-16   1.478131e+00
1.607704e-01   2.323891e-16   1.476829e+00
1.622595e-01   2.745820e-16   1.475553e+00
1.637624e-01   3.242743e-16   1.474296e+00
1.652792e-01   3.827648e-16   1.473057e+00
1.668101e-01   4.515704e-16   1.471835e+00
1.683551e-01   5.324612e-16   1.470631e+00
1.699144e-01   6.275011e-16   1.469444e+00
1.714882e-01   7.390946e-16   1.468274e+00
1.730766e-01   8.700406e-16   1.467120e+00
1.746796e-01   1.023595e-15   1.465984e+00
1.762975e-01   1.203540e-15   1.464864e+00
1.779304e-01   1.414268e-15   1.463761e+00
1.795785e-01   1.660876e-15   1.462674e+00
1.812418e-01   1.949270e-15   1.461611e+00
1.829205e-01   2.286329e-15   1.460589e+00
1.846147e-01   2.680049e-15   1.459601e+00
1.863246e-01   3.139710e-15   1.458636e+00
1.880504e-01   3.676077e-15   1.457687e+00
1.897922e-01   4.301634e-15   1.456745e+00
1.915501e-01   5.030853e-15   1.455801e+00
1.933242e-01   5.880504e-15   1.454846e+00
1.951148e-01   6.870017e-15   1.453872e+00
1.969220e-01   8.021894e-15   1.452871e+00
1.987460e-01   9.362187e-15   1.451833e+00
2.005868e-01   1.092105e-14   1.450752e+00
2.024447e-01   1.273332e-14   1.449634e+00
2.043197e-01   1.483913e-14   1.448486e+00
2.062122e-01   1.728478e-14   1.447310e+00
2.081222e-01   2.012367e-14   1.446109e+00
2.100498e-01   2.341734e-14   1.444886e+00
2.119953e-01   2.723667e-14   1.443643e+00
2.139589e-01   3.166328e-14   1.442382e+00
2.159406e-01   3.679107e-14   1.441106e+00
2.179407e-01   4.272800e-14   1.439818e+00
2.199593e-01   4.959818e-14   1.438520e+00
2.219966e-01   5.754412e-14   1.437214e+00
2.240528e-01   6.672942e-14   1.435903e+00
2.261280e-01   7.734180e-14   1.434590e+00
2.282224e-01   8.959644e-14   1.433276e+00
2.303363e-01   1.037399e-13   1.431965e+00
2.324697e-01   1.200547e-13   1.430658e+00
2.346229e-01   1.388640e-13   1.429359e+00
2.367960e-01   1.605374e-13   1.428069e+00
2.389893e-01   1.854977e-13   1.426791e+00
2.412028e-01   2.142275e-13   1.425528e+00
2.434369e-01   2.472782e-13   1.424281e+00
2.456916e-01   2.852788e-13   1.423054e+00
2.479673e-01   3.289465e-13   1.421848e+00
2.502640e-01   3.790989e-13   1.420666e+00
2.525820e-01   4.366674e-13   1.419500e+00
2.549215e-01   5.027144e-13   1.418345e+00
2.572826e-01   5.784502e-13   1.417199e+00
2.596656e-01   6.652519e-13   1.416061e+00
2.620707e-01   7.646864e-13   1.414932e+00
2.644980e-01   8.785355e-13   1.413811e+00
2.669478e-01   1.008824e-12   1.412696e+00
2.694204e-01   1.157854e-12   1.411587e+00
2.719158e-01   1.328236e-12   1.410484e+00
2.744343e-01   1.522936e-12   1.409386e+00
2.769762e-01   1.745319e-12   1.408292e+00
2.795416e-01   1.999200e-12   1.407201e+00
2.821308e-01   2.288902e-12   1.406114e+00
2.847439e-01   2.619327e-12   1.405029e+00
2.873813e-01   2.996022e-12   1.403946e+00
2.900430e-01   3.425270e-12   1.402863e+00
2.927295e-01   3.914179e-12   1.401781e+00
2.954408e-01   4.470789e-12   1.400699e+00
2.981772e-01   5.104192e-12   1.399617e+00
3.009390e-01   5.824659e-12   1.398533e+00
3.037264e-01   6.643791e-12   1.397456e+00
3.065395e-01   7.574672e-12   1.396387e+00
3.093788e-01   8.632058e-12   1.395324e+00
3.122443e-01   9.832591e-12   1.394267e+00
3.151363e-01   1.119502e-11   1.393214e+00
3.180552e-01   1.274048e-11   1.392163e+00
3.210011e-01   1.449276e-11   1.391114e+00
3.239743e-01   1.647861e-11   1.390065e+00
3.269750e-01   1.872817e-11   1.389014e+00
3.300035e-01   2.127528e-11   1.387961e+00
3.330600e-01   2.415799e-11   1.386905e+00
3.361449e-01   2.741905e-11   1.385843e+00
3.392583e-01   3.110645e-11   1.384775e+00
3.424006e-01   3.527405e-11   1.383699e+00
3.455720e-01   3.998226e-11   1.382615e+00
3.487727e-01   4.529882e-11   1.381520e+00
3.520031e-01   5.129963e-11   1.380413e+00
3.552635e-01   5.806970e-11   1.379290e+00
3.585540e-01   6.570415e-11   1.378154e+00
3.618750e-01   7.430939e-11   1.377007e+00
3.652267e-01   8.400443e-11   1.375851e+00
3.686095e-01   9.492228e-11   1.374689e+00
3.720237e-01   1.072115e-10   1.373523e+00
3.754694e-01   1.210381e-10   1.372355e+00
3.789471e-01   1.365871e-10   1.371189e+00
3.824570e-01   1.540651e-10   1.370027e+00
3.859994e-01   1.737023e-10   1.368870e+00
3.895746e-01   1.957554e-10   1.367722e+00
3.931829e-01   2.205101e-10   1.366584e+00
3.968246e-01   2.482845e-10   1.365460e+00
4.005001e-01   2.794326e-10   1.364351e+00
4.042096e-01   3.143486e-10   1.363254e+00
4.079535e-01   3.534718e-10   1.362167e+00
4.117320e-01   3.972917e-10   1.361087e+00
4.155455e-01   4.463525e-10   1.360014e+00
4.193944e-01   5.012595e-10   1.358948e+00
4.232789e-01   5.626857e-10   1.357887e+00
4.271994e-01   6.313790e-10   1.356830e+00
4.311562e-01   7.081704e-10   1.355776e+00
4.351497e-01   7.939831e-10   1.354724e+00
4.391801e-01   8.898420e-10   1.353674e+00
4.432479e-01   9.968853e-10   1.352624e+00
4.473533e-01   1.116376e-09   1.351573e+00
4.514968e-01   1.249716e-09   1.350522e+00
4.556786e-01   1.398457e-09   1.349485e+00
4.598992e-01   1.564316e-09   1.348462e+00
4.641589e-01   1.749196e-09   1.347447e+00
4.684580e-01   1.955200e-09   1.346437e+00
4.727970e-01   2.184656e-09   1.345425e+00
4.771761e-01   2.440142e-09   1.344409e+00
4.815958e-01   2.724505e-09   1.343382e+00
4.860564e-01   3.040893e-09   1.342340e+00
4.905584e-01   3.392785e-09   1.341278e+00
4.951020e-01   3.784022e-09   1.340192e+00
4.996877e-01   4.218846e-09   1.339077e+00
5.043159e-01   4.701940e-09   1.337935e+00
5.089870e-01   5.238472e-09   1.336775e+00
5.137014e-01   5.834149e-09   1.335598e+00
5.184594e-01   6.495261e-09   1.334404e+00
5.232614e-01   7.228747e-09   1.333195e+00
5.281080e-01   8.042251e-09   1.331971e+00
5.329994e-01   8.944201e-09   1.330734e+00
5.379362e-01   9.943876e-09   1.329483e+00
5.429186e-01   1.105150e-08   1.328221e+00
5.479472e-01   1.227832e-08   1.326947e+00
5.530224e-01   1.363672e-08   1.325663e+00
5.581446e-01   1.514032e-08   1.324370e+00
5.633143e-01   1.680412e-08   1.323068e+00
5.685318e-01   1.864458e-08   1.321759e+00
5.737976e-01   2.067982e-08   1.320443e+00
5.791123e-01   2.292974e-08   1.319121e+00
5.844761e-01   2.541622e-08   1.317794e+00
5.898896e-01   2.816327e-08   1.316462e+00
5.953533e-01   3.119726e-08   1.315128e+00
6.008676e-01   3.454714e-08   1.313790e+00
6.064329e-01   3.824469e-08   1.312440e+00
6.120498e-01   4.232473e-08   1.311072e+00
6.177188e-01   4.682550e-08   1.309689e+00
6.234402e-01   5.178887e-08   1.308293e+00
6.292146e-01   5.726076e-08   1.306884e+00
6.350425e-01   6.329150e-08   1.305465e+00
6.409244e-01   6.993621e-08   1.304038e+00
6.468608e-01   7.725527e-08   1.302604e+00
6.528521e-01   8.531477e-08   1.301165e+00
6.588990e-01   9.418708e-08   1.299722e+00
6.650018e-01   1.039514e-07   1.298279e+00
6.711612e-01   1.146943e-07   1.296835e+00
6.773776e-01   1.265107e-07   1.295394e+00
6.836516e-01   1.395040e-07   1.293956e+00
6.899837e-01   1.537877e-07   1.292524e+00
6.963745e-01   1.694855e-07   1.291099e+00
7.028244e-01   1.867327e-07   1.289683e+00
7.093341e-01   2.056770e-07   1.288275e+00
7.159041e-01   2.264792e-07   1.286875e+00
7.225349e-01   2.493149e-07   1.285480e+00
7.292272e-01   2.743754e-07   1.284088e+00
7.359814e-01   3.018694e-07   1.282697e+00
7.427982e-01   3.320245e-07   1.281305e+00
7.496782e-01   3.650883e-07   1.279909e+00
7.566219e-01   4.013307e-07   1.278507e+00
7.636298e-01   4.410457e-07   1.277099e+00
7.707027e-01   4.845532e-07   1.275680e+00
7.778411e-01   5.322010e-07   1.274250e+00
7.850456e-01   5.843679e-07   1.272806e+00
7.923169e-01   6.414655e-07   1.271347e+00
7.996555e-01   7.039414e-07   1.269869e+00
8.070620e-01   7.722818e-07   1.268371e+00
8.145372e-01   8.470153e-07   1.266850e+00
8.220816e-01   9.287158e-07   1.265309e+00
8.296959e-01   1.018007e-06   1.263753e+00
8.373807e-01   1.115565e-06   1.262184e+00
8.451366e-01   1.222123e-06   1.260604e+00
8.529644e-01   1.338479e-06   1.259018e+00
8.608648e-01   1.465496e-06   1.257428e+00
8.688383e-01   1.604109e-06   1.255837e+00
8.768856e-01   1.755333e-06   1.254248e+00
8.850075e-01   1.920267e-06   1.252664e+00
8.932046e-01   2.100101e-06   1.251088e+00
9.014776e-01   2.296123e-06   1.249522e+00
9.098273e-01   2.509727e-06   1.247962e+00
9.182543e-01   2.742412e-06   1.246404e+00
9.267593e-01   2.995799e-06   1.244846e+00
9.353432e-01   3.271638e-06   1.243289e+00
9.440065e-01   3.571816e-06   1.241733e+00
9.527500e-01   3.898369e-06   1.240177e+00
9.615746e-01   4.253491e-06   1.238620e+00
9.704809e-01   4.639548e-06   1.237064e+00
9.794697e-01   5.059086e-06   1.235507e+00
9.885417e-01   5.514846e-06   1.233949e+00
9.976978e-01   6.009779e-06   1.232390e+00
1.006939e+00   6.547061e-06   1.230833e+00
1.016265e+00   7.130136e-06   1.229284e+00
1.025678e+00   7.762736e-06   1.227742e+00
1.035178e+00   8.448881e-06   1.226208e+00
1.044766e+00   9.192909e-06   1.224678e+00
1.054443e+00   9.999493e-06   1.223153e+00
1.064209e+00   1.087367e-05   1.221631e+00
1.074066e+00   1.182087e-05   1.220111e+00
1.084014e+00   1.284694e-05   1.218592e+00
1.094055e+00   1.395818e-05   1.217072e+00
1.104188e+00   1.516138e-05   1.215551e+00
1.114415e+00   1.646384e-05   1.214027e+00
1.124737e+00   1.787346e-05   1.212500e+00
1.135155e+00   1.939869e-05   1.210968e+00
1.145669e+00   2.104866e-05   1.209430e+00
1.156280e+00   2.283322e-05   1.207885e+00
1.166990e+00   2.476292e-05   1.206332e+00
1.177799e+00   2.684918e-05   1.204770e+00
1.188708e+00   2.910423e-05   1.203198e+00
1.199718e+00   3.154127e-05   1.201615e+00
1.210830e+00   3.417450e-05   1.200019e+00
1.222045e+00   3.701919e-05   1.198410e+00
1.233363e+00   4.009179e-05   1.196787e+00
1.244787e+00   4.340998e-05   1.195148e+00
1.256317e+00   4.699280e-05   1.193491e+00
1.267953e+00   5.086078e-05   1.191809e+00
1.279697e+00   5.503608e-05   1.190103e+00
1.291550e+00   5.954258e-05   1.188375e+00
1.303512e+00   6.440598e-05   1.186629e+00
1.315586e+00   6.965401e-05   1.184866e+00
1.327771e+00   7.531651e-05   1.183090e+00
1.340069e+00   8.142565e-05   1.181302e+00
1.352481e+00   8.801610e-05   1.179506e+00
1.365008e+00   9.512521e-05   1.177704e+00
1.377651e+00   1.027933e-04   1.175898e+00
1.390411e+00   1.110637e-04   1.174092e+00
1.403289e+00   1.199832e-04   1.172286e+00
1.416287e+00   1.296024e-04   1.170485e+00
1.429405e+00   1.399757e-04   1.168690e+00
1.442644e+00   1.511617e-04   1.166903e+00
1.456006e+00   1.632238e-04   1.165128e+00
1.469492e+00   1.762302e-04   1.163366e+00
1.483103e+00   1.902548e-04   1.161620e+00
1.496839e+00   2.053770e-04   1.159892e+00
1.510703e+00   2.216828e-04   1.158181e+00
1.524696e+00   2.392647e-04   1.156478e+00
1.538818e+00   2.582227e-04   1.154783e+00
1.553071e+00   2.786648e-04   1.153094e+00
1.567455e+00   3.007074e-04   1.151411e+00
1.581973e+00   3.244765e-04   1.149733e+00
1.596626e+00   3.501079e-04   1.148061e+00
1.611414e+00   3.777486e-04   1.146394e+00
1.626340e+00   4.075574e-04   1.144731e+00
1.641403e+00   4.397057e-04   1.143071e+00
1.656606e+00   4.743791e-04   1.141415e+00
1.671950e+00   5.117782e-04   1.139761e+00
1.687436e+00   5.521198e-04   1.138109e+00
1.703065e+00   5.956387e-04   1.136459e+00
1.718839e+00   6.425886e-04   1.134811e+00
1.734759e+00   6.932444e-04   1.133163e+00
1.750827e+00   7.479034e-04   1.131516e+00
1.767044e+00   8.068867e-04   1.129854e+00
1.783410e+00   8.705376e-04   1.128173e+00
1.799929e+00   9.392258e-04   1.126476e+00
1.816600e+00   1.013350e-03   1.124772e+00
1.833425e+00   1.093342e-03   1.123066e+00
1.850407e+00   1.179666e-03   1.121364e+00
1.867546e+00   1.272822e-03   1.119672e+00
1.884843e+00   1.373353e-03   1.117996e+00
1.902301e+00   1.481842e-03   1.116342e+00
1.919921e+00   1.598919e-03   1.114716e+00
1.937703e+00   1.725264e-03   1.113124e+00
1.955651e+00   1.861610e-03   1.111572e+00
1.973764e+00   2.008748e-03   1.110066e+00
1.992046e+00   2.167533e-03   1.108611e+00
2.010496e+00   2.338885e-03   1.107209e+00
2.029118e+00   2.523793e-03   1.105837e+00
2.047912e+00   2.723316e-03   1.104492e+00
2.066880e+00   2.938599e-03   1.103173e+00
2.086024e+00   3.170868e-03   1.101877e+00
2.105345e+00   3.421447e-03   1.100603e+00
2.124845e+00   3.691758e-03   1.099349e+00
2.144526e+00   3.983330e-03   1.098115e+00
2.164389e+00   4.297810e-03   1.096898e+00
2.184436e+00   4.636967e-03   1.095697e+00
2.204669e+00   5.002701e-03   1.094510e+00
2.225089e+00   5.397056e-03   1.093336e+00
2.245698e+00   5.822227e-03   1.092174e+00
2.266498e+00   6.280572e-03   1.091022e+00
2.287491e+00   6.774623e-03   1.089878e+00
2.308678e+00   7.307099e-03   1.088741e+00
2.330061e+00   7.880917e-03   1.087610e+00
2.351643e+00   8.499208e-03   1.086483e+00
2.373424e+00   9.165329e-03   1.085358e+00
2.395407e+00   9.882883e-03   1.084235e+00
2.417594e+00   1.065573e-02   1.083111e+00
2.439986e+00   1.148801e-02   1.081985e+00
2.462586e+00   1.238415e-02   1.080857e+00
2.485395e+00   1.334891e-02   1.079723e+00
2.508415e+00   1.438737e-02   1.078583e+00
2.531648e+00   1.550499e-02   1.077426e+00
2.555097e+00   1.670761e-02   1.076254e+00
2.578763e+00   1.800151e-02   1.075069e+00
2.602648e+00   1.939340e-02   1.073877e+00
2.626754e+00   2.089045e-02   1.072681e+00
2.651084e+00   2.250036e-02   1.071485e+00
2.675638e+00   2.423134e-02   1.070294e+00
2.700421e+00   2.609219e-02   1.069110e+00
2.725433e+00   2.809230e-02   1.067938e+00
2.750676e+00   3.024173e-02   1.066783e+00
2.776153e+00   3.255120e-02   1.065647e+00
2.801867e+00   3.503217e-02   1.064534e+00
2.827818e+00   3.769691e-02   1.063449e+00
2.854010e+00   4.055846e-02   1.062396e+00
2.880444e+00   4.363079e-02   1.061377e+00
2.907123e+00   4.692877e-02   1.060397e+00
2.934050e+00   5.046827e-02   1.059460e+00
2.961225e+00   5.426622e-02   1.058570e+00
2.988653e+00   5.834066e-02   1.057730e+00
3.016334e+00   6.271082e-02   1.056929e+00
3.044272e+00   6.739764e-02   1.056109e+00
3.072469e+00   7.242392e-02   1.055272e+00
3.100927e+00   7.781413e-02   1.054427e+00
3.129648e+00   8.359456e-02   1.053583e+00
3.158635e+00   8.979346e-02   1.052751e+00
3.187891e+00   9.644118e-02   1.051938e+00
3.217418e+00   1.035704e-01   1.051154e+00
3.247218e+00   1.112161e-01   1.050408e+00
3.277295e+00   1.194161e-01   1.049710e+00
3.307650e+00   1.282111e-01   1.049067e+00
3.338286e+00   1.376447e-01   1.048491e+00
3.369206e+00   1.477639e-01   1.047989e+00
3.400412e+00   1.586196e-01   1.047570e+00
3.431907e+00   1.702662e-01   1.047244e+00
3.463694e+00   1.827626e-01   1.047020e+00
3.495776e+00   1.961722e-01   1.046906e+00
3.528154e+00   2.105637e-01   1.046867e+00
3.560833e+00   2.260119e-01   1.046831e+00
3.593814e+00   2.425984e-01   1.046797e+00
3.627100e+00   2.604117e-01   1.046766e+00
3.660695e+00   2.795476e-01   1.046737e+00
3.694601e+00   3.001102e-01   1.046711e+00
3.728821e+00   3.222126e-01   1.046687e+00
3.763358e+00   3.459776e-01   1.046666e+00
3.798215e+00   3.715387e-01   1.046648e+00
3.833395e+00   3.990412e-01   1.046633e+00
3.868901e+00   4.286433e-01   1.046620e+00
3.904735e+00   4.605171e-01   1.046611e+00
3.940902e+00   4.948505e-01   1.046604e+00
3.977403e+00   5.318482e-01   1.046601e+00
4.014242e+00   5.717335e-01   1.046605e+00
4.051423e+00   6.147446e-01   1.046668e+00
4.088948e+00   6.611318e-01   1.046799e+00
4.126821e+00   7.111653e-01   1.046992e+00
4.165044e+00   7.651368e-01   1.047244e+00
4.203622e+00   8.233614e-01   1.047551e+00
4.242556e+00   8.861793e-01   1.047907e+00
4.281852e+00   9.539581e-01   1.048310e+00
4.321511e+00   1.027094e+00   1.048754e+00
4.361538e+00   1.106017e+00   1.049235e+00
4.401935e+00   1.191188e+00   1.049750e+00
4.442707e+00   1.283107e+00   1.050293e+00
4.483856e+00   1.382312e+00   1.050860e+00
4.525386e+00   1.489385e+00   1.051447e+00
4.567301e+00   1.604953e+00   1.052051e+00
4.609604e+00   1.729694e+00   1.052665e+00
4.652300e+00   1.864337e+00   1.053287e+00
4.695390e+00   2.009669e+00   1.053912e+00
4.738880e+00   2.166540e+00   1.054535e+00
4.782772e+00   2.335864e+00   1.055151e+00
4.827071e+00   2.518628e+00   1.055758e+00
4.871780e+00   2.715895e+00   1.056350e+00
4.916904e+00   2.928811e+00   1.056922e+00
4.962445e+00   3.158609e+00   1.057472e+00
5.008408e+00   3.406618e+00   1.057993e+00
5.054797e+00   3.674253e+00   1.058512e+00
5.101615e+00   3.962998e+00   1.059041e+00
5.148867e+00   4.274430e+00   1.059580e+00
5.196557e+00   4.610230e+00   1.060126e+00
5.244689e+00   4.972187e+00   1.060680e+00
5.293266e+00   5.362201e+00   1.061240e+00
5.342293e+00   5.782292e+00   1.061806e+00
5.391775e+00   6.234601e+00   1.062376e+00
5.441714e+00   6.721396e+00   1.062949e+00
5.492116e+00   7.245074e+00   1.063526e+00
5.542986e+00   7.808168e+00   1.064103e+00
5.594326e+00   8.413349e+00   1.064682e+00
5.646141e+00   9.063428e+00   1.065261e+00
5.698437e+00   9.761360e+00   1.065838e+00
5.751217e+00   1.051025e+01   1.066413e+00
5.804486e+00   1.131333e+01   1.066985e+00
5.858248e+00   1.217401e+01   1.067553e+00
5.912508e+00   1.309583e+01   1.068116e+00
5.967271e+00   1.408246e+01   1.068673e+00
6.022541e+00   1.513774e+01   1.069223e+00
6.078323e+00   1.626573e+01   1.069771e+00
6.134622e+00   1.747080e+01   1.070317e+00
6.191442e+00   1.875749e+01   1.070862e+00
6.248788e+00   2.013060e+01   1.071405e+00
6.306666e+00   2.159510e+01   1.071946e+00
6.365079e+00   2.315618e+01   1.072486e+00
6.424034e+00   2.481923e+01   1.073025e+00
6.483534e+00   2.658987e+01   1.073563e+00
6.543586e+00   2.847393e+01   1.074099e+00
6.604194e+00   3.047743e+01   1.074635e+00
6.665363e+00   3.260663e+01   1.075170e+00
6.727099e+00   3.486796e+01   1.075704e+00
6.789407e+00   3.726809e+01   1.076237e+00
6.852292e+00   3.981385e+01   1.076770e+00
6.915759e+00   4.251229e+01   1.077302e+00
6.979814e+00   4.537062e+01   1.077834e+00
7.044462e+00   4.839625e+01   1.078381e+00
7.109709e+00   5.159705e+01   1.078984e+00
7.175561e+00   5.498133e+01   1.079633e+00
7.242022e+00   5.855767e+01   1.080313e+00
7.309099e+00   6.233494e+01   1.081009e+00
7.376798e+00   6.632227e+01   1.081707e+00
7.445123e+00   7.052912e+01   1.082391e+00
7.514081e+00   7.496519e+01   1.083047e+00
7.583678e+00   7.964050e+01   1.083659e+00
7.653919e+00   8.456536e+01   1.084214e+00
7.724811e+00   8.975034e+01   1.084696e+00
7.796360e+00   9.520633e+01   1.085090e+00
7.868572e+00   1.009445e+02   1.085382e+00
7.941452e+00   1.069763e+02   1.085555e+00
8.015007e+00   1.133135e+02   1.085600e+00
8.089243e+00   1.199680e+02   1.085600e+00
8.164168e+00   1.269514e+02   1.085600e+00
8.239786e+00   1.342758e+02   1.085600e+00
8.316104e+00   1.419530e+02   1.085600e+00
8.393129e+00   1.499952e+02   1.085600e+00
8.470868e+00   1.584145e+02   1.085600e+00
8.549327e+00   1.672232e+02   1.085600e+00
8.628513e+00   1.764335e+02   1.085600e+00
8.708431e+00   1.860577e+02   1.085600e+00
8.789091e+00   1.961079e+02   1.085600e+00
8.870497e+00   2.065964e+02   1.085600e+00
8.952657e+00   2.175352e+02   1.085600e+00
9.035578e+00   2.289362e+02   1.085604e+00
9.119268e+00   2.408111e+02   1.085648e+00
9.203732e+00   2.531716e+02   1.085734e+00
9.288979e+00   2.660287e+02   1.085859e+00
9.375015e+00   2.793936e+02   1.086017e+00
9.461848e+00   2.932768e+02   1.086205e+00
9.549486e+00   3.076886e+02   1.086417e+00
9.637935e+00   3.226387e+02   1.086651e+00
9.727203e+00   3.381364e+02   1.086900e+00
9.817298e+00   3.541906e+02   1.087161e+00
9.908228e+00   3.708093e+02   1.087429e+00
1.000000e+01   3.880000e+02   1.087700e+00
