# N15 + p > C12 + a   [N15_p__C12_a]   ref=NACRE, Xu et al. 2010, 2011
# detailed balance: alpha=0.70631 beta=0 gamma=-57.6221  Q=4.9655
# T9                 rate                error
1.000000e-03   1.000000e-35   1.000000e+00
1.009262e-03   6.938386e-36   1.000000e+00
1.018610e-03   4.891559e-36   1.000000e+00
1.028045e-03   3.503143e-36   1.000000e+00
1.037567e-03   2.547895e-36   1.000000e+00
1.047177e-03   1.881524e-36   1.000000e+00
1.056876e-03   1.410372e-36   1.000000e+00
1.066665e-03   1.072864e-36   1.000000e+00
1.076545e-03   8.280076e-37   1.000000e+00
1.086516e-03   6.481770e-37   1.000000e+00
1.096579e-03   5.145340e-37   1.000000e+00
1.106736e-03   4.140827e-37   1.000000e+00
1.116987e-03   3.377566e-37   1.000000e+00
1.127333e-03   2.791617e-37   1.000000e+00
1.137774e-03   2.337407e-37   1.000000e+00
1.148312e-03   1.982123e-37   1.000000e+00
1.158948e-03   1.701908e-37   1.000000e+00
1.169683e-03   1.479252e-37   1.000000e+00
1.180517e-03   1.301188e-37   1.000000e+00
1.191451e-03   1.158034e-37   1.000000e+00
1.202486e-03   1.042502e-37   1.000000e+00
1.213624e-03   9.490703e-38   1.000000e+00
1.224865e-03   8.735286e-38   1.000000e+00
1.236210e-03   8.126518e-38   1.000000e+00
1.247660e-03   7.639620e-38   1.000000e+00
1.259216e-03   7.255549e-38   1.000000e+00
1.270879e-03   6.959714e-38   1.000000e+00
1.282650e-03   6.741033e-38   1.000000e+00
1.294530e-03   6.591235e-38   1.000000e+00
1.306520e-03   6.504347e-38   1.000000e+00
1.318621e-03   6.476325e-38   1.000000e+00
1.330835e-03   6.504783e-38   1.000000e+00
1.343161e-03   6.588820e-38   1.000000e+00
1.355602e-03   6.728905e-38   1.000000e+00
1.368158e-03   6.926830e-38   1.000000e+00
1.380830e-03   7.185704e-38   1.000000e+00
1.393619e-03   7.510003e-38   1.000000e+00
1.406527e-03   7.905661e-38   1.000000e+00
1.419555e-03   8.380212e-38   1.000000e+00
1.432703e-03   8.942971e-38   1.000000e+00
1.445973e-03   9.605279e-38   1.000000e+00
1.459366e-03   1.038080e-37   1.000000e+00
1.472883e-03   1.128589e-37   1.000000e+00
1.486525e-03   1.234003e-37   1.000000e+00
1.500293e-03   1.356635e-37   1.000000e+00
1.514189e-03   1.499230e-37   1.000000e+00
1.528214e-03   1.665032e-37   1.000000e+00
1.542369e-03   1.857881e-37   1.000000e+00
1.556654e-03   2.082309e-37   1.000000e+00
1.571072e-03   2.343667e-37   1.000000e+00
1.585624e-03   2.648265e-37   1.000000e+00
1.600310e-03   3.003538e-37   1.000000e+00
1.615133e-03   3.418237e-37   1.000000e+00
1.630092e-03   3.902654e-37   1.000000e+00
1.645191e-03   4.468873e-37   1.000000e+00
1.660429e-03   5.131064e-37   1.000000e+00
1.675808e-03   5.905813e-37   1.000000e+00
1.691330e-03   6.812493e-37   1.000000e+00
1.706995e-03   7.873683e-37   1.000000e+00
1.722805e-03   9.115630e-37   1.000000e+00
1.738762e-03   1.056875e-36   1.000000e+00
1.754867e-03   1.226817e-36   1.000000e+00
1.771121e-03   1.425434e-36   1.000000e+00
1.787526e-03   1.657359e-36   1.000000e+00
1.804082e-03   1.927878e-36   1.000000e+00
1.820792e-03   2.242991e-36   1.000000e+00
1.837656e-03   2.609465e-36   1.000000e+00
1.854677e-03   3.034891e-36   1.000000e+00
1.871855e-03   3.527716e-36   1.000000e+00
1.889193e-03   4.097268e-36   1.000000e+00
1.906691e-03   4.753754e-36   1.000000e+00
1.924351e-03   5.508229e-36   1.000000e+00
1.942175e-03   6.372524e-36   1.000000e+00
1.960163e-03   7.359131e-36   1.000000e+00
1.978319e-03   8.481030e-36   1.000000e+00
1.996642e-03   9.751443e-36   1.000000e+00
2.015136e-03   1.118353e-35   1.000000e+00
2.033800e-03   1.278998e-35   1.000000e+00
2.052638e-03   1.458253e-35   1.000000e+00
2.071650e-03   1.657142e-35   1.000000e+00
2.090838e-03   1.876470e-35   1.000000e+00
2.110203e-03   2.116750e-35   1.000000e+00
2.129749e-03   2.378129e-35   1.000000e+00
2.149475e-03   2.660298e-35   1.000000e+00
2.169384e-03   2.962411e-35   1.000000e+00
2.189477e-03   3.283010e-35   1.000000e+00
2.209756e-03   3.619945e-35   1.000000e+00
2.230223e-03   3.970326e-35   1.000000e+00
2.250880e-03   4.330481e-35   1.000000e+00
2.271728e-03   4.695946e-35   1.000000e+00
2.292769e-03   5.061490e-35   1.000000e+00
2.314005e-03   5.421176e-35   1.000000e+00
2.335438e-03   5.768456e-35   1.000000e+00
2.357069e-03   6.096325e-35   1.000000e+00
2.378901e-03   6.397502e-35   1.000000e+00
2.400935e-03   6.664657e-35   1.000000e+00
2.423173e-03   6.890672e-35   1.000000e+00
2.445617e-03   7.068922e-35   1.000000e+00
2.468268e-03   7.193560e-35   1.000000e+00
2.491130e-03   7.259806e-35   1.000000e+00
2.514203e-03   7.264202e-35   1.000000e+00
2.537490e-03   7.204834e-35   1.000000e+00
2.560993e-03   7.081487e-35   1.000000e+00
2.584714e-03   6.895739e-35   1.000000e+00
2.608654e-03   6.650960e-35   1.000000e+00
2.632815e-03   6.352231e-35   1.000000e+00
2.657201e-03   6.006177e-35   1.000000e+00
2.681813e-03   5.620709e-35   1.000000e+00
2.706652e-03   5.204711e-35   1.000000e+00
2.731722e-03   4.767668e-35   1.000000e+00
2.757023e-03   4.319272e-35   1.000000e+00
2.782559e-03   3.869026e-35   1.000000e+00
2.808332e-03   3.425868e-35   1.000000e+00
2.834343e-03   2.997842e-35   1.000000e+00
2.860596e-03   2.591836e-35   1.000000e+00
2.887091e-03   2.213391e-35   1.000000e+00
2.913832e-03   1.866603e-35   1.000000e+00
2.940820e-03   1.554105e-35   1.000000e+00
2.968059e-03   1.277129e-35   1.000000e+00
2.995549e-03   1.035634e-35   1.000000e+00
3.023295e-03   8.287259e-36   1.000000e+00
3.051297e-03   6.556538e-36   1.000000e+00
3.079559e-03   5.142207e-36   1.000000e+00
3.108082e-03   4.008564e-36   1.000000e+00
3.136870e-03   3.114192e-36   1.000000e+00
3.165924e-03   2.417531e-36   1.000000e+00
3.195248e-03   1.880277e-36   1.000000e+00
3.224842e-03   1.469087e-36   1.000000e+00
3.254712e-03   1.156119e-36   1.000000e+00
3.284857e-03   9.188383e-37   1.000000e+00
3.315282e-03   7.394533e-37   1.000000e+00
3.345989e-03   6.041854e-37   1.000000e+00
3.376980e-03   5.025398e-37   1.000000e+00
3.408259e-03   4.266428e-37   1.000000e+00
3.439826e-03   3.706850e-37   1.000000e+00
3.471687e-03   3.304800e-37   1.000000e+00
3.503842e-03   3.031363e-37   1.000000e+00
3.536296e-03   2.868377e-37   1.000000e+00
3.569049e-03   2.807326e-37   1.000000e+00
3.602107e-03   2.849450e-37   1.000000e+00
3.635470e-03   3.007415e-37   1.000000e+00
3.669142e-03   3.309353e-37   1.000000e+00
3.703127e-03   3.806826e-37   1.000000e+00
3.737426e-03   4.589930e-37   1.000000e+00
3.772042e-03   5.816011e-37   1.000000e+00
3.806980e-03   7.765571e-37   1.000000e+00
3.842241e-03   1.095478e-36   1.000000e+00
3.877828e-03   1.637076e-36   1.000000e+00
3.913746e-03   2.598495e-36   1.000000e+00
3.949995e-03   4.392539e-36   1.000000e+00
3.986581e-03   7.928724e-36   1.000000e+00
4.023506e-03   1.531730e-35   1.000177e+00
4.060772e-03   3.159535e-35   1.001141e+00
4.098384e-03   6.919519e-35   1.002880e+00
4.136344e-03   1.599783e-34   1.005325e+00
4.174655e-03   3.882393e-34   1.008404e+00
4.213322e-03   9.833579e-34   1.012051e+00
4.252346e-03   2.584747e-33   1.016196e+00
4.291732e-03   7.010345e-33   1.020769e+00
4.331483e-03   1.950726e-32   1.025701e+00
4.371602e-03   5.537446e-32   1.030921e+00
4.412093e-03   1.594408e-31   1.036355e+00
4.452959e-03   4.630062e-31   1.041931e+00
4.494203e-03   1.348318e-30   1.047573e+00
4.535829e-03   3.915041e-30   1.053204e+00
4.577841e-03   1.127041e-29   1.058745e+00
4.620241e-03   3.198327e-29   1.064117e+00
4.663035e-03   8.896243e-29   1.069237e+00
4.706225e-03   2.411635e-28   1.074022e+00
4.749815e-03   6.335168e-28   1.078388e+00
4.793808e-03   1.603493e-27   1.082250e+00
4.838210e-03   3.888294e-27   1.085522e+00
4.883022e-03   8.981620e-27   1.088119e+00
4.928250e-03   1.965054e-26   1.089955e+00
4.973896e-03   4.048918e-26   1.090945e+00
5.019965e-03   7.813191e-26   1.091096e+00
5.066461e-03   1.410407e-25   1.091058e+00
5.113388e-03   2.391568e-25   1.090983e+00
5.160749e-03   3.826254e-25   1.090876e+00
5.208549e-03   5.801599e-25   1.090741e+00
5.256791e-03   8.374034e-25   1.090582e+00
5.305481e-03   1.155753e-24   1.090403e+00
5.354621e-03   1.532037e-24   1.090210e+00
5.404216e-03   1.959194e-24   1.090006e+00
5.454271e-03   2.427839e-24   1.089796e+00
5.504790e-03   2.928375e-24   1.089584e+00
5.555776e-03   3.453252e-24   1.089374e+00
5.607235e-03   3.999032e-24   1.089171e+00
5.659170e-03   4.568112e-24   1.088979e+00
5.711586e-03   5.170163e-24   1.088802e+00
5.764488e-03   5.823546e-24   1.088645e+00
5.817880e-03   6.557176e-24   1.088513e+00
5.871766e-03   7.413488e-24   1.088408e+00
5.926152e-03   8.453468e-24   1.088337e+00
5.981041e-03   9.765266e-24   1.088302e+00
6.036439e-03   1.147568e-23   1.088304e+00
6.092349e-03   1.372944e-23   1.088325e+00
6.148778e-03   1.669810e-23   1.088361e+00
6.205729e-03   2.061406e-23   1.088410e+00
6.263207e-03   2.579194e-23   1.088470e+00
6.321218e-03   3.265660e-23   1.088539e+00
6.379767e-03   4.177980e-23   1.088614e+00
6.438857e-03   5.392776e-23   1.088693e+00
6.498495e-03   7.012149e-23   1.088774e+00
6.558686e-03   9.171173e-23   1.088854e+00
6.619433e-03   1.204691e-22   1.088931e+00
6.680744e-03   1.586886e-22   1.089002e+00
6.742622e-03   2.093038e-22   1.089066e+00
6.805074e-03   2.760019e-22   1.089120e+00
6.868104e-03   3.633229e-22   1.089162e+00
6.931717e-03   4.767176e-22   1.089190e+00
6.995920e-03   6.225290e-22   1.089200e+00
7.060718e-03   8.080720e-22   1.089159e+00
7.126115e-03   1.042736e-21   1.089034e+00
7.192119e-03   1.338288e-21   1.088837e+00
7.258734e-03   1.709199e-21   1.088582e+00
7.325965e-03   2.173304e-21   1.088283e+00
7.393820e-03   2.752647e-21   1.087953e+00
7.462303e-03   3.474557e-21   1.087606e+00
7.531420e-03   4.373050e-21   1.087255e+00
7.601178e-03   5.490633e-21   1.086913e+00
7.671581e-03   6.880667e-21   1.086594e+00
7.742637e-03   8.610449e-21   1.086311e+00
7.814351e-03   1.076528e-20   1.086078e+00
7.886729e-03   1.345382e-20   1.085908e+00
7.959777e-03   1.681530e-20   1.085814e+00
8.033502e-03   2.102878e-20   1.085804e+00
8.107910e-03   2.631837e-20   1.085843e+00
8.183007e-03   3.295934e-20   1.085916e+00
8.258799e-03   4.129569e-20   1.086016e+00
8.335294e-03   5.175704e-20   1.086136e+00
8.412497e-03   6.487903e-20   1.086269e+00
8.490415e-03   8.132823e-20   1.086409e+00
8.569055e-03   1.019324e-19   1.086549e+00
8.648423e-03   1.277170e-19   1.086681e+00
8.728527e-03   1.599494e-19   1.086799e+00
8.809372e-03   2.001916e-19   1.086895e+00
8.890966e-03   2.503631e-19   1.086964e+00
8.973316e-03   3.128151e-19   1.086998e+00
9.056428e-03   3.904223e-19   1.086997e+00
9.140311e-03   4.867453e-19   1.086984e+00
9.224970e-03   6.061966e-19   1.086961e+00
9.310413e-03   7.542142e-19   1.086928e+00
9.396648e-03   9.374980e-19   1.086888e+00
9.483682e-03   1.164301e-18   1.086841e+00
9.571522e-03   1.444789e-18   1.086789e+00
9.660175e-03   1.791484e-18   1.086732e+00
9.749649e-03   2.219807e-18   1.086672e+00
9.839952e-03   2.748759e-18   1.086610e+00
9.931092e-03   3.401747e-18   1.086547e+00
1.002308e-02   4.207615e-18   1.086483e+00
1.011591e-02   5.201784e-18   1.086398e+00
1.020961e-02   6.427506e-18   1.086288e+00
1.030417e-02   7.937718e-18   1.086160e+00
1.039961e-02   9.797177e-18   1.086023e+00
1.049593e-02   1.208502e-17   1.085883e+00
1.059315e-02   1.489788e-17   1.085747e+00
1.069126e-02   1.835358e-17   1.085624e+00
1.079029e-02   2.259569e-17   1.085521e+00
1.089023e-02   2.779895e-17   1.085444e+00
1.099110e-02   3.417573e-17   1.085402e+00
1.109290e-02   4.198417e-17   1.085385e+00
1.119564e-02   5.153895e-17   1.085372e+00
1.129934e-02   6.322314e-17   1.085363e+00
1.140400e-02   7.750235e-17   1.085356e+00
1.150962e-02   9.494240e-17   1.085350e+00
1.161623e-02   1.162305e-16   1.085343e+00
1.172382e-02   1.422009e-16   1.085335e+00
1.183241e-02   1.738663e-16   1.085324e+00
1.194200e-02   2.124550e-16   1.085310e+00
1.205261e-02   2.594569e-16   1.085285e+00
1.216424e-02   3.166761e-16   1.085222e+00
1.227691e-02   3.862953e-16   1.085121e+00
1.239062e-02   4.709555e-16   1.084992e+00
1.250539e-02   5.738504e-16   1.084844e+00
1.262121e-02   6.988406e-16   1.084685e+00
1.273811e-02   8.505900e-16   1.084523e+00
1.285610e-02   1.034731e-15   1.084367e+00
1.297517e-02   1.258060e-15   1.084227e+00
1.309535e-02   1.528777e-15   1.084102e+00
1.321664e-02   1.856745e-15   1.083981e+00
1.333906e-02   2.253827e-15   1.083861e+00
1.346261e-02   2.734284e-15   1.083742e+00
1.358730e-02   3.315250e-15   1.083621e+00
1.371315e-02   4.017291e-15   1.083497e+00
1.384016e-02   4.865072e-15   1.083369e+00
1.396835e-02   5.888152e-15   1.083234e+00
1.409773e-02   7.121925e-15   1.083080e+00
1.422830e-02   8.608802e-15   1.082889e+00
1.436009e-02   1.039955e-14   1.082678e+00
1.449310e-02   1.255488e-14   1.082466e+00
1.462733e-02   1.514734e-14   1.082274e+00
1.476281e-02   1.826357e-14   1.082119e+00
1.489955e-02   2.200697e-14   1.082023e+00
1.503755e-02   2.650084e-14   1.082008e+00
1.517683e-02   3.189232e-14   1.082156e+00
1.531740e-02   3.835711e-14   1.082445e+00
1.545928e-02   4.610479e-14   1.082811e+00
1.560246e-02   5.538516e-14   1.083192e+00
1.574698e-02   6.649594e-14   1.083525e+00
1.589283e-02   7.979174e-14   1.083745e+00
1.604003e-02   9.569491e-14   1.083799e+00
1.618860e-02   1.147076e-13   1.083775e+00
1.633854e-02   1.374256e-13   1.083724e+00
1.648987e-02   1.645561e-13   1.083647e+00
1.664260e-02   1.969387e-13   1.083547e+00
1.679675e-02   2.355687e-13   1.083428e+00
1.695232e-02   2.816261e-13   1.083292e+00
1.710934e-02   3.365085e-13   1.083143e+00
1.726781e-02   4.018705e-13   1.082982e+00
1.742775e-02   4.796698e-13   1.082813e+00
1.758917e-02   5.722213e-13   1.082640e+00
1.775208e-02   6.822604e-13   1.082463e+00
1.791650e-02   8.130176e-13   1.082288e+00
1.808245e-02   9.683058e-13   1.082109e+00
1.824993e-02   1.152625e-12   1.081892e+00
1.841897e-02   1.371286e-12   1.081638e+00
1.858957e-02   1.630547e-12   1.081357e+00
1.876175e-02   1.937785e-12   1.081055e+00
1.893552e-02   2.301683e-12   1.080742e+00
1.911091e-02   2.732466e-12   1.080426e+00
1.928792e-02   3.242159e-12   1.080115e+00
1.946656e-02   3.844905e-12   1.079817e+00
1.964687e-02   4.557322e-12   1.079541e+00
1.982884e-02   5.398934e-12   1.079295e+00
2.001250e-02   6.392661e-12   1.079087e+00
2.019786e-02   7.565400e-12   1.078903e+00
2.038493e-02   8.948688e-12   1.078726e+00
2.057374e-02   1.057949e-11   1.078556e+00
2.076430e-02   1.250113e-11   1.078392e+00
2.095662e-02   1.476431e-11   1.078235e+00
2.115073e-02   1.742839e-11   1.078084e+00
2.134663e-02   2.056281e-11   1.077938e+00
2.154435e-02   2.424874e-11   1.077797e+00
2.174389e-02   2.858108e-11   1.077660e+00
2.194529e-02   3.367062e-11   1.077527e+00
2.214855e-02   3.964675e-11   1.077397e+00
2.235370e-02   4.666043e-11   1.077270e+00
2.256074e-02   5.488774e-11   1.077146e+00
2.276970e-02   6.453393e-11   1.077024e+00
2.298060e-02   7.583816e-11   1.076904e+00
2.319345e-02   8.907894e-11   1.076784e+00
2.340827e-02   1.045805e-10   1.076666e+00
2.362508e-02   1.227200e-10   1.076548e+00
2.384390e-02   1.439362e-10   1.076429e+00
2.406475e-02   1.687389e-10   1.076310e+00
2.428764e-02   1.977205e-10   1.076189e+00
2.451260e-02   2.315690e-10   1.076068e+00
2.473964e-02   2.710826e-10   1.075944e+00
2.496878e-02   3.171879e-10   1.075817e+00
2.520005e-02   3.709588e-10   1.075691e+00
2.543346e-02   4.336404e-10   1.075567e+00
2.566903e-02   5.066749e-10   1.075446e+00
2.590678e-02   5.917323e-10   1.075328e+00
2.614673e-02   6.907453e-10   1.075211e+00
2.638891e-02   8.059501e-10   1.075096e+00
2.663333e-02   9.399323e-10   1.074982e+00
2.688001e-02   1.095680e-09   1.074868e+00
2.712898e-02   1.276646e-09   1.074755e+00
2.738025e-02   1.486815e-09   1.074641e+00
2.763385e-02   1.730790e-09   1.074527e+00
2.788980e-02   2.013879e-09   1.074411e+00
2.814812e-02   2.342201e-09   1.074293e+00
2.840884e-02   2.722812e-09   1.074174e+00
2.867196e-02   3.163840e-09   1.074052e+00
2.893753e-02   3.674645e-09   1.073927e+00
2.920556e-02   4.266000e-09   1.073798e+00
2.947606e-02   4.950300e-09   1.073666e+00
2.974908e-02   5.741801e-09   1.073529e+00
3.002462e-02   6.656888e-09   1.073387e+00
3.030271e-02   7.714391e-09   1.073238e+00
3.058338e-02   8.935935e-09   1.073079e+00
3.086665e-02   1.034635e-08   1.072913e+00
3.115254e-02   1.197413e-08   1.072738e+00
3.144108e-02   1.385195e-08   1.072557e+00
3.173230e-02   1.601729e-08   1.072370e+00
3.202621e-02   1.851311e-08   1.072176e+00
3.232284e-02   2.138859e-08   1.071979e+00
3.262222e-02   2.470009e-08   1.071777e+00
3.292437e-02   2.851209e-08   1.071571e+00
3.322933e-02   3.289840e-08   1.071363e+00
3.353710e-02   3.794341e-08   1.071153e+00
3.384773e-02   4.374361e-08   1.070942e+00
3.416123e-02   5.040925e-08   1.070730e+00
3.447764e-02   5.806630e-08   1.070518e+00
3.479698e-02   6.685856e-08   1.070307e+00
3.511928e-02   7.695019e-08   1.070097e+00
3.544456e-02   8.852846e-08   1.069890e+00
3.577285e-02   1.018070e-07   1.069685e+00
3.610419e-02   1.170292e-07   1.069485e+00
3.643859e-02   1.344726e-07   1.069288e+00
3.677609e-02   1.544534e-07   1.069096e+00
3.711672e-02   1.773313e-07   1.068911e+00
3.746050e-02   2.035160e-07   1.068731e+00
3.780747e-02   2.334736e-07   1.068559e+00
3.815765e-02   2.677343e-07   1.068394e+00
3.851107e-02   3.069007e-07   1.068238e+00
3.886777e-02   3.516577e-07   1.068091e+00
3.922777e-02   4.027834e-07   1.067954e+00
3.959110e-02   4.611616e-07   1.067828e+00
3.995780e-02   5.277952e-07   1.067712e+00
4.032790e-02   6.038225e-07   1.067604e+00
4.070142e-02   6.905342e-07   1.067495e+00
4.107841e-02   7.893935e-07   1.067386e+00
4.145888e-02   9.020584e-07   1.067278e+00
4.184289e-02   1.030408e-06   1.067170e+00
4.223044e-02   1.176568e-06   1.067064e+00
4.262159e-02   1.342948e-06   1.066958e+00
4.301636e-02   1.532271e-06   1.066855e+00
4.341478e-02   1.747620e-06   1.066754e+00
4.381690e-02   1.992478e-06   1.066656e+00
4.422274e-02   2.270783e-06   1.066562e+00
4.463234e-02   2.586984e-06   1.066470e+00
4.504573e-02   2.946106e-06   1.066383e+00
4.546295e-02   3.353821e-06   1.066300e+00
4.588404e-02   3.816529e-06   1.066222e+00
4.630903e-02   4.341450e-06   1.066149e+00
4.673795e-02   4.936727e-06   1.066082e+00
4.717085e-02   5.611538e-06   1.066021e+00
4.760775e-02   6.376223e-06   1.065966e+00
4.804870e-02   7.242429e-06   1.065918e+00
4.849374e-02   8.223273e-06   1.065878e+00
4.894290e-02   9.333513e-06   1.065845e+00
4.939622e-02   1.058976e-05   1.065820e+00
4.985373e-02   1.201068e-05   1.065803e+00
5.031549e-02   1.361729e-05   1.065794e+00
5.078152e-02   1.543319e-05   1.065786e+00
5.125187e-02   1.748494e-05   1.065779e+00
5.172657e-02   1.980235e-05   1.065774e+00
5.220568e-02   2.241893e-05   1.065769e+00
5.268921e-02   2.537229e-05   1.065764e+00
5.317723e-02   2.870465e-05   1.065761e+00
5.366977e-02   3.246337e-05   1.065757e+00
5.416687e-02   3.670160e-05   1.065754e+00
5.466857e-02   4.147893e-05   1.065751e+00
5.517492e-02   4.686215e-05   1.065748e+00
5.568596e-02   5.292616e-05   1.065745e+00
5.620174e-02   5.975482e-05   1.065742e+00
5.672229e-02   6.744211e-05   1.065738e+00
5.724766e-02   7.609324e-05   1.065734e+00
5.777790e-02   8.582601e-05   1.065729e+00
5.831305e-02   9.677222e-05   1.065724e+00
5.885316e-02   1.090794e-04   1.065717e+00
5.939827e-02   1.229124e-04   1.065710e+00
5.994843e-02   1.384558e-04   1.065701e+00
6.050368e-02   1.559158e-04   1.065685e+00
6.106408e-02   1.755226e-04   1.065653e+00
6.162966e-02   1.975335e-04   1.065609e+00
6.220049e-02   2.222354e-04   1.065554e+00
6.277660e-02   2.499491e-04   1.065490e+00
6.335805e-02   2.810320e-04   1.065419e+00
6.394488e-02   3.158833e-04   1.065344e+00
6.453715e-02   3.549480e-04   1.065266e+00
6.513491e-02   3.987221e-04   1.065187e+00
6.573820e-02   4.477588e-04   1.065111e+00
6.634708e-02   5.026742e-04   1.065038e+00
6.696160e-02   5.641546e-04   1.064971e+00
6.758181e-02   6.329646e-04   1.064913e+00
6.820777e-02   7.099550e-04   1.064864e+00
6.883952e-02   7.960731e-04   1.064828e+00
6.947713e-02   8.923727e-04   1.064806e+00
7.012064e-02   1.000026e-03   1.064800e+00
7.077011e-02   1.120336e-03   1.064812e+00
7.142559e-02   1.254748e-03   1.064839e+00
7.208715e-02   1.404866e-03   1.064880e+00
7.275484e-02   1.572474e-03   1.064934e+00
7.342870e-02   1.759548e-03   1.064998e+00
7.410882e-02   1.968281e-03   1.065071e+00
7.479523e-02   2.201104e-03   1.065151e+00
7.548799e-02   2.460713e-03   1.065237e+00
7.618718e-02   2.750094e-03   1.065326e+00
7.689284e-02   3.072555e-03   1.065418e+00
7.760503e-02   3.431756e-03   1.065511e+00
7.832383e-02   3.831749e-03   1.065603e+00
7.904928e-02   4.277017e-03   1.065692e+00
7.978145e-02   4.772517e-03   1.065776e+00
8.052040e-02   5.323731e-03   1.065861e+00
8.126619e-02   5.936763e-03   1.065960e+00
8.201889e-02   6.618404e-03   1.066073e+00
8.277857e-02   7.376182e-03   1.066193e+00
8.354528e-02   8.218445e-03   1.066318e+00
8.431909e-02   9.154450e-03   1.066443e+00
8.510007e-02   1.019446e-02   1.066565e+00
8.588829e-02   1.134987e-02   1.066680e+00
8.668380e-02   1.263329e-02   1.066783e+00
8.748668e-02   1.405874e-02   1.066870e+00
8.829700e-02   1.564176e-02   1.066938e+00
8.911482e-02   1.739957e-02   1.066983e+00
8.994022e-02   1.935130e-02   1.067000e+00
9.077327e-02   2.151812e-02   1.066964e+00
9.161402e-02   2.392311e-02   1.066856e+00
9.246257e-02   2.659162e-02   1.066690e+00
9.331898e-02   2.955158e-02   1.066481e+00
9.418332e-02   3.283370e-02   1.066244e+00
9.505566e-02   3.647180e-02   1.065996e+00
9.593608e-02   4.050300e-02   1.065751e+00
9.682466e-02   4.496813e-02   1.065525e+00
9.772147e-02   4.991196e-02   1.065333e+00
9.862658e-02   5.538363e-02   1.065190e+00
9.954008e-02   6.143698e-02   1.065111e+00
1.004620e-01   6.813103e-02   1.065100e+00
1.013925e-01   7.553155e-02   1.065100e+00
1.023317e-01   8.371212e-02   1.065100e+00
1.032795e-01   9.275413e-02   1.065100e+00
1.042361e-01   1.027476e-01   1.065100e+00
1.052015e-01   1.137921e-01   1.065100e+00
1.061759e-01   1.259978e-01   1.065100e+00
1.071593e-01   1.394868e-01   1.065100e+00
1.081519e-01   1.543940e-01   1.065100e+00
1.091536e-01   1.708692e-01   1.065100e+00
1.101646e-01   1.890783e-01   1.065099e+00
1.111850e-01   2.092033e-01   1.065037e+00
1.122148e-01   2.314401e-01   1.064900e+00
1.132541e-01   2.560028e-01   1.064707e+00
1.143031e-01   2.831261e-01   1.064482e+00
1.153618e-01   3.130666e-01   1.064244e+00
1.164303e-01   3.461053e-01   1.064016e+00
1.175087e-01   3.825491e-01   1.063819e+00
1.185971e-01   4.227332e-01   1.063675e+00
1.196956e-01   4.670235e-01   1.063604e+00
1.208042e-01   5.158201e-01   1.063614e+00
1.219231e-01   5.695742e-01   1.063672e+00
1.230524e-01   6.287915e-01   1.063763e+00
1.241921e-01   6.940315e-01   1.063876e+00
1.253424e-01   7.659132e-01   1.063996e+00
1.265034e-01   8.451225e-01   1.064112e+00
1.276751e-01   9.324194e-01   1.064209e+00
1.288576e-01   1.028647e+00   1.064276e+00
1.300511e-01   1.134739e+00   1.064300e+00
1.312557e-01   1.251725e+00   1.064222e+00
1.324714e-01   1.380699e+00   1.064026e+00
1.336984e-01   1.522848e+00   1.063753e+00
1.349367e-01   1.679472e+00   1.063442e+00
1.361865e-01   1.851990e+00   1.063132e+00
1.374479e-01   2.041949e+00   1.062862e+00
1.387210e-01   2.251037e+00   1.062672e+00
1.400058e-01   2.481091e+00   1.062600e+00
1.413026e-01   2.734125e+00   1.062655e+00
1.426114e-01   3.012410e+00   1.062807e+00
1.439323e-01   3.318458e+00   1.063036e+00
1.452654e-01   3.655037e+00   1.063324e+00
1.466109e-01   4.025198e+00   1.063650e+00
1.479688e-01   4.432300e+00   1.063995e+00
1.493393e-01   4.880050e+00   1.064340e+00
1.507225e-01   5.372536e+00   1.064697e+00
1.521186e-01   5.914241e+00   1.065193e+00
1.535275e-01   6.510088e+00   1.065784e+00
1.549495e-01   7.165491e+00   1.066399e+00
1.563847e-01   7.886417e+00   1.066965e+00
1.578331e-01   8.679434e+00   1.067412e+00
1.592950e-01   9.551777e+00   1.067667e+00
1.607704e-01   1.051142e+01   1.067698e+00
1.622595e-01   1.156705e+01   1.067684e+00
1.637624e-01   1.272814e+01   1.067659e+00
1.652792e-01   1.400508e+01   1.067626e+00
1.668101e-01   1.540922e+01   1.067585e+00
1.683551e-01   1.695304e+01   1.067540e+00
1.699144e-01   1.865017e+01   1.067494e+00
1.714882e-01   2.051556e+01   1.067447e+00
1.730766e-01   2.256555e+01   1.067404e+00
1.746796e-01   2.481803e+01   1.067365e+00
1.762975e-01   2.729257e+01   1.067333e+00
1.779304e-01   3.001056e+01   1.067311e+00
1.795785e-01   3.299537e+01   1.067300e+00
1.812418e-01   3.627257e+01   1.067362e+00
1.829205e-01   3.987030e+01   1.067622e+00
1.846147e-01   4.381947e+01   1.068049e+00
1.863246e-01   4.815394e+01   1.068605e+00
1.880504e-01   5.291078e+01   1.069252e+00
1.897922e-01   5.813061e+01   1.069953e+00
1.915501e-01   6.385789e+01   1.070670e+00
1.933242e-01   7.014130e+01   1.071364e+00
1.951148e-01   7.703416e+01   1.071997e+00
1.969220e-01   8.459481e+01   1.072531e+00
1.987460e-01   9.288714e+01   1.072928e+00
2.005868e-01   1.019811e+02   1.073159e+00
2.024447e-01   1.119527e+02   1.073341e+00
2.043197e-01   1.228844e+02   1.073517e+00
2.062122e-01   1.348659e+02   1.073688e+00
2.081222e-01   1.479950e+02   1.073853e+00
2.100498e-01   1.623778e+02   1.074012e+00
2.119953e-01   1.781301e+02   1.074165e+00
2.139589e-01   1.953778e+02   1.074311e+00
2.159406e-01   2.142575e+02   1.074451e+00
2.179407e-01   2.349177e+02   1.074583e+00
2.199593e-01   2.575196e+02   1.074708e+00
2.219966e-01   2.822382e+02   1.074826e+00
2.240528e-01   3.092631e+02   1.074937e+00
2.261280e-01   3.387998e+02   1.075040e+00
2.282224e-01   3.710709e+02   1.075135e+00
2.303363e-01   4.063173e+02   1.075221e+00
2.324697e-01   4.447996e+02   1.075300e+00
2.346229e-01   4.867994e+02   1.075369e+00
2.367960e-01   5.326209e+02   1.075430e+00
2.389893e-01   5.825926e+02   1.075482e+00
2.412028e-01   6.370685e+02   1.075525e+00
2.434369e-01   6.964304e+02   1.075558e+00
2.456916e-01   7.610895e+02   1.075582e+00
2.479673e-01   8.314881e+02   1.075596e+00
2.502640e-01   9.081020e+02   1.075600e+00
2.525820e-01   9.914430e+02   1.075591e+00
2.549215e-01   1.082063e+03   1.075569e+00
2.572826e-01   1.180554e+03   1.075535e+00
2.596656e-01   1.287554e+03   1.075488e+00
2.620707e-01   1.403744e+03   1.075431e+00
2.644980e-01   1.529857e+03   1.075364e+00
2.669478e-01   1.666676e+03   1.075288e+00
2.694204e-01   1.815041e+03   1.075204e+00
2.719158e-01   1.975847e+03   1.075112e+00
2.744343e-01   2.150055e+03   1.075014e+00
2.769762e-01   2.338686e+03   1.074910e+00
2.795416e-01   2.542832e+03   1.074801e+00
2.821308e-01   2.763657e+03   1.074689e+00
2.847439e-01   3.002400e+03   1.074573e+00
2.873813e-01   3.260377e+03   1.074455e+00
2.900430e-01   3.538990e+03   1.074335e+00
2.927295e-01   3.839727e+03   1.074215e+00
2.954408e-01   4.164164e+03   1.074096e+00
2.981772e-01   4.513975e+03   1.073977e+00
3.009390e-01   4.890930e+03   1.073859e+00
3.037264e-01   5.296909e+03   1.073716e+00
3.065395e-01   5.733913e+03   1.073545e+00
3.093788e-01   6.204060e+03   1.073351e+00
3.122443e-01   6.709589e+03   1.073139e+00
3.151363e-01   7.252869e+03   1.072914e+00
3.180552e-01   7.836397e+03   1.072681e+00
3.210011e-01   8.462809e+03   1.072446e+00
3.239743e-01   9.134882e+03   1.072212e+00
3.269750e-01   9.855541e+03   1.071985e+00
3.300035e-01   1.062786e+04   1.071769e+00
3.330600e-01   1.145508e+04   1.071571e+00
3.361449e-01   1.234059e+04   1.071394e+00
3.392583e-01   1.328794e+04   1.071244e+00
3.424006e-01   1.430089e+04   1.071126e+00
3.455720e-01   1.538332e+04   1.071044e+00
3.487727e-01   1.653933e+04   1.071003e+00
3.520031e-01   1.777318e+04   1.071003e+00
3.552635e-01   1.908935e+04   1.071020e+00
3.585540e-01   2.049252e+04   1.071049e+00
3.618750e-01   2.198755e+04   1.071090e+00
3.652267e-01   2.357954e+04   1.071141e+00
3.686095e-01   2.527377e+04   1.071200e+00
3.720237e-01   2.707573e+04   1.071265e+00
3.754694e-01   2.899115e+04   1.071335e+00
3.789471e-01   3.102595e+04   1.071407e+00
3.824570e-01   3.318627e+04   1.071481e+00
3.859994e-01   3.547847e+04   1.071554e+00
3.895746e-01   3.790914e+04   1.071625e+00
3.931829e-01   4.048506e+04   1.071692e+00
3.968246e-01   4.321325e+04   1.071753e+00
4.005001e-01   4.610094e+04   1.071807e+00
4.042096e-01   4.915566e+04   1.071861e+00
4.079535e-01   5.238546e+04   1.071920e+00
4.117320e-01   5.579873e+04   1.071981e+00
4.155455e-01   5.940420e+04   1.072044e+00
4.193944e-01   6.321094e+04   1.072106e+00
4.232789e-01   6.722835e+04   1.072166e+00
4.271994e-01   7.146621e+04   1.072223e+00
4.311562e-01   7.593466e+04   1.072274e+00
4.351497e-01   8.064423e+04   1.072319e+00
4.391801e-01   8.560583e+04   1.072356e+00
4.432479e-01   9.083082e+04   1.072382e+00
4.473533e-01   9.633094e+04   1.072397e+00
4.514968e-01   1.021184e+05   1.072398e+00
4.556786e-01   1.082054e+05   1.072378e+00
4.598992e-01   1.146042e+05   1.072336e+00
4.641589e-01   1.213270e+05   1.072276e+00
4.684580e-01   1.283863e+05   1.072200e+00
4.727970e-01   1.357950e+05   1.072113e+00
4.771761e-01   1.435659e+05   1.072017e+00
4.815958e-01   1.517123e+05   1.071914e+00
4.860564e-01   1.602475e+05   1.071809e+00
4.905584e-01   1.691850e+05   1.071704e+00
4.951020e-01   1.785383e+05   1.071602e+00
4.996877e-01   1.883212e+05   1.071506e+00
5.043159e-01   1.985477e+05   1.071409e+00
5.089870e-01   2.092325e+05   1.071298e+00
5.137014e-01   2.203908e+05   1.071176e+00
5.184594e-01   2.320382e+05   1.071044e+00
5.232614e-01   2.441904e+05   1.070905e+00
5.281080e-01   2.568634e+05   1.070761e+00
5.329994e-01   2.700735e+05   1.070613e+00
5.379362e-01   2.838371e+05   1.070463e+00
5.429186e-01   2.981709e+05   1.070315e+00
5.479472e-01   3.130918e+05   1.070169e+00
5.530224e-01   3.286171e+05   1.070027e+00
5.581446e-01   3.447640e+05   1.069893e+00
5.633143e-01   3.615501e+05   1.069767e+00
5.685318e-01   3.789931e+05   1.069652e+00
5.737976e-01   3.971110e+05   1.069550e+00
5.791123e-01   4.159219e+05   1.069462e+00
5.844761e-01   4.354440e+05   1.069392e+00
5.898896e-01   4.556958e+05   1.069340e+00
5.953533e-01   4.766959e+05   1.069309e+00
6.008676e-01   4.984629e+05   1.069300e+00
6.064329e-01   5.210154e+05   1.069316e+00
6.120498e-01   5.443711e+05   1.069355e+00
6.177188e-01   5.685476e+05   1.069412e+00
6.234402e-01   5.935622e+05   1.069486e+00
6.292146e-01   6.194321e+05   1.069572e+00
6.350425e-01   6.461742e+05   1.069668e+00
6.409244e-01   6.738053e+05   1.069771e+00
6.468608e-01   7.023418e+05   1.069878e+00
6.528521e-01   7.317998e+05   1.069985e+00
6.588990e-01   7.621951e+05   1.070090e+00
6.650018e-01   7.935433e+05   1.070190e+00
6.711612e-01   8.258591e+05   1.070281e+00
6.773776e-01   8.591573e+05   1.070360e+00
6.836516e-01   8.934519e+05   1.070424e+00
6.899837e-01   9.287565e+05   1.070470e+00
6.963745e-01   9.650840e+05   1.070496e+00
7.028244e-01   1.002447e+06   1.070500e+00
7.093341e-01   1.040862e+06   1.070496e+00
7.159041e-01   1.080350e+06   1.070490e+00
7.225349e-01   1.120936e+06   1.070481e+00
7.292272e-01   1.162641e+06   1.070469e+00
7.359814e-01   1.205492e+06   1.070455e+00
7.427982e-01   1.249514e+06   1.070440e+00
7.496782e-01   1.294735e+06   1.070423e+00
7.566219e-01   1.341183e+06   1.070406e+00
7.636298e-01   1.388888e+06   1.070387e+00
7.707027e-01   1.437881e+06   1.070369e+00
7.778411e-01   1.488195e+06   1.070351e+00
7.850456e-01   1.539865e+06   1.070333e+00
7.923169e-01   1.592926e+06   1.070316e+00
7.996555e-01   1.647418e+06   1.070301e+00
8.070620e-01   1.703376e+06   1.070285e+00
8.145372e-01   1.760821e+06   1.070267e+00
8.220816e-01   1.819764e+06   1.070247e+00
8.296959e-01   1.880218e+06   1.070227e+00
8.373807e-01   1.942194e+06   1.070206e+00
8.451366e-01   2.005699e+06   1.070185e+00
8.529644e-01   2.070739e+06   1.070166e+00
8.608648e-01   2.137320e+06   1.070147e+00
8.688383e-01   2.205444e+06   1.070131e+00
8.768856e-01   2.275110e+06   1.070118e+00
8.850075e-01   2.346316e+06   1.070108e+00
8.932046e-01   2.419057e+06   1.070102e+00
9.014776e-01   2.493326e+06   1.070100e+00
9.098273e-01   2.569123e+06   1.070101e+00
9.182543e-01   2.646466e+06   1.070105e+00
9.267593e-01   2.725379e+06   1.070109e+00
9.353432e-01   2.805888e+06   1.070116e+00
9.440065e-01   2.888020e+06   1.070124e+00
9.527500e-01   2.971803e+06   1.070133e+00
9.615746e-01   3.057266e+06   1.070144e+00
9.704809e-01   3.144441e+06   1.070156e+00
9.794697e-01   3.233362e+06   1.070168e+00
9.885417e-01   3.324063e+06   1.070182e+00
9.976978e-01   3.416582e+06   1.070196e+00
1.006939e+00   3.510957e+06   1.070215e+00
1.016265e+00   3.607216e+06   1.070247e+00
1.025678e+00   3.705384e+06   1.070293e+00
1.035178e+00   3.805483e+06   1.070351e+00
1.044766e+00   3.907537e+06   1.070421e+00
1.054443e+00   4.011571e+06   1.070503e+00
1.064209e+00   4.117611e+06   1.070596e+00
1.074066e+00   4.225680e+06   1.070698e+00
1.084014e+00   4.335804e+06   1.070810e+00
1.094055e+00   4.448011e+06   1.070932e+00
1.104188e+00   4.562326e+06   1.071061e+00
1.114415e+00   4.678778e+06   1.071198e+00
1.124737e+00   4.797393e+06   1.071342e+00
1.135155e+00   4.918201e+06   1.071493e+00
1.145669e+00   5.041230e+06   1.071650e+00
1.156280e+00   5.166511e+06   1.071811e+00
1.166990e+00   5.294075e+06   1.071978e+00
1.177799e+00   5.423952e+06   1.072148e+00
1.188708e+00   5.556176e+06   1.072321e+00
1.199718e+00   5.690778e+06   1.072498e+00
1.210830e+00   5.827794e+06   1.072676e+00
1.222045e+00   5.967258e+06   1.072856e+00
1.233363e+00   6.109206e+06   1.073037e+00
1.244787e+00   6.253675e+06   1.073218e+00
1.256317e+00   6.400703e+06   1.073405e+00
1.267953e+00   6.550331e+06   1.073627e+00
1.279697e+00   6.702598e+06   1.073885e+00
1.291550e+00   6.857549e+06   1.074173e+00
1.303512e+00   7.015227e+06   1.074486e+00
1.315586e+00   7.175677e+06   1.074821e+00
1.327771e+00   7.338947e+06   1.075172e+00
1.340069e+00   7.505085e+06   1.075535e+00
1.352481e+00   7.674141e+06   1.075905e+00
1.365008e+00   7.846168e+06   1.076277e+00
1.377651e+00   8.021219e+06   1.076646e+00
1.390411e+00   8.199349e+06   1.077009e+00
1.403289e+00   8.380616e+06   1.077359e+00
1.416287e+00   8.565079e+06   1.077692e+00
1.429405e+00   8.752800e+06   1.078005e+00
1.442644e+00   8.943843e+06   1.078290e+00
1.456006e+00   9.138273e+06   1.078545e+00
1.469492e+00   9.336159e+06   1.078764e+00
1.483103e+00   9.537570e+06   1.078943e+00
1.496839e+00   9.742581e+06   1.079076e+00
1.510703e+00   9.951264e+06   1.079171e+00
1.524696e+00   1.016366e+07   1.079251e+00
1.538818e+00   1.037981e+07   1.079320e+00
1.553071e+00   1.059974e+07   1.079379e+00
1.567455e+00   1.082348e+07   1.079430e+00
1.581973e+00   1.105105e+07   1.079476e+00
1.596626e+00   1.128249e+07   1.079517e+00
1.611414e+00   1.151781e+07   1.079556e+00
1.626340e+00   1.175705e+07   1.079594e+00
1.641403e+00   1.200022e+07   1.079634e+00
1.656606e+00   1.224734e+07   1.079677e+00
1.671950e+00   1.249844e+07   1.079725e+00
1.687436e+00   1.275352e+07   1.079780e+00
1.703065e+00   1.301261e+07   1.079843e+00
1.718839e+00   1.327571e+07   1.079918e+00
1.734759e+00   1.354283e+07   1.080004e+00
1.750827e+00   1.381399e+07   1.080106e+00
1.767044e+00   1.408920e+07   1.080268e+00
1.783410e+00   1.436849e+07   1.080521e+00
1.799929e+00   1.465192e+07   1.080854e+00
1.816600e+00   1.493951e+07   1.081255e+00
1.833425e+00   1.523132e+07   1.081716e+00
1.850407e+00   1.552739e+07   1.082224e+00
1.867546e+00   1.582777e+07   1.082768e+00
1.884843e+00   1.613250e+07   1.083339e+00
1.902301e+00   1.644164e+07   1.083924e+00
1.919921e+00   1.675523e+07   1.084514e+00
1.937703e+00   1.707331e+07   1.085098e+00
1.955651e+00   1.739595e+07   1.085664e+00
1.973764e+00   1.772319e+07   1.086201e+00
1.992046e+00   1.805509e+07   1.086700e+00
2.010496e+00   1.839169e+07   1.087158e+00
2.029118e+00   1.873306e+07   1.087618e+00
2.047912e+00   1.907925e+07   1.088084e+00
2.066880e+00   1.943035e+07   1.088555e+00
2.086024e+00   1.978641e+07   1.089030e+00
2.105345e+00   2.014750e+07   1.089507e+00
2.124845e+00   2.051369e+07   1.089986e+00
2.144526e+00   2.088507e+07   1.090465e+00
2.164389e+00   2.126170e+07   1.090944e+00
2.184436e+00   2.164366e+07   1.091420e+00
2.204669e+00   2.203103e+07   1.091893e+00
2.225089e+00   2.242390e+07   1.092361e+00
2.245698e+00   2.282235e+07   1.092824e+00
2.266498e+00   2.322646e+07   1.093280e+00
2.287491e+00   2.363633e+07   1.093728e+00
2.308678e+00   2.405204e+07   1.094167e+00
2.330061e+00   2.447370e+07   1.094596e+00
2.351643e+00   2.490140e+07   1.095013e+00
2.373424e+00   2.533523e+07   1.095417e+00
2.395407e+00   2.577531e+07   1.095807e+00
2.417594e+00   2.622174e+07   1.096183e+00
2.439986e+00   2.667463e+07   1.096541e+00
2.462586e+00   2.713409e+07   1.096883e+00
2.485395e+00   2.760023e+07   1.097205e+00
2.508415e+00   2.807318e+07   1.097508e+00
2.531648e+00   2.855303e+07   1.097798e+00
2.555097e+00   2.903986e+07   1.098076e+00
2.578763e+00   2.953372e+07   1.098345e+00
2.602648e+00   3.003469e+07   1.098603e+00
2.626754e+00   3.054283e+07   1.098853e+00
2.651084e+00   3.105821e+07   1.099095e+00
2.675638e+00   3.158088e+07   1.099330e+00
2.700421e+00   3.211091e+07   1.099559e+00
2.725433e+00   3.264838e+07   1.099782e+00
2.750676e+00   3.319333e+07   1.100002e+00
2.776153e+00   3.374583e+07   1.100217e+00
2.801867e+00   3.430594e+07   1.100430e+00
2.827818e+00   3.487372e+07   1.100640e+00
2.854010e+00   3.544924e+07   1.100850e+00
2.880444e+00   3.603255e+07   1.101059e+00
2.907123e+00   3.662371e+07   1.101269e+00
2.934050e+00   3.722277e+07   1.101480e+00
2.961225e+00   3.782981e+07   1.101693e+00
2.988653e+00   3.844486e+07   1.101910e+00
3.016334e+00   3.906798e+07   1.102130e+00
3.044272e+00   3.969932e+07   1.102353e+00
3.072469e+00   4.033903e+07   1.102578e+00
3.100927e+00   4.098733e+07   1.102805e+00
3.129648e+00   4.164440e+07   1.103031e+00
3.158635e+00   4.231044e+07   1.103257e+00
3.187891e+00   4.298569e+07   1.103482e+00
3.217418e+00   4.367034e+07   1.103705e+00
3.247218e+00   4.436464e+07   1.103925e+00
3.277295e+00   4.506883e+07   1.104141e+00
3.307650e+00   4.578314e+07   1.104352e+00
3.338286e+00   4.650785e+07   1.104558e+00
3.369206e+00   4.724320e+07   1.104758e+00
3.400412e+00   4.798949e+07   1.104951e+00
3.431907e+00   4.874698e+07   1.105136e+00
3.463694e+00   4.951600e+07   1.105312e+00
3.495776e+00   5.029682e+07   1.105479e+00
3.528154e+00   5.108977e+07   1.105640e+00
3.560833e+00   5.189507e+07   1.105801e+00
3.593814e+00   5.271291e+07   1.105962e+00
3.627100e+00   5.354349e+07   1.106122e+00
3.660695e+00   5.438702e+07   1.106278e+00
3.694601e+00   5.524370e+07   1.106430e+00
3.728821e+00   5.611374e+07   1.106577e+00
3.763358e+00   5.699736e+07   1.106718e+00
3.798215e+00   5.789477e+07   1.106851e+00
3.833395e+00   5.880620e+07   1.106975e+00
3.868901e+00   5.973186e+07   1.107089e+00
3.904735e+00   6.067199e+07   1.107192e+00
3.940902e+00   6.162682e+07   1.107283e+00
3.977403e+00   6.259658e+07   1.107360e+00
4.014242e+00   6.358152e+07   1.107423e+00
4.051423e+00   6.458186e+07   1.107483e+00
4.088948e+00   6.559777e+07   1.107542e+00
4.126821e+00   6.662944e+07   1.107600e+00
4.165044e+00   6.767706e+07   1.107657e+00
4.203622e+00   6.874080e+07   1.107712e+00
4.242556e+00   6.982086e+07   1.107765e+00
4.281852e+00   7.091742e+07   1.107817e+00
4.321511e+00   7.203065e+07   1.107867e+00
4.361538e+00   7.316075e+07   1.107915e+00
4.401935e+00   7.430788e+07   1.107961e+00
4.442707e+00   7.547225e+07   1.108004e+00
4.483856e+00   7.665402e+07   1.108045e+00
4.525386e+00   7.785337e+07   1.108084e+00
4.567301e+00   7.907049e+07   1.108120e+00
4.609604e+00   8.030555e+07   1.108153e+00
4.652300e+00   8.155874e+07   1.108183e+00
4.695390e+00   8.283022e+07   1.108210e+00
4.738880e+00   8.412018e+07   1.108234e+00
4.782772e+00   8.542878e+07   1.108254e+00
4.827071e+00   8.675619e+07   1.108271e+00
4.871780e+00   8.810259e+07   1.108284e+00
4.916904e+00   8.946815e+07   1.108293e+00
4.962445e+00   9.085303e+07   1.108299e+00
5.008408e+00   9.225739e+07   1.108300e+00
5.054797e+00   9.368141e+07   1.108294e+00
5.101615e+00   9.512530e+07   1.108279e+00
5.148867e+00   9.658925e+07   1.108257e+00
5.196557e+00   9.807349e+07   1.108227e+00
5.244689e+00   9.957822e+07   1.108190e+00
5.293266e+00   1.011036e+08   1.108147e+00
5.342293e+00   1.026500e+08   1.108098e+00
5.391775e+00   1.042174e+08   1.108043e+00
5.441714e+00   1.058062e+08   1.107984e+00
5.492116e+00   1.074165e+08   1.107921e+00
5.542986e+00   1.090486e+08   1.107853e+00
5.594326e+00   1.107026e+08   1.107783e+00
5.646141e+00   1.123788e+08   1.107710e+00
5.698437e+00   1.140773e+08   1.107635e+00
5.751217e+00   1.157984e+08   1.107558e+00
5.804486e+00   1.175424e+08   1.107480e+00
5.858248e+00   1.193093e+08   1.107402e+00
5.912508e+00   1.210994e+08   1.107324e+00
5.967271e+00   1.229129e+08   1.107246e+00
6.022541e+00   1.247501e+08   1.107168e+00
6.078323e+00   1.266109e+08   1.107080e+00
6.134622e+00   1.284955e+08   1.106981e+00
6.191442e+00   1.304037e+08   1.106873e+00
6.248788e+00   1.323354e+08   1.106756e+00
6.306666e+00   1.342906e+08   1.106633e+00
6.365079e+00   1.362692e+08   1.106505e+00
6.424034e+00   1.382711e+08   1.106372e+00
6.483534e+00   1.402961e+08   1.106237e+00
6.543586e+00   1.423441e+08   1.106101e+00
6.604194e+00   1.444148e+08   1.105965e+00
6.665363e+00   1.465082e+08   1.105830e+00
6.727099e+00   1.486239e+08   1.105699e+00
6.789407e+00   1.507618e+08   1.105572e+00
6.852292e+00   1.529216e+08   1.105450e+00
6.915759e+00   1.551030e+08   1.105336e+00
6.979814e+00   1.573057e+08   1.105231e+00
7.044462e+00   1.595294e+08   1.105135e+00
7.109709e+00   1.617736e+08   1.105046e+00
7.175561e+00   1.640377e+08   1.104963e+00
7.242022e+00   1.663212e+08   1.104884e+00
7.309099e+00   1.686233e+08   1.104809e+00
7.376798e+00   1.709433e+08   1.104736e+00
7.445123e+00   1.732806e+08   1.104664e+00
7.514081e+00   1.756343e+08   1.104592e+00
7.583678e+00   1.780036e+08   1.104519e+00
7.653919e+00   1.803877e+08   1.104442e+00
7.724811e+00   1.827858e+08   1.104362e+00
7.796360e+00   1.851967e+08   1.104276e+00
7.868572e+00   1.876197e+08   1.104185e+00
7.941452e+00   1.900537e+08   1.104085e+00
8.015007e+00   1.924975e+08   1.103977e+00
8.089243e+00   1.949505e+08   1.103857e+00
8.164168e+00   1.974125e+08   1.103726e+00
8.239786e+00   1.998836e+08   1.103584e+00
8.316104e+00   2.023636e+08   1.103432e+00
8.393129e+00   2.048528e+08   1.103272e+00
8.470868e+00   2.073509e+08   1.103105e+00
8.549327e+00   2.098582e+08   1.102931e+00
8.628513e+00   2.123748e+08   1.102753e+00
8.708431e+00   2.149005e+08   1.102570e+00
8.789091e+00   2.174357e+08   1.102384e+00
8.870497e+00   2.199803e+08   1.102196e+00
8.952657e+00   2.225345e+08   1.102008e+00
9.035578e+00   2.250984e+08   1.101819e+00
9.119268e+00   2.276722e+08   1.101625e+00
9.203732e+00   2.302561e+08   1.101425e+00
9.288979e+00   2.328502e+08   1.101220e+00
9.375015e+00   2.354547e+08   1.101009e+00
9.461848e+00   2.380700e+08   1.100793e+00
9.549486e+00   2.406961e+08   1.100572e+00
9.637935e+00   2.433334e+08   1.100346e+00
9.727203e+00   2.459822e+08   1.100116e+00
9.817298e+00   2.486426e+08   1.099881e+00
9.908228e+00   2.513151e+08   1.099642e+00
1.000000e+01   2.540000e+08   1.099400e+00
