# C12 + He3 > N14 + p   [C12_He3__N14_p]   ref=TALYS2, Koning et al. 2023
# detailed balance: alpha=1.369 beta=0 gamma=-55.4559  Q=4.7788
# T9                 rate                error
1.000000e-03   1.000000e-35   1.000000e+02
1.009262e-03   9.997729e-36   1.000000e+02
1.018610e-03   9.995558e-36   1.000000e+02
1.028045e-03   9.993485e-36   1.000000e+02
1.037567e-03   9.991509e-36   1.000000e+02
1.047177e-03   9.989627e-36   1.000000e+02
1.056876e-03   9.987838e-36   1.000000e+02
1.066665e-03   9.986141e-36   1.000000e+02
1.076545e-03   9.984534e-36   1.000000e+02
1.086516e-03   9.983015e-36   1.000000e+02
1.096579e-03   9.981583e-36   1.000000e+02
1.106736e-03   9.980237e-36   1.000000e+02
1.116987e-03   9.978973e-36   1.000000e+02
1.127333e-03   9.977792e-36   1.000000e+02
1.137774e-03   9.976691e-36   1.000000e+02
1.148312e-03   9.975670e-36   1.000000e+02
1.158948e-03   9.974725e-36   1.000000e+02
1.169683e-03   9.973856e-36   1.000000e+02
1.180517e-03   9.973061e-36   1.000000e+02
1.191451e-03   9.972339e-36   1.000000e+02
1.202486e-03   9.971688e-36   1.000000e+02
1.213624e-03   9.971106e-36   1.000000e+02
1.224865e-03   9.970593e-36   1.000000e+02
1.236210e-03   9.970145e-36   1.000000e+02
1.247660e-03   9.969762e-36   1.000000e+02
1.259216e-03   9.969443e-36   1.000000e+02
1.270879e-03   9.969185e-36   1.000000e+02
1.282650e-03   9.968987e-36   1.000000e+02
1.294530e-03   9.968848e-36   1.000000e+02
1.306520e-03   9.968766e-36   1.000000e+02
1.318621e-03   9.968739e-36   1.000000e+02
1.330835e-03   9.968766e-36   1.000000e+02
1.343161e-03   9.968846e-36   1.000000e+02
1.355602e-03   9.968976e-36   1.000000e+02
1.368158e-03   9.969156e-36   1.000000e+02
1.380830e-03   9.969383e-36   1.000000e+02
1.393619e-03   9.969656e-36   1.000000e+02
1.406527e-03   9.969974e-36   1.000000e+02
1.419555e-03   9.970336e-36   1.000000e+02
1.432703e-03   9.970738e-36   1.000000e+02
1.445973e-03   9.971181e-36   1.000000e+02
1.459366e-03   9.971662e-36   1.000000e+02
1.472883e-03   9.972180e-36   1.000000e+02
1.486525e-03   9.972733e-36   1.000000e+02
1.500293e-03   9.973320e-36   1.000000e+02
1.514189e-03   9.973939e-36   1.000000e+02
1.528214e-03   9.974589e-36   1.000000e+02
1.542369e-03   9.975268e-36   1.000000e+02
1.556654e-03   9.975975e-36   1.000000e+02
1.571072e-03   9.976708e-36   1.000000e+02
1.585624e-03   9.977465e-36   1.000000e+02
1.600310e-03   9.978246e-36   1.000000e+02
1.615133e-03   9.979048e-36   1.000000e+02
1.630092e-03   9.979869e-36   1.000000e+02
1.645191e-03   9.980709e-36   1.000000e+02
1.660429e-03   9.981566e-36   1.000000e+02
1.675808e-03   9.982438e-36   1.000000e+02
1.691330e-03   9.983324e-36   1.000000e+02
1.706995e-03   9.984222e-36   1.000000e+02
1.722805e-03   9.985130e-36   1.000000e+02
1.738762e-03   9.986048e-36   1.000000e+02
1.754867e-03   9.986973e-36   1.000000e+02
1.771121e-03   9.987904e-36   1.000000e+02
1.787526e-03   9.988840e-36   1.000000e+02
1.804082e-03   9.989778e-36   1.000000e+02
1.820792e-03   9.990718e-36   1.000000e+02
1.837656e-03   9.991657e-36   1.000000e+02
1.854677e-03   9.992595e-36   1.000000e+02
1.871855e-03   9.993529e-36   1.000000e+02
1.889193e-03   9.994458e-36   1.000000e+02
1.906691e-03   9.995381e-36   1.000000e+02
1.924351e-03   9.996296e-36   1.000000e+02
1.942175e-03   9.997201e-36   1.000000e+02
1.960163e-03   9.998095e-36   1.000000e+02
1.978319e-03   9.998976e-36   1.000000e+02
1.996642e-03   9.999844e-36   1.000000e+02
2.015136e-03   1.000069e-35   1.000000e+02
2.033800e-03   1.000153e-35   1.000000e+02
2.052638e-03   1.000234e-35   1.000000e+02
2.071650e-03   1.000314e-35   1.000000e+02
2.090838e-03   1.000391e-35   1.000000e+02
2.110203e-03   1.000466e-35   1.000000e+02
2.129749e-03   1.000538e-35   1.000000e+02
2.149475e-03   1.000608e-35   1.000000e+02
2.169384e-03   1.000675e-35   1.000000e+02
2.189477e-03   1.000739e-35   1.000000e+02
2.209756e-03   1.000800e-35   1.000000e+02
2.230223e-03   1.000857e-35   1.000000e+02
2.250880e-03   1.000911e-35   1.000000e+02
2.271728e-03   1.000961e-35   1.000000e+02
2.292769e-03   1.001008e-35   1.000000e+02
2.314005e-03   1.001051e-35   1.000000e+02
2.335438e-03   1.001089e-35   1.000000e+02
2.357069e-03   1.001124e-35   1.000000e+02
2.378901e-03   1.001154e-35   1.000000e+02
2.400935e-03   1.001179e-35   1.000000e+02
2.423173e-03   1.001200e-35   1.000000e+02
2.445617e-03   1.001216e-35   1.000000e+02
2.468268e-03   1.001227e-35   1.000000e+02
2.491130e-03   1.001232e-35   1.000000e+02
2.514203e-03   1.001233e-35   1.000000e+02
2.537490e-03   1.001228e-35   1.000000e+02
2.560993e-03   1.001217e-35   1.000000e+02
2.584714e-03   1.001200e-35   1.000000e+02
2.608654e-03   1.001178e-35   1.000000e+02
2.632815e-03   1.001149e-35   1.000000e+02
2.657201e-03   1.001114e-35   1.000000e+02
2.681813e-03   1.001073e-35   1.000000e+02
2.706652e-03   1.001025e-35   1.000000e+02
2.731722e-03   1.000971e-35   1.000000e+02
2.757023e-03   1.000909e-35   1.000000e+02
2.782559e-03   1.000841e-35   1.000000e+02
2.808332e-03   1.000765e-35   1.000000e+02
2.834343e-03   1.000682e-35   1.000000e+02
2.860596e-03   1.000592e-35   1.000000e+02
2.887091e-03   1.000494e-35   1.000000e+02
2.913832e-03   1.000388e-35   1.000000e+02
2.940820e-03   1.000274e-35   1.000000e+02
2.968059e-03   1.000152e-35   1.000000e+02
2.995549e-03   1.000022e-35   1.000000e+02
3.023295e-03   9.998833e-36   1.000000e+02
3.051297e-03   9.997378e-36   1.000000e+02
3.079559e-03   9.995869e-36   1.000000e+02
3.108082e-03   9.994322e-36   1.000000e+02
3.136870e-03   9.992755e-36   1.000000e+02
3.165924e-03   9.991183e-36   1.000000e+02
3.195248e-03   9.989623e-36   1.000000e+02
3.224842e-03   9.988091e-36   1.000000e+02
3.254712e-03   9.986605e-36   1.000000e+02
3.284857e-03   9.985180e-36   1.000000e+02
3.315282e-03   9.983832e-36   1.000000e+02
3.345989e-03   9.982579e-36   1.000000e+02
3.376980e-03   9.981437e-36   1.000000e+02
3.408259e-03   9.980422e-36   1.000000e+02
3.439826e-03   9.979550e-36   1.000000e+02
3.471687e-03   9.978838e-36   1.000000e+02
3.503842e-03   9.978303e-36   1.000000e+02
3.536296e-03   9.977960e-36   1.000000e+02
3.569049e-03   9.977827e-36   1.000000e+02
3.602107e-03   9.977919e-36   1.000000e+02
3.635470e-03   9.978254e-36   1.000000e+02
3.669142e-03   9.978847e-36   1.000000e+02
3.703127e-03   9.979715e-36   1.000000e+02
3.737426e-03   9.980875e-36   1.000000e+02
3.772042e-03   9.982343e-36   1.000000e+02
3.806980e-03   9.984136e-36   1.000000e+02
3.842241e-03   9.986271e-36   1.000000e+02
3.877828e-03   9.988763e-36   1.000000e+02
3.913746e-03   9.991631e-36   1.000000e+02
3.949995e-03   9.994890e-36   1.000000e+02
3.986581e-03   9.998558e-36   1.000000e+02
4.023506e-03   1.000265e-35   1.000000e+02
4.060772e-03   1.000711e-35   1.000000e+02
4.098384e-03   1.001184e-35   1.000000e+02
4.136344e-03   1.001676e-35   1.000000e+02
4.174655e-03   1.002177e-35   1.000000e+02
4.213322e-03   1.002678e-35   1.000000e+02
4.252346e-03   1.003168e-35   1.000000e+02
4.291732e-03   1.003639e-35   1.000000e+02
4.331483e-03   1.004080e-35   1.000000e+02
4.371602e-03   1.004483e-35   1.000000e+02
4.412093e-03   1.004837e-35   1.000000e+02
4.452959e-03   1.005134e-35   1.000000e+02
4.494203e-03   1.005363e-35   1.000000e+02
4.535829e-03   1.005516e-35   1.000000e+02
4.577841e-03   1.005582e-35   1.000000e+02
4.620241e-03   1.005552e-35   1.000000e+02
4.663035e-03   1.005416e-35   1.000000e+02
4.706225e-03   1.005166e-35   1.000000e+02
4.749815e-03   1.004791e-35   1.000000e+02
4.793808e-03   1.004282e-35   1.000000e+02
4.838210e-03   1.003630e-35   1.000000e+02
4.883022e-03   1.002826e-35   1.000000e+02
4.928250e-03   1.001860e-35   1.000000e+02
4.973896e-03   1.000724e-35   1.000000e+02
5.019965e-03   9.994093e-36   1.000000e+02
5.066461e-03   9.979183e-36   1.000000e+02
5.113388e-03   9.962677e-36   1.000000e+02
5.160749e-03   9.944746e-36   1.000000e+02
5.208549e-03   9.925561e-36   1.000000e+02
5.256791e-03   9.905291e-36   1.000000e+02
5.305481e-03   9.884107e-36   1.000000e+02
5.354621e-03   9.862175e-36   1.000000e+02
5.404216e-03   9.839665e-36   1.000000e+02
5.454271e-03   9.816740e-36   1.000000e+02
5.504790e-03   9.793565e-36   1.000000e+02
5.555776e-03   9.770302e-36   1.000000e+02
5.607235e-03   9.747114e-36   1.000000e+02
5.659170e-03   9.724158e-36   1.000000e+02
5.711586e-03   9.701594e-36   1.000000e+02
5.764488e-03   9.679578e-36   1.000000e+02
5.817880e-03   9.658266e-36   1.000000e+02
5.871766e-03   9.637810e-36   1.000000e+02
5.926152e-03   9.618365e-36   1.000000e+02
5.981041e-03   9.600081e-36   1.000000e+02
6.036439e-03   9.583097e-36   1.000000e+02
6.092349e-03   9.567390e-36   1.000000e+02
6.148778e-03   9.552829e-36   1.000000e+02
6.205729e-03   9.539285e-36   1.000000e+02
6.263207e-03   9.526629e-36   1.000000e+02
6.321218e-03   9.514734e-36   1.000000e+02
6.379767e-03   9.503472e-36   1.000000e+02
6.438857e-03   9.492716e-36   1.000000e+02
6.498495e-03   9.482342e-36   1.000000e+02
6.558686e-03   9.472223e-36   1.000000e+02
6.619433e-03   9.462237e-36   1.000000e+02
6.680744e-03   9.452257e-36   1.000000e+02
6.742622e-03   9.442161e-36   1.000000e+02
6.805074e-03   9.431827e-36   1.000000e+02
6.868104e-03   9.421131e-36   1.000000e+02
6.931717e-03   9.409952e-36   1.000000e+02
6.995920e-03   9.398168e-36   1.000000e+02
7.060718e-03   9.385746e-36   1.000000e+02
7.126115e-03   9.373063e-36   1.000000e+02
7.192119e-03   9.360623e-36   1.000000e+02
7.258734e-03   9.348925e-36   1.000000e+02
7.325965e-03   9.338467e-36   1.000000e+02
7.393820e-03   9.329743e-36   1.000000e+02
7.462303e-03   9.323248e-36   1.000000e+02
7.531420e-03   9.319477e-36   1.000000e+02
7.601178e-03   9.318924e-36   1.000000e+02
7.671581e-03   9.322088e-36   1.000000e+02
7.742637e-03   9.329474e-36   1.000000e+02
7.814351e-03   9.341590e-36   1.000000e+02
7.886729e-03   9.358956e-36   1.000000e+02
7.959777e-03   9.382104e-36   1.000000e+02
8.033502e-03   9.411541e-36   1.000000e+02
8.107910e-03   9.446628e-36   1.000000e+02
8.183007e-03   9.485409e-36   1.000000e+02
8.258799e-03   9.525832e-36   1.000000e+02
8.335294e-03   9.565808e-36   1.000000e+02
8.412497e-03   9.603216e-36   1.000000e+02
8.490415e-03   9.635903e-36   1.000000e+02
8.569055e-03   9.661690e-36   1.000000e+02
8.648423e-03   9.678391e-36   1.000000e+02
8.728527e-03   9.683825e-36   1.000000e+02
8.809372e-03   9.675843e-36   1.000000e+02
8.890966e-03   9.652352e-36   1.000000e+02
8.973316e-03   9.611348e-36   1.000000e+02
9.056428e-03   9.551554e-36   1.000000e+02
9.140311e-03   9.478503e-36   1.000000e+02
9.224970e-03   9.401786e-36   1.000000e+02
9.310413e-03   9.330772e-36   1.000000e+02
9.396648e-03   9.274556e-36   1.000000e+02
9.483682e-03   9.242062e-36   1.000000e+02
9.571522e-03   9.242225e-36   1.000000e+02
9.660175e-03   9.284273e-36   1.000000e+02
9.749649e-03   9.378097e-36   1.000000e+02
9.839952e-03   9.534738e-36   1.000000e+02
9.931092e-03   9.767013e-36   1.000000e+02
1.002308e-02   1.009028e-35   1.000000e+02
1.011591e-02   1.051677e-35   1.000000e+02
1.020961e-02   1.104855e-35   1.000000e+02
1.030417e-02   1.168730e-35   1.000000e+02
1.039961e-02   1.243519e-35   1.000000e+02
1.049593e-02   1.329423e-35   1.000000e+02
1.059315e-02   1.426557e-35   1.000000e+02
1.069126e-02   1.534876e-35   1.000000e+02
1.079029e-02   1.654088e-35   1.000000e+02
1.089023e-02   1.783563e-35   1.000000e+02
1.099110e-02   1.922231e-35   1.000000e+02
1.109290e-02   2.068852e-35   1.000000e+02
1.119564e-02   2.223700e-35   1.000000e+02
1.129934e-02   2.387768e-35   1.000000e+02
1.140400e-02   2.562258e-35   1.000000e+02
1.150962e-02   2.748616e-35   1.000000e+02
1.161623e-02   2.948573e-35   1.000000e+02
1.172382e-02   3.164185e-35   1.000000e+02
1.183241e-02   3.397896e-35   1.000000e+02
1.194200e-02   3.652599e-35   1.000000e+02
1.205261e-02   3.931701e-35   1.000000e+02
1.216424e-02   4.238411e-35   1.000000e+02
1.227691e-02   4.575478e-35   1.000000e+02
1.239062e-02   4.945875e-35   1.000000e+02
1.250539e-02   5.352855e-35   1.000000e+02
1.262121e-02   5.799971e-35   1.000000e+02
1.273811e-02   6.291100e-35   1.000000e+02
1.285610e-02   6.830462e-35   1.000000e+02
1.297517e-02   7.422646e-35   1.000000e+02
1.309535e-02   8.072715e-35   1.000000e+02
1.321664e-02   8.786885e-35   1.000000e+02
1.333906e-02   9.572448e-35   1.000000e+02
1.346261e-02   1.043764e-34   1.000000e+02
1.358730e-02   1.139177e-34   1.000000e+02
1.371315e-02   1.244539e-34   1.000000e+02
1.384016e-02   1.361043e-34   1.000000e+02
1.396835e-02   1.490049e-34   1.000000e+02
1.409773e-02   1.633095e-34   1.000000e+02
1.422830e-02   1.791896e-34   1.000000e+02
1.436009e-02   1.968374e-34   1.000000e+02
1.449310e-02   2.164710e-34   1.000000e+02
1.462733e-02   2.383373e-34   1.000000e+02
1.476281e-02   2.627169e-34   1.000000e+02
1.489955e-02   2.899285e-34   1.000000e+02
1.503755e-02   3.203347e-34   1.000000e+02
1.517683e-02   3.543494e-34   1.000000e+02
1.531740e-02   3.924465e-34   1.000000e+02
1.545928e-02   4.351679e-34   1.000000e+02
1.560246e-02   4.831339e-34   1.000000e+02
1.574698e-02   5.370554e-34   1.000000e+02
1.589283e-02   5.977481e-34   1.000000e+02
1.604003e-02   6.661491e-34   1.000000e+02
1.618860e-02   7.433389e-34   1.000000e+02
1.633854e-02   8.305674e-34   1.000000e+02
1.648987e-02   9.292793e-34   1.000000e+02
1.664260e-02   1.041146e-33   1.000000e+02
1.679675e-02   1.168106e-33   1.000000e+02
1.695232e-02   1.312405e-33   1.000000e+02
1.710934e-02   1.476659e-33   1.000000e+02
1.726781e-02   1.663910e-33   1.000000e+02
1.742775e-02   1.877703e-33   1.000000e+02
1.758917e-02   2.122183e-33   1.000000e+02
1.775208e-02   2.402193e-33   1.000000e+02
1.791650e-02   2.723411e-33   1.000000e+02
1.808245e-02   3.092495e-33   1.000000e+02
1.824993e-02   3.517233e-33   1.000000e+02
1.841897e-02   4.006728e-33   1.000000e+02
1.858957e-02   4.571680e-33   1.000000e+02
1.876175e-02   5.224674e-33   1.000000e+02
1.893552e-02   5.980539e-33   1.000000e+02
1.911091e-02   6.856771e-33   1.000000e+02
1.928792e-02   7.874036e-33   1.000000e+02
1.946656e-02   9.056783e-33   1.000000e+02
1.964687e-02   1.043397e-32   1.000000e+02
1.982884e-02   1.203996e-32   1.000000e+02
2.001250e-02   1.391554e-32   1.000000e+02
2.019786e-02   1.610945e-32   1.000000e+02
2.038493e-02   1.868057e-32   1.000000e+02
2.057374e-02   2.169973e-32   1.000000e+02
2.076430e-02   2.525227e-32   1.000000e+02
2.095662e-02   2.944116e-32   1.000000e+02
2.115073e-02   3.439096e-32   1.000000e+02
2.134663e-02   4.025271e-32   1.000000e+02
2.154435e-02   4.721000e-32   1.000000e+02
2.174389e-02   5.548653e-32   1.000000e+02
2.194529e-02   6.535555e-32   1.000000e+02
2.214855e-02   7.715164e-32   1.000000e+02
2.235370e-02   9.128560e-32   1.000000e+02
2.256074e-02   1.082631e-31   1.000000e+02
2.276970e-02   1.287082e-31   1.000000e+02
2.298060e-02   1.533932e-31   1.000000e+02
2.319345e-02   1.832765e-31   1.000000e+02
2.340827e-02   2.195507e-31   1.000000e+02
2.362508e-02   2.637041e-31   1.000000e+02
2.384390e-02   3.175993e-31   1.000000e+02
2.406475e-02   3.835740e-31   1.000000e+02
2.428764e-02   4.645716e-31   1.000000e+02
2.451260e-02   5.643081e-31   1.000000e+02
2.473964e-02   6.874908e-31   1.000000e+02
2.496878e-02   8.401000e-31   1.000000e+02
2.520005e-02   1.029741e-30   1.000000e+02
2.543346e-02   1.265998e-30   1.000000e+02
2.566903e-02   1.561010e-30   1.000000e+02
2.590678e-02   1.930213e-30   1.000000e+02
2.614673e-02   2.393265e-30   1.000000e+02
2.638891e-02   2.975235e-30   1.000000e+02
2.663333e-02   3.708141e-30   1.000000e+02
2.688001e-02   4.632917e-30   1.000000e+02
2.712898e-02   5.801971e-30   1.000000e+02
2.738025e-02   7.282465e-30   1.000000e+02
2.763385e-02   9.160565e-30   1.000000e+02
2.788980e-02   1.154693e-29   1.000000e+02
2.814812e-02   1.458377e-29   1.000000e+02
2.840884e-02   1.845406e-29   1.000000e+02
2.867196e-02   2.339332e-29   1.000000e+02
2.893753e-02   2.970494e-29   1.000000e+02
2.920556e-02   3.777997e-29   1.000000e+02
2.947606e-02   4.812270e-29   1.000000e+02
2.974908e-02   6.138366e-29   1.000000e+02
3.002462e-02   7.840238e-29   1.000000e+02
3.030271e-02   1.002721e-28   1.000000e+02
3.058338e-02   1.284495e-28   1.000000e+02
3.086665e-02   1.648686e-28   1.000000e+02
3.115254e-02   2.121037e-28   1.000000e+02
3.144108e-02   2.735993e-28   1.000000e+02
3.173230e-02   3.539890e-28   1.000000e+02
3.202621e-02   4.595409e-28   1.000000e+02
3.232284e-02   5.987834e-28   1.000000e+02
3.262222e-02   7.833901e-28   1.000000e+02
3.292437e-02   1.029440e-27   1.000000e+02
3.322933e-02   1.359220e-27   1.000000e+02
3.353710e-02   1.803832e-27   1.000000e+02
3.384773e-02   2.406975e-27   1.000000e+02
3.416123e-02   3.230487e-27   1.000000e+02
3.447764e-02   4.362513e-27   1.000000e+02
3.479698e-02   5.929656e-27   1.000000e+02
3.511928e-02   8.115176e-27   1.000000e+02
3.544456e-02   1.118648e-26   1.000000e+02
3.577285e-02   1.553703e-26   1.000000e+02
3.610419e-02   2.175068e-26   1.000000e+02
3.643859e-02   3.070151e-26   1.000000e+02
3.677609e-02   4.370993e-26   1.000000e+02
3.711672e-02   6.278932e-26   1.000000e+02
3.746050e-02   9.103917e-26   1.000000e+02
3.780747e-02   1.332782e-25   1.000000e+02
3.815765e-02   1.970744e-25   1.000000e+02
3.851107e-02   2.944372e-25   1.000000e+02
3.886777e-02   4.446296e-25   1.000000e+02
3.922777e-02   6.788893e-25   1.000000e+02
3.959110e-02   1.048446e-24   1.000000e+02
3.995780e-02   1.638291e-24   1.000000e+02
4.032790e-02   2.590609e-24   1.000000e+02
4.070142e-02   4.141639e-24   1.000000e+02
4.107841e-02   6.685436e-24   1.000000e+02
4.145888e-02   1.088182e-23   1.000000e+02
4.184289e-02   1.783672e-23   1.000000e+02
4.223044e-02   2.940338e-23   1.000000e+02
4.262159e-02   4.868280e-23   1.000000e+02
4.301636e-02   8.084950e-23   1.000000e+02
4.341478e-02   1.345023e-22   1.000000e+02
4.381690e-02   2.238515e-22   1.000000e+02
4.422274e-02   3.722163e-22   1.000000e+02
4.463234e-02   6.175373e-22   1.000000e+02
4.504573e-02   1.020918e-21   1.000000e+02
4.546295e-02   1.679597e-21   1.000000e+02
4.588404e-02   2.746210e-21   1.000000e+02
4.630903e-02   4.456601e-21   1.000000e+02
4.673795e-02   7.168736e-21   1.000000e+02
4.717085e-02   1.141504e-20   1.000000e+02
4.760775e-02   1.796947e-20   1.000000e+02
4.804870e-02   2.792826e-20   1.000000e+02
4.849374e-02   4.279865e-20   1.000000e+02
4.894290e-02   6.458347e-20   1.000000e+02
4.939622e-02   9.583958e-20   1.000000e+02
4.985373e-02   1.396780e-19   1.000000e+02
5.031549e-02   1.996907e-19   1.000000e+02
5.078152e-02   2.801435e-19   1.000000e+02
5.125187e-02   3.861448e-19   1.000000e+02
5.172657e-02   5.236325e-19   1.000000e+02
5.220568e-02   6.994712e-19   1.000000e+02
5.268921e-02   9.215945e-19   1.000000e+02
5.317723e-02   1.199214e-18   1.000000e+02
5.366977e-02   1.543122e-18   1.000000e+02
5.416687e-02   1.966123e-18   1.000000e+02
5.466857e-02   2.483636e-18   1.000000e+02
5.517492e-02   3.114525e-18   1.000000e+02
5.568596e-02   3.882241e-18   1.000000e+02
5.620174e-02   4.816370e-18   1.000000e+02
5.672229e-02   5.954755e-18   1.000000e+02
5.724766e-02   7.346403e-18   1.000000e+02
5.777790e-02   9.055495e-18   1.000000e+02
5.831305e-02   1.116700e-17   1.000000e+02
5.885316e-02   1.379454e-17   1.000000e+02
5.939827e-02   1.709168e-17   1.000000e+02
5.994843e-02   2.126811e-17   1.000000e+02
6.050368e-02   2.660732e-17   1.000000e+02
6.106408e-02   3.346116e-17   1.000000e+02
6.162966e-02   4.227814e-17   1.000000e+02
6.220049e-02   5.364051e-17   1.000000e+02
6.277660e-02   6.830291e-17   1.000000e+02
6.335805e-02   8.724128e-17   1.000000e+02
6.394488e-02   1.117142e-16   1.000000e+02
6.453715e-02   1.433395e-16   1.000000e+02
6.513491e-02   1.841880e-16   1.000000e+02
6.573820e-02   2.368982e-16   1.000000e+02
6.634708e-02   3.048140e-16   1.000000e+02
6.696160e-02   3.921457e-16   1.000000e+02
6.758181e-02   5.041582e-16   1.000000e+02
6.820777e-02   6.473813e-16   1.000000e+02
6.883952e-02   8.298405e-16   1.000000e+02
6.947713e-02   1.061298e-15   1.000000e+02
7.012064e-02   1.353493e-15   1.000000e+02
7.077011e-02   1.720679e-15   1.000000e+02
7.142559e-02   2.180765e-15   1.000000e+02
7.208715e-02   2.755807e-15   1.000000e+02
7.275484e-02   3.472854e-15   1.000000e+02
7.342870e-02   4.365038e-15   1.000000e+02
7.410882e-02   5.472929e-15   1.000000e+02
7.479523e-02   6.846177e-15   1.000000e+02
7.548799e-02   8.545537e-15   1.000000e+02
7.618718e-02   1.064535e-14   1.000000e+02
7.689284e-02   1.323658e-14   1.000000e+02
7.760503e-02   1.643061e-14   1.000000e+02
7.832383e-02   2.036386e-14   1.000000e+02
7.904928e-02   2.520350e-14   1.000000e+02
7.978145e-02   3.115462e-14   1.000000e+02
8.052040e-02   3.846735e-14   1.000000e+02
8.126619e-02   4.742664e-14   1.000000e+02
8.201889e-02   5.835132e-14   1.000000e+02
8.277857e-02   7.160013e-14   1.000000e+02
8.354528e-02   8.756859e-14   1.000000e+02
8.431909e-02   1.066819e-13   1.000000e+02
8.510007e-02   1.293832e-13   1.000000e+02
8.588829e-02   1.561155e-13   1.000000e+02
8.668380e-02   1.872974e-13   1.000000e+02
8.748668e-02   2.232913e-13   1.000000e+02
8.829700e-02   2.643642e-13   1.000000e+02
8.911482e-02   3.106426e-13   1.000000e+02
8.994022e-02   3.620622e-13   1.000000e+02
9.077327e-02   4.184492e-13   1.000000e+02
9.161402e-02   4.801673e-13   1.000000e+02
9.246257e-02   5.480199e-13   1.000000e+02
9.331898e-02   6.231859e-13   1.000000e+02
9.418332e-02   7.073271e-13   1.000000e+02
9.505566e-02   8.027272e-13   1.000000e+02
9.593608e-02   9.124820e-13   1.000000e+02
9.682466e-02   1.040766e-12   1.000000e+02
9.772147e-02   1.193213e-12   1.000000e+02
9.862658e-02   1.377471e-12   1.000000e+02
9.954008e-02   1.604024e-12   1.000000e+02
1.004620e-01   1.887283e-12   1.000000e+02
1.013925e-01   2.244028e-12   1.000000e+02
1.023317e-01   2.692672e-12   1.000000e+02
1.032795e-01   3.255910e-12   1.000000e+02
1.042361e-01   3.961548e-12   1.000000e+02
1.052015e-01   4.843185e-12   1.000000e+02
1.061759e-01   5.940740e-12   1.000000e+02
1.071593e-01   7.300681e-12   1.000000e+02
1.081519e-01   8.975722e-12   1.000000e+02
1.091536e-01   1.102373e-11   1.000000e+02
1.101646e-01   1.350551e-11   1.000000e+02
1.111850e-01   1.648889e-11   1.000000e+02
1.122148e-01   2.006545e-11   1.000000e+02
1.132541e-01   2.434673e-11   1.000000e+02
1.143031e-01   2.946617e-11   1.000000e+02
1.153618e-01   3.558398e-11   1.000000e+02
1.164303e-01   4.289338e-11   1.000000e+02
1.175087e-01   5.162829e-11   1.000000e+02
1.185971e-01   6.207315e-11   1.000000e+02
1.196956e-01   7.457534e-11   1.000000e+02
1.208042e-01   8.955828e-11   1.000000e+02
1.219231e-01   1.075108e-10   1.000000e+02
1.230524e-01   1.289976e-10   1.000000e+02
1.241921e-01   1.546823e-10   1.000000e+02
1.253424e-01   1.853427e-10   1.000000e+02
1.265034e-01   2.218873e-10   1.000000e+02
1.276751e-01   2.653737e-10   1.000000e+02
1.288576e-01   3.170285e-10   1.000000e+02
1.300511e-01   3.782683e-10   1.000000e+02
1.312557e-01   4.507024e-10   1.000000e+02
1.324714e-01   5.360763e-10   1.000000e+02
1.336984e-01   6.362879e-10   1.000000e+02
1.349367e-01   7.533810e-10   1.000000e+02
1.361865e-01   8.895146e-10   1.000000e+02
1.374479e-01   1.046918e-09   1.000000e+02
1.387210e-01   1.227825e-09   1.000000e+02
1.400058e-01   1.434395e-09   1.000000e+02
1.413026e-01   1.669044e-09   1.000000e+02
1.426114e-01   1.936187e-09   1.000000e+02
1.439323e-01   2.241983e-09   1.000000e+02
1.452654e-01   2.594470e-09   1.000000e+02
1.466109e-01   3.004151e-09   1.000000e+02
1.479688e-01   3.484795e-09   1.000000e+02
1.493393e-01   4.054529e-09   1.000000e+02
1.507225e-01   4.737134e-09   1.000000e+02
1.521186e-01   5.558604e-09   1.000000e+02
1.535275e-01   6.545391e-09   1.000000e+02
1.549495e-01   7.727758e-09   1.000000e+02
1.563847e-01   9.140041e-09   1.000000e+02
1.578331e-01   1.082051e-08   1.000000e+02
1.592950e-01   1.281094e-08   1.000000e+02
1.607704e-01   1.515603e-08   1.000000e+02
1.622595e-01   1.790945e-08   1.000000e+02
1.637624e-01   2.113821e-08   1.000000e+02
1.652792e-01   2.491993e-08   1.000000e+02
1.668101e-01   2.934413e-08   1.000000e+02
1.683551e-01   3.451397e-08   1.000000e+02
1.699144e-01   4.054815e-08   1.000000e+02
1.714882e-01   4.758315e-08   1.000000e+02
1.730766e-01   5.577564e-08   1.000000e+02
1.746796e-01   6.530532e-08   1.000000e+02
1.762975e-01   7.637804e-08   1.000000e+02
1.779304e-01   8.922935e-08   1.000000e+02
1.795785e-01   1.041285e-07   1.000000e+02
1.812418e-01   1.213836e-07   1.000000e+02
1.829205e-01   1.413533e-07   1.000000e+02
1.846147e-01   1.644545e-07   1.000000e+02
1.863246e-01   1.911694e-07   1.000000e+02
1.880504e-01   2.220557e-07   1.000000e+02
1.897922e-01   2.577597e-07   1.000000e+02
1.915501e-01   2.990310e-07   1.000000e+02
1.933242e-01   3.467401e-07   1.000000e+02
1.951148e-01   4.018989e-07   1.000000e+02
1.969220e-01   4.656861e-07   1.000000e+02
1.987460e-01   5.394755e-07   1.000000e+02
2.005868e-01   6.248712e-07   1.000000e+02
2.024447e-01   7.237201e-07   1.000000e+02
2.043197e-01   8.381187e-07   1.000000e+02
2.062122e-01   9.704787e-07   1.000000e+02
2.081222e-01   1.123577e-06   1.000000e+02
2.100498e-01   1.300609e-06   1.000000e+02
2.119953e-01   1.505251e-06   1.000000e+02
2.139589e-01   1.741726e-06   1.000000e+02
2.159406e-01   2.014886e-06   1.000000e+02
2.179407e-01   2.330299e-06   1.000000e+02
2.199593e-01   2.694349e-06   1.000000e+02
2.219966e-01   3.114357e-06   1.000000e+02
2.240528e-01   3.598702e-06   1.000000e+02
2.261280e-01   4.156972e-06   1.000000e+02
2.282224e-01   4.800129e-06   1.000000e+02
2.303363e-01   5.540693e-06   1.000000e+02
2.324697e-01   6.392953e-06   1.000000e+02
2.346229e-01   7.373200e-06   1.000000e+02
2.367960e-01   8.499989e-06   1.000000e+02
2.389893e-01   9.794435e-06   1.000000e+02
2.412028e-01   1.128054e-05   1.000000e+02
2.434369e-01   1.298556e-05   1.000000e+02
2.456916e-01   1.494042e-05   1.000000e+02
2.479673e-01   1.718015e-05   1.000000e+02
2.502640e-01   1.974439e-05   1.000000e+02
2.525820e-01   2.267814e-05   1.000000e+02
2.549215e-01   2.603286e-05   1.000000e+02
2.572826e-01   2.986705e-05   1.000000e+02
2.596656e-01   3.424713e-05   1.000000e+02
2.620707e-01   3.924848e-05   1.000000e+02
2.644980e-01   4.495661e-05   1.000000e+02
2.669478e-01   5.146854e-05   1.000000e+02
2.694204e-01   5.889426e-05   1.000000e+02
2.719158e-01   6.735849e-05   1.000000e+02
2.744343e-01   7.700260e-05   1.000000e+02
2.769762e-01   8.798677e-05   1.000000e+02
2.795416e-01   1.004925e-04   1.000000e+02
2.821308e-01   1.147255e-04   1.000000e+02
2.847439e-01   1.309185e-04   1.000000e+02
2.873813e-01   1.493354e-04   1.000000e+02
2.900430e-01   1.702747e-04   1.000000e+02
2.927295e-01   1.940747e-04   1.000000e+02
2.954408e-01   2.211181e-04   1.000000e+02
2.981772e-01   2.518382e-04   1.000000e+02
3.009390e-01   2.867254e-04   1.000000e+02
3.037264e-01   3.263319e-04   1.000000e+02
3.065395e-01   3.712761e-04   1.000000e+02
3.093788e-01   4.222541e-04   1.000000e+02
3.122443e-01   4.800484e-04   1.000000e+02
3.151363e-01   5.455387e-04   1.000000e+02
3.180552e-01   6.197130e-04   1.000000e+02
3.210011e-01   7.036798e-04   1.000000e+02
3.239743e-01   7.986824e-04   1.000000e+02
3.269750e-01   9.061137e-04   1.000000e+02
3.300035e-01   1.027533e-03   1.000000e+02
3.330600e-01   1.164686e-03   1.000000e+02
3.361449e-01   1.319521e-03   1.000000e+02
3.392583e-01   1.494217e-03   1.000000e+02
3.424006e-01   1.691204e-03   1.000000e+02
3.455720e-01   1.913189e-03   1.000000e+02
3.487727e-01   2.163191e-03   1.000000e+02
3.520031e-01   2.444570e-03   1.000000e+02
3.552635e-01   2.761114e-03   1.000000e+02
3.585540e-01   3.117099e-03   1.000000e+02
3.618750e-01   3.517317e-03   1.000000e+02
3.652267e-01   3.967134e-03   1.000000e+02
3.686095e-01   4.472568e-03   1.000000e+02
3.720237e-01   5.040362e-03   1.000000e+02
3.754694e-01   5.678079e-03   1.000000e+02
3.789471e-01   6.394197e-03   1.000000e+02
3.824570e-01   7.198229e-03   1.000000e+02
3.859994e-01   8.100847e-03   1.000000e+02
3.895746e-01   9.114029e-03   1.000000e+02
3.931829e-01   1.025122e-02   1.000000e+02
3.968246e-01   1.152753e-02   1.000000e+02
4.005001e-01   1.295993e-02   1.000000e+02
4.042096e-01   1.456727e-02   1.000000e+02
4.079535e-01   1.637010e-02   1.000000e+02
4.117320e-01   1.839108e-02   1.000000e+02
4.155455e-01   2.065527e-02   1.000000e+02
4.193944e-01   2.319037e-02   1.000000e+02
4.232789e-01   2.602693e-02   1.000000e+02
4.271994e-01   2.919857e-02   1.000000e+02
4.311562e-01   3.274230e-02   1.000000e+02
4.351497e-01   3.669871e-02   1.000000e+02
4.391801e-01   4.111229e-02   1.000000e+02
4.432479e-01   4.603170e-02   1.000000e+02
4.473533e-01   5.151007e-02   1.000000e+02
4.514968e-01   5.760529e-02   1.000000e+02
4.556786e-01   6.438205e-02   1.000000e+02
4.598992e-01   7.191391e-02   1.000000e+02
4.641589e-01   8.028262e-02   1.000000e+02
4.684580e-01   8.957885e-02   1.000000e+02
4.727970e-01   9.990327e-02   1.000000e+02
4.771761e-01   1.113676e-01   1.000000e+02
4.815958e-01   1.240961e-01   1.000000e+02
4.860564e-01   1.382267e-01   1.000000e+02
4.905584e-01   1.539129e-01   1.000000e+02
4.951020e-01   1.713259e-01   1.000000e+02
4.996877e-01   1.906557e-01   1.000000e+02
5.043159e-01   2.121136e-01   1.000000e+02
5.089870e-01   2.359279e-01   1.000000e+02
5.137014e-01   2.623489e-01   1.000000e+02
5.184594e-01   2.916521e-01   1.000000e+02
5.232614e-01   3.241410e-01   1.000000e+02
5.281080e-01   3.601493e-01   1.000000e+02
5.329994e-01   4.000442e-01   1.000000e+02
5.379362e-01   4.442292e-01   1.000000e+02
5.429186e-01   4.931474e-01   1.000000e+02
5.479472e-01   5.472854e-01   1.000000e+02
5.530224e-01   6.071771e-01   1.000000e+02
5.581446e-01   6.734079e-01   1.000000e+02
5.633143e-01   7.466194e-01   1.000000e+02
5.685318e-01   8.275142e-01   1.000000e+02
5.737976e-01   9.168613e-01   1.000000e+02
5.791123e-01   1.015502e+00   1.000000e+02
5.844761e-01   1.124356e+00   1.000000e+02
5.898896e-01   1.244428e+00   1.000000e+02
5.953533e-01   1.376814e+00   1.000000e+02
6.008676e-01   1.522710e+00   1.000000e+02
6.064329e-01   1.683426e+00   1.000000e+02
6.120498e-01   1.860402e+00   1.000000e+02
6.177188e-01   2.055215e+00   1.000000e+02
6.234402e-01   2.269588e+00   1.000000e+02
6.292146e-01   2.505404e+00   1.000000e+02
6.350425e-01   2.764720e+00   1.000000e+02
6.409244e-01   3.049783e+00   1.000000e+02
6.468608e-01   3.363047e+00   1.000000e+02
6.528521e-01   3.707188e+00   1.000000e+02
6.588990e-01   4.085129e+00   1.000000e+02
6.650018e-01   4.500057e+00   1.000000e+02
6.711612e-01   4.955451e+00   1.000000e+02
6.773776e-01   5.455101e+00   1.000000e+02
6.836516e-01   6.003143e+00   1.000000e+02
6.899837e-01   6.604081e+00   1.000000e+02
6.963745e-01   7.262828e+00   1.000000e+02
7.028244e-01   7.984732e+00   1.000000e+02
7.093341e-01   8.775605e+00   1.000000e+02
7.159041e-01   9.641747e+00   1.000000e+02
7.225349e-01   1.059000e+01   1.000000e+02
7.292272e-01   1.162782e+01   1.000000e+02
7.359814e-01   1.276326e+01   1.000000e+02
7.427982e-01   1.400510e+01   1.000000e+02
7.496782e-01   1.536286e+01   1.000000e+02
7.566219e-01   1.684685e+01   1.000000e+02
7.636298e-01   1.846826e+01   1.000000e+02
7.707027e-01   2.023922e+01   1.000000e+02
7.778411e-01   2.217287e+01   1.000000e+02
7.850456e-01   2.428344e+01   1.000000e+02
7.923169e-01   2.658634e+01   1.000000e+02
7.996555e-01   2.909823e+01   1.000000e+02
8.070620e-01   3.183715e+01   1.000000e+02
8.145372e-01   3.482266e+01   1.000000e+02
8.220816e-01   3.807588e+01   1.000000e+02
8.296959e-01   4.161969e+01   1.000000e+02
8.373807e-01   4.547879e+01   1.000000e+02
8.451366e-01   4.967989e+01   1.000000e+02
8.529644e-01   5.425183e+01   1.000000e+02
8.608648e-01   5.922576e+01   1.000000e+02
8.688383e-01   6.463529e+01   1.000000e+02
8.768856e-01   7.051672e+01   1.000000e+02
8.850075e-01   7.690917e+01   1.000000e+02
8.932046e-01   8.385488e+01   1.000000e+02
9.014776e-01   9.139933e+01   1.000000e+02
9.098273e-01   9.959153e+01   1.000000e+02
9.182543e-01   1.084841e+02   1.000000e+02
9.267593e-01   1.181336e+02   1.000000e+02
9.353432e-01   1.286009e+02   1.000000e+02
9.440065e-01   1.399513e+02   1.000000e+02
9.527500e-01   1.522553e+02   1.000000e+02
9.615746e-01   1.655881e+02   1.000000e+02
9.704809e-01   1.800310e+02   1.000000e+02
9.794697e-01   1.956707e+02   1.000000e+02
9.885417e-01   2.126005e+02   1.000000e+02
9.976978e-01   2.309204e+02   1.000000e+02
1.006939e+00   2.507376e+02   1.000000e+02
1.016265e+00   2.721671e+02   1.000000e+02
1.025678e+00   2.953326e+02   1.000000e+02
1.035178e+00   3.203664e+02   1.000000e+02
1.044766e+00   3.474103e+02   1.000000e+02
1.054443e+00   3.766163e+02   1.000000e+02
1.064209e+00   4.081469e+02   1.000000e+02
1.074066e+00   4.421762e+02   1.000000e+02
1.084014e+00   4.788901e+02   1.000000e+02
1.094055e+00   5.184877e+02   1.000000e+02
1.104188e+00   5.611818e+02   1.000000e+02
1.114415e+00   6.071996e+02   1.000000e+02
1.124737e+00   6.567842e+02   1.000000e+02
1.135155e+00   7.101948e+02   1.000000e+02
1.145669e+00   7.677084e+02   1.000000e+02
1.156280e+00   8.296204e+02   1.000000e+02
1.166990e+00   8.962461e+02   1.000000e+02
1.177799e+00   9.679218e+02   1.000000e+02
1.188708e+00   1.045006e+03   1.000000e+02
1.199718e+00   1.127880e+03   1.000000e+02
1.210830e+00   1.216952e+03   1.000000e+02
1.222045e+00   1.312655e+03   1.000000e+02
1.233363e+00   1.415451e+03   1.000000e+02
1.244787e+00   1.525830e+03   1.000000e+02
1.256317e+00   1.644317e+03   1.000000e+02
1.267953e+00   1.771472e+03   1.000000e+02
1.279697e+00   1.907898e+03   1.000000e+02
1.291550e+00   2.054242e+03   1.000000e+02
1.303512e+00   2.211190e+03   1.000000e+02
1.315586e+00   2.379476e+03   1.000000e+02
1.327771e+00   2.559886e+03   1.000000e+02
1.340069e+00   2.753256e+03   1.000000e+02
1.352481e+00   2.960480e+03   1.000000e+02
1.365008e+00   3.182513e+03   1.000000e+02
1.377651e+00   3.420374e+03   1.000000e+02
1.390411e+00   3.675152e+03   1.000000e+02
1.403289e+00   3.948008e+03   1.000000e+02
1.416287e+00   4.240185e+03   1.000000e+02
1.429405e+00   4.553009e+03   1.000000e+02
1.442644e+00   4.887895e+03   1.000000e+02
1.456006e+00   5.246358e+03   1.000000e+02
1.469492e+00   5.630014e+03   1.000000e+02
1.483103e+00   6.040591e+03   1.000000e+02
1.496839e+00   6.479935e+03   1.000000e+02
1.510703e+00   6.950003e+03   1.000000e+02
1.524696e+00   7.452755e+03   1.000000e+02
1.538818e+00   7.990183e+03   1.000000e+02
1.553071e+00   8.564365e+03   1.000000e+02
1.567455e+00   9.177463e+03   1.000000e+02
1.581973e+00   9.831725e+03   1.000000e+02
1.596626e+00   1.052948e+04   1.000000e+02
1.611414e+00   1.127314e+04   1.000000e+02
1.626340e+00   1.206518e+04   1.000000e+02
1.641403e+00   1.290816e+04   1.000000e+02
1.656606e+00   1.380471e+04   1.000000e+02
1.671950e+00   1.475751e+04   1.000000e+02
1.687436e+00   1.576928e+04   1.000000e+02
1.703065e+00   1.684281e+04   1.000000e+02
1.718839e+00   1.798091e+04   1.000000e+02
1.734759e+00   1.918640e+04   1.000000e+02
1.750827e+00   2.046213e+04   1.000000e+02
1.767044e+00   2.181113e+04   1.000000e+02
1.783410e+00   2.323724e+04   1.000000e+02
1.799929e+00   2.474471e+04   1.000000e+02
1.816600e+00   2.633803e+04   1.000000e+02
1.833425e+00   2.802205e+04   1.000000e+02
1.850407e+00   2.980191e+04   1.000000e+02
1.867546e+00   3.168313e+04   1.000000e+02
1.884843e+00   3.367160e+04   1.000000e+02
1.902301e+00   3.577368e+04   1.000000e+02
1.919921e+00   3.799614e+04   1.000000e+02
1.937703e+00   4.034629e+04   1.000000e+02
1.955651e+00   4.283198e+04   1.000000e+02
1.973764e+00   4.546164e+04   1.000000e+02
1.992046e+00   4.824437e+04   1.000000e+02
2.010496e+00   5.118993e+04   1.000000e+02
2.029118e+00   5.430782e+04   1.000000e+02
2.047912e+00   5.760728e+04   1.000000e+02
2.066880e+00   6.109792e+04   1.000000e+02
2.086024e+00   6.478976e+04   1.000000e+02
2.105345e+00   6.869328e+04   1.000000e+02
2.124845e+00   7.281936e+04   1.000000e+02
2.144526e+00   7.717936e+04   1.000000e+02
2.164389e+00   8.178509e+04   1.000000e+02
2.184436e+00   8.664880e+04   1.000000e+02
2.204669e+00   9.178324e+04   1.000000e+02
2.225089e+00   9.720164e+04   1.000000e+02
2.245698e+00   1.029177e+05   1.000000e+02
2.266498e+00   1.089456e+05   1.000000e+02
2.287491e+00   1.153000e+05   1.000000e+02
2.308678e+00   1.219961e+05   1.000000e+02
2.330061e+00   1.290495e+05   1.000000e+02
2.351643e+00   1.364765e+05   1.000000e+02
2.373424e+00   1.442935e+05   1.000000e+02
2.395407e+00   1.525178e+05   1.000000e+02
2.417594e+00   1.611669e+05   1.000000e+02
2.439986e+00   1.702588e+05   1.000000e+02
2.462586e+00   1.798119e+05   1.000000e+02
2.485395e+00   1.898453e+05   1.000000e+02
2.508415e+00   2.003781e+05   1.000000e+02
2.531648e+00   2.114311e+05   1.000000e+02
2.555097e+00   2.230265e+05   1.000000e+02
2.578763e+00   2.351878e+05   1.000000e+02
2.602648e+00   2.479392e+05   1.000000e+02
2.626754e+00   2.613058e+05   1.000000e+02
2.651084e+00   2.753137e+05   1.000000e+02
2.675638e+00   2.899900e+05   1.000000e+02
2.700421e+00   3.053627e+05   1.000000e+02
2.725433e+00   3.214609e+05   1.000000e+02
2.750676e+00   3.383149e+05   1.000000e+02
2.776153e+00   3.559559e+05   1.000000e+02
2.801867e+00   3.744164e+05   1.000000e+02
2.827818e+00   3.937300e+05   1.000000e+02
2.854010e+00   4.139316e+05   1.000000e+02
2.880444e+00   4.350574e+05   1.000000e+02
2.907123e+00   4.571448e+05   1.000000e+02
2.934050e+00   4.802329e+05   1.000000e+02
2.961225e+00   5.043617e+05   1.000000e+02
2.988653e+00   5.295732e+05   1.000000e+02
3.016334e+00   5.559106e+05   1.000000e+02
3.044272e+00   5.834175e+05   1.000000e+02
3.072469e+00   6.121381e+05   1.000000e+02
3.100927e+00   6.421179e+05   1.000000e+02
3.129648e+00   6.734034e+05   1.000000e+02
3.158635e+00   7.060427e+05   1.000000e+02
3.187891e+00   7.400850e+05   1.000000e+02
3.217418e+00   7.755809e+05   1.000000e+02
3.247218e+00   8.125823e+05   1.000000e+02
3.277295e+00   8.511425e+05   1.000000e+02
3.307650e+00   8.913159e+05   1.000000e+02
3.338286e+00   9.331584e+05   1.000000e+02
3.369206e+00   9.767274e+05   1.000000e+02
3.400412e+00   1.022081e+06   1.000000e+02
3.431907e+00   1.069281e+06   1.000000e+02
3.463694e+00   1.118386e+06   1.000000e+02
3.495776e+00   1.169460e+06   1.000000e+02
3.528154e+00   1.222568e+06   1.000000e+02
3.560833e+00   1.277775e+06   1.000000e+02
3.593814e+00   1.335151e+06   1.000000e+02
3.627100e+00   1.394764e+06   1.000000e+02
3.660695e+00   1.456687e+06   1.000000e+02
3.694601e+00   1.520994e+06   1.000000e+02
3.728821e+00   1.587758e+06   1.000000e+02
3.763358e+00   1.657057e+06   1.000000e+02
3.798215e+00   1.728969e+06   1.000000e+02
3.833395e+00   1.803574e+06   1.000000e+02
3.868901e+00   1.880954e+06   1.000000e+02
3.904735e+00   1.961192e+06   1.000000e+02
3.940902e+00   2.044373e+06   1.000000e+02
3.977403e+00   2.130584e+06   1.000000e+02
4.014242e+00   2.219913e+06   1.000000e+02
4.051423e+00   2.312451e+06   1.000000e+02
4.088948e+00   2.408289e+06   1.000000e+02
4.126821e+00   2.507518e+06   1.000000e+02
4.165044e+00   2.610234e+06   1.000000e+02
4.203622e+00   2.716532e+06   1.000000e+02
4.242556e+00   2.826510e+06   1.000000e+02
4.281852e+00   2.940265e+06   1.000000e+02
4.321511e+00   3.057899e+06   1.000000e+02
4.361538e+00   3.179513e+06   1.000000e+02
4.401935e+00   3.305209e+06   1.000000e+02
4.442707e+00   3.435094e+06   1.000000e+02
4.483856e+00   3.569273e+06   1.000000e+02
4.525386e+00   3.707853e+06   1.000000e+02
4.567301e+00   3.850942e+06   1.000000e+02
4.609604e+00   3.998652e+06   1.000000e+02
4.652300e+00   4.151092e+06   1.000000e+02
4.695390e+00   4.308376e+06   1.000000e+02
4.738880e+00   4.470617e+06   1.000000e+02
4.782772e+00   4.637930e+06   1.000000e+02
4.827071e+00   4.810431e+06   1.000000e+02
4.871780e+00   4.988236e+06   1.000000e+02
4.916904e+00   5.171463e+06   1.000000e+02
4.962445e+00   5.360231e+06   1.000000e+02
5.008408e+00   5.554660e+06   1.000000e+02
5.054797e+00   5.754870e+06   1.000000e+02
5.101615e+00   5.960980e+06   1.000000e+02
5.148867e+00   6.173112e+06   1.000000e+02
5.196557e+00   6.391386e+06   1.000000e+02
5.244689e+00   6.615925e+06   1.000000e+02
5.293266e+00   6.846849e+06   1.000000e+02
5.342293e+00   7.084282e+06   1.000000e+02
5.391775e+00   7.328345e+06   1.000000e+02
5.441714e+00   7.579160e+06   1.000000e+02
5.492116e+00   7.836850e+06   1.000000e+02
5.542986e+00   8.101536e+06   1.000000e+02
5.594326e+00   8.373340e+06   1.000000e+02
5.646141e+00   8.652384e+06   1.000000e+02
5.698437e+00   8.938787e+06   1.000000e+02
5.751217e+00   9.232671e+06   1.000000e+02
5.804486e+00   9.534154e+06   1.000000e+02
5.858248e+00   9.843356e+06   1.000000e+02
5.912508e+00   1.016039e+07   1.000000e+02
5.967271e+00   1.048538e+07   1.000000e+02
6.022541e+00   1.081844e+07   1.000000e+02
6.078323e+00   1.115969e+07   1.000000e+02
6.134622e+00   1.150922e+07   1.000000e+02
6.191442e+00   1.186715e+07   1.000000e+02
6.248788e+00   1.223358e+07   1.000000e+02
6.306666e+00   1.260863e+07   1.000000e+02
6.365079e+00   1.299238e+07   1.000000e+02
6.424034e+00   1.338493e+07   1.000000e+02
6.483534e+00   1.378640e+07   1.000000e+02
6.543586e+00   1.419685e+07   1.000000e+02
6.604194e+00   1.461639e+07   1.000000e+02
6.665363e+00   1.504510e+07   1.000000e+02
6.727099e+00   1.548307e+07   1.000000e+02
6.789407e+00   1.593037e+07   1.000000e+02
6.852292e+00   1.638708e+07   1.000000e+02
6.915759e+00   1.685327e+07   1.000000e+02
6.979814e+00   1.732901e+07   1.000000e+02
7.044462e+00   1.781436e+07   1.000000e+02
7.109709e+00   1.830938e+07   1.000000e+02
7.175561e+00   1.881412e+07   1.000000e+02
7.242022e+00   1.932864e+07   1.000000e+02
7.309099e+00   1.985295e+07   1.000000e+02
7.376798e+00   2.038712e+07   1.000000e+02
7.445123e+00   2.093116e+07   1.000000e+02
7.514081e+00   2.148509e+07   1.000000e+02
7.583678e+00   2.204894e+07   1.000000e+02
7.653919e+00   2.262273e+07   1.000000e+02
7.724811e+00   2.320644e+07   1.000000e+02
7.796360e+00   2.380009e+07   1.000000e+02
7.868572e+00   2.440366e+07   1.000000e+02
7.941452e+00   2.501714e+07   1.000000e+02
8.015007e+00   2.564052e+07   1.000000e+02
8.089243e+00   2.627375e+07   1.000000e+02
8.164168e+00   2.691679e+07   1.000000e+02
8.239786e+00   2.756961e+07   1.000000e+02
8.316104e+00   2.823214e+07   1.000000e+02
8.393129e+00   2.890431e+07   1.000000e+02
8.470868e+00   2.958606e+07   1.000000e+02
8.549327e+00   3.027730e+07   1.000000e+02
8.628513e+00   3.097794e+07   1.000000e+02
8.708431e+00   3.168787e+07   1.000000e+02
8.789091e+00   3.240700e+07   1.000000e+02
8.870497e+00   3.313520e+07   1.000000e+02
8.952657e+00   3.387234e+07   1.000000e+02
9.035578e+00   3.461828e+07   1.000000e+02
9.119268e+00   3.537289e+07   1.000000e+02
9.203732e+00   3.613600e+07   1.000000e+02
9.288979e+00   3.690745e+07   1.000000e+02
9.375015e+00   3.768706e+07   1.000000e+02
9.461848e+00   3.847464e+07   1.000000e+02
9.549486e+00   3.927001e+07   1.000000e+02
9.637935e+00   4.007295e+07   1.000000e+02
9.727203e+00   4.088325e+07   1.000000e+02
9.817298e+00   4.170068e+07   1.000000e+02
9.908228e+00   4.252501e+07   1.000000e+02
1.000000e+01   4.335600e+07   1.000000e+02
