# Be7 + He3 > C10 + g   [Be7_He3__C10_g]   ref=TALYS2, Koning et al. 2023
# detailed balance: alpha=2.4245e+11 beta=1.5 gamma=-174.097  Q=15.0025
# T9                 rate                error
1.000000e-03   1.000000e-35   1.000000e+02
1.009262e-03   9.997747e-36   1.000000e+02
1.018610e-03   9.995564e-36   1.000000e+02
1.028045e-03   9.993451e-36   1.000000e+02
1.037567e-03   9.991405e-36   1.000000e+02
1.047177e-03   9.989427e-36   1.000000e+02
1.056876e-03   9.987514e-36   1.000000e+02
1.066665e-03   9.985667e-36   1.000000e+02
1.076545e-03   9.983883e-36   1.000000e+02
1.086516e-03   9.982162e-36   1.000000e+02
1.096579e-03   9.980503e-36   1.000000e+02
1.106736e-03   9.978904e-36   1.000000e+02
1.116987e-03   9.977365e-36   1.000000e+02
1.127333e-03   9.975884e-36   1.000000e+02
1.137774e-03   9.974462e-36   1.000000e+02
1.148312e-03   9.973095e-36   1.000000e+02
1.158948e-03   9.971784e-36   1.000000e+02
1.169683e-03   9.970527e-36   1.000000e+02
1.180517e-03   9.969324e-36   1.000000e+02
1.191451e-03   9.968173e-36   1.000000e+02
1.202486e-03   9.967073e-36   1.000000e+02
1.213624e-03   9.966023e-36   1.000000e+02
1.224865e-03   9.965023e-36   1.000000e+02
1.236210e-03   9.964071e-36   1.000000e+02
1.247660e-03   9.963165e-36   1.000000e+02
1.259216e-03   9.962306e-36   1.000000e+02
1.270879e-03   9.961492e-36   1.000000e+02
1.282650e-03   9.960722e-36   1.000000e+02
1.294530e-03   9.959994e-36   1.000000e+02
1.306520e-03   9.959309e-36   1.000000e+02
1.318621e-03   9.958665e-36   1.000000e+02
1.330835e-03   9.958060e-36   1.000000e+02
1.343161e-03   9.957494e-36   1.000000e+02
1.355602e-03   9.956967e-36   1.000000e+02
1.368158e-03   9.956475e-36   1.000000e+02
1.380830e-03   9.956020e-36   1.000000e+02
1.393619e-03   9.955599e-36   1.000000e+02
1.406527e-03   9.955213e-36   1.000000e+02
1.419555e-03   9.954858e-36   1.000000e+02
1.432703e-03   9.954536e-36   1.000000e+02
1.445973e-03   9.954244e-36   1.000000e+02
1.459366e-03   9.953981e-36   1.000000e+02
1.472883e-03   9.953748e-36   1.000000e+02
1.486525e-03   9.953541e-36   1.000000e+02
1.500293e-03   9.953362e-36   1.000000e+02
1.514189e-03   9.953207e-36   1.000000e+02
1.528214e-03   9.953078e-36   1.000000e+02
1.542369e-03   9.952971e-36   1.000000e+02
1.556654e-03   9.952888e-36   1.000000e+02
1.571072e-03   9.952825e-36   1.000000e+02
1.585624e-03   9.952783e-36   1.000000e+02
1.600310e-03   9.952761e-36   1.000000e+02
1.615133e-03   9.952756e-36   1.000000e+02
1.630092e-03   9.952769e-36   1.000000e+02
1.645191e-03   9.952799e-36   1.000000e+02
1.660429e-03   9.952843e-36   1.000000e+02
1.675808e-03   9.952902e-36   1.000000e+02
1.691330e-03   9.952975e-36   1.000000e+02
1.706995e-03   9.953059e-36   1.000000e+02
1.722805e-03   9.953155e-36   1.000000e+02
1.738762e-03   9.953261e-36   1.000000e+02
1.754867e-03   9.953375e-36   1.000000e+02
1.771121e-03   9.953499e-36   1.000000e+02
1.787526e-03   9.953629e-36   1.000000e+02
1.804082e-03   9.953765e-36   1.000000e+02
1.820792e-03   9.953907e-36   1.000000e+02
1.837656e-03   9.954052e-36   1.000000e+02
1.854677e-03   9.954201e-36   1.000000e+02
1.871855e-03   9.954351e-36   1.000000e+02
1.889193e-03   9.954503e-36   1.000000e+02
1.906691e-03   9.954654e-36   1.000000e+02
1.924351e-03   9.954805e-36   1.000000e+02
1.942175e-03   9.954953e-36   1.000000e+02
1.960163e-03   9.955099e-36   1.000000e+02
1.978319e-03   9.955240e-36   1.000000e+02
1.996642e-03   9.955376e-36   1.000000e+02
2.015136e-03   9.955506e-36   1.000000e+02
2.033800e-03   9.955628e-36   1.000000e+02
2.052638e-03   9.955743e-36   1.000000e+02
2.071650e-03   9.955848e-36   1.000000e+02
2.090838e-03   9.955943e-36   1.000000e+02
2.110203e-03   9.956027e-36   1.000000e+02
2.129749e-03   9.956099e-36   1.000000e+02
2.149475e-03   9.956157e-36   1.000000e+02
2.169384e-03   9.956201e-36   1.000000e+02
2.189477e-03   9.956229e-36   1.000000e+02
2.209756e-03   9.956242e-36   1.000000e+02
2.230223e-03   9.956236e-36   1.000000e+02
2.250880e-03   9.956213e-36   1.000000e+02
2.271728e-03   9.956170e-36   1.000000e+02
2.292769e-03   9.956106e-36   1.000000e+02
2.314005e-03   9.956021e-36   1.000000e+02
2.335438e-03   9.955913e-36   1.000000e+02
2.357069e-03   9.955782e-36   1.000000e+02
2.378901e-03   9.955627e-36   1.000000e+02
2.400935e-03   9.955446e-36   1.000000e+02
2.423173e-03   9.955238e-36   1.000000e+02
2.445617e-03   9.955002e-36   1.000000e+02
2.468268e-03   9.954738e-36   1.000000e+02
2.491130e-03   9.954445e-36   1.000000e+02
2.514203e-03   9.954121e-36   1.000000e+02
2.537490e-03   9.953765e-36   1.000000e+02
2.560993e-03   9.953376e-36   1.000000e+02
2.584714e-03   9.952953e-36   1.000000e+02
2.608654e-03   9.952496e-36   1.000000e+02
2.632815e-03   9.952003e-36   1.000000e+02
2.657201e-03   9.951474e-36   1.000000e+02
2.681813e-03   9.950906e-36   1.000000e+02
2.706652e-03   9.950300e-36   1.000000e+02
2.731722e-03   9.949654e-36   1.000000e+02
2.757023e-03   9.948967e-36   1.000000e+02
2.782559e-03   9.948239e-36   1.000000e+02
2.808332e-03   9.947467e-36   1.000000e+02
2.834343e-03   9.946652e-36   1.000000e+02
2.860596e-03   9.945791e-36   1.000000e+02
2.887091e-03   9.944885e-36   1.000000e+02
2.913832e-03   9.943932e-36   1.000000e+02
2.940820e-03   9.942931e-36   1.000000e+02
2.968059e-03   9.941882e-36   1.000000e+02
2.995549e-03   9.940782e-36   1.000000e+02
3.023295e-03   9.939633e-36   1.000000e+02
3.051297e-03   9.938445e-36   1.000000e+02
3.079559e-03   9.937234e-36   1.000000e+02
3.108082e-03   9.936013e-36   1.000000e+02
3.136870e-03   9.934799e-36   1.000000e+02
3.165924e-03   9.933605e-36   1.000000e+02
3.195248e-03   9.932447e-36   1.000000e+02
3.224842e-03   9.931338e-36   1.000000e+02
3.254712e-03   9.930295e-36   1.000000e+02
3.284857e-03   9.929332e-36   1.000000e+02
3.315282e-03   9.928464e-36   1.000000e+02
3.345989e-03   9.927705e-36   1.000000e+02
3.376980e-03   9.927070e-36   1.000000e+02
3.408259e-03   9.926574e-36   1.000000e+02
3.439826e-03   9.926232e-36   1.000000e+02
3.471687e-03   9.926059e-36   1.000000e+02
3.503842e-03   9.926069e-36   1.000000e+02
3.536296e-03   9.926277e-36   1.000000e+02
3.569049e-03   9.926698e-36   1.000000e+02
3.602107e-03   9.927347e-36   1.000000e+02
3.635470e-03   9.928238e-36   1.000000e+02
3.669142e-03   9.929387e-36   1.000000e+02
3.703127e-03   9.930809e-36   1.000000e+02
3.737426e-03   9.932518e-36   1.000000e+02
3.772042e-03   9.934529e-36   1.000000e+02
3.806980e-03   9.936858e-36   1.000000e+02
3.842241e-03   9.939519e-36   1.000000e+02
3.877828e-03   9.942527e-36   1.000000e+02
3.913746e-03   9.945898e-36   1.000000e+02
3.949995e-03   9.949647e-36   1.000000e+02
3.986581e-03   9.953790e-36   1.000000e+02
4.023506e-03   9.958336e-36   1.000000e+02
4.060772e-03   9.963247e-36   1.000000e+02
4.098384e-03   9.968444e-36   1.000000e+02
4.136344e-03   9.973850e-36   1.000000e+02
4.174655e-03   9.979387e-36   1.000000e+02
4.213322e-03   9.984976e-36   1.000000e+02
4.252346e-03   9.990540e-36   1.000000e+02
4.291732e-03   9.995998e-36   1.000000e+02
4.331483e-03   1.000127e-35   1.000000e+02
4.371602e-03   1.000629e-35   1.000000e+02
4.412093e-03   1.001096e-35   1.000000e+02
4.452959e-03   1.001521e-35   1.000000e+02
4.494203e-03   1.001896e-35   1.000000e+02
4.535829e-03   1.002213e-35   1.000000e+02
4.577841e-03   1.002464e-35   1.000000e+02
4.620241e-03   1.002642e-35   1.000000e+02
4.663035e-03   1.002737e-35   1.000000e+02
4.706225e-03   1.002744e-35   1.000000e+02
4.749815e-03   1.002652e-35   1.000000e+02
4.793808e-03   1.002455e-35   1.000000e+02
4.838210e-03   1.002145e-35   1.000000e+02
4.883022e-03   1.001714e-35   1.000000e+02
4.928250e-03   1.001155e-35   1.000000e+02
4.973896e-03   1.000459e-35   1.000000e+02
5.019965e-03   9.996192e-36   1.000000e+02
5.066461e-03   9.986392e-36   1.000000e+02
5.113388e-03   9.975342e-36   1.000000e+02
5.160749e-03   9.963205e-36   1.000000e+02
5.208549e-03   9.950142e-36   1.000000e+02
5.256791e-03   9.936313e-36   1.000000e+02
5.305481e-03   9.921880e-36   1.000000e+02
5.354621e-03   9.907001e-36   1.000000e+02
5.404216e-03   9.891835e-36   1.000000e+02
5.454271e-03   9.876540e-36   1.000000e+02
5.504790e-03   9.861272e-36   1.000000e+02
5.555776e-03   9.846188e-36   1.000000e+02
5.607235e-03   9.831443e-36   1.000000e+02
5.659170e-03   9.817189e-36   1.000000e+02
5.711586e-03   9.803581e-36   1.000000e+02
5.764488e-03   9.790771e-36   1.000000e+02
5.817880e-03   9.778910e-36   1.000000e+02
5.871766e-03   9.768149e-36   1.000000e+02
5.926152e-03   9.758640e-36   1.000000e+02
5.981041e-03   9.750533e-36   1.000000e+02
6.036439e-03   9.743965e-36   1.000000e+02
6.092349e-03   9.738911e-36   1.000000e+02
6.148778e-03   9.735237e-36   1.000000e+02
6.205729e-03   9.732810e-36   1.000000e+02
6.263207e-03   9.731496e-36   1.000000e+02
6.321218e-03   9.731163e-36   1.000000e+02
6.379767e-03   9.731677e-36   1.000000e+02
6.438857e-03   9.732906e-36   1.000000e+02
6.498495e-03   9.734718e-36   1.000000e+02
6.558686e-03   9.736981e-36   1.000000e+02
6.619433e-03   9.739562e-36   1.000000e+02
6.680744e-03   9.742329e-36   1.000000e+02
6.742622e-03   9.745150e-36   1.000000e+02
6.805074e-03   9.747891e-36   1.000000e+02
6.868104e-03   9.750421e-36   1.000000e+02
6.931717e-03   9.752605e-36   1.000000e+02
6.995920e-03   9.754311e-36   1.000000e+02
7.060718e-03   9.755508e-36   1.000000e+02
7.126115e-03   9.756652e-36   1.000000e+02
7.192119e-03   9.758352e-36   1.000000e+02
7.258734e-03   9.761214e-36   1.000000e+02
7.325965e-03   9.765845e-36   1.000000e+02
7.393820e-03   9.772856e-36   1.000000e+02
7.462303e-03   9.782860e-36   1.000000e+02
7.531420e-03   9.796475e-36   1.000000e+02
7.601178e-03   9.814326e-36   1.000000e+02
7.671581e-03   9.837047e-36   1.000000e+02
7.742637e-03   9.865286e-36   1.000000e+02
7.814351e-03   9.899704e-36   1.000000e+02
7.886729e-03   9.940984e-36   1.000000e+02
7.959777e-03   9.989832e-36   1.000000e+02
8.033502e-03   1.004693e-35   1.000000e+02
8.107910e-03   1.011156e-35   1.000000e+02
8.183007e-03   1.018134e-35   1.000000e+02
8.258799e-03   1.025377e-35   1.000000e+02
8.335294e-03   1.032626e-35   1.000000e+02
8.412497e-03   1.039614e-35   1.000000e+02
8.490415e-03   1.046070e-35   1.000000e+02
8.569055e-03   1.051714e-35   1.000000e+02
8.648423e-03   1.056263e-35   1.000000e+02
8.728527e-03   1.059432e-35   1.000000e+02
8.809372e-03   1.060939e-35   1.000000e+02
8.890966e-03   1.060505e-35   1.000000e+02
8.973316e-03   1.057863e-35   1.000000e+02
9.056428e-03   1.052838e-35   1.000000e+02
9.140311e-03   1.046129e-35   1.000000e+02
9.224970e-03   1.038961e-35   1.000000e+02
9.310413e-03   1.032536e-35   1.000000e+02
9.396648e-03   1.028028e-35   1.000000e+02
9.483682e-03   1.026598e-35   1.000000e+02
9.571522e-03   1.029423e-35   1.000000e+02
9.660175e-03   1.037736e-35   1.000000e+02
9.749649e-03   1.052887e-35   1.000000e+02
9.839952e-03   1.076416e-35   1.000000e+02
9.931092e-03   1.110156e-35   1.000000e+02
1.002308e-02   1.156359e-35   1.000000e+02
1.011591e-02   1.216967e-35   1.000000e+02
1.020961e-02   1.292655e-35   1.000000e+02
1.030417e-02   1.384112e-35   1.000000e+02
1.039961e-02   1.492145e-35   1.000000e+02
1.049593e-02   1.617594e-35   1.000000e+02
1.059315e-02   1.761219e-35   1.000000e+02
1.069126e-02   1.923578e-35   1.000000e+02
1.079029e-02   2.104871e-35   1.000000e+02
1.089023e-02   2.304771e-35   1.000000e+02
1.099110e-02   2.522222e-35   1.000000e+02
1.109290e-02   2.755803e-35   1.000000e+02
1.119564e-02   3.006364e-35   1.000000e+02
1.129934e-02   3.275919e-35   1.000000e+02
1.140400e-02   3.566915e-35   1.000000e+02
1.150962e-02   3.882310e-35   1.000000e+02
1.161623e-02   4.225668e-35   1.000000e+02
1.172382e-02   4.601271e-35   1.000000e+02
1.183241e-02   5.014267e-35   1.000000e+02
1.194200e-02   5.470841e-35   1.000000e+02
1.205261e-02   5.978383e-35   1.000000e+02
1.216424e-02   6.544300e-35   1.000000e+02
1.227691e-02   7.175519e-35   1.000000e+02
1.239062e-02   7.879702e-35   1.000000e+02
1.250539e-02   8.665394e-35   1.000000e+02
1.262121e-02   9.542113e-35   1.000000e+02
1.273811e-02   1.052045e-34   1.000000e+02
1.285610e-02   1.161216e-34   1.000000e+02
1.297517e-02   1.283029e-34   1.000000e+02
1.309535e-02   1.418946e-34   1.000000e+02
1.321664e-02   1.570738e-34   1.000000e+02
1.333906e-02   1.740490e-34   1.000000e+02
1.346261e-02   1.930593e-34   1.000000e+02
1.358730e-02   2.143793e-34   1.000000e+02
1.371315e-02   2.383250e-34   1.000000e+02
1.384016e-02   2.652604e-34   1.000000e+02
1.396835e-02   2.956056e-34   1.000000e+02
1.409773e-02   3.298457e-34   1.000000e+02
1.422830e-02   3.685325e-34   1.000000e+02
1.436009e-02   4.122973e-34   1.000000e+02
1.449310e-02   4.618683e-34   1.000000e+02
1.462733e-02   5.180860e-34   1.000000e+02
1.476281e-02   5.819217e-34   1.000000e+02
1.489955e-02   6.544998e-34   1.000000e+02
1.503755e-02   7.371226e-34   1.000000e+02
1.517683e-02   8.313037e-34   1.000000e+02
1.531740e-02   9.388075e-34   1.000000e+02
1.545928e-02   1.061690e-33   1.000000e+02
1.560246e-02   1.202348e-33   1.000000e+02
1.574698e-02   1.363583e-33   1.000000e+02
1.589283e-02   1.548670e-33   1.000000e+02
1.604003e-02   1.761449e-33   1.000000e+02
1.618860e-02   2.006428e-33   1.000000e+02
1.633854e-02   2.288924e-33   1.000000e+02
1.648987e-02   2.615202e-33   1.000000e+02
1.664260e-02   2.992660e-33   1.000000e+02
1.679675e-02   3.430045e-33   1.000000e+02
1.695232e-02   3.937718e-33   1.000000e+02
1.710934e-02   4.527971e-33   1.000000e+02
1.726781e-02   5.215418e-33   1.000000e+02
1.742775e-02   6.017456e-33   1.000000e+02
1.758917e-02   6.954840e-33   1.000000e+02
1.775208e-02   8.052372e-33   1.000000e+02
1.791650e-02   9.339745e-33   1.000000e+02
1.808245e-02   1.085257e-32   1.000000e+02
1.824993e-02   1.263344e-32   1.000000e+02
1.841897e-02   1.473337e-32   1.000000e+02
1.858957e-02   1.721363e-32   1.000000e+02
1.876175e-02   2.014800e-32   1.000000e+02
1.893552e-02   2.362541e-32   1.000000e+02
1.911091e-02   2.775324e-32   1.000000e+02
1.928792e-02   3.266135e-32   1.000000e+02
1.946656e-02   3.850699e-32   1.000000e+02
1.964687e-02   4.548088e-32   1.000000e+02
1.982884e-02   5.381473e-32   1.000000e+02
2.001250e-02   6.379040e-32   1.000000e+02
2.019786e-02   7.575249e-32   1.000000e+02
2.038493e-02   9.012647e-32   1.000000e+02
2.057374e-02   1.074366e-31   1.000000e+02
2.076430e-02   1.283300e-31   1.000000e+02
2.095662e-02   1.536066e-31   1.000000e+02
2.115073e-02   1.842591e-31   1.000000e+02
2.134663e-02   2.215214e-31   1.000000e+02
2.154435e-02   2.669324e-31   1.000000e+02
2.174389e-02   3.224158e-31   1.000000e+02
2.194529e-02   3.903837e-31   1.000000e+02
2.214855e-02   4.738689e-31   1.000000e+02
2.235370e-02   5.766956e-31   1.000000e+02
2.256074e-02   7.037004e-31   1.000000e+02
2.276970e-02   8.610185e-31   1.000000e+02
2.298060e-02   1.056456e-30   1.000000e+02
2.319345e-02   1.299977e-30   1.000000e+02
2.340827e-02   1.604338e-30   1.000000e+02
2.362508e-02   1.985925e-30   1.000000e+02
2.384390e-02   2.465853e-30   1.000000e+02
2.406475e-02   3.071426e-30   1.000000e+02
2.428764e-02   3.838063e-30   1.000000e+02
2.451260e-02   4.811872e-30   1.000000e+02
2.473964e-02   6.053087e-30   1.000000e+02
2.496878e-02   7.640667e-30   1.000000e+02
2.520005e-02   9.678297e-30   1.000000e+02
2.543346e-02   1.230117e-29   1.000000e+02
2.566903e-02   1.568627e-29   1.000000e+02
2.590678e-02   2.006617e-29   1.000000e+02
2.614673e-02   2.574701e-29   1.000000e+02
2.638891e-02   3.313239e-29   1.000000e+02
2.663333e-02   4.275512e-29   1.000000e+02
2.688001e-02   5.531957e-29   1.000000e+02
2.712898e-02   7.175807e-29   1.000000e+02
2.738025e-02   9.330605e-29   1.000000e+02
2.763385e-02   1.216024e-28   1.000000e+02
2.788980e-02   1.588229e-28   1.000000e+02
2.814812e-02   2.078592e-28   1.000000e+02
2.840884e-02   2.725563e-28   1.000000e+02
2.867196e-02   3.580305e-28   1.000000e+02
2.893753e-02   4.710927e-28   1.000000e+02
2.920556e-02   6.208138e-28   1.000000e+02
2.947606e-02   8.192772e-28   1.000000e+02
2.974908e-02   1.082582e-27   1.000000e+02
3.002462e-02   1.432178e-27   1.000000e+02
3.030271e-02   1.896867e-27   1.000000e+02
3.058338e-02   2.516131e-27   1.000000e+02
3.086665e-02   3.344026e-27   1.000000e+02
3.115254e-02   4.454815e-27   1.000000e+02
3.144108e-02   5.951090e-27   1.000000e+02
3.173230e-02   7.975419e-27   1.000000e+02
3.202621e-02   1.072714e-26   1.000000e+02
3.232284e-02   1.448677e-26   1.000000e+02
3.262222e-02   1.965167e-26   1.000000e+02
3.292437e-02   2.678866e-26   1.000000e+02
3.322933e-02   3.671211e-26   1.000000e+02
3.353710e-02   5.060090e-26   1.000000e+02
3.384773e-02   7.017474e-26   1.000000e+02
3.416123e-02   9.796264e-26   1.000000e+02
3.447764e-02   1.377148e-25   1.000000e+02
3.479698e-02   1.950404e-25   1.000000e+02
3.511928e-02   2.784041e-25   1.000000e+02
3.544456e-02   4.006982e-25   1.000000e+02
3.577285e-02   5.817454e-25   1.000000e+02
3.610419e-02   8.523261e-25   1.000000e+02
3.643859e-02   1.260722e-24   1.000000e+02
3.677609e-02   1.883461e-24   1.000000e+02
3.711672e-02   2.843162e-24   1.000000e+02
3.746050e-02   4.338475e-24   1.000000e+02
3.780747e-02   6.694940e-24   1.000000e+02
3.815765e-02   1.045234e-23   1.000000e+02
3.851107e-02   1.651663e-23   1.000000e+02
3.886777e-02   2.642734e-23   1.000000e+02
3.922777e-02   4.283443e-23   1.000000e+02
3.959110e-02   7.035961e-23   1.000000e+02
3.995780e-02   1.171731e-22   1.000000e+02
4.032790e-02   1.978725e-22   1.000000e+02
4.070142e-02   3.384395e-22   1.000000e+02
4.107841e-02   5.853182e-22   1.000000e+02
4.145888e-02   1.021870e-21   1.000000e+02
4.184289e-02   1.797913e-21   1.000000e+02
4.223044e-02   3.182647e-21   1.000000e+02
4.262159e-02   5.658899e-21   1.000000e+02
4.301636e-02   1.008965e-20   1.000000e+02
4.341478e-02   1.800936e-20   1.000000e+02
4.381690e-02   3.212736e-20   1.000000e+02
4.422274e-02   5.718523e-20   1.000000e+02
4.463234e-02   1.013915e-19   1.000000e+02
4.504573e-02   1.787744e-19   1.000000e+02
4.546295e-02   3.129480e-19   1.000000e+02
4.588404e-02   5.429741e-19   1.000000e+02
4.630903e-02   9.321875e-19   1.000000e+02
4.673795e-02   1.580963e-18   1.000000e+02
4.717085e-02   2.644304e-18   1.000000e+02
4.760775e-02   4.354611e-18   1.000000e+02
4.804870e-02   7.048762e-18   1.000000e+02
4.849374e-02   1.119641e-17   1.000000e+02
4.894290e-02   1.742305e-17   1.000000e+02
4.939622e-02   2.651710e-17   1.000000e+02
4.985373e-02   3.940594e-17   1.000000e+02
5.031549e-02   5.709315e-17   1.000000e+02
5.078152e-02   8.068312e-17   1.000000e+02
5.125187e-02   1.113948e-16   1.000000e+02
5.172657e-02   1.505031e-16   1.000000e+02
5.220568e-02   1.993145e-16   1.000000e+02
5.268921e-02   2.591555e-16   1.000000e+02
5.317723e-02   3.313788e-16   1.000000e+02
5.366977e-02   4.173945e-16   1.000000e+02
5.416687e-02   5.187297e-16   1.000000e+02
5.466857e-02   6.371222e-16   1.000000e+02
5.517492e-02   7.746518e-16   1.000000e+02
5.568596e-02   9.339148e-16   1.000000e+02
5.620174e-02   1.118252e-15   1.000000e+02
5.672229e-02   1.332045e-15   1.000000e+02
5.724766e-02   1.581100e-15   1.000000e+02
5.777790e-02   1.873165e-15   1.000000e+02
5.831305e-02   2.218625e-15   1.000000e+02
5.885316e-02   2.631465e-15   1.000000e+02
5.939827e-02   3.130633e-15   1.000000e+02
5.994843e-02   3.741986e-15   1.000000e+02
6.050368e-02   4.499828e-15   1.000000e+02
6.106408e-02   5.442896e-15   1.000000e+02
6.162966e-02   6.617587e-15   1.000000e+02
6.220049e-02   8.081645e-15   1.000000e+02
6.277660e-02   9.906616e-15   1.000000e+02
6.335805e-02   1.218067e-14   1.000000e+02
6.394488e-02   1.501180e-14   1.000000e+02
6.453715e-02   1.853125e-14   1.000000e+02
6.513491e-02   2.289718e-14   1.000000e+02
6.573820e-02   2.829826e-14   1.000000e+02
6.634708e-02   3.495689e-14   1.000000e+02
6.696160e-02   4.313166e-14   1.000000e+02
6.758181e-02   5.311840e-14   1.000000e+02
6.820777e-02   6.524904e-14   1.000000e+02
6.883952e-02   7.988746e-14   1.000000e+02
6.947713e-02   9.742118e-14   1.000000e+02
7.012064e-02   1.182480e-13   1.000000e+02
7.077011e-02   1.427931e-13   1.000000e+02
7.142559e-02   1.715771e-13   1.000000e+02
7.208715e-02   2.051882e-13   1.000000e+02
7.275484e-02   2.442804e-13   1.000000e+02
7.342870e-02   2.895812e-13   1.000000e+02
7.410882e-02   3.419009e-13   1.000000e+02
7.479523e-02   4.021427e-13   1.000000e+02
7.548799e-02   4.713166e-13   1.000000e+02
7.618718e-02   5.505541e-13   1.000000e+02
7.689284e-02   6.411276e-13   1.000000e+02
7.760503e-02   7.444721e-13   1.000000e+02
7.832383e-02   8.622120e-13   1.000000e+02
7.904928e-02   9.961938e-13   1.000000e+02
7.978145e-02   1.148524e-12   1.000000e+02
8.052040e-02   1.321520e-12   1.000000e+02
8.126619e-02   1.516702e-12   1.000000e+02
8.201889e-02   1.734562e-12   1.000000e+02
8.277857e-02   1.974741e-12   1.000000e+02
8.354528e-02   2.235780e-12   1.000000e+02
8.431909e-02   2.514863e-12   1.000000e+02
8.510007e-02   2.807591e-12   1.000000e+02
8.588829e-02   3.107817e-12   1.000000e+02
8.668380e-02   3.407587e-12   1.000000e+02
8.748668e-02   3.697227e-12   1.000000e+02
8.829700e-02   3.965618e-12   1.000000e+02
8.911482e-02   4.200675e-12   1.000000e+02
8.994022e-02   4.390039e-12   1.000000e+02
9.077327e-02   4.524478e-12   1.000000e+02
9.161402e-02   4.609240e-12   1.000000e+02
9.246257e-02   4.656220e-12   1.000000e+02
9.331898e-02   4.679112e-12   1.000000e+02
9.418332e-02   4.692471e-12   1.000000e+02
9.505566e-02   4.711189e-12   1.000000e+02
9.593608e-02   4.750427e-12   1.000000e+02
9.682466e-02   4.826037e-12   1.000000e+02
9.772147e-02   4.955492e-12   1.000000e+02
9.862658e-02   5.159454e-12   1.000000e+02
9.954008e-02   5.464166e-12   1.000000e+02
1.004620e-01   5.904407e-12   1.000000e+02
1.013925e-01   6.511144e-12   1.000000e+02
1.023317e-01   7.308547e-12   1.000000e+02
1.032795e-01   8.327374e-12   1.000000e+02
1.042361e-01   9.605033e-12   1.000000e+02
1.052015e-01   1.118443e-11   1.000000e+02
1.061759e-01   1.311184e-11   1.000000e+02
1.071593e-01   1.543330e-11   1.000000e+02
1.081519e-01   1.818903e-11   1.000000e+02
1.091536e-01   2.140557e-11   1.000000e+02
1.101646e-01   2.508544e-11   1.000000e+02
1.111850e-01   2.922142e-11   1.000000e+02
1.122148e-01   3.384966e-11   1.000000e+02
1.132541e-01   3.902284e-11   1.000000e+02
1.143031e-01   4.480568e-11   1.000000e+02
1.153618e-01   5.127851e-11   1.000000e+02
1.164303e-01   5.854150e-11   1.000000e+02
1.175087e-01   6.672012e-11   1.000000e+02
1.185971e-01   7.597181e-11   1.000000e+02
1.196956e-01   8.649462e-11   1.000000e+02
1.208042e-01   9.853187e-11   1.000000e+02
1.219231e-01   1.123202e-10   1.000000e+02
1.230524e-01   1.280935e-10   1.000000e+02
1.241921e-01   1.461093e-10   1.000000e+02
1.253424e-01   1.666493e-10   1.000000e+02
1.265034e-01   1.900190e-10   1.000000e+02
1.276751e-01   2.165468e-10   1.000000e+02
1.288576e-01   2.465818e-10   1.000000e+02
1.300511e-01   2.804902e-10   1.000000e+02
1.312557e-01   3.186529e-10   1.000000e+02
1.324714e-01   3.614652e-10   1.000000e+02
1.336984e-01   4.093268e-10   1.000000e+02
1.349367e-01   4.626323e-10   1.000000e+02
1.361865e-01   5.217597e-10   1.000000e+02
1.374479e-01   5.870579e-10   1.000000e+02
1.387210e-01   6.588308e-10   1.000000e+02
1.400058e-01   7.373204e-10   1.000000e+02
1.413026e-01   8.228374e-10   1.000000e+02
1.426114e-01   9.163159e-10   1.000000e+02
1.439323e-01   1.019119e-09   1.000000e+02
1.452654e-01   1.132994e-09   1.000000e+02
1.466109e-01   1.260169e-09   1.000000e+02
1.479688e-01   1.403470e-09   1.000000e+02
1.493393e-01   1.566483e-09   1.000000e+02
1.507225e-01   1.753704e-09   1.000000e+02
1.521186e-01   1.969421e-09   1.000000e+02
1.535275e-01   2.217258e-09   1.000000e+02
1.549495e-01   2.501047e-09   1.000000e+02
1.563847e-01   2.824801e-09   1.000000e+02
1.578331e-01   3.192614e-09   1.000000e+02
1.592950e-01   3.608527e-09   1.000000e+02
1.607704e-01   4.076405e-09   1.000000e+02
1.622595e-01   4.601081e-09   1.000000e+02
1.637624e-01   5.188897e-09   1.000000e+02
1.652792e-01   5.846893e-09   1.000000e+02
1.668101e-01   6.582824e-09   1.000000e+02
1.683551e-01   7.405233e-09   1.000000e+02
1.699144e-01   8.323515e-09   1.000000e+02
1.714882e-01   9.347998e-09   1.000000e+02
1.730766e-01   1.049003e-08   1.000000e+02
1.746796e-01   1.176205e-08   1.000000e+02
1.762975e-01   1.317770e-08   1.000000e+02
1.779304e-01   1.475195e-08   1.000000e+02
1.795785e-01   1.650115e-08   1.000000e+02
1.812418e-01   1.844328e-08   1.000000e+02
1.829205e-01   2.059875e-08   1.000000e+02
1.846147e-01   2.299060e-08   1.000000e+02
1.863246e-01   2.564452e-08   1.000000e+02
1.880504e-01   2.858917e-08   1.000000e+02
1.897922e-01   3.185658e-08   1.000000e+02
1.915501e-01   3.548261e-08   1.000000e+02
1.933242e-01   3.950741e-08   1.000000e+02
1.951148e-01   4.397605e-08   1.000000e+02
1.969220e-01   4.893916e-08   1.000000e+02
1.987460e-01   5.445370e-08   1.000000e+02
2.005868e-01   6.058384e-08   1.000000e+02
2.024447e-01   6.740000e-08   1.000000e+02
2.043197e-01   7.497768e-08   1.000000e+02
2.062122e-01   8.340007e-08   1.000000e+02
2.081222e-01   9.275909e-08   1.000000e+02
2.100498e-01   1.031563e-07   1.000000e+02
2.119953e-01   1.147036e-07   1.000000e+02
2.139589e-01   1.275247e-07   1.000000e+02
2.159406e-01   1.417558e-07   1.000000e+02
2.179407e-01   1.575469e-07   1.000000e+02
2.199593e-01   1.750631e-07   1.000000e+02
2.219966e-01   1.944861e-07   1.000000e+02
2.240528e-01   2.160157e-07   1.000000e+02
2.261280e-01   2.398710e-07   1.000000e+02
2.282224e-01   2.662929e-07   1.000000e+02
2.303363e-01   2.955454e-07   1.000000e+02
2.324697e-01   3.279176e-07   1.000000e+02
2.346229e-01   3.637263e-07   1.000000e+02
2.367960e-01   4.033178e-07   1.000000e+02
2.389893e-01   4.470707e-07   1.000000e+02
2.412028e-01   4.953983e-07   1.000000e+02
2.434369e-01   5.487515e-07   1.000000e+02
2.456916e-01   6.076214e-07   1.000000e+02
2.479673e-01   6.725430e-07   1.000000e+02
2.502640e-01   7.440977e-07   1.000000e+02
2.525820e-01   8.229218e-07   1.000000e+02
2.549215e-01   9.097218e-07   1.000000e+02
2.572826e-01   1.005273e-06   1.000000e+02
2.596656e-01   1.110423e-06   1.000000e+02
2.620707e-01   1.226100e-06   1.000000e+02
2.644980e-01   1.353321e-06   1.000000e+02
2.669478e-01   1.493194e-06   1.000000e+02
2.694204e-01   1.646935e-06   1.000000e+02
2.719158e-01   1.815873e-06   1.000000e+02
2.744343e-01   2.001461e-06   1.000000e+02
2.769762e-01   2.205287e-06   1.000000e+02
2.795416e-01   2.429090e-06   1.000000e+02
2.821308e-01   2.674770e-06   1.000000e+02
2.847439e-01   2.944404e-06   1.000000e+02
2.873813e-01   3.240264e-06   1.000000e+02
2.900430e-01   3.564834e-06   1.000000e+02
2.927295e-01   3.920832e-06   1.000000e+02
2.954408e-01   4.311227e-06   1.000000e+02
2.981772e-01   4.739267e-06   1.000000e+02
3.009390e-01   5.208505e-06   1.000000e+02
3.037264e-01   5.722786e-06   1.000000e+02
3.065395e-01   6.286245e-06   1.000000e+02
3.093788e-01   6.903366e-06   1.000000e+02
3.122443e-01   7.579015e-06   1.000000e+02
3.151363e-01   8.318467e-06   1.000000e+02
3.180552e-01   9.127438e-06   1.000000e+02
3.210011e-01   1.001212e-05   1.000000e+02
3.239743e-01   1.097921e-05   1.000000e+02
3.269750e-01   1.203596e-05   1.000000e+02
3.300035e-01   1.319019e-05   1.000000e+02
3.330600e-01   1.445036e-05   1.000000e+02
3.361449e-01   1.582559e-05   1.000000e+02
3.392583e-01   1.732572e-05   1.000000e+02
3.424006e-01   1.896135e-05   1.000000e+02
3.455720e-01   2.074389e-05   1.000000e+02
3.487727e-01   2.268561e-05   1.000000e+02
3.520031e-01   2.479974e-05   1.000000e+02
3.552635e-01   2.710085e-05   1.000000e+02
3.585540e-01   2.960498e-05   1.000000e+02
3.618750e-01   3.232960e-05   1.000000e+02
3.652267e-01   3.529366e-05   1.000000e+02
3.686095e-01   3.851776e-05   1.000000e+02
3.720237e-01   4.202433e-05   1.000000e+02
3.754694e-01   4.583773e-05   1.000000e+02
3.789471e-01   4.998450e-05   1.000000e+02
3.824570e-01   5.449351e-05   1.000000e+02
3.859994e-01   5.939619e-05   1.000000e+02
3.895746e-01   6.472680e-05   1.000000e+02
3.931829e-01   7.052265e-05   1.000000e+02
3.968246e-01   7.682444e-05   1.000000e+02
4.005001e-01   8.367653e-05   1.000000e+02
4.042096e-01   9.112643e-05   1.000000e+02
4.079535e-01   9.922312e-05   1.000000e+02
4.117320e-01   1.080186e-04   1.000000e+02
4.155455e-01   1.175685e-04   1.000000e+02
4.193944e-01   1.279320e-04   1.000000e+02
4.232789e-01   1.391724e-04   1.000000e+02
4.271994e-01   1.513568e-04   1.000000e+02
4.311562e-01   1.645565e-04   1.000000e+02
4.351497e-01   1.788470e-04   1.000000e+02
4.391801e-01   1.943084e-04   1.000000e+02
4.432479e-01   2.110251e-04   1.000000e+02
4.473533e-01   2.290860e-04   1.000000e+02
4.514968e-01   2.485848e-04   1.000000e+02
4.556786e-01   2.696249e-04   1.000000e+02
4.598992e-01   2.923241e-04   1.000000e+02
4.641589e-01   3.168102e-04   1.000000e+02
4.684580e-01   3.432214e-04   1.000000e+02
4.727970e-01   3.717072e-04   1.000000e+02
4.771761e-01   4.024294e-04   1.000000e+02
4.815958e-01   4.355633e-04   1.000000e+02
4.860564e-01   4.712988e-04   1.000000e+02
4.905584e-01   5.098421e-04   1.000000e+02
4.951020e-01   5.514169e-04   1.000000e+02
4.996877e-01   5.962662e-04   1.000000e+02
5.043159e-01   6.446514e-04   1.000000e+02
5.089870e-01   6.968428e-04   1.000000e+02
5.137014e-01   7.531259e-04   1.000000e+02
5.184594e-01   8.138063e-04   1.000000e+02
5.232614e-01   8.792108e-04   1.000000e+02
5.281080e-01   9.496885e-04   1.000000e+02
5.329994e-01   1.025613e-03   1.000000e+02
5.379362e-01   1.107382e-03   1.000000e+02
5.429186e-01   1.195422e-03   1.000000e+02
5.479472e-01   1.290186e-03   1.000000e+02
5.530224e-01   1.392158e-03   1.000000e+02
5.581446e-01   1.501855e-03   1.000000e+02
5.633143e-01   1.619825e-03   1.000000e+02
5.685318e-01   1.746653e-03   1.000000e+02
5.737976e-01   1.882962e-03   1.000000e+02
5.791123e-01   2.029414e-03   1.000000e+02
5.844761e-01   2.186713e-03   1.000000e+02
5.898896e-01   2.355605e-03   1.000000e+02
5.953533e-01   2.536885e-03   1.000000e+02
6.008676e-01   2.731394e-03   1.000000e+02
6.064329e-01   2.940031e-03   1.000000e+02
6.120498e-01   3.163765e-03   1.000000e+02
6.177188e-01   3.403630e-03   1.000000e+02
6.234402e-01   3.660729e-03   1.000000e+02
6.292146e-01   3.936235e-03   1.000000e+02
6.350425e-01   4.231397e-03   1.000000e+02
6.409244e-01   4.547546e-03   1.000000e+02
6.468608e-01   4.886097e-03   1.000000e+02
6.528521e-01   5.248556e-03   1.000000e+02
6.588990e-01   5.636527e-03   1.000000e+02
6.650018e-01   6.051714e-03   1.000000e+02
6.711612e-01   6.495932e-03   1.000000e+02
6.773776e-01   6.971110e-03   1.000000e+02
6.836516e-01   7.479300e-03   1.000000e+02
6.899837e-01   8.022684e-03   1.000000e+02
6.963745e-01   8.603582e-03   1.000000e+02
7.028244e-01   9.224458e-03   1.000000e+02
7.093341e-01   9.887921e-03   1.000000e+02
7.159041e-01   1.059672e-02   1.000000e+02
7.225349e-01   1.135378e-02   1.000000e+02
7.292272e-01   1.216218e-02   1.000000e+02
7.359814e-01   1.302519e-02   1.000000e+02
7.427982e-01   1.394630e-02   1.000000e+02
7.496782e-01   1.492916e-02   1.000000e+02
7.566219e-01   1.597766e-02   1.000000e+02
7.636298e-01   1.709591e-02   1.000000e+02
7.707027e-01   1.828827e-02   1.000000e+02
7.778411e-01   1.955933e-02   1.000000e+02
7.850456e-01   2.091396e-02   1.000000e+02
7.923169e-01   2.235729e-02   1.000000e+02
7.996555e-01   2.389477e-02   1.000000e+02
8.070620e-01   2.553211e-02   1.000000e+02
8.145372e-01   2.727542e-02   1.000000e+02
8.220816e-01   2.913111e-02   1.000000e+02
8.296959e-01   3.110598e-02   1.000000e+02
8.373807e-01   3.320719e-02   1.000000e+02
8.451366e-01   3.544233e-02   1.000000e+02
8.529644e-01   3.781938e-02   1.000000e+02
8.608648e-01   4.034678e-02   1.000000e+02
8.688383e-01   4.303343e-02   1.000000e+02
8.768856e-01   4.588872e-02   1.000000e+02
8.850075e-01   4.892255e-02   1.000000e+02
8.932046e-01   5.214537e-02   1.000000e+02
9.014776e-01   5.556816e-02   1.000000e+02
9.098273e-01   5.920252e-02   1.000000e+02
9.182543e-01   6.306055e-02   1.000000e+02
9.267593e-01   6.715499e-02   1.000000e+02
9.353432e-01   7.149924e-02   1.000000e+02
9.440065e-01   7.610735e-02   1.000000e+02
9.527500e-01   8.099412e-02   1.000000e+02
9.615746e-01   8.617505e-02   1.000000e+02
9.704809e-01   9.166645e-02   1.000000e+02
9.794697e-01   9.748541e-02   1.000000e+02
9.885417e-01   1.036499e-01   1.000000e+02
9.976978e-01   1.101786e-01   1.000000e+02
1.006939e+00   1.170914e-01   1.000000e+02
1.016265e+00   1.244089e-01   1.000000e+02
1.025678e+00   1.321532e-01   1.000000e+02
1.035178e+00   1.403471e-01   1.000000e+02
1.044766e+00   1.490147e-01   1.000000e+02
1.054443e+00   1.581813e-01   1.000000e+02
1.064209e+00   1.678733e-01   1.000000e+02
1.074066e+00   1.781185e-01   1.000000e+02
1.084014e+00   1.889459e-01   1.000000e+02
1.094055e+00   2.003860e-01   1.000000e+02
1.104188e+00   2.124707e-01   1.000000e+02
1.114415e+00   2.252332e-01   1.000000e+02
1.124737e+00   2.387087e-01   1.000000e+02
1.135155e+00   2.529336e-01   1.000000e+02
1.145669e+00   2.679462e-01   1.000000e+02
1.156280e+00   2.837866e-01   1.000000e+02
1.166990e+00   3.004965e-01   1.000000e+02
1.177799e+00   3.181199e-01   1.000000e+02
1.188708e+00   3.367023e-01   1.000000e+02
1.199718e+00   3.562916e-01   1.000000e+02
1.210830e+00   3.769377e-01   1.000000e+02
1.222045e+00   3.986929e-01   1.000000e+02
1.233363e+00   4.216115e-01   1.000000e+02
1.244787e+00   4.457505e-01   1.000000e+02
1.256317e+00   4.711693e-01   1.000000e+02
1.267953e+00   4.979309e-01   1.000000e+02
1.279697e+00   5.261021e-01   1.000000e+02
1.291550e+00   5.557533e-01   1.000000e+02
1.303512e+00   5.869581e-01   1.000000e+02
1.315586e+00   6.197938e-01   1.000000e+02
1.327771e+00   6.543414e-01   1.000000e+02
1.340069e+00   6.906861e-01   1.000000e+02
1.352481e+00   7.289172e-01   1.000000e+02
1.365008e+00   7.691284e-01   1.000000e+02
1.377651e+00   8.114183e-01   1.000000e+02
1.390411e+00   8.558900e-01   1.000000e+02
1.403289e+00   9.026522e-01   1.000000e+02
1.416287e+00   9.518187e-01   1.000000e+02
1.429405e+00   1.003509e+00   1.000000e+02
1.442644e+00   1.057850e+00   1.000000e+02
1.456006e+00   1.114972e+00   1.000000e+02
1.469492e+00   1.175015e+00   1.000000e+02
1.483103e+00   1.238125e+00   1.000000e+02
1.496839e+00   1.304455e+00   1.000000e+02
1.510703e+00   1.374164e+00   1.000000e+02
1.524696e+00   1.447401e+00   1.000000e+02
1.538818e+00   1.524309e+00   1.000000e+02
1.553071e+00   1.605034e+00   1.000000e+02
1.567455e+00   1.689724e+00   1.000000e+02
1.581973e+00   1.778529e+00   1.000000e+02
1.596626e+00   1.871599e+00   1.000000e+02
1.611414e+00   1.969085e+00   1.000000e+02
1.626340e+00   2.071139e+00   1.000000e+02
1.641403e+00   2.177911e+00   1.000000e+02
1.656606e+00   2.289552e+00   1.000000e+02
1.671950e+00   2.406209e+00   1.000000e+02
1.687436e+00   2.528029e+00   1.000000e+02
1.703065e+00   2.655153e+00   1.000000e+02
1.718839e+00   2.787721e+00   1.000000e+02
1.734759e+00   2.925865e+00   1.000000e+02
1.750827e+00   3.069712e+00   1.000000e+02
1.767044e+00   3.219407e+00   1.000000e+02
1.783410e+00   3.375168e+00   1.000000e+02
1.799929e+00   3.537248e+00   1.000000e+02
1.816600e+00   3.705910e+00   1.000000e+02
1.833425e+00   3.881437e+00   1.000000e+02
1.850407e+00   4.064131e+00   1.000000e+02
1.867546e+00   4.254309e+00   1.000000e+02
1.884843e+00   4.452312e+00   1.000000e+02
1.902301e+00   4.658504e+00   1.000000e+02
1.919921e+00   4.873271e+00   1.000000e+02
1.937703e+00   5.097026e+00   1.000000e+02
1.955651e+00   5.330210e+00   1.000000e+02
1.973764e+00   5.573293e+00   1.000000e+02
1.992046e+00   5.826779e+00   1.000000e+02
2.010496e+00   6.091201e+00   1.000000e+02
2.029118e+00   6.367045e+00   1.000000e+02
2.047912e+00   6.654746e+00   1.000000e+02
2.066880e+00   6.954749e+00   1.000000e+02
2.086024e+00   7.267510e+00   1.000000e+02
2.105345e+00   7.593497e+00   1.000000e+02
2.124845e+00   7.933192e+00   1.000000e+02
2.144526e+00   8.287086e+00   1.000000e+02
2.164389e+00   8.655681e+00   1.000000e+02
2.184436e+00   9.039492e+00   1.000000e+02
2.204669e+00   9.439045e+00   1.000000e+02
2.225089e+00   9.854876e+00   1.000000e+02
2.245698e+00   1.028753e+01   1.000000e+02
2.266498e+00   1.073757e+01   1.000000e+02
2.287491e+00   1.120555e+01   1.000000e+02
2.308678e+00   1.169205e+01   1.000000e+02
2.330061e+00   1.219766e+01   1.000000e+02
2.351643e+00   1.272297e+01   1.000000e+02
2.373424e+00   1.326858e+01   1.000000e+02
2.395407e+00   1.383509e+01   1.000000e+02
2.417594e+00   1.442312e+01   1.000000e+02
2.439986e+00   1.503328e+01   1.000000e+02
2.462586e+00   1.566619e+01   1.000000e+02
2.485395e+00   1.632248e+01   1.000000e+02
2.508415e+00   1.700278e+01   1.000000e+02
2.531648e+00   1.770776e+01   1.000000e+02
2.555097e+00   1.843820e+01   1.000000e+02
2.578763e+00   1.919488e+01   1.000000e+02
2.602648e+00   1.997863e+01   1.000000e+02
2.626754e+00   2.079028e+01   1.000000e+02
2.651084e+00   2.163069e+01   1.000000e+02
2.675638e+00   2.250075e+01   1.000000e+02
2.700421e+00   2.340138e+01   1.000000e+02
2.725433e+00   2.433352e+01   1.000000e+02
2.750676e+00   2.529811e+01   1.000000e+02
2.776153e+00   2.629617e+01   1.000000e+02
2.801867e+00   2.732871e+01   1.000000e+02
2.827818e+00   2.839677e+01   1.000000e+02
2.854010e+00   2.950144e+01   1.000000e+02
2.880444e+00   3.064384e+01   1.000000e+02
2.907123e+00   3.182509e+01   1.000000e+02
2.934050e+00   3.304638e+01   1.000000e+02
2.961225e+00   3.430893e+01   1.000000e+02
2.988653e+00   3.561396e+01   1.000000e+02
3.016334e+00   3.696278e+01   1.000000e+02
3.044272e+00   3.835663e+01   1.000000e+02
3.072469e+00   3.979677e+01   1.000000e+02
3.100927e+00   4.128446e+01   1.000000e+02
3.129648e+00   4.282101e+01   1.000000e+02
3.158635e+00   4.440772e+01   1.000000e+02
3.187891e+00   4.604595e+01   1.000000e+02
3.217418e+00   4.773707e+01   1.000000e+02
3.247218e+00   4.948246e+01   1.000000e+02
3.277295e+00   5.128354e+01   1.000000e+02
3.307650e+00   5.314176e+01   1.000000e+02
3.338286e+00   5.505857e+01   1.000000e+02
3.369206e+00   5.703547e+01   1.000000e+02
3.400412e+00   5.907397e+01   1.000000e+02
3.431907e+00   6.117560e+01   1.000000e+02
3.463694e+00   6.334194e+01   1.000000e+02
3.495776e+00   6.557455e+01   1.000000e+02
3.528154e+00   6.787505e+01   1.000000e+02
3.560833e+00   7.024512e+01   1.000000e+02
3.593814e+00   7.268646e+01   1.000000e+02
3.627100e+00   7.520082e+01   1.000000e+02
3.660695e+00   7.778998e+01   1.000000e+02
3.694601e+00   8.045575e+01   1.000000e+02
3.728821e+00   8.319994e+01   1.000000e+02
3.763358e+00   8.602445e+01   1.000000e+02
3.798215e+00   8.893116e+01   1.000000e+02
3.833395e+00   9.192200e+01   1.000000e+02
3.868901e+00   9.499895e+01   1.000000e+02
3.904735e+00   9.816399e+01   1.000000e+02
3.940902e+00   1.014191e+02   1.000000e+02
3.977403e+00   1.047665e+02   1.000000e+02
4.014242e+00   1.082081e+02   1.000000e+02
4.051423e+00   1.117461e+02   1.000000e+02
4.088948e+00   1.153826e+02   1.000000e+02
4.126821e+00   1.191199e+02   1.000000e+02
4.165044e+00   1.229600e+02   1.000000e+02
4.203622e+00   1.269052e+02   1.000000e+02
4.242556e+00   1.309578e+02   1.000000e+02
4.281852e+00   1.351201e+02   1.000000e+02
4.321511e+00   1.393944e+02   1.000000e+02
4.361538e+00   1.437830e+02   1.000000e+02
4.401935e+00   1.482883e+02   1.000000e+02
4.442707e+00   1.529127e+02   1.000000e+02
4.483856e+00   1.576587e+02   1.000000e+02
4.525386e+00   1.625286e+02   1.000000e+02
4.567301e+00   1.675252e+02   1.000000e+02
4.609604e+00   1.726507e+02   1.000000e+02
4.652300e+00   1.779079e+02   1.000000e+02
4.695390e+00   1.832992e+02   1.000000e+02
4.738880e+00   1.888273e+02   1.000000e+02
4.782772e+00   1.944949e+02   1.000000e+02
4.827071e+00   2.003046e+02   1.000000e+02
4.871780e+00   2.062591e+02   1.000000e+02
4.916904e+00   2.123611e+02   1.000000e+02
4.962445e+00   2.186135e+02   1.000000e+02
5.008408e+00   2.250189e+02   1.000000e+02
5.054797e+00   2.315801e+02   1.000000e+02
5.101615e+00   2.383001e+02   1.000000e+02
5.148867e+00   2.451816e+02   1.000000e+02
5.196557e+00   2.522276e+02   1.000000e+02
5.244689e+00   2.594408e+02   1.000000e+02
5.293266e+00   2.668243e+02   1.000000e+02
5.342293e+00   2.743810e+02   1.000000e+02
5.391775e+00   2.821139e+02   1.000000e+02
5.441714e+00   2.900259e+02   1.000000e+02
5.492116e+00   2.981201e+02   1.000000e+02
5.542986e+00   3.063994e+02   1.000000e+02
5.594326e+00   3.148671e+02   1.000000e+02
5.646141e+00   3.235260e+02   1.000000e+02
5.698437e+00   3.323794e+02   1.000000e+02
5.751217e+00   3.414303e+02   1.000000e+02
5.804486e+00   3.506819e+02   1.000000e+02
5.858248e+00   3.601373e+02   1.000000e+02
5.912508e+00   3.697997e+02   1.000000e+02
5.967271e+00   3.796722e+02   1.000000e+02
6.022541e+00   3.897582e+02   1.000000e+02
6.078323e+00   4.000607e+02   1.000000e+02
6.134622e+00   4.105830e+02   1.000000e+02
6.191442e+00   4.213283e+02   1.000000e+02
6.248788e+00   4.322999e+02   1.000000e+02
6.306666e+00   4.435010e+02   1.000000e+02
6.365079e+00   4.549349e+02   1.000000e+02
6.424034e+00   4.666048e+02   1.000000e+02
6.483534e+00   4.785140e+02   1.000000e+02
6.543586e+00   4.906658e+02   1.000000e+02
6.604194e+00   5.030635e+02   1.000000e+02
6.665363e+00   5.157104e+02   1.000000e+02
6.727099e+00   5.286097e+02   1.000000e+02
6.789407e+00   5.417647e+02   1.000000e+02
6.852292e+00   5.551789e+02   1.000000e+02
6.915759e+00   5.688554e+02   1.000000e+02
6.979814e+00   5.827976e+02   1.000000e+02
7.044462e+00   5.970088e+02   1.000000e+02
7.109709e+00   6.114923e+02   1.000000e+02
7.175561e+00   6.262514e+02   1.000000e+02
7.242022e+00   6.412894e+02   1.000000e+02
7.309099e+00   6.566095e+02   1.000000e+02
7.376798e+00   6.722152e+02   1.000000e+02
7.445123e+00   6.881095e+02   1.000000e+02
7.514081e+00   7.042959e+02   1.000000e+02
7.583678e+00   7.207776e+02   1.000000e+02
7.653919e+00   7.375578e+02   1.000000e+02
7.724811e+00   7.546398e+02   1.000000e+02
7.796360e+00   7.720267e+02   1.000000e+02
7.868572e+00   7.897220e+02   1.000000e+02
7.941452e+00   8.077286e+02   1.000000e+02
8.015007e+00   8.260499e+02   1.000000e+02
8.089243e+00   8.446890e+02   1.000000e+02
8.164168e+00   8.636489e+02   1.000000e+02
8.239786e+00   8.829329e+02   1.000000e+02
8.316104e+00   9.025439e+02   1.000000e+02
8.393129e+00   9.224850e+02   1.000000e+02
8.470868e+00   9.427591e+02   1.000000e+02
8.549327e+00   9.633694e+02   1.000000e+02
8.628513e+00   9.843187e+02   1.000000e+02
8.708431e+00   1.005610e+03   1.000000e+02
8.789091e+00   1.027246e+03   1.000000e+02
8.870497e+00   1.049230e+03   1.000000e+02
8.952657e+00   1.071564e+03   1.000000e+02
9.035578e+00   1.094252e+03   1.000000e+02
9.119268e+00   1.117296e+03   1.000000e+02
9.203732e+00   1.140699e+03   1.000000e+02
9.288979e+00   1.164463e+03   1.000000e+02
9.375015e+00   1.188592e+03   1.000000e+02
9.461848e+00   1.213087e+03   1.000000e+02
9.549486e+00   1.237951e+03   1.000000e+02
9.637935e+00   1.263188e+03   1.000000e+02
9.727203e+00   1.288798e+03   1.000000e+02
9.817298e+00   1.314786e+03   1.000000e+02
9.908228e+00   1.341152e+03   1.000000e+02
1.000000e+01   1.367900e+03   1.000000e+02
