# Be7 + t > a + a + d   [Be7_t__a_a_d]   ref=TALYS2, Koning et al. 2023
# detailed balance: alpha=2.8706e-10 beta=-1.5 gamma=-147.775  Q=12.7343
# T9                 rate                error
1.000000e-03   1.000000e-35   1.000000e+02
1.009262e-03   1.031662e-35   1.000000e+02
1.018610e-03   1.064933e-35   1.000000e+02
1.028045e-03   1.099914e-35   1.000000e+02
1.037567e-03   1.136713e-35   1.000000e+02
1.047177e-03   1.175445e-35   1.000000e+02
1.056876e-03   1.216235e-35   1.000000e+02
1.066665e-03   1.259218e-35   1.000000e+02
1.076545e-03   1.304537e-35   1.000000e+02
1.086516e-03   1.352347e-35   1.000000e+02
1.096579e-03   1.402814e-35   1.000000e+02
1.106736e-03   1.456119e-35   1.000000e+02
1.116987e-03   1.512453e-35   1.000000e+02
1.127333e-03   1.572026e-35   1.000000e+02
1.137774e-03   1.635063e-35   1.000000e+02
1.148312e-03   1.701807e-35   1.000000e+02
1.158948e-03   1.772521e-35   1.000000e+02
1.169683e-03   1.847488e-35   1.000000e+02
1.180517e-03   1.927015e-35   1.000000e+02
1.191451e-03   2.011437e-35   1.000000e+02
1.202486e-03   2.101112e-35   1.000000e+02
1.213624e-03   2.196433e-35   1.000000e+02
1.224865e-03   2.297822e-35   1.000000e+02
1.236210e-03   2.405742e-35   1.000000e+02
1.247660e-03   2.520693e-35   1.000000e+02
1.259216e-03   2.643219e-35   1.000000e+02
1.270879e-03   2.773913e-35   1.000000e+02
1.282650e-03   2.913420e-35   1.000000e+02
1.294530e-03   3.062444e-35   1.000000e+02
1.306520e-03   3.221751e-35   1.000000e+02
1.318621e-03   3.392180e-35   1.000000e+02
1.330835e-03   3.574644e-35   1.000000e+02
1.343161e-03   3.770145e-35   1.000000e+02
1.355602e-03   3.979776e-35   1.000000e+02
1.368158e-03   4.204737e-35   1.000000e+02
1.380830e-03   4.446339e-35   1.000000e+02
1.393619e-03   4.706024e-35   1.000000e+02
1.406527e-03   4.985373e-35   1.000000e+02
1.419555e-03   5.286122e-35   1.000000e+02
1.432703e-03   5.610181e-35   1.000000e+02
1.445973e-03   5.959653e-35   1.000000e+02
1.459366e-03   6.336850e-35   1.000000e+02
1.472883e-03   6.744325e-35   1.000000e+02
1.486525e-03   7.184892e-35   1.000000e+02
1.500293e-03   7.661659e-35   1.000000e+02
1.514189e-03   8.178062e-35   1.000000e+02
1.528214e-03   8.737900e-35   1.000000e+02
1.542369e-03   9.345380e-35   1.000000e+02
1.556654e-03   1.000516e-34   1.000000e+02
1.571072e-03   1.072243e-34   1.000000e+02
1.585624e-03   1.150290e-34   1.000000e+02
1.600310e-03   1.235298e-34   1.000000e+02
1.615133e-03   1.327974e-34   1.000000e+02
1.630092e-03   1.429110e-34   1.000000e+02
1.645191e-03   1.539586e-34   1.000000e+02
1.660429e-03   1.660384e-34   1.000000e+02
1.675808e-03   1.792600e-34   1.000000e+02
1.691330e-03   1.937461e-34   1.000000e+02
1.706995e-03   2.096337e-34   1.000000e+02
1.722805e-03   2.270765e-34   1.000000e+02
1.738762e-03   2.462466e-34   1.000000e+02
1.754867e-03   2.673371e-34   1.000000e+02
1.771121e-03   2.905651e-34   1.000000e+02
1.787526e-03   3.161747e-34   1.000000e+02
1.804082e-03   3.444404e-34   1.000000e+02
1.820792e-03   3.756720e-34   1.000000e+02
1.837656e-03   4.102185e-34   1.000000e+02
1.854677e-03   4.484743e-34   1.000000e+02
1.871855e-03   4.908851e-34   1.000000e+02
1.889193e-03   5.379555e-34   1.000000e+02
1.906691e-03   5.902568e-34   1.000000e+02
1.924351e-03   6.484375e-34   1.000000e+02
1.942175e-03   7.132336e-34   1.000000e+02
1.960163e-03   7.854817e-34   1.000000e+02
1.978319e-03   8.661342e-34   1.000000e+02
1.996642e-03   9.562759e-34   1.000000e+02
2.015136e-03   1.057144e-33   1.000000e+02
2.033800e-03   1.170153e-33   1.000000e+02
2.052638e-03   1.296917e-33   1.000000e+02
2.071650e-03   1.439286e-33   1.000000e+02
2.090838e-03   1.599381e-33   1.000000e+02
2.110203e-03   1.779632e-33   1.000000e+02
2.129749e-03   1.982834e-33   1.000000e+02
2.149475e-03   2.212201e-33   1.000000e+02
2.169384e-03   2.471434e-33   1.000000e+02
2.189477e-03   2.764799e-33   1.000000e+02
2.209756e-03   3.097223e-33   1.000000e+02
2.230223e-03   3.474401e-33   1.000000e+02
2.250880e-03   3.902923e-33   1.000000e+02
2.271728e-03   4.390428e-33   1.000000e+02
2.292769e-03   4.945778e-33   1.000000e+02
2.314005e-03   5.579270e-33   1.000000e+02
2.335438e-03   6.302885e-33   1.000000e+02
2.357069e-03   7.130577e-33   1.000000e+02
2.378901e-03   8.078623e-33   1.000000e+02
2.400935e-03   9.166038e-33   1.000000e+02
2.423173e-03   1.041506e-32   1.000000e+02
2.445617e-03   1.185172e-32   1.000000e+02
2.468268e-03   1.350657e-32   1.000000e+02
2.491130e-03   1.541548e-32   1.000000e+02
2.514203e-03   1.762062e-32   1.000000e+02
2.537490e-03   2.017165e-32   1.000000e+02
2.560993e-03   2.312717e-32   1.000000e+02
2.584714e-03   2.655632e-32   1.000000e+02
2.608654e-03   3.054093e-32   1.000000e+02
2.632815e-03   3.517786e-32   1.000000e+02
2.657201e-03   4.058202e-32   1.000000e+02
2.681813e-03   4.688986e-32   1.000000e+02
2.706652e-03   5.426372e-32   1.000000e+02
2.731722e-03   6.289695e-32   1.000000e+02
2.757023e-03   7.302023e-32   1.000000e+02
2.782559e-03   8.490914e-32   1.000000e+02
2.808332e-03   9.889344e-32   1.000000e+02
2.834343e-03   1.153683e-31   1.000000e+02
2.860596e-03   1.348080e-31   1.000000e+02
2.887091e-03   1.577825e-31   1.000000e+02
2.913832e-03   1.849781e-31   1.000000e+02
2.940820e-03   2.172223e-31   1.000000e+02
2.968059e-03   2.555142e-31   1.000000e+02
2.995549e-03   3.010624e-31   1.000000e+02
3.023295e-03   3.553371e-31   1.000000e+02
3.051297e-03   4.201743e-31   1.000000e+02
3.079559e-03   4.978586e-31   1.000000e+02
3.108082e-03   5.912251e-31   1.000000e+02
3.136870e-03   7.038057e-31   1.000000e+02
3.165924e-03   8.400176e-31   1.000000e+02
3.195248e-03   1.005408e-30   1.000000e+02
3.224842e-03   1.206973e-30   1.000000e+02
3.254712e-03   1.453572e-30   1.000000e+02
3.284857e-03   1.756475e-30   1.000000e+02
3.315282e-03   2.130084e-30   1.000000e+02
3.345989e-03   2.592885e-30   1.000000e+02
3.376980e-03   3.168725e-30   1.000000e+02
3.408259e-03   3.888509e-30   1.000000e+02
3.439826e-03   4.792496e-30   1.000000e+02
3.471687e-03   5.933392e-30   1.000000e+02
3.503842e-03   7.380568e-30   1.000000e+02
3.536296e-03   9.225813e-30   1.000000e+02
3.569049e-03   1.159125e-29   1.000000e+02
3.602107e-03   1.464029e-29   1.000000e+02
3.635470e-03   1.859281e-29   1.000000e+02
3.669142e-03   2.374649e-29   1.000000e+02
3.703127e-03   3.050672e-29   1.000000e+02
3.737426e-03   3.942901e-29   1.000000e+02
3.772042e-03   5.127944e-29   1.000000e+02
3.806980e-03   6.712131e-29   1.000000e+02
3.842241e-03   8.844026e-29   1.000000e+02
3.877828e-03   1.173261e-28   1.000000e+02
3.913746e-03   1.567391e-28   1.000000e+02
3.949995e-03   2.109019e-28   1.000000e+02
3.986581e-03   2.858820e-28   1.000000e+02
4.023506e-03   3.904475e-28   1.000000e+02
4.060772e-03   5.371071e-28   1.000000e+02
4.098384e-03   7.436772e-28   1.000000e+02
4.136344e-03   1.035698e-27   1.000000e+02
4.174655e-03   1.449798e-27   1.000000e+02
4.213322e-03   2.038481e-27   1.000000e+02
4.252346e-03   2.876941e-27   1.000000e+02
4.291732e-03   4.072681e-27   1.000000e+02
4.331483e-03   5.779029e-27   1.000000e+02
4.371602e-03   8.213991e-27   1.000000e+02
4.412093e-03   1.168634e-26   1.000000e+02
4.452959e-03   1.663135e-26   1.000000e+02
4.494203e-03   2.365928e-26   1.000000e+02
4.535829e-03   3.362018e-26   1.000000e+02
4.577841e-03   4.768956e-26   1.000000e+02
4.620241e-03   6.747940e-26   1.000000e+02
4.663035e-03   9.517956e-26   1.000000e+02
4.706225e-03   1.337336e-25   1.000000e+02
4.749815e-03   1.870518e-25   1.000000e+02
4.793808e-03   2.602602e-25   1.000000e+02
4.838210e-03   3.599796e-25   1.000000e+02
4.883022e-03   4.946206e-25   1.000000e+02
4.928250e-03   6.746691e-25   1.000000e+02
4.973896e-03   9.129218e-25   1.000000e+02
5.019965e-03   1.224640e-24   1.000000e+02
5.066461e-03   1.628487e-24   1.000000e+02
5.113388e-03   2.148034e-24   1.000000e+02
5.160749e-03   2.812399e-24   1.000000e+02
5.208549e-03   3.657551e-24   1.000000e+02
5.256791e-03   4.728021e-24   1.000000e+02
5.305481e-03   6.079143e-24   1.000000e+02
5.354621e-03   7.779964e-24   1.000000e+02
5.404216e-03   9.917066e-24   1.000000e+02
5.454271e-03   1.259962e-23   1.000000e+02
5.504790e-03   1.596610e-23   1.000000e+02
5.555776e-03   2.019321e-23   1.000000e+02
5.607235e-03   2.550794e-23   1.000000e+02
5.659170e-03   3.220380e-23   1.000000e+02
5.711586e-03   4.066294e-23   1.000000e+02
5.764488e-03   5.138647e-23   1.000000e+02
5.817880e-03   6.503621e-23   1.000000e+02
5.871766e-03   8.249287e-23   1.000000e+02
5.926152e-03   1.049375e-22   1.000000e+02
5.981041e-03   1.339665e-22   1.000000e+02
6.036439e-03   1.717483e-22   1.000000e+02
6.092349e-03   2.211433e-22   1.000000e+02
6.148778e-03   2.859204e-22   1.000000e+02
6.205729e-03   3.711153e-22   1.000000e+02
6.263207e-03   4.834673e-22   1.000000e+02
6.321218e-03   6.320074e-22   1.000000e+02
6.379767e-03   8.288509e-22   1.000000e+02
6.438857e-03   1.090265e-21   1.000000e+02
6.498495e-03   1.438108e-21   1.000000e+02
6.558686e-03   1.901765e-21   1.000000e+02
6.619433e-03   2.520754e-21   1.000000e+02
6.680744e-03   3.348225e-21   1.000000e+02
6.742622e-03   4.455656e-21   1.000000e+02
6.805074e-03   5.939144e-21   1.000000e+02
6.868104e-03   7.927813e-21   1.000000e+02
6.931717e-03   1.059504e-20   1.000000e+02
6.995920e-03   1.417339e-20   1.000000e+02
7.060718e-03   1.897497e-20   1.000000e+02
7.126115e-03   2.542120e-20   1.000000e+02
7.192119e-03   3.408057e-20   1.000000e+02
7.258734e-03   4.571962e-20   1.000000e+02
7.325965e-03   6.137223e-20   1.000000e+02
7.393820e-03   8.243341e-20   1.000000e+02
7.462303e-03   1.107862e-19   1.000000e+02
7.531420e-03   1.489729e-19   1.000000e+02
7.601178e-03   2.004275e-19   1.000000e+02
7.671581e-03   2.697889e-19   1.000000e+02
7.742637e-03   3.633260e-19   1.000000e+02
7.814351e-03   4.895117e-19   1.000000e+02
7.886729e-03   6.598003e-19   1.000000e+02
7.959777e-03   8.896795e-19   1.000000e+02
8.033502e-03   1.200100e-18   1.000000e+02
8.107910e-03   1.619677e-18   1.000000e+02
8.183007e-03   2.187833e-18   1.000000e+02
8.258799e-03   2.958870e-18   1.000000e+02
8.335294e-03   4.007887e-18   1.000000e+02
8.412497e-03   5.439194e-18   1.000000e+02
8.490415e-03   7.398350e-18   1.000000e+02
8.569055e-03   1.008946e-17   1.000000e+02
8.648423e-03   1.380021e-17   1.000000e+02
8.728527e-03   1.893825e-17   1.000000e+02
8.809372e-03   2.608445e-17   1.000000e+02
8.890966e-03   3.607141e-17   1.000000e+02
8.973316e-03   5.009979e-17   1.000000e+02
9.056428e-03   6.990417e-17   1.000000e+02
9.140311e-03   9.788710e-17   1.000000e+02
9.224970e-03   1.373171e-16   1.000000e+02
9.310413e-03   1.926267e-16   1.000000e+02
9.396648e-03   2.697229e-16   1.000000e+02
9.483682e-03   3.763089e-16   1.000000e+02
9.571522e-03   5.221711e-16   1.000000e+02
9.660175e-03   7.193481e-16   1.000000e+02
9.749649e-03   9.820635e-16   1.000000e+02
9.839952e-03   1.326265e-15   1.000000e+02
9.931092e-03   1.768593e-15   1.000000e+02
1.002308e-02   2.324624e-15   1.000000e+02
1.011591e-02   3.009966e-15   1.000000e+02
1.020961e-02   3.846386e-15   1.000000e+02
1.030417e-02   4.861209e-15   1.000000e+02
1.039961e-02   6.089107e-15   1.000000e+02
1.049593e-02   7.575278e-15   1.000000e+02
1.059315e-02   9.379876e-15   1.000000e+02
1.069126e-02   1.158422e-14   1.000000e+02
1.079029e-02   1.429966e-14   1.000000e+02
1.089023e-02   1.768038e-14   1.000000e+02
1.099110e-02   2.194230e-14   1.000000e+02
1.109290e-02   2.738186e-14   1.000000e+02
1.119564e-02   3.435636e-14   1.000000e+02
1.129934e-02   4.331417e-14   1.000000e+02
1.140400e-02   5.483364e-14   1.000000e+02
1.150962e-02   6.965843e-14   1.000000e+02
1.161623e-02   8.874115e-14   1.000000e+02
1.172382e-02   1.132965e-13   1.000000e+02
1.183241e-02   1.448651e-13   1.000000e+02
1.194200e-02   1.853880e-13   1.000000e+02
1.205261e-02   2.372971e-13   1.000000e+02
1.216424e-02   3.037294e-13   1.000000e+02
1.227691e-02   3.888097e-13   1.000000e+02
1.239062e-02   4.978790e-13   1.000000e+02
1.250539e-02   6.378637e-13   1.000000e+02
1.262121e-02   8.177677e-13   1.000000e+02
1.273811e-02   1.049327e-12   1.000000e+02
1.285610e-02   1.347881e-12   1.000000e+02
1.297517e-02   1.733534e-12   1.000000e+02
1.309535e-02   2.232674e-12   1.000000e+02
1.321664e-02   2.879590e-12   1.000000e+02
1.333906e-02   3.718919e-12   1.000000e+02
1.346261e-02   4.808965e-12   1.000000e+02
1.358730e-02   6.225921e-12   1.000000e+02
1.371315e-02   8.069390e-12   1.000000e+02
1.384016e-02   1.046962e-11   1.000000e+02
1.396835e-02   1.359699e-11   1.000000e+02
1.409773e-02   1.767445e-11   1.000000e+02
1.422830e-02   2.299478e-11   1.000000e+02
1.436009e-02   2.994264e-11   1.000000e+02
1.449310e-02   3.902349e-11   1.000000e+02
1.462733e-02   5.090202e-11   1.000000e+02
1.476281e-02   6.645299e-11   1.000000e+02
1.489955e-02   8.682850e-11   1.000000e+02
1.503755e-02   1.135471e-10   1.000000e+02
1.517683e-02   1.486110e-10   1.000000e+02
1.531740e-02   1.946608e-10   1.000000e+02
1.545928e-02   2.551816e-10   1.000000e+02
1.560246e-02   3.347760e-10   1.000000e+02
1.574698e-02   4.395258e-10   1.000000e+02
1.589283e-02   5.774711e-10   1.000000e+02
1.604003e-02   7.592463e-10   1.000000e+02
1.618860e-02   9.989155e-10   1.000000e+02
1.633854e-02   1.315069e-09   1.000000e+02
1.648987e-02   1.732295e-09   1.000000e+02
1.664260e-02   2.283116e-09   1.000000e+02
1.679675e-02   3.010552e-09   1.000000e+02
1.695232e-02   3.971514e-09   1.000000e+02
1.710934e-02   5.241279e-09   1.000000e+02
1.726781e-02   6.919410e-09   1.000000e+02
1.742775e-02   9.137576e-09   1.000000e+02
1.758917e-02   1.206987e-08   1.000000e+02
1.775208e-02   1.594641e-08   1.000000e+02
1.791650e-02   2.107134e-08   1.000000e+02
1.808245e-02   2.784644e-08   1.000000e+02
1.824993e-02   3.680323e-08   1.000000e+02
1.841897e-02   4.864539e-08   1.000000e+02
1.858957e-02   6.430405e-08   1.000000e+02
1.876175e-02   8.501140e-08   1.000000e+02
1.893552e-02   1.123982e-07   1.000000e+02
1.911091e-02   1.486231e-07   1.000000e+02
1.928792e-02   1.965438e-07   1.000000e+02
1.946656e-02   2.599438e-07   1.000000e+02
1.964687e-02   3.438336e-07   1.000000e+02
1.982884e-02   4.548488e-07   1.000000e+02
2.001250e-02   6.017788e-07   1.000000e+02
2.019786e-02   7.962439e-07   1.000000e+02
2.038493e-02   1.053514e-06   1.000000e+02
2.057374e-02   1.393658e-06   1.000000e+02
2.076430e-02   1.843025e-06   1.000000e+02
2.095662e-02   2.436136e-06   1.000000e+02
2.115073e-02   3.218137e-06   1.000000e+02
2.134663e-02   4.247926e-06   1.000000e+02
2.154435e-02   5.602162e-06   1.000000e+02
2.174389e-02   7.380360e-06   1.000000e+02
2.194529e-02   9.711348e-06   1.000000e+02
2.214855e-02   1.276140e-05   1.000000e+02
2.235370e-02   1.674446e-05   1.000000e+02
2.256074e-02   2.193486e-05   1.000000e+02
2.276970e-02   2.868309e-05   1.000000e+02
2.298060e-02   3.743534e-05   1.000000e+02
2.319345e-02   4.875721e-05   1.000000e+02
2.340827e-02   6.336279e-05   1.000000e+02
2.362508e-02   8.214951e-05   1.000000e+02
2.384390e-02   1.062399e-04   1.000000e+02
2.406475e-02   1.370312e-04   1.000000e+02
2.428764e-02   1.762532e-04   1.000000e+02
2.451260e-02   2.260358e-04   1.000000e+02
2.473964e-02   2.889863e-04   1.000000e+02
2.496878e-02   3.682763e-04   1.000000e+02
2.520005e-02   4.677550e-04   1.000000e+02
2.543346e-02   5.921773e-04   1.000000e+02
2.566903e-02   7.473900e-04   1.000000e+02
2.590678e-02   9.405432e-04   1.000000e+02
2.614673e-02   1.180375e-03   1.000000e+02
2.638891e-02   1.477557e-03   1.000000e+02
2.663333e-02   1.845125e-03   1.000000e+02
2.688001e-02   2.298994e-03   1.000000e+02
2.712898e-02   2.858606e-03   1.000000e+02
2.738025e-02   3.547716e-03   1.000000e+02
2.763385e-02   4.395367e-03   1.000000e+02
2.788980e-02   5.437094e-03   1.000000e+02
2.814812e-02   6.716417e-03   1.000000e+02
2.840884e-02   8.286694e-03   1.000000e+02
2.867196e-02   1.021343e-02   1.000000e+02
2.893753e-02   1.257714e-02   1.000000e+02
2.920556e-02   1.547697e-02   1.000000e+02
2.947606e-02   1.903521e-02   1.000000e+02
2.974908e-02   2.340295e-02   1.000000e+02
3.002462e-02   2.876726e-02   1.000000e+02
3.030271e-02   3.535249e-02   1.000000e+02
3.058338e-02   4.340335e-02   1.000000e+02
3.086665e-02   5.319127e-02   1.000000e+02
3.115254e-02   6.501353e-02   1.000000e+02
3.144108e-02   7.918550e-02   1.000000e+02
3.173230e-02   9.602811e-02   1.000000e+02
3.202621e-02   1.158495e-01   1.000000e+02
3.232284e-02   1.389202e-01   1.000000e+02
3.262222e-02   1.654415e-01   1.000000e+02
3.292437e-02   1.955076e-01   1.000000e+02
3.322933e-02   2.290630e-01   1.000000e+02
3.353710e-02   2.658587e-01   1.000000e+02
3.384773e-02   3.054104e-01   1.000000e+02
3.416123e-02   3.469652e-01   1.000000e+02
3.447764e-02   3.894840e-01   1.000000e+02
3.479698e-02   4.316453e-01   1.000000e+02
3.511928e-02   4.718790e-01   1.000000e+02
3.544456e-02   5.084316e-01   1.000000e+02
3.577285e-02   5.394674e-01   1.000000e+02
3.610419e-02   5.631978e-01   1.000000e+02
3.643859e-02   5.780320e-01   1.000000e+02
3.677609e-02   5.827342e-01   1.000000e+02
3.711672e-02   5.765659e-01   1.000000e+02
3.746050e-02   5.593964e-01   1.000000e+02
3.780747e-02   5.317589e-01   1.000000e+02
3.815765e-02   4.948422e-01   1.000000e+02
3.851107e-02   4.504098e-01   1.000000e+02
3.886777e-02   4.006547e-01   1.000000e+02
3.922777e-02   3.480057e-01   1.000000e+02
3.959110e-02   2.949093e-01   1.000000e+02
3.995780e-02   2.436178e-01   1.000000e+02
4.032790e-02   1.960900e-01   1.000000e+02
4.070142e-02   1.540735e-01   1.000000e+02
4.107841e-02   1.184882e-01   1.000000e+02
4.145888e-02   8.942217e-02   1.000000e+02
4.184289e-02   6.640294e-02   1.000000e+02
4.223044e-02   4.864632e-02   1.000000e+02
4.262159e-02   3.525187e-02   1.000000e+02
4.301636e-02   2.533567e-02   1.000000e+02
4.341478e-02   1.810712e-02   1.000000e+02
4.381690e-02   1.290274e-02   1.000000e+02
4.422274e-02   9.191342e-03   1.000000e+02
4.463234e-02   6.562796e-03   1.000000e+02
4.504573e-02   4.709347e-03   1.000000e+02
4.546295e-02   3.405202e-03   1.000000e+02
4.588404e-02   2.487622e-03   1.000000e+02
4.630903e-02   1.840915e-03   1.000000e+02
4.673795e-02   1.383694e-03   1.000000e+02
4.717085e-02   1.059136e-03   1.000000e+02
4.760775e-02   8.277846e-04   1.000000e+02
4.804870e-02   6.623477e-04   1.000000e+02
4.849374e-02   5.440093e-04   1.000000e+02
4.894290e-02   4.598614e-04   1.000000e+02
4.939622e-02   4.011407e-04   1.000000e+02
4.985373e-02   3.620465e-04   1.000000e+02
5.031549e-02   3.388915e-04   1.000000e+02
5.078152e-02   3.287920e-04   1.000000e+02
5.125187e-02   3.298225e-04   1.000000e+02
5.172657e-02   3.412398e-04   1.000000e+02
5.220568e-02   3.632300e-04   1.000000e+02
5.268921e-02   3.967972e-04   1.000000e+02
5.317723e-02   4.437540e-04   1.000000e+02
5.366977e-02   5.067864e-04   1.000000e+02
5.416687e-02   5.895745e-04   1.000000e+02
5.466857e-02   6.969567e-04   1.000000e+02
5.517492e-02   8.351188e-04   1.000000e+02
5.568596e-02   1.011785e-03   1.000000e+02
5.620174e-02   1.236368e-03   1.000000e+02
5.672229e-02   1.520020e-03   1.000000e+02
5.724766e-02   1.875489e-03   1.000000e+02
5.777790e-02   2.316679e-03   1.000000e+02
5.831305e-02   2.857758e-03   1.000000e+02
5.885316e-02   3.511683e-03   1.000000e+02
5.939827e-02   4.288028e-03   1.000000e+02
5.994843e-02   5.190084e-03   1.000000e+02
6.050368e-02   6.213884e-03   1.000000e+02
6.106408e-02   7.359525e-03   1.000000e+02
6.162966e-02   8.629124e-03   1.000000e+02
6.220049e-02   1.002412e-02   1.000000e+02
6.277660e-02   1.154573e-02   1.000000e+02
6.335805e-02   1.319546e-02   1.000000e+02
6.394488e-02   1.497573e-02   1.000000e+02
6.453715e-02   1.689057e-02   1.000000e+02
6.513491e-02   1.894639e-02   1.000000e+02
6.573820e-02   2.115275e-02   1.000000e+02
6.634708e-02   2.352327e-02   1.000000e+02
6.696160e-02   2.607666e-02   1.000000e+02
6.758181e-02   2.883779e-02   1.000000e+02
6.820777e-02   3.183907e-02   1.000000e+02
6.883952e-02   3.512204e-02   1.000000e+02
6.947713e-02   3.873938e-02   1.000000e+02
7.012064e-02   4.275738e-02   1.000000e+02
7.077011e-02   4.724610e-02   1.000000e+02
7.142559e-02   5.225736e-02   1.000000e+02
7.208715e-02   5.784240e-02   1.000000e+02
7.275484e-02   6.405501e-02   1.000000e+02
7.342870e-02   7.095098e-02   1.000000e+02
7.410882e-02   7.858737e-02   1.000000e+02
7.479523e-02   8.702157e-02   1.000000e+02
7.548799e-02   9.631001e-02   1.000000e+02
7.618718e-02   1.065067e-01   1.000000e+02
7.689284e-02   1.176614e-01   1.000000e+02
7.760503e-02   1.298175e-01   1.000000e+02
7.832383e-02   1.430096e-01   1.000000e+02
7.904928e-02   1.572609e-01   1.000000e+02
7.978145e-02   1.725799e-01   1.000000e+02
8.052040e-02   1.889552e-01   1.000000e+02
8.126619e-02   2.063272e-01   1.000000e+02
8.201889e-02   2.245847e-01   1.000000e+02
8.277857e-02   2.435718e-01   1.000000e+02
8.354528e-02   2.630836e-01   1.000000e+02
8.431909e-02   2.828638e-01   1.000000e+02
8.510007e-02   3.026039e-01   1.000000e+02
8.588829e-02   3.219454e-01   1.000000e+02
8.668380e-02   3.404845e-01   1.000000e+02
8.748668e-02   3.577805e-01   1.000000e+02
8.829700e-02   3.733680e-01   1.000000e+02
8.911482e-02   3.867724e-01   1.000000e+02
8.994022e-02   3.975290e-01   1.000000e+02
9.077327e-02   4.053294e-01   1.000000e+02
9.161402e-02   4.105560e-01   1.000000e+02
9.246257e-02   4.138734e-01   1.000000e+02
9.331898e-02   4.160059e-01   1.000000e+02
9.418332e-02   4.177092e-01   1.000000e+02
9.505566e-02   4.197564e-01   1.000000e+02
9.593608e-02   4.229365e-01   1.000000e+02
9.682466e-02   4.280687e-01   1.000000e+02
9.772147e-02   4.360319e-01   1.000000e+02
9.862658e-02   4.478116e-01   1.000000e+02
9.954008e-02   4.645695e-01   1.000000e+02
1.004620e-01   4.877069e-01   1.000000e+02
1.013925e-01   5.181693e-01   1.000000e+02
1.023317e-01   5.563117e-01   1.000000e+02
1.032795e-01   6.025542e-01   1.000000e+02
1.042361e-01   6.573598e-01   1.000000e+02
1.052015e-01   7.211688e-01   1.000000e+02
1.061759e-01   7.943195e-01   1.000000e+02
1.071593e-01   8.769518e-01   1.000000e+02
1.081519e-01   9.688935e-01   1.000000e+02
1.091536e-01   1.069532e+00   1.000000e+02
1.101646e-01   1.177681e+00   1.000000e+02
1.111850e-01   1.292138e+00   1.000000e+02
1.122148e-01   1.413021e+00   1.000000e+02
1.132541e-01   1.540796e+00   1.000000e+02
1.143031e-01   1.676094e+00   1.000000e+02
1.153618e-01   1.819729e+00   1.000000e+02
1.164303e-01   1.972739e+00   1.000000e+02
1.175087e-01   2.136417e+00   1.000000e+02
1.185971e-01   2.312358e+00   1.000000e+02
1.196956e-01   2.502509e+00   1.000000e+02
1.208042e-01   2.709134e+00   1.000000e+02
1.219231e-01   2.933893e+00   1.000000e+02
1.230524e-01   3.178008e+00   1.000000e+02
1.241921e-01   3.442703e+00   1.000000e+02
1.253424e-01   3.729196e+00   1.000000e+02
1.265034e-01   4.038673e+00   1.000000e+02
1.276751e-01   4.372273e+00   1.000000e+02
1.288576e-01   4.731052e+00   1.000000e+02
1.300511e-01   5.115960e+00   1.000000e+02
1.312557e-01   5.527814e+00   1.000000e+02
1.324714e-01   5.967289e+00   1.000000e+02
1.336984e-01   6.434865e+00   1.000000e+02
1.349367e-01   6.930775e+00   1.000000e+02
1.361865e-01   7.454962e+00   1.000000e+02
1.374479e-01   8.007033e+00   1.000000e+02
1.387210e-01   8.586211e+00   1.000000e+02
1.400058e-01   9.191293e+00   1.000000e+02
1.413026e-01   9.821713e+00   1.000000e+02
1.426114e-01   1.048138e+01   1.000000e+02
1.439323e-01   1.117642e+01   1.000000e+02
1.452654e-01   1.191443e+01   1.000000e+02
1.466109e-01   1.270465e+01   1.000000e+02
1.479688e-01   1.355825e+01   1.000000e+02
1.493393e-01   1.448869e+01   1.000000e+02
1.507225e-01   1.551182e+01   1.000000e+02
1.521186e-01   1.663915e+01   1.000000e+02
1.535275e-01   1.787620e+01   1.000000e+02
1.549495e-01   1.922778e+01   1.000000e+02
1.563847e-01   2.069792e+01   1.000000e+02
1.578331e-01   2.228955e+01   1.000000e+02
1.592950e-01   2.400420e+01   1.000000e+02
1.607704e-01   2.584174e+01   1.000000e+02
1.622595e-01   2.780516e+01   1.000000e+02
1.637624e-01   2.990176e+01   1.000000e+02
1.652792e-01   3.213935e+01   1.000000e+02
1.668101e-01   3.452614e+01   1.000000e+02
1.683551e-01   3.707072e+01   1.000000e+02
1.699144e-01   3.978209e+01   1.000000e+02
1.714882e-01   4.266967e+01   1.000000e+02
1.730766e-01   4.574332e+01   1.000000e+02
1.746796e-01   4.901333e+01   1.000000e+02
1.762975e-01   5.249046e+01   1.000000e+02
1.779304e-01   5.618596e+01   1.000000e+02
1.795785e-01   6.011154e+01   1.000000e+02
1.812418e-01   6.427961e+01   1.000000e+02
1.829205e-01   6.870464e+01   1.000000e+02
1.846147e-01   7.340296e+01   1.000000e+02
1.863246e-01   7.839220e+01   1.000000e+02
1.880504e-01   8.369147e+01   1.000000e+02
1.897922e-01   8.932146e+01   1.000000e+02
1.915501e-01   9.530459e+01   1.000000e+02
1.933242e-01   1.016652e+02   1.000000e+02
1.951148e-01   1.084299e+02   1.000000e+02
1.969220e-01   1.156274e+02   1.000000e+02
1.987460e-01   1.232891e+02   1.000000e+02
2.005868e-01   1.314491e+02   1.000000e+02
2.024447e-01   1.401425e+02   1.000000e+02
2.043197e-01   1.494024e+02   1.000000e+02
2.062122e-01   1.592637e+02   1.000000e+02
2.081222e-01   1.697633e+02   1.000000e+02
2.100498e-01   1.809399e+02   1.000000e+02
2.119953e-01   1.928341e+02   1.000000e+02
2.139589e-01   2.054891e+02   1.000000e+02
2.159406e-01   2.189498e+02   1.000000e+02
2.179407e-01   2.332638e+02   1.000000e+02
2.199593e-01   2.484809e+02   1.000000e+02
2.219966e-01   2.646533e+02   1.000000e+02
2.240528e-01   2.818358e+02   1.000000e+02
2.261280e-01   3.000858e+02   1.000000e+02
2.282224e-01   3.194633e+02   1.000000e+02
2.303363e-01   3.400313e+02   1.000000e+02
2.324697e-01   3.618552e+02   1.000000e+02
2.346229e-01   3.850035e+02   1.000000e+02
2.367960e-01   4.095476e+02   1.000000e+02
2.389893e-01   4.355618e+02   1.000000e+02
2.412028e-01   4.631235e+02   1.000000e+02
2.434369e-01   4.923130e+02   1.000000e+02
2.456916e-01   5.232138e+02   1.000000e+02
2.479673e-01   5.559123e+02   1.000000e+02
2.502640e-01   5.904981e+02   1.000000e+02
2.525820e-01   6.270659e+02   1.000000e+02
2.549215e-01   6.657205e+02   1.000000e+02
2.572826e-01   7.065731e+02   1.000000e+02
2.596656e-01   7.497406e+02   1.000000e+02
2.620707e-01   7.953459e+02   1.000000e+02
2.644980e-01   8.435182e+02   1.000000e+02
2.669478e-01   8.943936e+02   1.000000e+02
2.694204e-01   9.481149e+02   1.000000e+02
2.719158e-01   1.004833e+03   1.000000e+02
2.744343e-01   1.064705e+03   1.000000e+02
2.769762e-01   1.127898e+03   1.000000e+02
2.795416e-01   1.194587e+03   1.000000e+02
2.821308e-01   1.264957e+03   1.000000e+02
2.847439e-01   1.339201e+03   1.000000e+02
2.873813e-01   1.417523e+03   1.000000e+02
2.900430e-01   1.500139e+03   1.000000e+02
2.927295e-01   1.587274e+03   1.000000e+02
2.954408e-01   1.679167e+03   1.000000e+02
2.981772e-01   1.776068e+03   1.000000e+02
3.009390e-01   1.878241e+03   1.000000e+02
3.037264e-01   1.985957e+03   1.000000e+02
3.065395e-01   2.099487e+03   1.000000e+02
3.093788e-01   2.219111e+03   1.000000e+02
3.122443e-01   2.345121e+03   1.000000e+02
3.151363e-01   2.477818e+03   1.000000e+02
3.180552e-01   2.617518e+03   1.000000e+02
3.210011e-01   2.764544e+03   1.000000e+02
3.239743e-01   2.919233e+03   1.000000e+02
3.269750e-01   3.081934e+03   1.000000e+02
3.300035e-01   3.253007e+03   1.000000e+02
3.330600e-01   3.432824e+03   1.000000e+02
3.361449e-01   3.621768e+03   1.000000e+02
3.392583e-01   3.820236e+03   1.000000e+02
3.424006e-01   4.028636e+03   1.000000e+02
3.455720e-01   4.247386e+03   1.000000e+02
3.487727e-01   4.476920e+03   1.000000e+02
3.520031e-01   4.717683e+03   1.000000e+02
3.552635e-01   4.970175e+03   1.000000e+02
3.585540e-01   5.234951e+03   1.000000e+02
3.618750e-01   5.512592e+03   1.000000e+02
3.652267e-01   5.803713e+03   1.000000e+02
3.686095e-01   6.108960e+03   1.000000e+02
3.720237e-01   6.429013e+03   1.000000e+02
3.754694e-01   6.764591e+03   1.000000e+02
3.789471e-01   7.116448e+03   1.000000e+02
3.824570e-01   7.485384e+03   1.000000e+02
3.859994e-01   7.872241e+03   1.000000e+02
3.895746e-01   8.277908e+03   1.000000e+02
3.931829e-01   8.703324e+03   1.000000e+02
3.968246e-01   9.149482e+03   1.000000e+02
4.005001e-01   9.617431e+03   1.000000e+02
4.042096e-01   1.010822e+04   1.000000e+02
4.079535e-01   1.062277e+04   1.000000e+02
4.117320e-01   1.116201e+04   1.000000e+02
4.155455e-01   1.172684e+04   1.000000e+02
4.193944e-01   1.231822e+04   1.000000e+02
4.232789e-01   1.293707e+04   1.000000e+02
4.271994e-01   1.358436e+04   1.000000e+02
4.311562e-01   1.426101e+04   1.000000e+02
4.351497e-01   1.496798e+04   1.000000e+02
4.391801e-01   1.570621e+04   1.000000e+02
4.432479e-01   1.647662e+04   1.000000e+02
4.473533e-01   1.728012e+04   1.000000e+02
4.514968e-01   1.811762e+04   1.000000e+02
4.556786e-01   1.899020e+04   1.000000e+02
4.598992e-01   1.989933e+04   1.000000e+02
4.641589e-01   2.084654e+04   1.000000e+02
4.684580e-01   2.183348e+04   1.000000e+02
4.727970e-01   2.286189e+04   1.000000e+02
4.771761e-01   2.393359e+04   1.000000e+02
4.815958e-01   2.505053e+04   1.000000e+02
4.860564e-01   2.621475e+04   1.000000e+02
4.905584e-01   2.742844e+04   1.000000e+02
4.951020e-01   2.869389e+04   1.000000e+02
4.996877e-01   3.001356e+04   1.000000e+02
5.043159e-01   3.138995e+04   1.000000e+02
5.089870e-01   3.282534e+04   1.000000e+02
5.137014e-01   3.432193e+04   1.000000e+02
5.184594e-01   3.588201e+04   1.000000e+02
5.232614e-01   3.750791e+04   1.000000e+02
5.281080e-01   3.920204e+04   1.000000e+02
5.329994e-01   4.096687e+04   1.000000e+02
5.379362e-01   4.280491e+04   1.000000e+02
5.429186e-01   4.471877e+04   1.000000e+02
5.479472e-01   4.671110e+04   1.000000e+02
5.530224e-01   4.878461e+04   1.000000e+02
5.581446e-01   5.094208e+04   1.000000e+02
5.633143e-01   5.318636e+04   1.000000e+02
5.685318e-01   5.552033e+04   1.000000e+02
5.737976e-01   5.794696e+04   1.000000e+02
5.791123e-01   6.046927e+04   1.000000e+02
5.844761e-01   6.309032e+04   1.000000e+02
5.898896e-01   6.581324e+04   1.000000e+02
5.953533e-01   6.864122e+04   1.000000e+02
6.008676e-01   7.157747e+04   1.000000e+02
6.064329e-01   7.462538e+04   1.000000e+02
6.120498e-01   7.778863e+04   1.000000e+02
6.177188e-01   8.107103e+04   1.000000e+02
6.234402e-01   8.447653e+04   1.000000e+02
6.292146e-01   8.800916e+04   1.000000e+02
6.350425e-01   9.167310e+04   1.000000e+02
6.409244e-01   9.547263e+04   1.000000e+02
6.468608e-01   9.941215e+04   1.000000e+02
6.528521e-01   1.034962e+05   1.000000e+02
6.588990e-01   1.077295e+05   1.000000e+02
6.650018e-01   1.121167e+05   1.000000e+02
6.711612e-01   1.166629e+05   1.000000e+02
6.773776e-01   1.213730e+05   1.000000e+02
6.836516e-01   1.262524e+05   1.000000e+02
6.899837e-01   1.313064e+05   1.000000e+02
6.963745e-01   1.365405e+05   1.000000e+02
7.028244e-01   1.419604e+05   1.000000e+02
7.093341e-01   1.475719e+05   1.000000e+02
7.159041e-01   1.533805e+05   1.000000e+02
7.225349e-01   1.593923e+05   1.000000e+02
7.292272e-01   1.656132e+05   1.000000e+02
7.359814e-01   1.720494e+05   1.000000e+02
7.427982e-01   1.787071e+05   1.000000e+02
7.496782e-01   1.855926e+05   1.000000e+02
7.566219e-01   1.927126e+05   1.000000e+02
7.636298e-01   2.000737e+05   1.000000e+02
7.707027e-01   2.076826e+05   1.000000e+02
7.778411e-01   2.155464e+05   1.000000e+02
7.850456e-01   2.236720e+05   1.000000e+02
7.923169e-01   2.320668e+05   1.000000e+02
7.996555e-01   2.407380e+05   1.000000e+02
8.070620e-01   2.496931e+05   1.000000e+02
8.145372e-01   2.589400e+05   1.000000e+02
8.220816e-01   2.684865e+05   1.000000e+02
8.296959e-01   2.783407e+05   1.000000e+02
8.373807e-01   2.885109e+05   1.000000e+02
8.451366e-01   2.990055e+05   1.000000e+02
8.529644e-01   3.098332e+05   1.000000e+02
8.608648e-01   3.210026e+05   1.000000e+02
8.688383e-01   3.325227e+05   1.000000e+02
8.768856e-01   3.444026e+05   1.000000e+02
8.850075e-01   3.566516e+05   1.000000e+02
8.932046e-01   3.692791e+05   1.000000e+02
9.014776e-01   3.822947e+05   1.000000e+02
9.098273e-01   3.957083e+05   1.000000e+02
9.182543e-01   4.095296e+05   1.000000e+02
9.267593e-01   4.237686e+05   1.000000e+02
9.353432e-01   4.384354e+05   1.000000e+02
9.440065e-01   4.535402e+05   1.000000e+02
9.527500e-01   4.690934e+05   1.000000e+02
9.615746e-01   4.851057e+05   1.000000e+02
9.704809e-01   5.015876e+05   1.000000e+02
9.794697e-01   5.185501e+05   1.000000e+02
9.885417e-01   5.360042e+05   1.000000e+02
9.976978e-01   5.539609e+05   1.000000e+02
1.006939e+00   5.724317e+05   1.000000e+02
1.016265e+00   5.914281e+05   1.000000e+02
1.025678e+00   6.109619e+05   1.000000e+02
1.035178e+00   6.310451e+05   1.000000e+02
1.044766e+00   6.516898e+05   1.000000e+02
1.054443e+00   6.729084e+05   1.000000e+02
1.064209e+00   6.947134e+05   1.000000e+02
1.074066e+00   7.171173e+05   1.000000e+02
1.084014e+00   7.401330e+05   1.000000e+02
1.094055e+00   7.637735e+05   1.000000e+02
1.104188e+00   7.880519e+05   1.000000e+02
1.114415e+00   8.129815e+05   1.000000e+02
1.124737e+00   8.385758e+05   1.000000e+02
1.135155e+00   8.648484e+05   1.000000e+02
1.145669e+00   8.918130e+05   1.000000e+02
1.156280e+00   9.194837e+05   1.000000e+02
1.166990e+00   9.478744e+05   1.000000e+02
1.177799e+00   9.769995e+05   1.000000e+02
1.188708e+00   1.006873e+06   1.000000e+02
1.199718e+00   1.037510e+06   1.000000e+02
1.210830e+00   1.068925e+06   1.000000e+02
1.222045e+00   1.101133e+06   1.000000e+02
1.233363e+00   1.134148e+06   1.000000e+02
1.244787e+00   1.167987e+06   1.000000e+02
1.256317e+00   1.202663e+06   1.000000e+02
1.267953e+00   1.238195e+06   1.000000e+02
1.279697e+00   1.274603e+06   1.000000e+02
1.291550e+00   1.311905e+06   1.000000e+02
1.303512e+00   1.350122e+06   1.000000e+02
1.315586e+00   1.389277e+06   1.000000e+02
1.327771e+00   1.429390e+06   1.000000e+02
1.340069e+00   1.470485e+06   1.000000e+02
1.352481e+00   1.512584e+06   1.000000e+02
1.365008e+00   1.555712e+06   1.000000e+02
1.377651e+00   1.599893e+06   1.000000e+02
1.390411e+00   1.645153e+06   1.000000e+02
1.403289e+00   1.691519e+06   1.000000e+02
1.416287e+00   1.739018e+06   1.000000e+02
1.429405e+00   1.787677e+06   1.000000e+02
1.442644e+00   1.837527e+06   1.000000e+02
1.456006e+00   1.888597e+06   1.000000e+02
1.469492e+00   1.940919e+06   1.000000e+02
1.483103e+00   1.994524e+06   1.000000e+02
1.496839e+00   2.049446e+06   1.000000e+02
1.510703e+00   2.105717e+06   1.000000e+02
1.524696e+00   2.163354e+06   1.000000e+02
1.538818e+00   2.222365e+06   1.000000e+02
1.553071e+00   2.282753e+06   1.000000e+02
1.567455e+00   2.344523e+06   1.000000e+02
1.581973e+00   2.407675e+06   1.000000e+02
1.596626e+00   2.472209e+06   1.000000e+02
1.611414e+00   2.538121e+06   1.000000e+02
1.626340e+00   2.605405e+06   1.000000e+02
1.641403e+00   2.674052e+06   1.000000e+02
1.656606e+00   2.744052e+06   1.000000e+02
1.671950e+00   2.815389e+06   1.000000e+02
1.687436e+00   2.888046e+06   1.000000e+02
1.703065e+00   2.962002e+06   1.000000e+02
1.718839e+00   3.037234e+06   1.000000e+02
1.734759e+00   3.113714e+06   1.000000e+02
1.750827e+00   3.191411e+06   1.000000e+02
1.767044e+00   3.270303e+06   1.000000e+02
1.783410e+00   3.350414e+06   1.000000e+02
1.799929e+00   3.431783e+06   1.000000e+02
1.816600e+00   3.514448e+06   1.000000e+02
1.833425e+00   3.598455e+06   1.000000e+02
1.850407e+00   3.683848e+06   1.000000e+02
1.867546e+00   3.770680e+06   1.000000e+02
1.884843e+00   3.859004e+06   1.000000e+02
1.902301e+00   3.948879e+06   1.000000e+02
1.919921e+00   4.040367e+06   1.000000e+02
1.937703e+00   4.133534e+06   1.000000e+02
1.955651e+00   4.228452e+06   1.000000e+02
1.973764e+00   4.325196e+06   1.000000e+02
1.992046e+00   4.423847e+06   1.000000e+02
2.010496e+00   4.524489e+06   1.000000e+02
2.029118e+00   4.627173e+06   1.000000e+02
2.047912e+00   4.731924e+06   1.000000e+02
2.066880e+00   4.838761e+06   1.000000e+02
2.086024e+00   4.947706e+06   1.000000e+02
2.105345e+00   5.058778e+06   1.000000e+02
2.124845e+00   5.171996e+06   1.000000e+02
2.144526e+00   5.287377e+06   1.000000e+02
2.164389e+00   5.404939e+06   1.000000e+02
2.184436e+00   5.524697e+06   1.000000e+02
2.204669e+00   5.646666e+06   1.000000e+02
2.225089e+00   5.770859e+06   1.000000e+02
2.245698e+00   5.897287e+06   1.000000e+02
2.266498e+00   6.025961e+06   1.000000e+02
2.287491e+00   6.156891e+06   1.000000e+02
2.308678e+00   6.290084e+06   1.000000e+02
2.330061e+00   6.425546e+06   1.000000e+02
2.351643e+00   6.563280e+06   1.000000e+02
2.373424e+00   6.703291e+06   1.000000e+02
2.395407e+00   6.845578e+06   1.000000e+02
2.417594e+00   6.990140e+06   1.000000e+02
2.439986e+00   7.136975e+06   1.000000e+02
2.462586e+00   7.286076e+06   1.000000e+02
2.485395e+00   7.437437e+06   1.000000e+02
2.508415e+00   7.591049e+06   1.000000e+02
2.531648e+00   7.746912e+06   1.000000e+02
2.555097e+00   7.905049e+06   1.000000e+02
2.578763e+00   8.065480e+06   1.000000e+02
2.602648e+00   8.228229e+06   1.000000e+02
2.626754e+00   8.393319e+06   1.000000e+02
2.651084e+00   8.560774e+06   1.000000e+02
2.675638e+00   8.730618e+06   1.000000e+02
2.700421e+00   8.902876e+06   1.000000e+02
2.725433e+00   9.077573e+06   1.000000e+02
2.750676e+00   9.254735e+06   1.000000e+02
2.776153e+00   9.434389e+06   1.000000e+02
2.801867e+00   9.616561e+06   1.000000e+02
2.827818e+00   9.801281e+06   1.000000e+02
2.854010e+00   9.988576e+06   1.000000e+02
2.880444e+00   1.017848e+07   1.000000e+02
2.907123e+00   1.037101e+07   1.000000e+02
2.934050e+00   1.056621e+07   1.000000e+02
2.961225e+00   1.076411e+07   1.000000e+02
2.988653e+00   1.096474e+07   1.000000e+02
3.016334e+00   1.116813e+07   1.000000e+02
3.044272e+00   1.137430e+07   1.000000e+02
3.072469e+00   1.158328e+07   1.000000e+02
3.100927e+00   1.179508e+07   1.000000e+02
3.129648e+00   1.200971e+07   1.000000e+02
3.158635e+00   1.222719e+07   1.000000e+02
3.187891e+00   1.244752e+07   1.000000e+02
3.217418e+00   1.267074e+07   1.000000e+02
3.247218e+00   1.289684e+07   1.000000e+02
3.277295e+00   1.312585e+07   1.000000e+02
3.307650e+00   1.335777e+07   1.000000e+02
3.338286e+00   1.359261e+07   1.000000e+02
3.369206e+00   1.383039e+07   1.000000e+02
3.400412e+00   1.407112e+07   1.000000e+02
3.431907e+00   1.431480e+07   1.000000e+02
3.463694e+00   1.456145e+07   1.000000e+02
3.495776e+00   1.481108e+07   1.000000e+02
3.528154e+00   1.506369e+07   1.000000e+02
3.560833e+00   1.531930e+07   1.000000e+02
3.593814e+00   1.557793e+07   1.000000e+02
3.627100e+00   1.583959e+07   1.000000e+02
3.660695e+00   1.610429e+07   1.000000e+02
3.694601e+00   1.637206e+07   1.000000e+02
3.728821e+00   1.664291e+07   1.000000e+02
3.763358e+00   1.691686e+07   1.000000e+02
3.798215e+00   1.719392e+07   1.000000e+02
3.833395e+00   1.747410e+07   1.000000e+02
3.868901e+00   1.775744e+07   1.000000e+02
3.904735e+00   1.804393e+07   1.000000e+02
3.940902e+00   1.833359e+07   1.000000e+02
3.977403e+00   1.862645e+07   1.000000e+02
4.014242e+00   1.892252e+07   1.000000e+02
4.051423e+00   1.922181e+07   1.000000e+02
4.088948e+00   1.952434e+07   1.000000e+02
4.126821e+00   1.983012e+07   1.000000e+02
4.165044e+00   2.013917e+07   1.000000e+02
4.203622e+00   2.045149e+07   1.000000e+02
4.242556e+00   2.076711e+07   1.000000e+02
4.281852e+00   2.108603e+07   1.000000e+02
4.321511e+00   2.140827e+07   1.000000e+02
4.361538e+00   2.173384e+07   1.000000e+02
4.401935e+00   2.206276e+07   1.000000e+02
4.442707e+00   2.239503e+07   1.000000e+02
4.483856e+00   2.273067e+07   1.000000e+02
4.525386e+00   2.306970e+07   1.000000e+02
4.567301e+00   2.341213e+07   1.000000e+02
4.609604e+00   2.375796e+07   1.000000e+02
4.652300e+00   2.410722e+07   1.000000e+02
4.695390e+00   2.445991e+07   1.000000e+02
4.738880e+00   2.481605e+07   1.000000e+02
4.782772e+00   2.517564e+07   1.000000e+02
4.827071e+00   2.553872e+07   1.000000e+02
4.871780e+00   2.590527e+07   1.000000e+02
4.916904e+00   2.627533e+07   1.000000e+02
4.962445e+00   2.664889e+07   1.000000e+02
5.008408e+00   2.702598e+07   1.000000e+02
5.054797e+00   2.740661e+07   1.000000e+02
5.101615e+00   2.779079e+07   1.000000e+02
5.148867e+00   2.817854e+07   1.000000e+02
5.196557e+00   2.856987e+07   1.000000e+02
5.244689e+00   2.896481e+07   1.000000e+02
5.293266e+00   2.936336e+07   1.000000e+02
5.342293e+00   2.976555e+07   1.000000e+02
5.391775e+00   3.017139e+07   1.000000e+02
5.441714e+00   3.058089e+07   1.000000e+02
5.492116e+00   3.099409e+07   1.000000e+02
5.542986e+00   3.141099e+07   1.000000e+02
5.594326e+00   3.183161e+07   1.000000e+02
5.646141e+00   3.225598e+07   1.000000e+02
5.698437e+00   3.268410e+07   1.000000e+02
5.751217e+00   3.311601e+07   1.000000e+02
5.804486e+00   3.355172e+07   1.000000e+02
5.858248e+00   3.399124e+07   1.000000e+02
5.912508e+00   3.443461e+07   1.000000e+02
5.967271e+00   3.488184e+07   1.000000e+02
6.022541e+00   3.533295e+07   1.000000e+02
6.078323e+00   3.578796e+07   1.000000e+02
6.134622e+00   3.624691e+07   1.000000e+02
6.191442e+00   3.670982e+07   1.000000e+02
6.248788e+00   3.717671e+07   1.000000e+02
6.306666e+00   3.764761e+07   1.000000e+02
6.365079e+00   3.812256e+07   1.000000e+02
6.424034e+00   3.860157e+07   1.000000e+02
6.483534e+00   3.908469e+07   1.000000e+02
6.543586e+00   3.957194e+07   1.000000e+02
6.604194e+00   4.006335e+07   1.000000e+02
6.665363e+00   4.055895e+07   1.000000e+02
6.727099e+00   4.105879e+07   1.000000e+02
6.789407e+00   4.156289e+07   1.000000e+02
6.852292e+00   4.207129e+07   1.000000e+02
6.915759e+00   4.258402e+07   1.000000e+02
6.979814e+00   4.310112e+07   1.000000e+02
7.044462e+00   4.362263e+07   1.000000e+02
7.109709e+00   4.414859e+07   1.000000e+02
7.175561e+00   4.467905e+07   1.000000e+02
7.242022e+00   4.521404e+07   1.000000e+02
7.309099e+00   4.575362e+07   1.000000e+02
7.376798e+00   4.629784e+07   1.000000e+02
7.445123e+00   4.684674e+07   1.000000e+02
7.514081e+00   4.740038e+07   1.000000e+02
7.583678e+00   4.795881e+07   1.000000e+02
7.653919e+00   4.852207e+07   1.000000e+02
7.724811e+00   4.909024e+07   1.000000e+02
7.796360e+00   4.966335e+07   1.000000e+02
7.868572e+00   5.024148e+07   1.000000e+02
7.941452e+00   5.082468e+07   1.000000e+02
8.015007e+00   5.141301e+07   1.000000e+02
8.089243e+00   5.200654e+07   1.000000e+02
8.164168e+00   5.260533e+07   1.000000e+02
8.239786e+00   5.320944e+07   1.000000e+02
8.316104e+00   5.381896e+07   1.000000e+02
8.393129e+00   5.443394e+07   1.000000e+02
8.470868e+00   5.505446e+07   1.000000e+02
8.549327e+00   5.568060e+07   1.000000e+02
8.628513e+00   5.631244e+07   1.000000e+02
8.708431e+00   5.695004e+07   1.000000e+02
8.789091e+00   5.759350e+07   1.000000e+02
8.870497e+00   5.824290e+07   1.000000e+02
8.952657e+00   5.889832e+07   1.000000e+02
9.035578e+00   5.955984e+07   1.000000e+02
9.119268e+00   6.022756e+07   1.000000e+02
9.203732e+00   6.090158e+07   1.000000e+02
9.288979e+00   6.158197e+07   1.000000e+02
9.375015e+00   6.226885e+07   1.000000e+02
9.461848e+00   6.296230e+07   1.000000e+02
9.549486e+00   6.366243e+07   1.000000e+02
9.637935e+00   6.436935e+07   1.000000e+02
9.727203e+00   6.508315e+07   1.000000e+02
9.817298e+00   6.580395e+07   1.000000e+02
9.908228e+00   6.653186e+07   1.000000e+02
1.000000e+01   6.726700e+07   1.000000e+02
