# He3 + d > a + p   [He3_d__a_p]   ref=de Souza et al. 2019
# detailed balance: alpha=5.5438 beta=0 gamma=-212.987  Q=18.35
# T9                 rate                error
1.000000e-03   3.496000e-19   1.017000e+00
1.009262e-03   4.330491e-19   1.017051e+00
1.018610e-03   5.360629e-19   1.017101e+00
1.028045e-03   6.631441e-19   1.017148e+00
1.037567e-03   8.198122e-19   1.017194e+00
1.047177e-03   1.012828e-18   1.017237e+00
1.056876e-03   1.250469e-18   1.017279e+00
1.066665e-03   1.542861e-18   1.017319e+00
1.076545e-03   1.902381e-18   1.017357e+00
1.086516e-03   2.344154e-18   1.017393e+00
1.096579e-03   2.886645e-18   1.017427e+00
1.106736e-03   3.552383e-18   1.017459e+00
1.116987e-03   4.368841e-18   1.017490e+00
1.127333e-03   5.369495e-18   1.017519e+00
1.137774e-03   6.595110e-18   1.017546e+00
1.148312e-03   8.095296e-18   1.017572e+00
1.158948e-03   9.930390e-18   1.017596e+00
1.169683e-03   1.217372e-17   1.017618e+00
1.180517e-03   1.491437e-17   1.017639e+00
1.191451e-03   1.826043e-17   1.017658e+00
1.202486e-03   2.234308e-17   1.017676e+00
1.213624e-03   2.732131e-17   1.017692e+00
1.224865e-03   3.338774e-17   1.017707e+00
1.236210e-03   4.077560e-17   1.017720e+00
1.247660e-03   4.976709e-17   1.017731e+00
1.259216e-03   6.070345e-17   1.017742e+00
1.270879e-03   7.399706e-17   1.017751e+00
1.282650e-03   9.014595e-17   1.017758e+00
1.294530e-03   1.097512e-16   1.017764e+00
1.306520e-03   1.335379e-16   1.017769e+00
1.318621e-03   1.623800e-16   1.017773e+00
1.330835e-03   1.973304e-16   1.017775e+00
1.343161e-03   2.396568e-16   1.017776e+00
1.355602e-03   2.908844e-16   1.017776e+00
1.368158e-03   3.528473e-16   1.017774e+00
1.380830e-03   4.277495e-16   1.017772e+00
1.393619e-03   5.182380e-16   1.017768e+00
1.406527e-03   6.274900e-16   1.017763e+00
1.419555e-03   7.593165e-16   1.017757e+00
1.432703e-03   9.182862e-16   1.017750e+00
1.445973e-03   1.109873e-15   1.017742e+00
1.459366e-03   1.340630e-15   1.017733e+00
1.472883e-03   1.618401e-15   1.017723e+00
1.486525e-03   1.952564e-15   1.017712e+00
1.500293e-03   2.354330e-15   1.017700e+00
1.514189e-03   2.837087e-15   1.017688e+00
1.528214e-03   3.416822e-15   1.017674e+00
1.542369e-03   4.112603e-15   1.017659e+00
1.556654e-03   4.947171e-15   1.017644e+00
1.571072e-03   5.947623e-15   1.017628e+00
1.585624e-03   7.146228e-15   1.017611e+00
1.600310e-03   8.581400e-15   1.017593e+00
1.615133e-03   1.029883e-14   1.017574e+00
1.630092e-03   1.235284e-14   1.017555e+00
1.645191e-03   1.480797e-14   1.017535e+00
1.660429e-03   1.774086e-14   1.017515e+00
1.675808e-03   2.124249e-14   1.017494e+00
1.691330e-03   2.542073e-14   1.017472e+00
1.706995e-03   3.040349e-14   1.017449e+00
1.722805e-03   3.634229e-14   1.017426e+00
1.738762e-03   4.341655e-14   1.017403e+00
1.754867e-03   5.183858e-14   1.017379e+00
1.771121e-03   6.185952e-14   1.017355e+00
1.787526e-03   7.377619e-14   1.017330e+00
1.804082e-03   8.793929e-14   1.017304e+00
1.820792e-03   1.047629e-13   1.017279e+00
1.837656e-03   1.247355e-13   1.017253e+00
1.854677e-03   1.484336e-13   1.017226e+00
1.871855e-03   1.765363e-13   1.017199e+00
1.889193e-03   2.098439e-13   1.017172e+00
1.906691e-03   2.492987e-13   1.017145e+00
1.924351e-03   2.960095e-13   1.017117e+00
1.942175e-03   3.512804e-13   1.017090e+00
1.960163e-03   4.166445e-13   1.017062e+00
1.978319e-03   4.939028e-13   1.017033e+00
1.996642e-03   5.851702e-13   1.017005e+00
2.015136e-03   6.929284e-13   1.016977e+00
2.033800e-03   8.200887e-13   1.016948e+00
2.052638e-03   9.700637e-13   1.016920e+00
2.071650e-03   1.146852e-12   1.016891e+00
2.090838e-03   1.355136e-12   1.016862e+00
2.110203e-03   1.600396e-12   1.016834e+00
2.129749e-03   1.889043e-12   1.016805e+00
2.149475e-03   2.228572e-12   1.016776e+00
2.169384e-03   2.627743e-12   1.016748e+00
2.189477e-03   3.096784e-12   1.016720e+00
2.209756e-03   3.647637e-12   1.016691e+00
2.230223e-03   4.294235e-12   1.016663e+00
2.250880e-03   5.052821e-12   1.016635e+00
2.271728e-03   5.942332e-12   1.016608e+00
2.292769e-03   6.984823e-12   1.016580e+00
2.314005e-03   8.205974e-12   1.016553e+00
2.335438e-03   9.635666e-12   1.016526e+00
2.357069e-03   1.130866e-11   1.016500e+00
2.378901e-03   1.326535e-11   1.016473e+00
2.400935e-03   1.555268e-11   1.016447e+00
2.423173e-03   1.822518e-11   1.016422e+00
2.445617e-03   2.134611e-11   1.016397e+00
2.468268e-03   2.498888e-11   1.016372e+00
2.491130e-03   2.923862e-11   1.016348e+00
2.514203e-03   3.419397e-11   1.016324e+00
2.537490e-03   3.996920e-11   1.016301e+00
2.560993e-03   4.669662e-11   1.016279e+00
2.584714e-03   5.452934e-11   1.016256e+00
2.608654e-03   6.364445e-11   1.016235e+00
2.632815e-03   7.424667e-11   1.016214e+00
2.657201e-03   8.657256e-11   1.016194e+00
2.681813e-03   1.008954e-10   1.016174e+00
2.706652e-03   1.175305e-10   1.016156e+00
2.731722e-03   1.368418e-10   1.016137e+00
2.757023e-03   1.592490e-10   1.016120e+00
2.782559e-03   1.852359e-10   1.016103e+00
2.808332e-03   2.153599e-10   1.016088e+00
2.834343e-03   2.502628e-10   1.016073e+00
2.860596e-03   2.906834e-10   1.016059e+00
2.887091e-03   3.374719e-10   1.016045e+00
2.913832e-03   3.916057e-10   1.016033e+00
2.940820e-03   4.542083e-10   1.016021e+00
2.968059e-03   5.265706e-10   1.016011e+00
2.995549e-03   6.101748e-10   1.016001e+00
3.023295e-03   7.067223e-10   1.015993e+00
3.051297e-03   8.181646e-10   1.015985e+00
3.079559e-03   9.467398e-10   1.015979e+00
3.108082e-03   1.095013e-09   1.015973e+00
3.136870e-03   1.265921e-09   1.015968e+00
3.165924e-03   1.462831e-09   1.015964e+00
3.195248e-03   1.689591e-09   1.015961e+00
3.224842e-03   1.950608e-09   1.015958e+00
3.254712e-03   2.250918e-09   1.015956e+00
3.284857e-03   2.596279e-09   1.015955e+00
3.315282e-03   2.993267e-09   1.015954e+00
3.345989e-03   3.449393e-09   1.015954e+00
3.376980e-03   3.973227e-09   1.015954e+00
3.408259e-03   4.574550e-09   1.015955e+00
3.439826e-03   5.264511e-09   1.015956e+00
3.471687e-03   6.055821e-09   1.015958e+00
3.503842e-03   6.962960e-09   1.015960e+00
3.536296e-03   8.002417e-09   1.015962e+00
3.569049e-03   9.192961e-09   1.015964e+00
3.602107e-03   1.055595e-08   1.015967e+00
3.635470e-03   1.211566e-08   1.015970e+00
3.669142e-03   1.389970e-08   1.015973e+00
3.703127e-03   1.593945e-08   1.015976e+00
3.737426e-03   1.827052e-08   1.015979e+00
3.772042e-03   2.093335e-08   1.015982e+00
3.806980e-03   2.397383e-08   1.015986e+00
3.842241e-03   2.744402e-08   1.015989e+00
3.877828e-03   3.140292e-08   1.015992e+00
3.913746e-03   3.591740e-08   1.015994e+00
3.949995e-03   4.106321e-08   1.015997e+00
3.986581e-03   4.692611e-08   1.015999e+00
4.023506e-03   5.360318e-08   1.016001e+00
4.060772e-03   6.120423e-08   1.016003e+00
4.098384e-03   6.985344e-08   1.016004e+00
4.136344e-03   7.969118e-08   1.016006e+00
4.174655e-03   9.087607e-08   1.016007e+00
4.213322e-03   1.035872e-07   1.016007e+00
4.252346e-03   1.180269e-07   1.016008e+00
4.291732e-03   1.344232e-07   1.016008e+00
4.331483e-03   1.530336e-07   1.016008e+00
4.371602e-03   1.741484e-07   1.016008e+00
4.412093e-03   1.980946e-07   1.016008e+00
4.452959e-03   2.252407e-07   1.016008e+00
4.494203e-03   2.560018e-07   1.016008e+00
4.535829e-03   2.908449e-07   1.016007e+00
4.577841e-03   3.302959e-07   1.016007e+00
4.620241e-03   3.749458e-07   1.016006e+00
4.663035e-03   4.254594e-07   1.016005e+00
4.706225e-03   4.825838e-07   1.016004e+00
4.749815e-03   5.471583e-07   1.016004e+00
4.793808e-03   6.201253e-07   1.016003e+00
4.838210e-03   7.025428e-07   1.016002e+00
4.883022e-03   7.955978e-07   1.016002e+00
4.928250e-03   9.006219e-07   1.016001e+00
4.973896e-03   1.019108e-06   1.016000e+00
5.019965e-03   1.152729e-06   1.016000e+00
5.066461e-03   1.303359e-06   1.015999e+00
5.113388e-03   1.473097e-06   1.015999e+00
5.160749e-03   1.664291e-06   1.015999e+00
5.208549e-03   1.879568e-06   1.015999e+00
5.256791e-03   2.121868e-06   1.015998e+00
5.305481e-03   2.394476e-06   1.015998e+00
5.354621e-03   2.701062e-06   1.015998e+00
5.404216e-03   3.045729e-06   1.015998e+00
5.454271e-03   3.433055e-06   1.015998e+00
5.504790e-03   3.868152e-06   1.015999e+00
5.555776e-03   4.356723e-06   1.015999e+00
5.607235e-03   4.905128e-06   1.015999e+00
5.659170e-03   5.520458e-06   1.015999e+00
5.711586e-03   6.210615e-06   1.015999e+00
5.764488e-03   6.984402e-06   1.015999e+00
5.817880e-03   7.851621e-06   1.015999e+00
5.871766e-03   8.823182e-06   1.016000e+00
5.926152e-03   9.911226e-06   1.016000e+00
5.981041e-03   1.112926e-05   1.016000e+00
6.036439e-03   1.249228e-05   1.016000e+00
6.092349e-03   1.401700e-05   1.016000e+00
6.148778e-03   1.572196e-05   1.016000e+00
6.205729e-03   1.762775e-05   1.016000e+00
6.263207e-03   1.975726e-05   1.016000e+00
6.321218e-03   2.213587e-05   1.016000e+00
6.379767e-03   2.479176e-05   1.016000e+00
6.438857e-03   2.775618e-05   1.016000e+00
6.498495e-03   3.106376e-05   1.016000e+00
6.558686e-03   3.475291e-05   1.016000e+00
6.619433e-03   3.886618e-05   1.016000e+00
6.680744e-03   4.345068e-05   1.016000e+00
6.742622e-03   4.855860e-05   1.016000e+00
6.805074e-03   5.424767e-05   1.016000e+00
6.868104e-03   6.058180e-05   1.016000e+00
6.931717e-03   6.763165e-05   1.016000e+00
6.995920e-03   7.547536e-05   1.016000e+00
7.060718e-03   8.419929e-05   1.016000e+00
7.126115e-03   9.389880e-05   1.016000e+00
7.192119e-03   1.046792e-04   1.016000e+00
7.258734e-03   1.166567e-04   1.016000e+00
7.325965e-03   1.299595e-04   1.016000e+00
7.393820e-03   1.447292e-04   1.016000e+00
7.462303e-03   1.611218e-04   1.016000e+00
7.531420e-03   1.793091e-04   1.016000e+00
7.601178e-03   1.994807e-04   1.016000e+00
7.671581e-03   2.218453e-04   1.016000e+00
7.742637e-03   2.466326e-04   1.016000e+00
7.814351e-03   2.740957e-04   1.016000e+00
7.886729e-03   3.045128e-04   1.016000e+00
7.959777e-03   3.381899e-04   1.016000e+00
8.033502e-03   3.754638e-04   1.016000e+00
8.107910e-03   4.167046e-04   1.016000e+00
8.183007e-03   4.623191e-04   1.016000e+00
8.258799e-03   5.127545e-04   1.016000e+00
8.335294e-03   5.685021e-04   1.016000e+00
8.412497e-03   6.301012e-04   1.016000e+00
8.490415e-03   6.981436e-04   1.016000e+00
8.569055e-03   7.732792e-04   1.016000e+00
8.648423e-03   8.562205e-04   1.016000e+00
8.728527e-03   9.477493e-04   1.016000e+00
8.809372e-03   1.048722e-03   1.016000e+00
8.890966e-03   1.160079e-03   1.016000e+00
8.973316e-03   1.282848e-03   1.016000e+00
9.056428e-03   1.418156e-03   1.016000e+00
9.140311e-03   1.567238e-03   1.016000e+00
9.224970e-03   1.731441e-03   1.016000e+00
9.310413e-03   1.912241e-03   1.016000e+00
9.396648e-03   2.111252e-03   1.016000e+00
9.483682e-03   2.330237e-03   1.016000e+00
9.571522e-03   2.571125e-03   1.016000e+00
9.660175e-03   2.836020e-03   1.016000e+00
9.749649e-03   3.127223e-03   1.016000e+00
9.839952e-03   3.447243e-03   1.016000e+00
9.931092e-03   3.798820e-03   1.016000e+00
1.002308e-02   4.184943e-03   1.016000e+00
1.011591e-02   4.608872e-03   1.016000e+00
1.020961e-02   5.074159e-03   1.016000e+00
1.030417e-02   5.584677e-03   1.016000e+00
1.039961e-02   6.144644e-03   1.016000e+00
1.049593e-02   6.758654e-03   1.016000e+00
1.059315e-02   7.431709e-03   1.016000e+00
1.069126e-02   8.169252e-03   1.016000e+00
1.079029e-02   8.977207e-03   1.016000e+00
1.089023e-02   9.862013e-03   1.016000e+00
1.099110e-02   1.083068e-02   1.016000e+00
1.109290e-02   1.189081e-02   1.016000e+00
1.119564e-02   1.305070e-02   1.016000e+00
1.129934e-02   1.431935e-02   1.016000e+00
1.140400e-02   1.570658e-02   1.016000e+00
1.150962e-02   1.722300e-02   1.016000e+00
1.161623e-02   1.888018e-02   1.016000e+00
1.172382e-02   2.069066e-02   1.016000e+00
1.183241e-02   2.266806e-02   1.016000e+00
1.194200e-02   2.482717e-02   1.016000e+00
1.205261e-02   2.718400e-02   1.016000e+00
1.216424e-02   2.975597e-02   1.016000e+00
1.227691e-02   3.256191e-02   1.016000e+00
1.239062e-02   3.562226e-02   1.016000e+00
1.250539e-02   3.895919e-02   1.016000e+00
1.262121e-02   4.259667e-02   1.016000e+00
1.273811e-02   4.656072e-02   1.016000e+00
1.285610e-02   5.087947e-02   1.016000e+00
1.297517e-02   5.558342e-02   1.016000e+00
1.309535e-02   6.070553e-02   1.016000e+00
1.321664e-02   6.628123e-02   1.016000e+00
1.333906e-02   7.234870e-02   1.016000e+00
1.346261e-02   7.894909e-02   1.016000e+00
1.358730e-02   8.612675e-02   1.016000e+00
1.371315e-02   9.392952e-02   1.016000e+00
1.384016e-02   1.024089e-01   1.016000e+00
1.396835e-02   1.116202e-01   1.016000e+00
1.409773e-02   1.216233e-01   1.016000e+00
1.422830e-02   1.324833e-01   1.016000e+00
1.436009e-02   1.442713e-01   1.016000e+00
1.449310e-02   1.570640e-01   1.016000e+00
1.462733e-02   1.709443e-01   1.016000e+00
1.476281e-02   1.860021e-01   1.016000e+00
1.489955e-02   2.023344e-01   1.016000e+00
1.503755e-02   2.200462e-01   1.016000e+00
1.517683e-02   2.392502e-01   1.016000e+00
1.531740e-02   2.600657e-01   1.016000e+00
1.545928e-02   2.826207e-01   1.016000e+00
1.560246e-02   3.070530e-01   1.016000e+00
1.574698e-02   3.335100e-01   1.016000e+00
1.589283e-02   3.621500e-01   1.016000e+00
1.604003e-02   3.931426e-01   1.016000e+00
1.618860e-02   4.266706e-01   1.016001e+00
1.633854e-02   4.629314e-01   1.016001e+00
1.648987e-02   5.021372e-01   1.016002e+00
1.664260e-02   5.445161e-01   1.016002e+00
1.679675e-02   5.903128e-01   1.016003e+00
1.695232e-02   6.397898e-01   1.016003e+00
1.710934e-02   6.932291e-01   1.016003e+00
1.726781e-02   7.509329e-01   1.016003e+00
1.742775e-02   8.132256e-01   1.016003e+00
1.758917e-02   8.804547e-01   1.016003e+00
1.775208e-02   9.529929e-01   1.016002e+00
1.791650e-02   1.031240e+00   1.016001e+00
1.808245e-02   1.115623e+00   1.015999e+00
1.824993e-02   1.206602e+00   1.015997e+00
1.841897e-02   1.304666e+00   1.015995e+00
1.858957e-02   1.410343e+00   1.015993e+00
1.876175e-02   1.524194e+00   1.015991e+00
1.893552e-02   1.646823e+00   1.015990e+00
1.911091e-02   1.778874e+00   1.015989e+00
1.928792e-02   1.921037e+00   1.015989e+00
1.946656e-02   2.074050e+00   1.015990e+00
1.964687e-02   2.238701e+00   1.015992e+00
1.982884e-02   2.415834e+00   1.015995e+00
2.001250e-02   2.606351e+00   1.016000e+00
2.019786e-02   2.811214e+00   1.016007e+00
2.038493e-02   3.031451e+00   1.016015e+00
2.057374e-02   3.268157e+00   1.016025e+00
2.076430e-02   3.522502e+00   1.016035e+00
2.095662e-02   3.795734e+00   1.016046e+00
2.115073e-02   4.089184e+00   1.016057e+00
2.134663e-02   4.404271e+00   1.016068e+00
2.154435e-02   4.742510e+00   1.016080e+00
2.174389e-02   5.105514e+00   1.016090e+00
2.194529e-02   5.495002e+00   1.016100e+00
2.214855e-02   5.912806e+00   1.016109e+00
2.235370e-02   6.360877e+00   1.016116e+00
2.256074e-02   6.841293e+00   1.016122e+00
2.276970e-02   7.356266e+00   1.016127e+00
2.298060e-02   7.908149e+00   1.016128e+00
2.319345e-02   8.499448e+00   1.016128e+00
2.340827e-02   9.132827e+00   1.016125e+00
2.362508e-02   9.811119e+00   1.016119e+00
2.384390e-02   1.053734e+01   1.016109e+00
2.406475e-02   1.131469e+01   1.016097e+00
2.428764e-02   1.214657e+01   1.016080e+00
2.451260e-02   1.303660e+01   1.016059e+00
2.473964e-02   1.398862e+01   1.016034e+00
2.496878e-02   1.500671e+01   1.016004e+00
2.520005e-02   1.609521e+01   1.015970e+00
2.543346e-02   1.725870e+01   1.015931e+00
2.566903e-02   1.850210e+01   1.015888e+00
2.590678e-02   1.983057e+01   1.015841e+00
2.614673e-02   2.124963e+01   1.015791e+00
2.638891e-02   2.276512e+01   1.015739e+00
2.663333e-02   2.438324e+01   1.015684e+00
2.688001e-02   2.611055e+01   1.015628e+00
2.712898e-02   2.795402e+01   1.015571e+00
2.738025e-02   2.992103e+01   1.015513e+00
2.763385e-02   3.201942e+01   1.015454e+00
2.788980e-02   3.425747e+01   1.015396e+00
2.814812e-02   3.664396e+01   1.015339e+00
2.840884e-02   3.918820e+01   1.015283e+00
2.867196e-02   4.190004e+01   1.015228e+00
2.893753e-02   4.478991e+01   1.015176e+00
2.920556e-02   4.786886e+01   1.015126e+00
2.947606e-02   5.114855e+01   1.015079e+00
2.974908e-02   5.464137e+01   1.015036e+00
3.002462e-02   5.836039e+01   1.014997e+00
3.030271e-02   6.231943e+01   1.014962e+00
3.058338e-02   6.653310e+01   1.014931e+00
3.086665e-02   7.101684e+01   1.014905e+00
3.115254e-02   7.578696e+01   1.014882e+00
3.144108e-02   8.086069e+01   1.014863e+00
3.173230e-02   8.625622e+01   1.014847e+00
3.202621e-02   9.199279e+01   1.014835e+00
3.232284e-02   9.809067e+01   1.014826e+00
3.262222e-02   1.045713e+02   1.014819e+00
3.292437e-02   1.114573e+02   1.014816e+00
3.322933e-02   1.187724e+02   1.014814e+00
3.353710e-02   1.265420e+02   1.014815e+00
3.384773e-02   1.347924e+02   1.014818e+00
3.416123e-02   1.435518e+02   1.014823e+00
3.447764e-02   1.528495e+02   1.014830e+00
3.479698e-02   1.627167e+02   1.014838e+00
3.511928e-02   1.731862e+02   1.014847e+00
3.544456e-02   1.842925e+02   1.014857e+00
3.577285e-02   1.960720e+02   1.014869e+00
3.610419e-02   2.085630e+02   1.014881e+00
3.643859e-02   2.218058e+02   1.014893e+00
3.677609e-02   2.358429e+02   1.014906e+00
3.711672e-02   2.507190e+02   1.014918e+00
3.746050e-02   2.664812e+02   1.014931e+00
3.780747e-02   2.831789e+02   1.014943e+00
3.815765e-02   3.008643e+02   1.014955e+00
3.851107e-02   3.195920e+02   1.014966e+00
3.886777e-02   3.394197e+02   1.014976e+00
3.922777e-02   3.604080e+02   1.014985e+00
3.959110e-02   3.826204e+02   1.014993e+00
3.995780e-02   4.061238e+02   1.014999e+00
4.032790e-02   4.309885e+02   1.015004e+00
4.070142e-02   4.572884e+02   1.015007e+00
4.107841e-02   4.851012e+02   1.015009e+00
4.145888e-02   5.145084e+02   1.015009e+00
4.184289e-02   5.455957e+02   1.015008e+00
4.223044e-02   5.784529e+02   1.015006e+00
4.262159e-02   6.131746e+02   1.015004e+00
4.301636e-02   6.498597e+02   1.015001e+00
4.341478e-02   6.886124e+02   1.014997e+00
4.381690e-02   7.295417e+02   1.014993e+00
4.422274e-02   7.727622e+02   1.014989e+00
4.463234e-02   8.183938e+02   1.014985e+00
4.504573e-02   8.665627e+02   1.014981e+00
4.546295e-02   9.174008e+02   1.014978e+00
4.588404e-02   9.710465e+02   1.014975e+00
4.630903e-02   1.027645e+03   1.014972e+00
4.673795e-02   1.087349e+03   1.014971e+00
4.717085e-02   1.150317e+03   1.014970e+00
4.760775e-02   1.216716e+03   1.014971e+00
4.804870e-02   1.286722e+03   1.014973e+00
4.849374e-02   1.360517e+03   1.014976e+00
4.894290e-02   1.438294e+03   1.014981e+00
4.939622e-02   1.520253e+03   1.014988e+00
4.985373e-02   1.606606e+03   1.014997e+00
5.031549e-02   1.697571e+03   1.015008e+00
5.078152e-02   1.793379e+03   1.015020e+00
5.125187e-02   1.894271e+03   1.015034e+00
5.172657e-02   2.000496e+03   1.015049e+00
5.220568e-02   2.112318e+03   1.015064e+00
5.268921e-02   2.230011e+03   1.015079e+00
5.317723e-02   2.353861e+03   1.015094e+00
5.366977e-02   2.484168e+03   1.015107e+00
5.416687e-02   2.621244e+03   1.015119e+00
5.466857e-02   2.765416e+03   1.015128e+00
5.517492e-02   2.917025e+03   1.015135e+00
5.568596e-02   3.076428e+03   1.015139e+00
5.620174e-02   3.243994e+03   1.015140e+00
5.672229e-02   3.420114e+03   1.015136e+00
5.724766e-02   3.605190e+03   1.015128e+00
5.777790e-02   3.799645e+03   1.015115e+00
5.831305e-02   4.003919e+03   1.015097e+00
5.885316e-02   4.218470e+03   1.015073e+00
5.939827e-02   4.443779e+03   1.015042e+00
5.994843e-02   4.680342e+03   1.015004e+00
6.050368e-02   4.928682e+03   1.014959e+00
6.106408e-02   5.189342e+03   1.014907e+00
6.162966e-02   5.462893e+03   1.014850e+00
6.220049e-02   5.749931e+03   1.014788e+00
6.277660e-02   6.051075e+03   1.014722e+00
6.335805e-02   6.366973e+03   1.014654e+00
6.394488e-02   6.698299e+03   1.014584e+00
6.453715e-02   7.045757e+03   1.014513e+00
6.513491e-02   7.410081e+03   1.014442e+00
6.573820e-02   7.792035e+03   1.014372e+00
6.634708e-02   8.192417e+03   1.014304e+00
6.696160e-02   8.612059e+03   1.014239e+00
6.758181e-02   9.051827e+03   1.014178e+00
6.820777e-02   9.512623e+03   1.014123e+00
6.883952e-02   9.995390e+03   1.014073e+00
6.947713e-02   1.050111e+04   1.014029e+00
7.012064e-02   1.103080e+04   1.013994e+00
7.077011e-02   1.158552e+04   1.013967e+00
7.142559e-02   1.216637e+04   1.013947e+00
7.208715e-02   1.277448e+04   1.013935e+00
7.275484e-02   1.341103e+04   1.013928e+00
7.342870e-02   1.407726e+04   1.013926e+00
7.410882e-02   1.477442e+04   1.013928e+00
7.479523e-02   1.550386e+04   1.013934e+00
7.548799e-02   1.626694e+04   1.013943e+00
7.618718e-02   1.706508e+04   1.013953e+00
7.689284e-02   1.789978e+04   1.013964e+00
7.760503e-02   1.877256e+04   1.013974e+00
7.832383e-02   1.968502e+04   1.013985e+00
7.904928e-02   2.063882e+04   1.013993e+00
7.978145e-02   2.163567e+04   1.013999e+00
8.052040e-02   2.267735e+04   1.014001e+00
8.126619e-02   2.376572e+04   1.014001e+00
8.201889e-02   2.490273e+04   1.013998e+00
8.277857e-02   2.609039e+04   1.013994e+00
8.354528e-02   2.733078e+04   1.013988e+00
8.431909e-02   2.862608e+04   1.013983e+00
8.510007e-02   2.997854e+04   1.013978e+00
8.588829e-02   3.139051e+04   1.013974e+00
8.668380e-02   3.286441e+04   1.013972e+00
8.748668e-02   3.440276e+04   1.013973e+00
8.829700e-02   3.600817e+04   1.013977e+00
8.911482e-02   3.768337e+04   1.013986e+00
8.994022e-02   3.943116e+04   1.013999e+00
9.077327e-02   4.125447e+04   1.014017e+00
9.161402e-02   4.315629e+04   1.014039e+00
9.246257e-02   4.513973e+04   1.014063e+00
9.331898e-02   4.720801e+04   1.014085e+00
9.418332e-02   4.936445e+04   1.014104e+00
9.505566e-02   5.161250e+04   1.014118e+00
9.593608e-02   5.395572e+04   1.014125e+00
9.682466e-02   5.639781e+04   1.014121e+00
9.772147e-02   5.894258e+04   1.014106e+00
9.862658e-02   6.159398e+04   1.014076e+00
9.954008e-02   6.435611e+04   1.014030e+00
1.004620e-01   6.723317e+04   1.013965e+00
1.013925e-01   7.022964e+04   1.013883e+00
1.023317e-01   7.335020e+04   1.013786e+00
1.032795e-01   7.659974e+04   1.013680e+00
1.042361e-01   7.998332e+04   1.013568e+00
1.052015e-01   8.350623e+04   1.013453e+00
1.061759e-01   8.717394e+04   1.013341e+00
1.071593e-01   9.099214e+04   1.013235e+00
1.081519e-01   9.496677e+04   1.013138e+00
1.091536e-01   9.910396e+04   1.013056e+00
1.101646e-01   1.034101e+05   1.012991e+00
1.111850e-01   1.078918e+05   1.012946e+00
1.122148e-01   1.125553e+05   1.012919e+00
1.132541e-01   1.174073e+05   1.012907e+00
1.143031e-01   1.224546e+05   1.012907e+00
1.153618e-01   1.277040e+05   1.012917e+00
1.164303e-01   1.331627e+05   1.012934e+00
1.175087e-01   1.388381e+05   1.012954e+00
1.185971e-01   1.447376e+05   1.012975e+00
1.196956e-01   1.508689e+05   1.012995e+00
1.208042e-01   1.572401e+05   1.013011e+00
1.219231e-01   1.638598e+05   1.013021e+00
1.230524e-01   1.707371e+05   1.013028e+00
1.241921e-01   1.778818e+05   1.013030e+00
1.253424e-01   1.853036e+05   1.013029e+00
1.265034e-01   1.930130e+05   1.013025e+00
1.276751e-01   2.010205e+05   1.013018e+00
1.288576e-01   2.093374e+05   1.013010e+00
1.300511e-01   2.179751e+05   1.013000e+00
1.312557e-01   2.269454e+05   1.012989e+00
1.324714e-01   2.362599e+05   1.012978e+00
1.336984e-01   2.459303e+05   1.012970e+00
1.349367e-01   2.559686e+05   1.012964e+00
1.361865e-01   2.663872e+05   1.012963e+00
1.374479e-01   2.771989e+05   1.012968e+00
1.387210e-01   2.884165e+05   1.012980e+00
1.400058e-01   3.000536e+05   1.013000e+00
1.413026e-01   3.121239e+05   1.013029e+00
1.426114e-01   3.246424e+05   1.013061e+00
1.439323e-01   3.376247e+05   1.013089e+00
1.452654e-01   3.510870e+05   1.013108e+00
1.466109e-01   3.650457e+05   1.013110e+00
1.479688e-01   3.795183e+05   1.013088e+00
1.493393e-01   3.945225e+05   1.013037e+00
1.507225e-01   4.100768e+05   1.012950e+00
1.521186e-01   4.261998e+05   1.012828e+00
1.535275e-01   4.429105e+05   1.012683e+00
1.549495e-01   4.602285e+05   1.012523e+00
1.563847e-01   4.781739e+05   1.012359e+00
1.578331e-01   4.967673e+05   1.012201e+00
1.592950e-01   5.160302e+05   1.012059e+00
1.607704e-01   5.359845e+05   1.011943e+00
1.622595e-01   5.566528e+05   1.011857e+00
1.637624e-01   5.780585e+05   1.011797e+00
1.652792e-01   6.002257e+05   1.011760e+00
1.668101e-01   6.231793e+05   1.011744e+00
1.683551e-01   6.469449e+05   1.011745e+00
1.699144e-01   6.715486e+05   1.011761e+00
1.714882e-01   6.970176e+05   1.011788e+00
1.730766e-01   7.233799e+05   1.011824e+00
1.746796e-01   7.506639e+05   1.011865e+00
1.762975e-01   7.788994e+05   1.011908e+00
1.779304e-01   8.081166e+05   1.011951e+00
1.795785e-01   8.383468e+05   1.011991e+00
1.812418e-01   8.696221e+05   1.012024e+00
1.829205e-01   9.019751e+05   1.012050e+00
1.846147e-01   9.354389e+05   1.012069e+00
1.863246e-01   9.700473e+05   1.012082e+00
1.880504e-01   1.005835e+06   1.012089e+00
1.897922e-01   1.042838e+06   1.012090e+00
1.915501e-01   1.081093e+06   1.012085e+00
1.933242e-01   1.120638e+06   1.012076e+00
1.951148e-01   1.161509e+06   1.012061e+00
1.969220e-01   1.203748e+06   1.012042e+00
1.987460e-01   1.247394e+06   1.012018e+00
2.005868e-01   1.292489e+06   1.011991e+00
2.024447e-01   1.339074e+06   1.011960e+00
2.043197e-01   1.387193e+06   1.011926e+00
2.062122e-01   1.436892e+06   1.011889e+00
2.081222e-01   1.488216e+06   1.011849e+00
2.100498e-01   1.541212e+06   1.011807e+00
2.119953e-01   1.595929e+06   1.011763e+00
2.139589e-01   1.652414e+06   1.011717e+00
2.159406e-01   1.710720e+06   1.011670e+00
2.179407e-01   1.770897e+06   1.011622e+00
2.199593e-01   1.832998e+06   1.011573e+00
2.219966e-01   1.897078e+06   1.011524e+00
2.240528e-01   1.963191e+06   1.011474e+00
2.261280e-01   2.031395e+06   1.011425e+00
2.282224e-01   2.101746e+06   1.011377e+00
2.303363e-01   2.174304e+06   1.011330e+00
2.324697e-01   2.249130e+06   1.011283e+00
2.346229e-01   2.326285e+06   1.011239e+00
2.367960e-01   2.405832e+06   1.011196e+00
2.389893e-01   2.487835e+06   1.011156e+00
2.412028e-01   2.572361e+06   1.011118e+00
2.434369e-01   2.659477e+06   1.011082e+00
2.456916e-01   2.749250e+06   1.011050e+00
2.479673e-01   2.841753e+06   1.011022e+00
2.502640e-01   2.937055e+06   1.010997e+00
2.525820e-01   3.035229e+06   1.010977e+00
2.549215e-01   3.136349e+06   1.010960e+00
2.572826e-01   3.240488e+06   1.010947e+00
2.596656e-01   3.347721e+06   1.010937e+00
2.620707e-01   3.458126e+06   1.010930e+00
2.644980e-01   3.571779e+06   1.010925e+00
2.669478e-01   3.688760e+06   1.010923e+00
2.694204e-01   3.809148e+06   1.010924e+00
2.719158e-01   3.933026e+06   1.010926e+00
2.744343e-01   4.060475e+06   1.010930e+00
2.769762e-01   4.191580e+06   1.010935e+00
2.795416e-01   4.326426e+06   1.010942e+00
2.821308e-01   4.465099e+06   1.010949e+00
2.847439e-01   4.607686e+06   1.010957e+00
2.873813e-01   4.754276e+06   1.010965e+00
2.900430e-01   4.904958e+06   1.010974e+00
2.927295e-01   5.059824e+06   1.010982e+00
2.954408e-01   5.218964e+06   1.010989e+00
2.981772e-01   5.382472e+06   1.010996e+00
3.009390e-01   5.550442e+06   1.011002e+00
3.037264e-01   5.722968e+06   1.011006e+00
3.065395e-01   5.900144e+06   1.011010e+00
3.093788e-01   6.082065e+06   1.011013e+00
3.122443e-01   6.268828e+06   1.011014e+00
3.151363e-01   6.460529e+06   1.011015e+00
3.180552e-01   6.657265e+06   1.011016e+00
3.210011e-01   6.859133e+06   1.011015e+00
3.239743e-01   7.066231e+06   1.011014e+00
3.269750e-01   7.278659e+06   1.011013e+00
3.300035e-01   7.496515e+06   1.011011e+00
3.330600e-01   7.719897e+06   1.011010e+00
3.361449e-01   7.948906e+06   1.011008e+00
3.392583e-01   8.183640e+06   1.011006e+00
3.424006e-01   8.424200e+06   1.011004e+00
3.455720e-01   8.670683e+06   1.011002e+00
3.487727e-01   8.923191e+06   1.011000e+00
3.520031e-01   9.181821e+06   1.010999e+00
3.552635e-01   9.446672e+06   1.010998e+00
3.585540e-01   9.717839e+06   1.010998e+00
3.618750e-01   9.995420e+06   1.010998e+00
3.652267e-01   1.027951e+07   1.010998e+00
3.686095e-01   1.057020e+07   1.010998e+00
3.720237e-01   1.086759e+07   1.010998e+00
3.754694e-01   1.117176e+07   1.010999e+00
3.789471e-01   1.148281e+07   1.010999e+00
3.824570e-01   1.180083e+07   1.010999e+00
3.859994e-01   1.212590e+07   1.011000e+00
3.895746e-01   1.245811e+07   1.011000e+00
3.931829e-01   1.279755e+07   1.011000e+00
3.968246e-01   1.314430e+07   1.011000e+00
4.005001e-01   1.349843e+07   1.011000e+00
4.042096e-01   1.386002e+07   1.010999e+00
4.079535e-01   1.422919e+07   1.010999e+00
4.117320e-01   1.460601e+07   1.010998e+00
4.155455e-01   1.499058e+07   1.010997e+00
4.193944e-01   1.538301e+07   1.010997e+00
4.232789e-01   1.578337e+07   1.010996e+00
4.271994e-01   1.619178e+07   1.010995e+00
4.311562e-01   1.660831e+07   1.010995e+00
4.351497e-01   1.703307e+07   1.010995e+00
4.391801e-01   1.746614e+07   1.010996e+00
4.432479e-01   1.790762e+07   1.010997e+00
4.473533e-01   1.835760e+07   1.010999e+00
4.514968e-01   1.881616e+07   1.011001e+00
4.556786e-01   1.928338e+07   1.011004e+00
4.598992e-01   1.975931e+07   1.011007e+00
4.641589e-01   2.024402e+07   1.011010e+00
4.684580e-01   2.073754e+07   1.011013e+00
4.727970e-01   2.123992e+07   1.011015e+00
4.771761e-01   2.175120e+07   1.011016e+00
4.815958e-01   2.227140e+07   1.011016e+00
4.860564e-01   2.280057e+07   1.011015e+00
4.905584e-01   2.333871e+07   1.011012e+00
4.951020e-01   2.388585e+07   1.011008e+00
4.996877e-01   2.444199e+07   1.011001e+00
5.043159e-01   2.500715e+07   1.010991e+00
5.089870e-01   2.558135e+07   1.010979e+00
5.137014e-01   2.616460e+07   1.010966e+00
5.184594e-01   2.675694e+07   1.010952e+00
5.232614e-01   2.735836e+07   1.010937e+00
5.281080e-01   2.796888e+07   1.010923e+00
5.329994e-01   2.858851e+07   1.010908e+00
5.379362e-01   2.921724e+07   1.010895e+00
5.429186e-01   2.985507e+07   1.010884e+00
5.479472e-01   3.050200e+07   1.010874e+00
5.530224e-01   3.115800e+07   1.010867e+00
5.581446e-01   3.182307e+07   1.010863e+00
5.633143e-01   3.249717e+07   1.010863e+00
5.685318e-01   3.318029e+07   1.010867e+00
5.737976e-01   3.387238e+07   1.010876e+00
5.791123e-01   3.457341e+07   1.010889e+00
5.844761e-01   3.528334e+07   1.010909e+00
5.898896e-01   3.600211e+07   1.010935e+00
5.953533e-01   3.672968e+07   1.010967e+00
6.008676e-01   3.746597e+07   1.011007e+00
6.064329e-01   3.821093e+07   1.011054e+00
6.120498e-01   3.896450e+07   1.011107e+00
6.177188e-01   3.972660e+07   1.011167e+00
6.234402e-01   4.049716e+07   1.011230e+00
6.292146e-01   4.127610e+07   1.011298e+00
6.350425e-01   4.206335e+07   1.011367e+00
6.409244e-01   4.285881e+07   1.011439e+00
6.468608e-01   4.366238e+07   1.011510e+00
6.528521e-01   4.447397e+07   1.011581e+00
6.588990e-01   4.529347e+07   1.011651e+00
6.650018e-01   4.612077e+07   1.011718e+00
6.711612e-01   4.695575e+07   1.011782e+00
6.773776e-01   4.779830e+07   1.011841e+00
6.836516e-01   4.864828e+07   1.011895e+00
6.899837e-01   4.950556e+07   1.011942e+00
6.963745e-01   5.037001e+07   1.011981e+00
7.028244e-01   5.124148e+07   1.012012e+00
7.093341e-01   5.211982e+07   1.012035e+00
7.159041e-01   5.300488e+07   1.012049e+00
7.225349e-01   5.389649e+07   1.012057e+00
7.292272e-01   5.479449e+07   1.012060e+00
7.359814e-01   5.569871e+07   1.012058e+00
7.427982e-01   5.660897e+07   1.012052e+00
7.496782e-01   5.752509e+07   1.012044e+00
7.566219e-01   5.844688e+07   1.012034e+00
7.636298e-01   5.937414e+07   1.012023e+00
7.707027e-01   6.030668e+07   1.012014e+00
7.778411e-01   6.124429e+07   1.012005e+00
7.850456e-01   6.218676e+07   1.012000e+00
7.923169e-01   6.313388e+07   1.011997e+00
7.996555e-01   6.408543e+07   1.012000e+00
8.070620e-01   6.504121e+07   1.012007e+00
8.145372e-01   6.600106e+07   1.012019e+00
8.220816e-01   6.696488e+07   1.012034e+00
8.296959e-01   6.793256e+07   1.012050e+00
8.373807e-01   6.890398e+07   1.012065e+00
8.451366e-01   6.987905e+07   1.012078e+00
8.529644e-01   7.085764e+07   1.012088e+00
8.608648e-01   7.183966e+07   1.012094e+00
8.688383e-01   7.282501e+07   1.012092e+00
8.768856e-01   7.381358e+07   1.012083e+00
8.850075e-01   7.480529e+07   1.012064e+00
8.932046e-01   7.580004e+07   1.012034e+00
9.014776e-01   7.679773e+07   1.011991e+00
9.098273e-01   7.779809e+07   1.011937e+00
9.182543e-01   7.880033e+07   1.011875e+00
9.267593e-01   7.980356e+07   1.011812e+00
9.353432e-01   8.080687e+07   1.011754e+00
9.440065e-01   8.180929e+07   1.011706e+00
9.527500e-01   8.280985e+07   1.011674e+00
9.615746e-01   8.380751e+07   1.011664e+00
9.704809e-01   8.480122e+07   1.011682e+00
9.794697e-01   8.578987e+07   1.011733e+00
9.885417e-01   8.677235e+07   1.011823e+00
9.976978e-01   8.774750e+07   1.011958e+00
1.006939e+00   8.871422e+07   1.012144e+00
1.016265e+00   8.967226e+07   1.012379e+00
1.025678e+00   9.062184e+07   1.012659e+00
1.035178e+00   9.156320e+07   1.012980e+00
1.044766e+00   9.249662e+07   1.013339e+00
1.054443e+00   9.342240e+07   1.013731e+00
1.064209e+00   9.434089e+07   1.014152e+00
1.074066e+00   9.525244e+07   1.014599e+00
1.084014e+00   9.615746e+07   1.015067e+00
1.094055e+00   9.705636e+07   1.015552e+00
1.104188e+00   9.794960e+07   1.016050e+00
1.114415e+00   9.883767e+07   1.016557e+00
1.124737e+00   9.972106e+07   1.017069e+00
1.135155e+00   1.006003e+08   1.017583e+00
1.145669e+00   1.014760e+08   1.018093e+00
1.156280e+00   1.023487e+08   1.018597e+00
1.166990e+00   1.032191e+08   1.019089e+00
1.177799e+00   1.040877e+08   1.019566e+00
1.188708e+00   1.049553e+08   1.020024e+00
1.199718e+00   1.058225e+08   1.020458e+00
1.210830e+00   1.066902e+08   1.020865e+00
1.222045e+00   1.075589e+08   1.021240e+00
1.233363e+00   1.084296e+08   1.021579e+00
1.244787e+00   1.093030e+08   1.021878e+00
1.256317e+00   1.101799e+08   1.022134e+00
1.267953e+00   1.110604e+08   1.022346e+00
1.279697e+00   1.119439e+08   1.022516e+00
1.291550e+00   1.128296e+08   1.022648e+00
1.303512e+00   1.137171e+08   1.022745e+00
1.315586e+00   1.146055e+08   1.022810e+00
1.327771e+00   1.154942e+08   1.022845e+00
1.340069e+00   1.163824e+08   1.022854e+00
1.352481e+00   1.172695e+08   1.022840e+00
1.365008e+00   1.181545e+08   1.022806e+00
1.377651e+00   1.190368e+08   1.022754e+00
1.390411e+00   1.199155e+08   1.022689e+00
1.403289e+00   1.207899e+08   1.022612e+00
1.416287e+00   1.216590e+08   1.022527e+00
1.429405e+00   1.225220e+08   1.022437e+00
1.442644e+00   1.233781e+08   1.022345e+00
1.456006e+00   1.242262e+08   1.022253e+00
1.469492e+00   1.250656e+08   1.022166e+00
1.483103e+00   1.258952e+08   1.022085e+00
1.496839e+00   1.267142e+08   1.022014e+00
1.510703e+00   1.275216e+08   1.021956e+00
1.524696e+00   1.283173e+08   1.021911e+00
1.538818e+00   1.291012e+08   1.021877e+00
1.553071e+00   1.298736e+08   1.021854e+00
1.567455e+00   1.306345e+08   1.021840e+00
1.581973e+00   1.313841e+08   1.021834e+00
1.596626e+00   1.321225e+08   1.021836e+00
1.611414e+00   1.328499e+08   1.021844e+00
1.626340e+00   1.335665e+08   1.021856e+00
1.641403e+00   1.342724e+08   1.021873e+00
1.656606e+00   1.349678e+08   1.021892e+00
1.671950e+00   1.356529e+08   1.021912e+00
1.687436e+00   1.363280e+08   1.021933e+00
1.703065e+00   1.369933e+08   1.021954e+00
1.718839e+00   1.376489e+08   1.021973e+00
1.734759e+00   1.382952e+08   1.021989e+00
1.750827e+00   1.389324e+08   1.022000e+00
1.767044e+00   1.395607e+08   1.022008e+00
1.783410e+00   1.401800e+08   1.022011e+00
1.799929e+00   1.407903e+08   1.022010e+00
1.816600e+00   1.413915e+08   1.022007e+00
1.833425e+00   1.419834e+08   1.022002e+00
1.850407e+00   1.425660e+08   1.021995e+00
1.867546e+00   1.431393e+08   1.021989e+00
1.884843e+00   1.437032e+08   1.021982e+00
1.902301e+00   1.442575e+08   1.021977e+00
1.919921e+00   1.448023e+08   1.021973e+00
1.937703e+00   1.453375e+08   1.021973e+00
1.955651e+00   1.458629e+08   1.021975e+00
1.973764e+00   1.463786e+08   1.021982e+00
1.992046e+00   1.468844e+08   1.021993e+00
2.010496e+00   1.473804e+08   1.022010e+00
2.029118e+00   1.478664e+08   1.022033e+00
2.047912e+00   1.483426e+08   1.022062e+00
2.066880e+00   1.488088e+08   1.022094e+00
2.086024e+00   1.492650e+08   1.022132e+00
2.105345e+00   1.497112e+08   1.022172e+00
2.124845e+00   1.501474e+08   1.022217e+00
2.144526e+00   1.505736e+08   1.022263e+00
2.164389e+00   1.509898e+08   1.022313e+00
2.184436e+00   1.513959e+08   1.022364e+00
2.204669e+00   1.517921e+08   1.022416e+00
2.225089e+00   1.521782e+08   1.022469e+00
2.245698e+00   1.525543e+08   1.022522e+00
2.266498e+00   1.529205e+08   1.022575e+00
2.287491e+00   1.532766e+08   1.022628e+00
2.308678e+00   1.536227e+08   1.022679e+00
2.330061e+00   1.539589e+08   1.022729e+00
2.351643e+00   1.542852e+08   1.022776e+00
2.373424e+00   1.546015e+08   1.022821e+00
2.395407e+00   1.549079e+08   1.022862e+00
2.417594e+00   1.552045e+08   1.022900e+00
2.439986e+00   1.554912e+08   1.022934e+00
2.462586e+00   1.557681e+08   1.022963e+00
2.485395e+00   1.560353e+08   1.022988e+00
2.508415e+00   1.562927e+08   1.023006e+00
2.531648e+00   1.565404e+08   1.023019e+00
2.555097e+00   1.567786e+08   1.023027e+00
2.578763e+00   1.570073e+08   1.023030e+00
2.602648e+00   1.572266e+08   1.023029e+00
2.626754e+00   1.574366e+08   1.023026e+00
2.651084e+00   1.576375e+08   1.023019e+00
2.675638e+00   1.578292e+08   1.023011e+00
2.700421e+00   1.580120e+08   1.023002e+00
2.725433e+00   1.581860e+08   1.022992e+00
2.750676e+00   1.583512e+08   1.022981e+00
2.776153e+00   1.585078e+08   1.022972e+00
2.801867e+00   1.586558e+08   1.022963e+00
2.827818e+00   1.587955e+08   1.022957e+00
2.854010e+00   1.589269e+08   1.022953e+00
2.880444e+00   1.590502e+08   1.022952e+00
2.907123e+00   1.591655e+08   1.022954e+00
2.934050e+00   1.592728e+08   1.022961e+00
2.961225e+00   1.593724e+08   1.022973e+00
2.988653e+00   1.594644e+08   1.022991e+00
3.016334e+00   1.595488e+08   1.023015e+00
3.044272e+00   1.596258e+08   1.023045e+00
3.072469e+00   1.596954e+08   1.023081e+00
3.100927e+00   1.597576e+08   1.023122e+00
3.129648e+00   1.598124e+08   1.023169e+00
3.158635e+00   1.598598e+08   1.023220e+00
3.187891e+00   1.599000e+08   1.023276e+00
3.217418e+00   1.599328e+08   1.023336e+00
3.247218e+00   1.599584e+08   1.023399e+00
3.277295e+00   1.599767e+08   1.023466e+00
3.307650e+00   1.599878e+08   1.023535e+00
3.338286e+00   1.599917e+08   1.023607e+00
3.369206e+00   1.599885e+08   1.023681e+00
3.400412e+00   1.599781e+08   1.023757e+00
3.431907e+00   1.599607e+08   1.023833e+00
3.463694e+00   1.599362e+08   1.023911e+00
3.495776e+00   1.599046e+08   1.023990e+00
3.528154e+00   1.598662e+08   1.024068e+00
3.560833e+00   1.598208e+08   1.024147e+00
3.593814e+00   1.597686e+08   1.024225e+00
3.627100e+00   1.597098e+08   1.024302e+00
3.660695e+00   1.596443e+08   1.024378e+00
3.694601e+00   1.595724e+08   1.024453e+00
3.728821e+00   1.594941e+08   1.024526e+00
3.763358e+00   1.594096e+08   1.024598e+00
3.798215e+00   1.593189e+08   1.024667e+00
3.833395e+00   1.592221e+08   1.024733e+00
3.868901e+00   1.591193e+08   1.024797e+00
3.904735e+00   1.590108e+08   1.024858e+00
3.940902e+00   1.588964e+08   1.024915e+00
3.977403e+00   1.587765e+08   1.024969e+00
4.014242e+00   1.586510e+08   1.025019e+00
4.051423e+00   1.585201e+08   1.025064e+00
4.088948e+00   1.583838e+08   1.025107e+00
4.126821e+00   1.582424e+08   1.025146e+00
4.165044e+00   1.580959e+08   1.025182e+00
4.203622e+00   1.579444e+08   1.025216e+00
4.242556e+00   1.577880e+08   1.025249e+00
4.281852e+00   1.576268e+08   1.025280e+00
4.321511e+00   1.574609e+08   1.025309e+00
4.361538e+00   1.572905e+08   1.025339e+00
4.401935e+00   1.571156e+08   1.025368e+00
4.442707e+00   1.569364e+08   1.025398e+00
4.483856e+00   1.567529e+08   1.025429e+00
4.525386e+00   1.565652e+08   1.025460e+00
4.567301e+00   1.563736e+08   1.025494e+00
4.609604e+00   1.561780e+08   1.025529e+00
4.652300e+00   1.559786e+08   1.025567e+00
4.695390e+00   1.557755e+08   1.025608e+00
4.738880e+00   1.555688e+08   1.025652e+00
4.782772e+00   1.553585e+08   1.025701e+00
4.827071e+00   1.551449e+08   1.025753e+00
4.871780e+00   1.549280e+08   1.025810e+00
4.916904e+00   1.547079e+08   1.025872e+00
4.962445e+00   1.544847e+08   1.025940e+00
5.008408e+00   1.542586e+08   1.026014e+00
5.054797e+00   1.540295e+08   1.026094e+00
5.101615e+00   1.537975e+08   1.026180e+00
5.148867e+00   1.535625e+08   1.026270e+00
5.196557e+00   1.533245e+08   1.026366e+00
5.244689e+00   1.530835e+08   1.026465e+00
5.293266e+00   1.528394e+08   1.026567e+00
5.342293e+00   1.525922e+08   1.026673e+00
5.391775e+00   1.523419e+08   1.026780e+00
5.441714e+00   1.520884e+08   1.026890e+00
5.492116e+00   1.518316e+08   1.027000e+00
5.542986e+00   1.515717e+08   1.027111e+00
5.594326e+00   1.513085e+08   1.027222e+00
5.646141e+00   1.510419e+08   1.027332e+00
5.698437e+00   1.507721e+08   1.027441e+00
5.751217e+00   1.504989e+08   1.027548e+00
5.804486e+00   1.502223e+08   1.027652e+00
5.858248e+00   1.499423e+08   1.027754e+00
5.912508e+00   1.496588e+08   1.027852e+00
5.967271e+00   1.493719e+08   1.027946e+00
6.022541e+00   1.490815e+08   1.028036e+00
6.078323e+00   1.487876e+08   1.028120e+00
6.134622e+00   1.484905e+08   1.028200e+00
6.191442e+00   1.481904e+08   1.028276e+00
6.248788e+00   1.478875e+08   1.028347e+00
6.306666e+00   1.475819e+08   1.028414e+00
6.365079e+00   1.472739e+08   1.028478e+00
6.424034e+00   1.469636e+08   1.028539e+00
6.483534e+00   1.466513e+08   1.028597e+00
6.543586e+00   1.463371e+08   1.028652e+00
6.604194e+00   1.460212e+08   1.028705e+00
6.665363e+00   1.457038e+08   1.028755e+00
6.727099e+00   1.453851e+08   1.028804e+00
6.789407e+00   1.450653e+08   1.028851e+00
6.852292e+00   1.447446e+08   1.028897e+00
6.915759e+00   1.444231e+08   1.028942e+00
6.979814e+00   1.441010e+08   1.028986e+00
7.044462e+00   1.437785e+08   1.029030e+00
7.109709e+00   1.434555e+08   1.029074e+00
7.175561e+00   1.431318e+08   1.029119e+00
7.242022e+00   1.428073e+08   1.029166e+00
7.309099e+00   1.424818e+08   1.029215e+00
7.376798e+00   1.421550e+08   1.029267e+00
7.445123e+00   1.418268e+08   1.029324e+00
7.514081e+00   1.414971e+08   1.029386e+00
7.583678e+00   1.411655e+08   1.029454e+00
7.653919e+00   1.408321e+08   1.029528e+00
7.724811e+00   1.404965e+08   1.029609e+00
7.796360e+00   1.401586e+08   1.029699e+00
7.868572e+00   1.398182e+08   1.029798e+00
7.941452e+00   1.394753e+08   1.029906e+00
8.015007e+00   1.391295e+08   1.030025e+00
8.089243e+00   1.387808e+08   1.030155e+00
8.164168e+00   1.384295e+08   1.030294e+00
8.239786e+00   1.380757e+08   1.030442e+00
8.316104e+00   1.377195e+08   1.030596e+00
8.393129e+00   1.373613e+08   1.030756e+00
8.470868e+00   1.370011e+08   1.030919e+00
8.549327e+00   1.366393e+08   1.031086e+00
8.628513e+00   1.362759e+08   1.031254e+00
8.708431e+00   1.359111e+08   1.031422e+00
8.789091e+00   1.355452e+08   1.031588e+00
8.870497e+00   1.351783e+08   1.031752e+00
8.952657e+00   1.348106e+08   1.031911e+00
9.035578e+00   1.344423e+08   1.032065e+00
9.119268e+00   1.340736e+08   1.032212e+00
9.203732e+00   1.337046e+08   1.032351e+00
9.288979e+00   1.333355e+08   1.032480e+00
9.375015e+00   1.329665e+08   1.032598e+00
9.461848e+00   1.325978e+08   1.032704e+00
9.549486e+00   1.322294e+08   1.032796e+00
9.637935e+00   1.318617e+08   1.032872e+00
9.727203e+00   1.314947e+08   1.032933e+00
9.817298e+00   1.311287e+08   1.032975e+00
9.908228e+00   1.307637e+08   1.032998e+00
1.000000e+01   1.304000e+08   1.033000e+00
