# Be12 + a > C16 + g   [Be12_a__C16_g]   ref=TALYS2, Koning et al. 2023
# detailed balance: alpha=5.143e+10 beta=1.5 gamma=-160.234  Q=13.8079
# T9                 rate                error
1.000000e-03   1.000000e-35   1.000000e+02
1.009262e-03   9.997699e-36   1.000000e+02
1.018610e-03   9.995499e-36   1.000000e+02
1.028045e-03   9.993398e-36   1.000000e+02
1.037567e-03   9.991395e-36   1.000000e+02
1.047177e-03   9.989488e-36   1.000000e+02
1.056876e-03   9.987676e-36   1.000000e+02
1.066665e-03   9.985956e-36   1.000000e+02
1.076545e-03   9.984327e-36   1.000000e+02
1.086516e-03   9.982788e-36   1.000000e+02
1.096579e-03   9.981337e-36   1.000000e+02
1.106736e-03   9.979973e-36   1.000000e+02
1.116987e-03   9.978692e-36   1.000000e+02
1.127333e-03   9.977496e-36   1.000000e+02
1.137774e-03   9.976380e-36   1.000000e+02
1.148312e-03   9.975345e-36   1.000000e+02
1.158948e-03   9.974387e-36   1.000000e+02
1.169683e-03   9.973507e-36   1.000000e+02
1.180517e-03   9.972702e-36   1.000000e+02
1.191451e-03   9.971970e-36   1.000000e+02
1.202486e-03   9.971310e-36   1.000000e+02
1.213624e-03   9.970721e-36   1.000000e+02
1.224865e-03   9.970200e-36   1.000000e+02
1.236210e-03   9.969747e-36   1.000000e+02
1.247660e-03   9.969359e-36   1.000000e+02
1.259216e-03   9.969035e-36   1.000000e+02
1.270879e-03   9.968774e-36   1.000000e+02
1.282650e-03   9.968573e-36   1.000000e+02
1.294530e-03   9.968432e-36   1.000000e+02
1.306520e-03   9.968349e-36   1.000000e+02
1.318621e-03   9.968322e-36   1.000000e+02
1.330835e-03   9.968349e-36   1.000000e+02
1.343161e-03   9.968430e-36   1.000000e+02
1.355602e-03   9.968562e-36   1.000000e+02
1.368158e-03   9.968744e-36   1.000000e+02
1.380830e-03   9.968974e-36   1.000000e+02
1.393619e-03   9.969251e-36   1.000000e+02
1.406527e-03   9.969574e-36   1.000000e+02
1.419555e-03   9.969940e-36   1.000000e+02
1.432703e-03   9.970347e-36   1.000000e+02
1.445973e-03   9.970796e-36   1.000000e+02
1.459366e-03   9.971283e-36   1.000000e+02
1.472883e-03   9.971808e-36   1.000000e+02
1.486525e-03   9.972369e-36   1.000000e+02
1.500293e-03   9.972964e-36   1.000000e+02
1.514189e-03   9.973591e-36   1.000000e+02
1.528214e-03   9.974250e-36   1.000000e+02
1.542369e-03   9.974938e-36   1.000000e+02
1.556654e-03   9.975654e-36   1.000000e+02
1.571072e-03   9.976397e-36   1.000000e+02
1.585624e-03   9.977164e-36   1.000000e+02
1.600310e-03   9.977955e-36   1.000000e+02
1.615133e-03   9.978768e-36   1.000000e+02
1.630092e-03   9.979600e-36   1.000000e+02
1.645191e-03   9.980452e-36   1.000000e+02
1.660429e-03   9.981320e-36   1.000000e+02
1.675808e-03   9.982204e-36   1.000000e+02
1.691330e-03   9.983101e-36   1.000000e+02
1.706995e-03   9.984011e-36   1.000000e+02
1.722805e-03   9.984932e-36   1.000000e+02
1.738762e-03   9.985862e-36   1.000000e+02
1.754867e-03   9.986799e-36   1.000000e+02
1.771121e-03   9.987743e-36   1.000000e+02
1.787526e-03   9.988691e-36   1.000000e+02
1.804082e-03   9.989641e-36   1.000000e+02
1.820792e-03   9.990594e-36   1.000000e+02
1.837656e-03   9.991546e-36   1.000000e+02
1.854677e-03   9.992496e-36   1.000000e+02
1.871855e-03   9.993442e-36   1.000000e+02
1.889193e-03   9.994384e-36   1.000000e+02
1.906691e-03   9.995319e-36   1.000000e+02
1.924351e-03   9.996246e-36   1.000000e+02
1.942175e-03   9.997164e-36   1.000000e+02
1.960163e-03   9.998070e-36   1.000000e+02
1.978319e-03   9.998963e-36   1.000000e+02
1.996642e-03   9.999842e-36   1.000000e+02
2.015136e-03   1.000070e-35   1.000000e+02
2.033800e-03   1.000155e-35   1.000000e+02
2.052638e-03   1.000238e-35   1.000000e+02
2.071650e-03   1.000318e-35   1.000000e+02
2.090838e-03   1.000396e-35   1.000000e+02
2.110203e-03   1.000472e-35   1.000000e+02
2.129749e-03   1.000546e-35   1.000000e+02
2.149475e-03   1.000616e-35   1.000000e+02
2.169384e-03   1.000684e-35   1.000000e+02
2.189477e-03   1.000749e-35   1.000000e+02
2.209756e-03   1.000810e-35   1.000000e+02
2.230223e-03   1.000868e-35   1.000000e+02
2.250880e-03   1.000923e-35   1.000000e+02
2.271728e-03   1.000974e-35   1.000000e+02
2.292769e-03   1.001021e-35   1.000000e+02
2.314005e-03   1.001065e-35   1.000000e+02
2.335438e-03   1.001104e-35   1.000000e+02
2.357069e-03   1.001139e-35   1.000000e+02
2.378901e-03   1.001169e-35   1.000000e+02
2.400935e-03   1.001195e-35   1.000000e+02
2.423173e-03   1.001216e-35   1.000000e+02
2.445617e-03   1.001232e-35   1.000000e+02
2.468268e-03   1.001243e-35   1.000000e+02
2.491130e-03   1.001249e-35   1.000000e+02
2.514203e-03   1.001249e-35   1.000000e+02
2.537490e-03   1.001244e-35   1.000000e+02
2.560993e-03   1.001233e-35   1.000000e+02
2.584714e-03   1.001216e-35   1.000000e+02
2.608654e-03   1.001194e-35   1.000000e+02
2.632815e-03   1.001165e-35   1.000000e+02
2.657201e-03   1.001129e-35   1.000000e+02
2.681813e-03   1.001088e-35   1.000000e+02
2.706652e-03   1.001039e-35   1.000000e+02
2.731722e-03   1.000984e-35   1.000000e+02
2.757023e-03   1.000922e-35   1.000000e+02
2.782559e-03   1.000852e-35   1.000000e+02
2.808332e-03   1.000776e-35   1.000000e+02
2.834343e-03   1.000691e-35   1.000000e+02
2.860596e-03   1.000600e-35   1.000000e+02
2.887091e-03   1.000500e-35   1.000000e+02
2.913832e-03   1.000393e-35   1.000000e+02
2.940820e-03   1.000278e-35   1.000000e+02
2.968059e-03   1.000154e-35   1.000000e+02
2.995549e-03   1.000022e-35   1.000000e+02
3.023295e-03   9.998817e-36   1.000000e+02
3.051297e-03   9.997343e-36   1.000000e+02
3.079559e-03   9.995814e-36   1.000000e+02
3.108082e-03   9.994246e-36   1.000000e+02
3.136870e-03   9.992658e-36   1.000000e+02
3.165924e-03   9.991065e-36   1.000000e+02
3.195248e-03   9.989484e-36   1.000000e+02
3.224842e-03   9.987932e-36   1.000000e+02
3.254712e-03   9.986426e-36   1.000000e+02
3.284857e-03   9.984982e-36   1.000000e+02
3.315282e-03   9.983616e-36   1.000000e+02
3.345989e-03   9.982347e-36   1.000000e+02
3.376980e-03   9.981189e-36   1.000000e+02
3.408259e-03   9.980160e-36   1.000000e+02
3.439826e-03   9.979277e-36   1.000000e+02
3.471687e-03   9.978556e-36   1.000000e+02
3.503842e-03   9.978013e-36   1.000000e+02
3.536296e-03   9.977666e-36   1.000000e+02
3.569049e-03   9.977531e-36   1.000000e+02
3.602107e-03   9.977624e-36   1.000000e+02
3.635470e-03   9.977963e-36   1.000000e+02
3.669142e-03   9.978564e-36   1.000000e+02
3.703127e-03   9.979444e-36   1.000000e+02
3.737426e-03   9.980620e-36   1.000000e+02
3.772042e-03   9.982107e-36   1.000000e+02
3.806980e-03   9.983924e-36   1.000000e+02
3.842241e-03   9.986087e-36   1.000000e+02
3.877828e-03   9.988613e-36   1.000000e+02
3.913746e-03   9.991519e-36   1.000000e+02
3.949995e-03   9.994822e-36   1.000000e+02
3.986581e-03   9.998539e-36   1.000000e+02
4.023506e-03   1.000268e-35   1.000000e+02
4.060772e-03   1.000720e-35   1.000000e+02
4.098384e-03   1.001200e-35   1.000000e+02
4.136344e-03   1.001699e-35   1.000000e+02
4.174655e-03   1.002207e-35   1.000000e+02
4.213322e-03   1.002714e-35   1.000000e+02
4.252346e-03   1.003210e-35   1.000000e+02
4.291732e-03   1.003687e-35   1.000000e+02
4.331483e-03   1.004135e-35   1.000000e+02
4.371602e-03   1.004543e-35   1.000000e+02
4.412093e-03   1.004902e-35   1.000000e+02
4.452959e-03   1.005203e-35   1.000000e+02
4.494203e-03   1.005435e-35   1.000000e+02
4.535829e-03   1.005590e-35   1.000000e+02
4.577841e-03   1.005657e-35   1.000000e+02
4.620241e-03   1.005626e-35   1.000000e+02
4.663035e-03   1.005489e-35   1.000000e+02
4.706225e-03   1.005235e-35   1.000000e+02
4.749815e-03   1.004855e-35   1.000000e+02
4.793808e-03   1.004339e-35   1.000000e+02
4.838210e-03   1.003678e-35   1.000000e+02
4.883022e-03   1.002864e-35   1.000000e+02
4.928250e-03   1.001885e-35   1.000000e+02
4.973896e-03   1.000734e-35   1.000000e+02
5.019965e-03   9.994014e-36   1.000000e+02
5.066461e-03   9.978906e-36   1.000000e+02
5.113388e-03   9.962180e-36   1.000000e+02
5.160749e-03   9.944012e-36   1.000000e+02
5.208549e-03   9.924574e-36   1.000000e+02
5.256791e-03   9.904040e-36   1.000000e+02
5.305481e-03   9.882581e-36   1.000000e+02
5.354621e-03   9.860368e-36   1.000000e+02
5.404216e-03   9.837571e-36   1.000000e+02
5.454271e-03   9.814358e-36   1.000000e+02
5.504790e-03   9.790896e-36   1.000000e+02
5.555776e-03   9.767349e-36   1.000000e+02
5.607235e-03   9.743881e-36   1.000000e+02
5.659170e-03   9.720654e-36   1.000000e+02
5.711586e-03   9.697828e-36   1.000000e+02
5.764488e-03   9.675563e-36   1.000000e+02
5.817880e-03   9.654015e-36   1.000000e+02
5.871766e-03   9.633342e-36   1.000000e+02
5.926152e-03   9.613698e-36   1.000000e+02
5.981041e-03   9.595237e-36   1.000000e+02
6.036439e-03   9.578098e-36   1.000000e+02
6.092349e-03   9.562258e-36   1.000000e+02
6.148778e-03   9.547581e-36   1.000000e+02
6.205729e-03   9.533935e-36   1.000000e+02
6.263207e-03   9.521187e-36   1.000000e+02
6.321218e-03   9.509205e-36   1.000000e+02
6.379767e-03   9.497858e-36   1.000000e+02
6.438857e-03   9.487016e-36   1.000000e+02
6.498495e-03   9.476549e-36   1.000000e+02
6.558686e-03   9.466329e-36   1.000000e+02
6.619433e-03   9.456227e-36   1.000000e+02
6.680744e-03   9.446116e-36   1.000000e+02
6.742622e-03   9.435868e-36   1.000000e+02
6.805074e-03   9.425357e-36   1.000000e+02
6.868104e-03   9.414457e-36   1.000000e+02
6.931717e-03   9.403041e-36   1.000000e+02
6.995920e-03   9.390987e-36   1.000000e+02
7.060718e-03   9.378257e-36   1.000000e+02
7.126115e-03   9.365244e-36   1.000000e+02
7.192119e-03   9.352468e-36   1.000000e+02
7.258734e-03   9.340443e-36   1.000000e+02
7.325965e-03   9.329683e-36   1.000000e+02
7.393820e-03   9.320701e-36   1.000000e+02
7.462303e-03   9.314005e-36   1.000000e+02
7.531420e-03   9.310108e-36   1.000000e+02
7.601178e-03   9.309519e-36   1.000000e+02
7.671581e-03   9.312754e-36   1.000000e+02
7.742637e-03   9.320334e-36   1.000000e+02
7.814351e-03   9.332784e-36   1.000000e+02
7.886729e-03   9.350642e-36   1.000000e+02
7.959777e-03   9.374458e-36   1.000000e+02
8.033502e-03   9.404756e-36   1.000000e+02
8.107910e-03   9.440877e-36   1.000000e+02
8.183007e-03   9.480797e-36   1.000000e+02
8.258799e-03   9.522390e-36   1.000000e+02
8.335294e-03   9.563496e-36   1.000000e+02
8.412497e-03   9.601916e-36   1.000000e+02
8.490415e-03   9.635418e-36   1.000000e+02
8.569055e-03   9.661745e-36   1.000000e+02
8.648423e-03   9.678629e-36   1.000000e+02
8.728527e-03   9.683812e-36   1.000000e+02
8.809372e-03   9.675068e-36   1.000000e+02
8.890966e-03   9.650232e-36   1.000000e+02
8.973316e-03   9.607237e-36   1.000000e+02
9.056428e-03   9.544771e-36   1.000000e+02
9.140311e-03   9.468577e-36   1.000000e+02
9.224970e-03   9.388583e-36   1.000000e+02
9.310413e-03   9.314481e-36   1.000000e+02
9.396648e-03   9.255664e-36   1.000000e+02
9.483682e-03   9.221336e-36   1.000000e+02
9.571522e-03   9.220715e-36   1.000000e+02
9.660175e-03   9.263324e-36   1.000000e+02
9.749649e-03   9.359393e-36   1.000000e+02
9.839952e-03   9.520377e-36   1.000000e+02
9.931092e-03   9.759629e-36   1.000000e+02
1.002308e-02   1.009322e-35   1.000000e+02
1.011591e-02   1.053412e-35   1.000000e+02
1.020961e-02   1.108485e-35   1.000000e+02
1.030417e-02   1.174765e-35   1.000000e+02
1.039961e-02   1.252528e-35   1.000000e+02
1.049593e-02   1.342043e-35   1.000000e+02
1.059315e-02   1.443490e-35   1.000000e+02
1.069126e-02   1.556883e-35   1.000000e+02
1.079029e-02   1.681975e-35   1.000000e+02
1.089023e-02   1.818153e-35   1.000000e+02
1.099110e-02   1.964335e-35   1.000000e+02
1.109290e-02   2.119238e-35   1.000000e+02
1.119564e-02   2.283183e-35   1.000000e+02
1.129934e-02   2.457248e-35   1.000000e+02
1.140400e-02   2.642747e-35   1.000000e+02
1.150962e-02   2.841265e-35   1.000000e+02
1.161623e-02   3.054698e-35   1.000000e+02
1.172382e-02   3.285308e-35   1.000000e+02
1.183241e-02   3.535788e-35   1.000000e+02
1.194200e-02   3.809339e-35   1.000000e+02
1.205261e-02   4.109737e-35   1.000000e+02
1.216424e-02   4.440571e-35   1.000000e+02
1.227691e-02   4.804955e-35   1.000000e+02
1.239062e-02   5.206268e-35   1.000000e+02
1.250539e-02   5.648212e-35   1.000000e+02
1.262121e-02   6.134845e-35   1.000000e+02
1.273811e-02   6.670604e-35   1.000000e+02
1.285610e-02   7.260330e-35   1.000000e+02
1.297517e-02   7.909299e-35   1.000000e+02
1.309535e-02   8.623345e-35   1.000000e+02
1.321664e-02   9.409611e-35   1.000000e+02
1.333906e-02   1.027649e-34   1.000000e+02
1.346261e-02   1.123347e-34   1.000000e+02
1.358730e-02   1.229130e-34   1.000000e+02
1.371315e-02   1.346220e-34   1.000000e+02
1.384016e-02   1.476002e-34   1.000000e+02
1.396835e-02   1.620056e-34   1.000000e+02
1.409773e-02   1.780175e-34   1.000000e+02
1.422830e-02   1.958363e-34   1.000000e+02
1.436009e-02   2.156873e-34   1.000000e+02
1.449310e-02   2.378264e-34   1.000000e+02
1.462733e-02   2.625443e-34   1.000000e+02
1.476281e-02   2.901718e-34   1.000000e+02
1.489955e-02   3.210858e-34   1.000000e+02
1.503755e-02   3.557160e-34   1.000000e+02
1.517683e-02   3.945538e-34   1.000000e+02
1.531740e-02   4.381634e-34   1.000000e+02
1.545928e-02   4.871914e-34   1.000000e+02
1.560246e-02   5.423797e-34   1.000000e+02
1.574698e-02   6.045804e-34   1.000000e+02
1.589283e-02   6.747738e-34   1.000000e+02
1.604003e-02   7.540890e-34   1.000000e+02
1.618860e-02   8.438303e-34   1.000000e+02
1.633854e-02   9.455105e-34   1.000000e+02
1.648987e-02   1.060882e-33   1.000000e+02
1.664260e-02   1.191978e-33   1.000000e+02
1.679675e-02   1.341159e-33   1.000000e+02
1.695232e-02   1.511174e-33   1.000000e+02
1.710934e-02   1.705224e-33   1.000000e+02
1.726781e-02   1.927044e-33   1.000000e+02
1.742775e-02   2.181004e-33   1.000000e+02
1.758917e-02   2.472215e-33   1.000000e+02
1.775208e-02   2.806674e-33   1.000000e+02
1.791650e-02   3.191423e-33   1.000000e+02
1.808245e-02   3.634747e-33   1.000000e+02
1.824993e-02   4.146355e-33   1.000000e+02
1.841897e-02   4.737633e-33   1.000000e+02
1.858957e-02   5.421988e-33   1.000000e+02
1.876175e-02   6.215235e-33   1.000000e+02
1.893552e-02   7.136056e-33   1.000000e+02
1.911091e-02   8.206543e-33   1.000000e+02
1.928792e-02   9.452862e-33   1.000000e+02
1.946656e-02   1.090604e-32   1.000000e+02
1.964687e-02   1.260292e-32   1.000000e+02
1.982884e-02   1.458732e-32   1.000000e+02
2.001250e-02   1.691141e-32   1.000000e+02
2.019786e-02   1.963763e-32   1.000000e+02
2.038493e-02   2.284163e-32   1.000000e+02
2.057374e-02   2.661467e-32   1.000000e+02
2.076430e-02   3.106693e-32   1.000000e+02
2.095662e-02   3.633174e-32   1.000000e+02
2.115073e-02   4.257080e-32   1.000000e+02
2.134663e-02   4.998073e-32   1.000000e+02
2.154435e-02   5.880115e-32   1.000000e+02
2.174389e-02   6.932482e-32   1.000000e+02
2.194529e-02   8.191033e-32   1.000000e+02
2.214855e-02   9.699801e-32   1.000000e+02
2.235370e-02   1.151300e-31   1.000000e+02
2.256074e-02   1.369756e-31   1.000000e+02
2.276970e-02   1.633631e-31   1.000000e+02
2.298060e-02   1.953207e-31   1.000000e+02
2.319345e-02   2.341279e-31   1.000000e+02
2.340827e-02   2.813818e-31   1.000000e+02
2.362508e-02   3.390816e-31   1.000000e+02
2.384390e-02   4.097369e-31   1.000000e+02
2.406475e-02   4.965074e-31   1.000000e+02
2.428764e-02   6.033837e-31   1.000000e+02
2.451260e-02   7.354207e-31   1.000000e+02
2.473964e-02   8.990418e-31   1.000000e+02
2.496878e-02   1.102435e-30   1.000000e+02
2.520005e-02   1.356046e-30   1.000000e+02
2.543346e-02   1.673082e-30   1.000000e+02
2.566903e-02   2.070313e-30   1.000000e+02
2.590678e-02   2.569130e-30   1.000000e+02
2.614673e-02   3.196850e-30   1.000000e+02
2.638891e-02   3.988410e-30   1.000000e+02
2.663333e-02   4.988541e-30   1.000000e+02
2.688001e-02   6.254588e-30   1.000000e+02
2.712898e-02   7.860137e-30   1.000000e+02
2.738025e-02   9.899720e-30   1.000000e+02
2.763385e-02   1.249488e-29   1.000000e+02
2.788980e-02   1.580202e-29   1.000000e+02
2.814812e-02   2.002257e-29   1.000000e+02
2.840884e-02   2.541607e-29   1.000000e+02
2.867196e-02   3.231718e-29   1.000000e+02
2.893753e-02   4.115760e-29   1.000000e+02
2.920556e-02   5.249443e-29   1.000000e+02
2.947606e-02   6.704679e-29   1.000000e+02
2.974908e-02   8.574314e-29   1.000000e+02
3.002462e-02   1.097823e-28   1.000000e+02
3.030271e-02   1.407266e-28   1.000000e+02
3.058338e-02   1.806608e-28   1.000000e+02
3.086665e-02   2.323565e-28   1.000000e+02
3.115254e-02   2.995077e-28   1.000000e+02
3.144108e-02   3.870640e-28   1.000000e+02
3.173230e-02   5.016933e-28   1.000000e+02
3.202621e-02   6.524296e-28   1.000000e+02
3.232284e-02   8.515852e-28   1.000000e+02
3.262222e-02   1.116042e-27   1.000000e+02
3.292437e-02   1.469098e-27   1.000000e+02
3.322933e-02   1.943110e-27   1.000000e+02
3.353710e-02   2.583328e-27   1.000000e+02
3.384773e-02   3.453479e-27   1.000000e+02
3.416123e-02   4.643956e-27   1.000000e+02
3.447764e-02   6.283948e-27   1.000000e+02
3.479698e-02   8.559521e-27   1.000000e+02
3.511928e-02   1.174081e-26   1.000000e+02
3.544456e-02   1.622323e-26   1.000000e+02
3.577285e-02   2.259053e-26   1.000000e+02
3.610419e-02   3.171207e-26   1.000000e+02
3.643859e-02   4.489429e-26   1.000000e+02
3.677609e-02   6.411876e-26   1.000000e+02
3.711672e-02   9.241993e-26   1.000000e+02
3.746050e-02   1.344906e-25   1.000000e+02
3.780747e-02   1.976620e-25   1.000000e+02
3.815765e-02   2.935071e-25   1.000000e+02
3.851107e-02   4.404913e-25   1.000000e+02
3.886777e-02   6.684031e-25   1.000000e+02
3.922777e-02   1.025844e-24   1.000000e+02
3.959110e-02   1.593033e-24   1.000000e+02
3.995780e-02   2.503965e-24   1.000000e+02
4.032790e-02   3.984386e-24   1.000000e+02
4.070142e-02   6.411910e-24   1.000000e+02
4.107841e-02   1.042058e-23   1.000000e+02
4.145888e-02   1.707892e-23   1.000000e+02
4.184289e-02   2.818889e-23   1.000000e+02
4.223044e-02   4.678754e-23   1.000000e+02
4.262159e-02   7.798346e-23   1.000000e+02
4.301636e-02   1.303407e-22   1.000000e+02
4.341478e-02   2.181467e-22   1.000000e+02
4.381690e-02   3.650844e-22   1.000000e+02
4.422274e-02   6.100977e-22   1.000000e+02
4.463234e-02   1.016605e-21   1.000000e+02
4.504573e-02   1.686700e-21   1.000000e+02
4.546295e-02   2.782536e-21   1.000000e+02
4.588404e-02   4.557712e-21   1.000000e+02
4.630903e-02   7.401870e-21   1.000000e+02
4.673795e-02   1.190172e-20   1.000000e+02
4.717085e-02   1.892071e-20   1.000000e+02
4.760775e-02   2.969679e-20   1.000000e+02
4.804870e-02   4.595277e-20   1.000000e+02
4.849374e-02   7.000501e-20   1.000000e+02
4.894290e-02   1.048449e-19   1.000000e+02
4.939622e-02   1.541529e-19   1.000000e+02
4.985373e-02   2.221915e-19   1.000000e+02
5.031549e-02   3.135629e-19   1.000000e+02
5.078152e-02   4.334135e-19   1.000000e+02
5.125187e-02   5.875687e-19   1.000000e+02
5.172657e-02   7.823440e-19   1.000000e+02
5.220568e-02   1.024529e-18   1.000000e+02
5.268921e-02   1.321426e-18   1.000000e+02
5.317723e-02   1.680962e-18   1.000000e+02
5.366977e-02   2.111902e-18   1.000000e+02
5.416687e-02   2.624189e-18   1.000000e+02
5.466857e-02   3.229433e-18   1.000000e+02
5.517492e-02   3.941594e-18   1.000000e+02
5.568596e-02   4.777892e-18   1.000000e+02
5.620174e-02   5.760022e-18   1.000000e+02
5.672229e-02   6.915759e-18   1.000000e+02
5.724766e-02   8.281097e-18   1.000000e+02
5.777790e-02   9.903136e-18   1.000000e+02
5.831305e-02   1.184401e-17   1.000000e+02
5.885316e-02   1.418636e-17   1.000000e+02
5.939827e-02   1.704093e-17   1.000000e+02
5.994843e-02   2.055750e-17   1.000000e+02
6.050368e-02   2.493446e-17   1.000000e+02
6.106408e-02   3.040286e-17   1.000000e+02
6.162966e-02   3.724422e-17   1.000000e+02
6.220049e-02   4.581197e-17   1.000000e+02
6.277660e-02   5.654837e-17   1.000000e+02
6.335805e-02   7.000474e-17   1.000000e+02
6.394488e-02   8.686535e-17   1.000000e+02
6.453715e-02   1.079749e-16   1.000000e+02
6.513491e-02   1.343698e-16   1.000000e+02
6.573820e-02   1.673124e-16   1.000000e+02
6.634708e-02   2.083282e-16   1.000000e+02
6.696160e-02   2.592427e-16   1.000000e+02
6.758181e-02   3.222175e-16   1.000000e+02
6.820777e-02   3.997801e-16   1.000000e+02
6.883952e-02   4.948436e-16   1.000000e+02
6.947713e-02   6.107098e-16   1.000000e+02
7.012064e-02   7.510482e-16   1.000000e+02
7.077011e-02   9.200345e-16   1.000000e+02
7.142559e-02   1.122777e-15   1.000000e+02
7.208715e-02   1.365262e-15   1.000000e+02
7.275484e-02   1.654439e-15   1.000000e+02
7.342870e-02   1.998380e-15   1.000000e+02
7.410882e-02   2.406453e-15   1.000000e+02
7.479523e-02   2.889538e-15   1.000000e+02
7.548799e-02   3.460278e-15   1.000000e+02
7.618718e-02   4.133376e-15   1.000000e+02
7.689284e-02   4.925947e-15   1.000000e+02
7.760503e-02   5.857945e-15   1.000000e+02
7.832383e-02   6.952666e-15   1.000000e+02
7.904928e-02   8.237351e-15   1.000000e+02
7.978145e-02   9.743919e-15   1.000000e+02
8.052040e-02   1.150922e-14   1.000000e+02
8.126619e-02   1.356875e-14   1.000000e+02
8.201889e-02   1.595477e-14   1.000000e+02
8.277857e-02   1.869697e-14   1.000000e+02
8.354528e-02   2.182003e-14   1.000000e+02
8.431909e-02   2.534054e-14   1.000000e+02
8.510007e-02   2.926349e-14   1.000000e+02
8.588829e-02   3.357836e-14   1.000000e+02
8.668380e-02   3.825508e-14   1.000000e+02
8.748668e-02   4.324026e-14   1.000000e+02
8.829700e-02   4.845407e-14   1.000000e+02
8.911482e-02   5.378836e-14   1.000000e+02
8.994022e-02   5.910655e-14   1.000000e+02
9.077327e-02   6.427219e-14   1.000000e+02
9.161402e-02   6.927612e-14   1.000000e+02
9.246257e-02   7.418626e-14   1.000000e+02
9.331898e-02   7.911327e-14   1.000000e+02
9.418332e-02   8.421076e-14   1.000000e+02
9.505566e-02   8.967776e-14   1.000000e+02
9.593608e-02   9.576511e-14   1.000000e+02
9.682466e-02   1.027878e-13   1.000000e+02
9.772147e-02   1.111462e-13   1.000000e+02
9.862658e-02   1.213590e-13   1.000000e+02
9.954008e-02   1.341161e-13   1.000000e+02
1.004620e-01   1.503450e-13   1.000000e+02
1.013925e-01   1.709909e-13   1.000000e+02
1.023317e-01   1.969330e-13   1.000000e+02
1.032795e-01   2.292307e-13   1.000000e+02
1.042361e-01   2.691428e-13   1.000000e+02
1.052015e-01   3.181236e-13   1.000000e+02
1.061759e-01   3.777975e-13   1.000000e+02
1.071593e-01   4.499034e-13   1.000000e+02
1.081519e-01   5.361961e-13   1.000000e+02
1.091536e-01   6.382920e-13   1.000000e+02
1.101646e-01   7.574505e-13   1.000000e+02
1.111850e-01   8.948636e-13   1.000000e+02
1.122148e-01   1.052816e-12   1.000000e+02
1.132541e-01   1.234163e-12   1.000000e+02
1.143031e-01   1.442279e-12   1.000000e+02
1.153618e-01   1.681179e-12   1.000000e+02
1.164303e-01   1.955682e-12   1.000000e+02
1.175087e-01   2.271611e-12   1.000000e+02
1.185971e-01   2.636044e-12   1.000000e+02
1.196956e-01   3.057637e-12   1.000000e+02
1.208042e-01   3.546878e-12   1.000000e+02
1.219231e-01   4.114920e-12   1.000000e+02
1.230524e-01   4.773728e-12   1.000000e+02
1.241921e-01   5.536817e-12   1.000000e+02
1.253424e-01   6.419394e-12   1.000000e+02
1.265034e-01   7.438483e-12   1.000000e+02
1.276751e-01   8.613039e-12   1.000000e+02
1.288576e-01   9.964035e-12   1.000000e+02
1.300511e-01   1.151453e-11   1.000000e+02
1.312557e-01   1.328941e-11   1.000000e+02
1.324714e-01   1.531445e-11   1.000000e+02
1.336984e-01   1.761628e-11   1.000000e+02
1.349367e-01   2.022204e-11   1.000000e+02
1.361865e-01   2.315874e-11   1.000000e+02
1.374479e-01   2.645240e-11   1.000000e+02
1.387210e-01   3.012701e-11   1.000000e+02
1.400058e-01   3.420337e-11   1.000000e+02
1.413026e-01   3.870589e-11   1.000000e+02
1.426114e-01   4.369362e-11   1.000000e+02
1.439323e-01   4.925148e-11   1.000000e+02
1.452654e-01   5.548918e-11   1.000000e+02
1.466109e-01   6.254789e-11   1.000000e+02
1.479688e-01   7.060894e-11   1.000000e+02
1.493393e-01   7.990555e-11   1.000000e+02
1.507225e-01   9.073495e-11   1.000000e+02
1.521186e-01   1.033958e-10   1.000000e+02
1.535275e-01   1.181604e-10   1.000000e+02
1.549495e-01   1.353250e-10   1.000000e+02
1.563847e-01   1.552093e-10   1.000000e+02
1.578331e-01   1.781507e-10   1.000000e+02
1.592950e-01   2.044955e-10   1.000000e+02
1.607704e-01   2.345903e-10   1.000000e+02
1.622595e-01   2.688568e-10   1.000000e+02
1.637624e-01   3.078321e-10   1.000000e+02
1.652792e-01   3.521207e-10   1.000000e+02
1.668101e-01   4.023989e-10   1.000000e+02
1.683551e-01   4.594228e-10   1.000000e+02
1.699144e-01   5.240365e-10   1.000000e+02
1.714882e-01   5.971819e-10   1.000000e+02
1.730766e-01   6.799090e-10   1.000000e+02
1.746796e-01   7.733867e-10   1.000000e+02
1.762975e-01   8.789159e-10   1.000000e+02
1.779304e-01   9.979423e-10   1.000000e+02
1.795785e-01   1.132072e-09   1.000000e+02
1.812418e-01   1.283091e-09   1.000000e+02
1.829205e-01   1.453044e-09   1.000000e+02
1.846147e-01   1.644253e-09   1.000000e+02
1.863246e-01   1.859339e-09   1.000000e+02
1.880504e-01   2.101261e-09   1.000000e+02
1.897922e-01   2.373364e-09   1.000000e+02
1.915501e-01   2.679434e-09   1.000000e+02
1.933242e-01   3.023762e-09   1.000000e+02
1.951148e-01   3.411215e-09   1.000000e+02
1.969220e-01   3.847328e-09   1.000000e+02
1.987460e-01   4.338396e-09   1.000000e+02
2.005868e-01   4.891592e-09   1.000000e+02
2.024447e-01   5.514924e-09   1.000000e+02
2.043197e-01   6.217155e-09   1.000000e+02
2.062122e-01   7.008083e-09   1.000000e+02
2.081222e-01   7.898682e-09   1.000000e+02
2.100498e-01   8.901239e-09   1.000000e+02
2.119953e-01   1.002950e-08   1.000000e+02
2.139589e-01   1.129883e-08   1.000000e+02
2.159406e-01   1.272640e-08   1.000000e+02
2.179407e-01   1.433138e-08   1.000000e+02
2.199593e-01   1.613517e-08   1.000000e+02
2.219966e-01   1.816162e-08   1.000000e+02
2.240528e-01   2.043731e-08   1.000000e+02
2.261280e-01   2.299182e-08   1.000000e+02
2.282224e-01   2.585806e-08   1.000000e+02
2.303363e-01   2.907261e-08   1.000000e+02
2.324697e-01   3.267611e-08   1.000000e+02
2.346229e-01   3.671362e-08   1.000000e+02
2.367960e-01   4.123511e-08   1.000000e+02
2.389893e-01   4.629592e-08   1.000000e+02
2.412028e-01   5.195728e-08   1.000000e+02
2.434369e-01   5.828688e-08   1.000000e+02
2.456916e-01   6.535944e-08   1.000000e+02
2.479673e-01   7.325741e-08   1.000000e+02
2.502640e-01   8.207162e-08   1.000000e+02
2.525820e-01   9.190262e-08   1.000000e+02
2.549215e-01   1.028630e-07   1.000000e+02
2.572826e-01   1.150778e-07   1.000000e+02
2.596656e-01   1.286852e-07   1.000000e+02
2.620707e-01   1.438387e-07   1.000000e+02
2.644980e-01   1.607077e-07   1.000000e+02
2.669478e-01   1.794799e-07   1.000000e+02
2.694204e-01   2.003631e-07   1.000000e+02
2.719158e-01   2.235872e-07   1.000000e+02
2.744343e-01   2.494063e-07   1.000000e+02
2.769762e-01   2.781018e-07   1.000000e+02
2.795416e-01   3.099848e-07   1.000000e+02
2.821308e-01   3.453994e-07   1.000000e+02
2.847439e-01   3.847261e-07   1.000000e+02
2.873813e-01   4.283859e-07   1.000000e+02
2.900430e-01   4.768441e-07   1.000000e+02
2.927295e-01   5.306153e-07   1.000000e+02
2.954408e-01   5.902685e-07   1.000000e+02
2.981772e-01   6.564328e-07   1.000000e+02
3.009390e-01   7.298038e-07   1.000000e+02
3.037264e-01   8.111446e-07   1.000000e+02
3.065395e-01   9.012872e-07   1.000000e+02
3.093788e-01   1.001145e-06   1.000000e+02
3.122443e-01   1.111719e-06   1.000000e+02
3.151363e-01   1.234110e-06   1.000000e+02
3.180552e-01   1.369522e-06   1.000000e+02
3.210011e-01   1.519276e-06   1.000000e+02
3.239743e-01   1.684818e-06   1.000000e+02
3.269750e-01   1.867728e-06   1.000000e+02
3.300035e-01   2.069734e-06   1.000000e+02
3.330600e-01   2.292724e-06   1.000000e+02
3.361449e-01   2.538758e-06   1.000000e+02
3.392583e-01   2.810082e-06   1.000000e+02
3.424006e-01   3.109145e-06   1.000000e+02
3.455720e-01   3.438610e-06   1.000000e+02
3.487727e-01   3.801377e-06   1.000000e+02
3.520031e-01   4.200602e-06   1.000000e+02
3.552635e-01   4.639785e-06   1.000000e+02
3.585540e-01   5.122806e-06   1.000000e+02
3.618750e-01   5.653923e-06   1.000000e+02
3.652267e-01   6.237810e-06   1.000000e+02
3.686095e-01   6.879593e-06   1.000000e+02
3.720237e-01   7.584903e-06   1.000000e+02
3.754694e-01   8.359919e-06   1.000000e+02
3.789471e-01   9.211433e-06   1.000000e+02
3.824570e-01   1.014690e-05   1.000000e+02
3.859994e-01   1.117453e-05   1.000000e+02
3.895746e-01   1.230334e-05   1.000000e+02
3.931829e-01   1.354323e-05   1.000000e+02
3.968246e-01   1.490513e-05   1.000000e+02
4.005001e-01   1.640104e-05   1.000000e+02
4.042096e-01   1.804400e-05   1.000000e+02
4.079535e-01   1.984768e-05   1.000000e+02
4.117320e-01   2.182681e-05   1.000000e+02
4.155455e-01   2.399731e-05   1.000000e+02
4.193944e-01   2.637632e-05   1.000000e+02
4.232789e-01   2.898234e-05   1.000000e+02
4.271994e-01   3.183522e-05   1.000000e+02
4.311562e-01   3.495632e-05   1.000000e+02
4.351497e-01   3.836850e-05   1.000000e+02
4.391801e-01   4.209622e-05   1.000000e+02
4.432479e-01   4.616560e-05   1.000000e+02
4.473533e-01   5.060447e-05   1.000000e+02
4.514968e-01   5.544246e-05   1.000000e+02
4.556786e-01   6.071232e-05   1.000000e+02
4.598992e-01   6.645121e-05   1.000000e+02
4.641589e-01   7.269974e-05   1.000000e+02
4.684580e-01   7.950213e-05   1.000000e+02
4.727970e-01   8.690662e-05   1.000000e+02
4.771761e-01   9.496578e-05   1.000000e+02
4.815958e-01   1.037370e-04   1.000000e+02
4.860564e-01   1.132831e-04   1.000000e+02
4.905584e-01   1.236724e-04   1.000000e+02
4.951020e-01   1.349799e-04   1.000000e+02
4.996877e-01   1.472877e-04   1.000000e+02
5.043159e-01   1.606847e-04   1.000000e+02
5.089870e-01   1.752646e-04   1.000000e+02
5.137014e-01   1.911273e-04   1.000000e+02
5.184594e-01   2.083807e-04   1.000000e+02
5.232614e-01   2.271412e-04   1.000000e+02
5.281080e-01   2.475344e-04   1.000000e+02
5.329994e-01   2.696955e-04   1.000000e+02
5.379362e-01   2.937704e-04   1.000000e+02
5.429186e-01   3.199158e-04   1.000000e+02
5.479472e-01   3.483007e-04   1.000000e+02
5.530224e-01   3.791066e-04   1.000000e+02
5.581446e-01   4.125286e-04   1.000000e+02
5.633143e-01   4.487765e-04   1.000000e+02
5.685318e-01   4.880753e-04   1.000000e+02
5.737976e-01   5.306664e-04   1.000000e+02
5.791123e-01   5.768089e-04   1.000000e+02
5.844761e-01   6.267803e-04   1.000000e+02
5.898896e-01   6.808778e-04   1.000000e+02
5.953533e-01   7.394194e-04   1.000000e+02
6.008676e-01   8.027454e-04   1.000000e+02
6.064329e-01   8.712216e-04   1.000000e+02
6.120498e-01   9.452444e-04   1.000000e+02
6.177188e-01   1.025240e-03   1.000000e+02
6.234402e-01   1.111667e-03   1.000000e+02
6.292146e-01   1.205015e-03   1.000000e+02
6.350425e-01   1.305810e-03   1.000000e+02
6.409244e-01   1.414618e-03   1.000000e+02
6.468608e-01   1.532044e-03   1.000000e+02
6.528521e-01   1.658736e-03   1.000000e+02
6.588990e-01   1.795390e-03   1.000000e+02
6.650018e-01   1.942752e-03   1.000000e+02
6.711612e-01   2.101618e-03   1.000000e+02
6.773776e-01   2.272845e-03   1.000000e+02
6.836516e-01   2.457347e-03   1.000000e+02
6.899837e-01   2.656107e-03   1.000000e+02
6.963745e-01   2.870173e-03   1.000000e+02
7.028244e-01   3.100668e-03   1.000000e+02
7.093341e-01   3.348792e-03   1.000000e+02
7.159041e-01   3.615816e-03   1.000000e+02
7.225349e-01   3.903100e-03   1.000000e+02
7.292272e-01   4.212093e-03   1.000000e+02
7.359814e-01   4.544343e-03   1.000000e+02
7.427982e-01   4.901499e-03   1.000000e+02
7.496782e-01   5.285319e-03   1.000000e+02
7.566219e-01   5.697676e-03   1.000000e+02
7.636298e-01   6.140566e-03   1.000000e+02
7.707027e-01   6.616114e-03   1.000000e+02
7.778411e-01   7.126583e-03   1.000000e+02
7.850456e-01   7.674379e-03   1.000000e+02
7.923169e-01   8.262064e-03   1.000000e+02
7.996555e-01   8.892360e-03   1.000000e+02
8.070620e-01   9.568165e-03   1.000000e+02
8.145372e-01   1.029257e-02   1.000000e+02
8.220816e-01   1.106885e-02   1.000000e+02
8.296959e-01   1.190050e-02   1.000000e+02
8.373807e-01   1.279124e-02   1.000000e+02
8.451366e-01   1.374500e-02   1.000000e+02
8.529644e-01   1.476597e-02   1.000000e+02
8.608648e-01   1.585861e-02   1.000000e+02
8.688383e-01   1.702762e-02   1.000000e+02
8.768856e-01   1.827801e-02   1.000000e+02
8.850075e-01   1.961511e-02   1.000000e+02
8.932046e-01   2.104455e-02   1.000000e+02
9.014776e-01   2.257231e-02   1.000000e+02
9.098273e-01   2.420470e-02   1.000000e+02
9.182543e-01   2.594840e-02   1.000000e+02
9.267593e-01   2.781044e-02   1.000000e+02
9.353432e-01   2.979830e-02   1.000000e+02
9.440065e-01   3.191982e-02   1.000000e+02
9.527500e-01   3.418334e-02   1.000000e+02
9.615746e-01   3.659765e-02   1.000000e+02
9.704809e-01   3.917200e-02   1.000000e+02
9.794697e-01   4.191620e-02   1.000000e+02
9.885417e-01   4.484056e-02   1.000000e+02
9.976978e-01   4.795597e-02   1.000000e+02
1.006939e+00   5.127389e-02   1.000000e+02
1.016265e+00   5.480649e-02   1.000000e+02
1.025678e+00   5.856659e-02   1.000000e+02
1.035178e+00   6.256773e-02   1.000000e+02
1.044766e+00   6.682420e-02   1.000000e+02
1.054443e+00   7.135102e-02   1.000000e+02
1.064209e+00   7.616403e-02   1.000000e+02
1.074066e+00   8.127992e-02   1.000000e+02
1.084014e+00   8.671624e-02   1.000000e+02
1.094055e+00   9.249148e-02   1.000000e+02
1.104188e+00   9.862509e-02   1.000000e+02
1.114415e+00   1.051375e-01   1.000000e+02
1.124737e+00   1.120503e-01   1.000000e+02
1.135155e+00   1.193860e-01   1.000000e+02
1.145669e+00   1.271684e-01   1.000000e+02
1.156280e+00   1.354224e-01   1.000000e+02
1.166990e+00   1.441743e-01   1.000000e+02
1.177799e+00   1.534516e-01   1.000000e+02
1.188708e+00   1.632832e-01   1.000000e+02
1.199718e+00   1.736994e-01   1.000000e+02
1.210830e+00   1.847320e-01   1.000000e+02
1.222045e+00   1.964143e-01   1.000000e+02
1.233363e+00   2.087812e-01   1.000000e+02
1.244787e+00   2.218695e-01   1.000000e+02
1.256317e+00   2.357176e-01   1.000000e+02
1.267953e+00   2.503661e-01   1.000000e+02
1.279697e+00   2.658586e-01   1.000000e+02
1.291550e+00   2.822406e-01   1.000000e+02
1.303512e+00   2.995602e-01   1.000000e+02
1.315586e+00   3.178680e-01   1.000000e+02
1.327771e+00   3.372171e-01   1.000000e+02
1.340069e+00   3.576636e-01   1.000000e+02
1.352481e+00   3.792665e-01   1.000000e+02
1.365008e+00   4.020879e-01   1.000000e+02
1.377651e+00   4.261929e-01   1.000000e+02
1.390411e+00   4.516506e-01   1.000000e+02
1.403289e+00   4.785333e-01   1.000000e+02
1.416287e+00   5.069174e-01   1.000000e+02
1.429405e+00   5.368831e-01   1.000000e+02
1.442644e+00   5.685152e-01   1.000000e+02
1.456006e+00   6.019027e-01   1.000000e+02
1.469492e+00   6.371396e-01   1.000000e+02
1.483103e+00   6.743249e-01   1.000000e+02
1.496839e+00   7.135628e-01   1.000000e+02
1.510703e+00   7.549619e-01   1.000000e+02
1.524696e+00   7.986253e-01   1.000000e+02
1.538818e+00   8.446534e-01   1.000000e+02
1.553071e+00   8.931485e-01   1.000000e+02
1.567455e+00   9.442149e-01   1.000000e+02
1.581973e+00   9.979580e-01   1.000000e+02
1.596626e+00   1.054485e+00   1.000000e+02
1.611414e+00   1.113902e+00   1.000000e+02
1.626340e+00   1.176319e+00   1.000000e+02
1.641403e+00   1.241842e+00   1.000000e+02
1.656606e+00   1.310580e+00   1.000000e+02
1.671950e+00   1.382638e+00   1.000000e+02
1.687436e+00   1.458121e+00   1.000000e+02
1.703065e+00   1.537133e+00   1.000000e+02
1.718839e+00   1.619772e+00   1.000000e+02
1.734759e+00   1.706136e+00   1.000000e+02
1.750827e+00   1.796316e+00   1.000000e+02
1.767044e+00   1.890413e+00   1.000000e+02
1.783410e+00   1.988580e+00   1.000000e+02
1.799929e+00   2.090989e+00   1.000000e+02
1.816600e+00   2.197822e+00   1.000000e+02
1.833425e+00   2.309272e+00   1.000000e+02
1.850407e+00   2.425546e+00   1.000000e+02
1.867546e+00   2.546862e+00   1.000000e+02
1.884843e+00   2.673454e+00   1.000000e+02
1.902301e+00   2.805571e+00   1.000000e+02
1.919921e+00   2.943478e+00   1.000000e+02
1.937703e+00   3.087460e+00   1.000000e+02
1.955651e+00   3.237820e+00   1.000000e+02
1.973764e+00   3.394881e+00   1.000000e+02
1.992046e+00   3.558991e+00   1.000000e+02
2.010496e+00   3.730517e+00   1.000000e+02
2.029118e+00   3.909797e+00   1.000000e+02
2.047912e+00   4.097133e+00   1.000000e+02
2.066880e+00   4.292835e+00   1.000000e+02
2.086024e+00   4.497220e+00   1.000000e+02
2.105345e+00   4.710614e+00   1.000000e+02
2.124845e+00   4.933348e+00   1.000000e+02
2.144526e+00   5.165765e+00   1.000000e+02
2.164389e+00   5.408210e+00   1.000000e+02
2.184436e+00   5.661038e+00   1.000000e+02
2.204669e+00   5.924611e+00   1.000000e+02
2.225089e+00   6.199296e+00   1.000000e+02
2.245698e+00   6.485467e+00   1.000000e+02
2.266498e+00   6.783504e+00   1.000000e+02
2.287491e+00   7.093791e+00   1.000000e+02
2.308678e+00   7.416717e+00   1.000000e+02
2.330061e+00   7.752675e+00   1.000000e+02
2.351643e+00   8.102065e+00   1.000000e+02
2.373424e+00   8.465284e+00   1.000000e+02
2.395407e+00   8.842736e+00   1.000000e+02
2.417594e+00   9.234825e+00   1.000000e+02
2.439986e+00   9.641954e+00   1.000000e+02
2.462586e+00   1.006453e+01   1.000000e+02
2.485395e+00   1.050295e+01   1.000000e+02
2.508415e+00   1.095763e+01   1.000000e+02
2.531648e+00   1.142899e+01   1.000000e+02
2.555097e+00   1.191754e+01   1.000000e+02
2.578763e+00   1.242379e+01   1.000000e+02
2.602648e+00   1.294827e+01   1.000000e+02
2.626754e+00   1.349151e+01   1.000000e+02
2.651084e+00   1.405407e+01   1.000000e+02
2.675638e+00   1.463652e+01   1.000000e+02
2.700421e+00   1.523944e+01   1.000000e+02
2.725433e+00   1.586341e+01   1.000000e+02
2.750676e+00   1.650906e+01   1.000000e+02
2.776153e+00   1.717701e+01   1.000000e+02
2.801867e+00   1.786790e+01   1.000000e+02
2.827818e+00   1.858238e+01   1.000000e+02
2.854010e+00   1.932114e+01   1.000000e+02
2.880444e+00   2.008485e+01   1.000000e+02
2.907123e+00   2.087424e+01   1.000000e+02
2.934050e+00   2.169002e+01   1.000000e+02
2.961225e+00   2.253295e+01   1.000000e+02
2.988653e+00   2.340378e+01   1.000000e+02
3.016334e+00   2.430331e+01   1.000000e+02
3.044272e+00   2.523229e+01   1.000000e+02
3.072469e+00   2.619147e+01   1.000000e+02
3.100927e+00   2.718161e+01   1.000000e+02
3.129648e+00   2.820347e+01   1.000000e+02
3.158635e+00   2.925783e+01   1.000000e+02
3.187891e+00   3.034547e+01   1.000000e+02
3.217418e+00   3.146718e+01   1.000000e+02
3.247218e+00   3.262377e+01   1.000000e+02
3.277295e+00   3.381605e+01   1.000000e+02
3.307650e+00   3.504483e+01   1.000000e+02
3.338286e+00   3.631094e+01   1.000000e+02
3.369206e+00   3.761522e+01   1.000000e+02
3.400412e+00   3.895851e+01   1.000000e+02
3.431907e+00   4.034165e+01   1.000000e+02
3.463694e+00   4.176550e+01   1.000000e+02
3.495776e+00   4.323091e+01   1.000000e+02
3.528154e+00   4.473877e+01   1.000000e+02
3.560833e+00   4.628997e+01   1.000000e+02
3.593814e+00   4.788545e+01   1.000000e+02
3.627100e+00   4.952614e+01   1.000000e+02
3.660695e+00   5.121299e+01   1.000000e+02
3.694601e+00   5.294696e+01   1.000000e+02
3.728821e+00   5.472904e+01   1.000000e+02
3.763358e+00   5.656018e+01   1.000000e+02
3.798215e+00   5.844140e+01   1.000000e+02
3.833395e+00   6.037369e+01   1.000000e+02
3.868901e+00   6.235806e+01   1.000000e+02
3.904735e+00   6.439555e+01   1.000000e+02
3.940902e+00   6.648718e+01   1.000000e+02
3.977403e+00   6.863399e+01   1.000000e+02
4.014242e+00   7.083704e+01   1.000000e+02
4.051423e+00   7.309739e+01   1.000000e+02
4.088948e+00   7.541607e+01   1.000000e+02
4.126821e+00   7.779414e+01   1.000000e+02
4.165044e+00   8.023265e+01   1.000000e+02
4.203622e+00   8.273265e+01   1.000000e+02
4.242556e+00   8.529521e+01   1.000000e+02
4.281852e+00   8.792139e+01   1.000000e+02
4.321511e+00   9.061228e+01   1.000000e+02
4.361538e+00   9.336895e+01   1.000000e+02
4.401935e+00   9.619248e+01   1.000000e+02
4.442707e+00   9.908395e+01   1.000000e+02
4.483856e+00   1.020444e+02   1.000000e+02
4.525386e+00   1.050751e+02   1.000000e+02
4.567301e+00   1.081769e+02   1.000000e+02
4.609604e+00   1.113510e+02   1.000000e+02
4.652300e+00   1.145985e+02   1.000000e+02
4.695390e+00   1.179205e+02   1.000000e+02
4.738880e+00   1.213181e+02   1.000000e+02
4.782772e+00   1.247924e+02   1.000000e+02
4.827071e+00   1.283444e+02   1.000000e+02
4.871780e+00   1.319753e+02   1.000000e+02
4.916904e+00   1.356862e+02   1.000000e+02
4.962445e+00   1.394781e+02   1.000000e+02
5.008408e+00   1.433522e+02   1.000000e+02
5.054797e+00   1.473095e+02   1.000000e+02
5.101615e+00   1.513510e+02   1.000000e+02
5.148867e+00   1.554779e+02   1.000000e+02
5.196557e+00   1.596912e+02   1.000000e+02
5.244689e+00   1.639918e+02   1.000000e+02
5.293266e+00   1.683808e+02   1.000000e+02
5.342293e+00   1.728592e+02   1.000000e+02
5.391775e+00   1.774280e+02   1.000000e+02
5.441714e+00   1.820882e+02   1.000000e+02
5.492116e+00   1.868407e+02   1.000000e+02
5.542986e+00   1.916866e+02   1.000000e+02
5.594326e+00   1.966268e+02   1.000000e+02
5.646141e+00   2.016622e+02   1.000000e+02
5.698437e+00   2.067937e+02   1.000000e+02
5.751217e+00   2.120223e+02   1.000000e+02
5.804486e+00   2.173488e+02   1.000000e+02
5.858248e+00   2.227741e+02   1.000000e+02
5.912508e+00   2.282991e+02   1.000000e+02
5.967271e+00   2.339247e+02   1.000000e+02
6.022541e+00   2.396515e+02   1.000000e+02
6.078323e+00   2.454806e+02   1.000000e+02
6.134622e+00   2.514125e+02   1.000000e+02
6.191442e+00   2.574479e+02   1.000000e+02
6.248788e+00   2.635877e+02   1.000000e+02
6.306666e+00   2.698324e+02   1.000000e+02
6.365079e+00   2.761826e+02   1.000000e+02
6.424034e+00   2.826390e+02   1.000000e+02
6.483534e+00   2.892022e+02   1.000000e+02
6.543586e+00   2.958726e+02   1.000000e+02
6.604194e+00   3.026508e+02   1.000000e+02
6.665363e+00   3.095373e+02   1.000000e+02
6.727099e+00   3.165326e+02   1.000000e+02
6.789407e+00   3.236369e+02   1.000000e+02
6.852292e+00   3.308509e+02   1.000000e+02
6.915759e+00   3.381747e+02   1.000000e+02
6.979814e+00   3.456087e+02   1.000000e+02
7.044462e+00   3.531532e+02   1.000000e+02
7.109709e+00   3.608084e+02   1.000000e+02
7.175561e+00   3.685745e+02   1.000000e+02
7.242022e+00   3.764516e+02   1.000000e+02
7.309099e+00   3.844399e+02   1.000000e+02
7.376798e+00   3.925393e+02   1.000000e+02
7.445123e+00   4.007500e+02   1.000000e+02
7.514081e+00   4.090719e+02   1.000000e+02
7.583678e+00   4.175050e+02   1.000000e+02
7.653919e+00   4.260490e+02   1.000000e+02
7.724811e+00   4.347040e+02   1.000000e+02
7.796360e+00   4.434696e+02   1.000000e+02
7.868572e+00   4.523457e+02   1.000000e+02
7.941452e+00   4.613319e+02   1.000000e+02
8.015007e+00   4.704279e+02   1.000000e+02
8.089243e+00   4.796333e+02   1.000000e+02
8.164168e+00   4.889476e+02   1.000000e+02
8.239786e+00   4.983703e+02   1.000000e+02
8.316104e+00   5.079007e+02   1.000000e+02
8.393129e+00   5.175383e+02   1.000000e+02
8.470868e+00   5.272824e+02   1.000000e+02
8.549327e+00   5.371321e+02   1.000000e+02
8.628513e+00   5.470867e+02   1.000000e+02
8.708431e+00   5.571453e+02   1.000000e+02
8.789091e+00   5.673070e+02   1.000000e+02
8.870497e+00   5.775708e+02   1.000000e+02
8.952657e+00   5.879356e+02   1.000000e+02
9.035578e+00   5.984004e+02   1.000000e+02
9.119268e+00   6.089640e+02   1.000000e+02
9.203732e+00   6.196253e+02   1.000000e+02
9.288979e+00   6.303828e+02   1.000000e+02
9.375015e+00   6.412354e+02   1.000000e+02
9.461848e+00   6.521816e+02   1.000000e+02
9.549486e+00   6.632200e+02   1.000000e+02
9.637935e+00   6.743491e+02   1.000000e+02
9.727203e+00   6.855672e+02   1.000000e+02
9.817298e+00   6.968729e+02   1.000000e+02
9.908228e+00   7.082644e+02   1.000000e+02
1.000000e+01   7.197400e+02   1.000000e+02
