# N13 + n > N14 + g   [N13_n__N14_g]   ref=TALYS2, Koning et al. 2023
# detailed balance: alpha=1.1931e+10 beta=1.5 gamma=-122.467  Q=10.5534
# T9                 rate                error
1.000000e-03   9.417300e+03   1.000000e+02
1.009262e-03   9.406804e+03   1.000000e+02
1.018610e-03   9.396262e+03   1.000000e+02
1.028045e-03   9.385673e+03   1.000000e+02
1.037567e-03   9.375040e+03   1.000000e+02
1.047177e-03   9.364361e+03   1.000000e+02
1.056876e-03   9.353639e+03   1.000000e+02
1.066665e-03   9.342874e+03   1.000000e+02
1.076545e-03   9.332066e+03   1.000000e+02
1.086516e-03   9.321217e+03   1.000000e+02
1.096579e-03   9.310327e+03   1.000000e+02
1.106736e-03   9.299396e+03   1.000000e+02
1.116987e-03   9.288426e+03   1.000000e+02
1.127333e-03   9.277417e+03   1.000000e+02
1.137774e-03   9.266369e+03   1.000000e+02
1.148312e-03   9.255284e+03   1.000000e+02
1.158948e-03   9.244163e+03   1.000000e+02
1.169683e-03   9.233005e+03   1.000000e+02
1.180517e-03   9.221812e+03   1.000000e+02
1.191451e-03   9.210584e+03   1.000000e+02
1.202486e-03   9.199322e+03   1.000000e+02
1.213624e-03   9.188027e+03   1.000000e+02
1.224865e-03   9.176699e+03   1.000000e+02
1.236210e-03   9.165339e+03   1.000000e+02
1.247660e-03   9.153948e+03   1.000000e+02
1.259216e-03   9.142526e+03   1.000000e+02
1.270879e-03   9.131075e+03   1.000000e+02
1.282650e-03   9.119594e+03   1.000000e+02
1.294530e-03   9.108084e+03   1.000000e+02
1.306520e-03   9.096547e+03   1.000000e+02
1.318621e-03   9.084982e+03   1.000000e+02
1.330835e-03   9.073391e+03   1.000000e+02
1.343161e-03   9.061773e+03   1.000000e+02
1.355602e-03   9.050131e+03   1.000000e+02
1.368158e-03   9.038463e+03   1.000000e+02
1.380830e-03   9.026772e+03   1.000000e+02
1.393619e-03   9.015058e+03   1.000000e+02
1.406527e-03   9.003320e+03   1.000000e+02
1.419555e-03   8.991561e+03   1.000000e+02
1.432703e-03   8.979780e+03   1.000000e+02
1.445973e-03   8.967979e+03   1.000000e+02
1.459366e-03   8.956157e+03   1.000000e+02
1.472883e-03   8.944316e+03   1.000000e+02
1.486525e-03   8.932456e+03   1.000000e+02
1.500293e-03   8.920578e+03   1.000000e+02
1.514189e-03   8.908682e+03   1.000000e+02
1.528214e-03   8.896769e+03   1.000000e+02
1.542369e-03   8.884840e+03   1.000000e+02
1.556654e-03   8.872895e+03   1.000000e+02
1.571072e-03   8.860935e+03   1.000000e+02
1.585624e-03   8.848961e+03   1.000000e+02
1.600310e-03   8.836972e+03   1.000000e+02
1.615133e-03   8.824971e+03   1.000000e+02
1.630092e-03   8.812956e+03   1.000000e+02
1.645191e-03   8.800930e+03   1.000000e+02
1.660429e-03   8.788892e+03   1.000000e+02
1.675808e-03   8.776843e+03   1.000000e+02
1.691330e-03   8.764783e+03   1.000000e+02
1.706995e-03   8.752714e+03   1.000000e+02
1.722805e-03   8.740636e+03   1.000000e+02
1.738762e-03   8.728550e+03   1.000000e+02
1.754867e-03   8.716455e+03   1.000000e+02
1.771121e-03   8.704353e+03   1.000000e+02
1.787526e-03   8.692244e+03   1.000000e+02
1.804082e-03   8.680129e+03   1.000000e+02
1.820792e-03   8.668008e+03   1.000000e+02
1.837656e-03   8.655883e+03   1.000000e+02
1.854677e-03   8.643752e+03   1.000000e+02
1.871855e-03   8.631618e+03   1.000000e+02
1.889193e-03   8.619480e+03   1.000000e+02
1.906691e-03   8.607340e+03   1.000000e+02
1.924351e-03   8.595197e+03   1.000000e+02
1.942175e-03   8.583052e+03   1.000000e+02
1.960163e-03   8.570907e+03   1.000000e+02
1.978319e-03   8.558760e+03   1.000000e+02
1.996642e-03   8.546614e+03   1.000000e+02
2.015136e-03   8.534467e+03   1.000000e+02
2.033800e-03   8.522322e+03   1.000000e+02
2.052638e-03   8.510179e+03   1.000000e+02
2.071650e-03   8.498037e+03   1.000000e+02
2.090838e-03   8.485898e+03   1.000000e+02
2.110203e-03   8.473762e+03   1.000000e+02
2.129749e-03   8.461629e+03   1.000000e+02
2.149475e-03   8.449501e+03   1.000000e+02
2.169384e-03   8.437377e+03   1.000000e+02
2.189477e-03   8.425259e+03   1.000000e+02
2.209756e-03   8.413146e+03   1.000000e+02
2.230223e-03   8.401039e+03   1.000000e+02
2.250880e-03   8.388939e+03   1.000000e+02
2.271728e-03   8.376847e+03   1.000000e+02
2.292769e-03   8.364761e+03   1.000000e+02
2.314005e-03   8.352684e+03   1.000000e+02
2.335438e-03   8.340616e+03   1.000000e+02
2.357069e-03   8.328557e+03   1.000000e+02
2.378901e-03   8.316507e+03   1.000000e+02
2.400935e-03   8.304468e+03   1.000000e+02
2.423173e-03   8.292439e+03   1.000000e+02
2.445617e-03   8.280422e+03   1.000000e+02
2.468268e-03   8.268415e+03   1.000000e+02
2.491130e-03   8.256421e+03   1.000000e+02
2.514203e-03   8.244440e+03   1.000000e+02
2.537490e-03   8.232471e+03   1.000000e+02
2.560993e-03   8.220516e+03   1.000000e+02
2.584714e-03   8.208575e+03   1.000000e+02
2.608654e-03   8.196648e+03   1.000000e+02
2.632815e-03   8.184736e+03   1.000000e+02
2.657201e-03   8.172839e+03   1.000000e+02
2.681813e-03   8.160958e+03   1.000000e+02
2.706652e-03   8.149094e+03   1.000000e+02
2.731722e-03   8.137246e+03   1.000000e+02
2.757023e-03   8.125414e+03   1.000000e+02
2.782559e-03   8.113601e+03   1.000000e+02
2.808332e-03   8.101805e+03   1.000000e+02
2.834343e-03   8.090028e+03   1.000000e+02
2.860596e-03   8.078270e+03   1.000000e+02
2.887091e-03   8.066531e+03   1.000000e+02
2.913832e-03   8.054811e+03   1.000000e+02
2.940820e-03   8.043112e+03   1.000000e+02
2.968059e-03   8.031433e+03   1.000000e+02
2.995549e-03   8.019775e+03   1.000000e+02
3.023295e-03   8.008141e+03   1.000000e+02
3.051297e-03   7.996548e+03   1.000000e+02
3.079559e-03   7.985021e+03   1.000000e+02
3.108082e-03   7.973582e+03   1.000000e+02
3.136870e-03   7.962256e+03   1.000000e+02
3.165924e-03   7.951064e+03   1.000000e+02
3.195248e-03   7.940032e+03   1.000000e+02
3.224842e-03   7.929181e+03   1.000000e+02
3.254712e-03   7.918535e+03   1.000000e+02
3.284857e-03   7.908117e+03   1.000000e+02
3.315282e-03   7.897949e+03   1.000000e+02
3.345989e-03   7.888054e+03   1.000000e+02
3.376980e-03   7.878454e+03   1.000000e+02
3.408259e-03   7.869172e+03   1.000000e+02
3.439826e-03   7.860230e+03   1.000000e+02
3.471687e-03   7.851651e+03   1.000000e+02
3.503842e-03   7.843457e+03   1.000000e+02
3.536296e-03   7.835670e+03   1.000000e+02
3.569049e-03   7.828313e+03   1.000000e+02
3.602107e-03   7.821406e+03   1.000000e+02
3.635470e-03   7.814973e+03   1.000000e+02
3.669142e-03   7.809036e+03   1.000000e+02
3.703127e-03   7.803617e+03   1.000000e+02
3.737426e-03   7.798739e+03   1.000000e+02
3.772042e-03   7.794422e+03   1.000000e+02
3.806980e-03   7.790691e+03   1.000000e+02
3.842241e-03   7.787566e+03   1.000000e+02
3.877828e-03   7.785071e+03   1.000000e+02
3.913746e-03   7.783229e+03   1.000000e+02
3.949995e-03   7.782062e+03   1.000000e+02
3.986581e-03   7.781593e+03   1.000000e+02
4.023506e-03   7.781841e+03   1.000000e+02
4.060772e-03   7.782767e+03   1.000000e+02
4.098384e-03   7.784292e+03   1.000000e+02
4.136344e-03   7.786339e+03   1.000000e+02
4.174655e-03   7.788826e+03   1.000000e+02
4.213322e-03   7.791675e+03   1.000000e+02
4.252346e-03   7.794807e+03   1.000000e+02
4.291732e-03   7.798141e+03   1.000000e+02
4.331483e-03   7.801599e+03   1.000000e+02
4.371602e-03   7.805101e+03   1.000000e+02
4.412093e-03   7.808567e+03   1.000000e+02
4.452959e-03   7.811917e+03   1.000000e+02
4.494203e-03   7.815070e+03   1.000000e+02
4.535829e-03   7.817947e+03   1.000000e+02
4.577841e-03   7.820467e+03   1.000000e+02
4.620241e-03   7.822550e+03   1.000000e+02
4.663035e-03   7.824115e+03   1.000000e+02
4.706225e-03   7.825083e+03   1.000000e+02
4.749815e-03   7.825372e+03   1.000000e+02
4.793808e-03   7.824903e+03   1.000000e+02
4.838210e-03   7.823595e+03   1.000000e+02
4.883022e-03   7.821370e+03   1.000000e+02
4.928250e-03   7.818147e+03   1.000000e+02
4.973896e-03   7.813849e+03   1.000000e+02
5.019965e-03   7.808399e+03   1.000000e+02
5.066461e-03   7.801788e+03   1.000000e+02
5.113388e-03   7.794091e+03   1.000000e+02
5.160749e-03   7.785383e+03   1.000000e+02
5.208549e-03   7.775744e+03   1.000000e+02
5.256791e-03   7.765249e+03   1.000000e+02
5.305481e-03   7.753978e+03   1.000000e+02
5.354621e-03   7.742007e+03   1.000000e+02
5.404216e-03   7.729413e+03   1.000000e+02
5.454271e-03   7.716273e+03   1.000000e+02
5.504790e-03   7.702664e+03   1.000000e+02
5.555776e-03   7.688661e+03   1.000000e+02
5.607235e-03   7.674340e+03   1.000000e+02
5.659170e-03   7.659775e+03   1.000000e+02
5.711586e-03   7.645042e+03   1.000000e+02
5.764488e-03   7.630214e+03   1.000000e+02
5.817880e-03   7.615365e+03   1.000000e+02
5.871766e-03   7.600567e+03   1.000000e+02
5.926152e-03   7.585892e+03   1.000000e+02
5.981041e-03   7.571413e+03   1.000000e+02
6.036439e-03   7.557195e+03   1.000000e+02
6.092349e-03   7.543251e+03   1.000000e+02
6.148778e-03   7.529555e+03   1.000000e+02
6.205729e-03   7.516083e+03   1.000000e+02
6.263207e-03   7.502809e+03   1.000000e+02
6.321218e-03   7.489710e+03   1.000000e+02
6.379767e-03   7.476760e+03   1.000000e+02
6.438857e-03   7.463936e+03   1.000000e+02
6.498495e-03   7.451212e+03   1.000000e+02
6.558686e-03   7.438565e+03   1.000000e+02
6.619433e-03   7.425972e+03   1.000000e+02
6.680744e-03   7.413407e+03   1.000000e+02
6.742622e-03   7.400849e+03   1.000000e+02
6.805074e-03   7.388274e+03   1.000000e+02
6.868104e-03   7.375657e+03   1.000000e+02
6.931717e-03   7.362977e+03   1.000000e+02
6.995920e-03   7.350211e+03   1.000000e+02
7.060718e-03   7.337340e+03   1.000000e+02
7.126115e-03   7.324368e+03   1.000000e+02
7.192119e-03   7.311308e+03   1.000000e+02
7.258734e-03   7.298169e+03   1.000000e+02
7.325965e-03   7.284963e+03   1.000000e+02
7.393820e-03   7.271702e+03   1.000000e+02
7.462303e-03   7.258394e+03   1.000000e+02
7.531420e-03   7.245053e+03   1.000000e+02
7.601178e-03   7.231687e+03   1.000000e+02
7.671581e-03   7.218309e+03   1.000000e+02
7.742637e-03   7.204927e+03   1.000000e+02
7.814351e-03   7.191553e+03   1.000000e+02
7.886729e-03   7.178198e+03   1.000000e+02
7.959777e-03   7.164871e+03   1.000000e+02
8.033502e-03   7.151582e+03   1.000000e+02
8.107910e-03   7.138334e+03   1.000000e+02
8.183007e-03   7.125123e+03   1.000000e+02
8.258799e-03   7.111941e+03   1.000000e+02
8.335294e-03   7.098784e+03   1.000000e+02
8.412497e-03   7.085646e+03   1.000000e+02
8.490415e-03   7.072521e+03   1.000000e+02
8.569055e-03   7.059404e+03   1.000000e+02
8.648423e-03   7.046289e+03   1.000000e+02
8.728527e-03   7.033171e+03   1.000000e+02
8.809372e-03   7.020044e+03   1.000000e+02
8.890966e-03   7.006903e+03   1.000000e+02
8.973316e-03   6.993743e+03   1.000000e+02
9.056428e-03   6.980560e+03   1.000000e+02
9.140311e-03   6.967369e+03   1.000000e+02
9.224970e-03   6.954196e+03   1.000000e+02
9.310413e-03   6.941066e+03   1.000000e+02
9.396648e-03   6.928006e+03   1.000000e+02
9.483682e-03   6.915041e+03   1.000000e+02
9.571522e-03   6.902196e+03   1.000000e+02
9.660175e-03   6.889497e+03   1.000000e+02
9.749649e-03   6.876969e+03   1.000000e+02
9.839952e-03   6.864637e+03   1.000000e+02
9.931092e-03   6.852525e+03   1.000000e+02
1.002308e-02   6.840657e+03   1.000000e+02
1.011591e-02   6.829038e+03   1.000000e+02
1.020961e-02   6.817632e+03   1.000000e+02
1.030417e-02   6.806398e+03   1.000000e+02
1.039961e-02   6.795297e+03   1.000000e+02
1.049593e-02   6.784290e+03   1.000000e+02
1.059315e-02   6.773336e+03   1.000000e+02
1.069126e-02   6.762397e+03   1.000000e+02
1.079029e-02   6.751434e+03   1.000000e+02
1.089023e-02   6.740409e+03   1.000000e+02
1.099110e-02   6.729283e+03   1.000000e+02
1.109290e-02   6.718025e+03   1.000000e+02
1.119564e-02   6.706636e+03   1.000000e+02
1.129934e-02   6.695129e+03   1.000000e+02
1.140400e-02   6.683516e+03   1.000000e+02
1.150962e-02   6.671810e+03   1.000000e+02
1.161623e-02   6.660023e+03   1.000000e+02
1.172382e-02   6.648168e+03   1.000000e+02
1.183241e-02   6.636255e+03   1.000000e+02
1.194200e-02   6.624298e+03   1.000000e+02
1.205261e-02   6.612307e+03   1.000000e+02
1.216424e-02   6.600289e+03   1.000000e+02
1.227691e-02   6.588240e+03   1.000000e+02
1.239062e-02   6.576158e+03   1.000000e+02
1.250539e-02   6.564039e+03   1.000000e+02
1.262121e-02   6.551883e+03   1.000000e+02
1.273811e-02   6.539685e+03   1.000000e+02
1.285610e-02   6.527443e+03   1.000000e+02
1.297517e-02   6.515154e+03   1.000000e+02
1.309535e-02   6.502817e+03   1.000000e+02
1.321664e-02   6.490430e+03   1.000000e+02
1.333906e-02   6.477996e+03   1.000000e+02
1.346261e-02   6.465513e+03   1.000000e+02
1.358730e-02   6.452983e+03   1.000000e+02
1.371315e-02   6.440407e+03   1.000000e+02
1.384016e-02   6.427784e+03   1.000000e+02
1.396835e-02   6.415116e+03   1.000000e+02
1.409773e-02   6.402404e+03   1.000000e+02
1.422830e-02   6.389648e+03   1.000000e+02
1.436009e-02   6.376850e+03   1.000000e+02
1.449310e-02   6.364011e+03   1.000000e+02
1.462733e-02   6.351133e+03   1.000000e+02
1.476281e-02   6.338216e+03   1.000000e+02
1.489955e-02   6.325263e+03   1.000000e+02
1.503755e-02   6.312274e+03   1.000000e+02
1.517683e-02   6.299250e+03   1.000000e+02
1.531740e-02   6.286193e+03   1.000000e+02
1.545928e-02   6.273102e+03   1.000000e+02
1.560246e-02   6.259978e+03   1.000000e+02
1.574698e-02   6.246822e+03   1.000000e+02
1.589283e-02   6.233633e+03   1.000000e+02
1.604003e-02   6.220414e+03   1.000000e+02
1.618860e-02   6.207164e+03   1.000000e+02
1.633854e-02   6.193885e+03   1.000000e+02
1.648987e-02   6.180578e+03   1.000000e+02
1.664260e-02   6.167245e+03   1.000000e+02
1.679675e-02   6.153887e+03   1.000000e+02
1.695232e-02   6.140506e+03   1.000000e+02
1.710934e-02   6.127103e+03   1.000000e+02
1.726781e-02   6.113680e+03   1.000000e+02
1.742775e-02   6.100237e+03   1.000000e+02
1.758917e-02   6.086777e+03   1.000000e+02
1.775208e-02   6.073301e+03   1.000000e+02
1.791650e-02   6.059809e+03   1.000000e+02
1.808245e-02   6.046304e+03   1.000000e+02
1.824993e-02   6.032786e+03   1.000000e+02
1.841897e-02   6.019255e+03   1.000000e+02
1.858957e-02   6.005710e+03   1.000000e+02
1.876175e-02   5.992153e+03   1.000000e+02
1.893552e-02   5.978582e+03   1.000000e+02
1.911091e-02   5.964998e+03   1.000000e+02
1.928792e-02   5.951400e+03   1.000000e+02
1.946656e-02   5.937789e+03   1.000000e+02
1.964687e-02   5.924165e+03   1.000000e+02
1.982884e-02   5.910526e+03   1.000000e+02
2.001250e-02   5.896875e+03   1.000000e+02
2.019786e-02   5.883210e+03   1.000000e+02
2.038493e-02   5.869535e+03   1.000000e+02
2.057374e-02   5.855856e+03   1.000000e+02
2.076430e-02   5.842175e+03   1.000000e+02
2.095662e-02   5.828498e+03   1.000000e+02
2.115073e-02   5.814827e+03   1.000000e+02
2.134663e-02   5.801167e+03   1.000000e+02
2.154435e-02   5.787521e+03   1.000000e+02
2.174389e-02   5.773894e+03   1.000000e+02
2.194529e-02   5.760290e+03   1.000000e+02
2.214855e-02   5.746711e+03   1.000000e+02
2.235370e-02   5.733163e+03   1.000000e+02
2.256074e-02   5.719648e+03   1.000000e+02
2.276970e-02   5.706171e+03   1.000000e+02
2.298060e-02   5.692735e+03   1.000000e+02
2.319345e-02   5.679343e+03   1.000000e+02
2.340827e-02   5.666000e+03   1.000000e+02
2.362508e-02   5.652709e+03   1.000000e+02
2.384390e-02   5.639473e+03   1.000000e+02
2.406475e-02   5.626295e+03   1.000000e+02
2.428764e-02   5.613180e+03   1.000000e+02
2.451260e-02   5.600131e+03   1.000000e+02
2.473964e-02   5.587151e+03   1.000000e+02
2.496878e-02   5.574243e+03   1.000000e+02
2.520005e-02   5.561411e+03   1.000000e+02
2.543346e-02   5.548650e+03   1.000000e+02
2.566903e-02   5.535958e+03   1.000000e+02
2.590678e-02   5.523330e+03   1.000000e+02
2.614673e-02   5.510760e+03   1.000000e+02
2.638891e-02   5.498246e+03   1.000000e+02
2.663333e-02   5.485783e+03   1.000000e+02
2.688001e-02   5.473366e+03   1.000000e+02
2.712898e-02   5.460991e+03   1.000000e+02
2.738025e-02   5.448655e+03   1.000000e+02
2.763385e-02   5.436353e+03   1.000000e+02
2.788980e-02   5.424081e+03   1.000000e+02
2.814812e-02   5.411836e+03   1.000000e+02
2.840884e-02   5.399612e+03   1.000000e+02
2.867196e-02   5.387407e+03   1.000000e+02
2.893753e-02   5.375216e+03   1.000000e+02
2.920556e-02   5.363035e+03   1.000000e+02
2.947606e-02   5.350861e+03   1.000000e+02
2.974908e-02   5.338689e+03   1.000000e+02
3.002462e-02   5.326517e+03   1.000000e+02
3.030271e-02   5.314345e+03   1.000000e+02
3.058338e-02   5.302191e+03   1.000000e+02
3.086665e-02   5.290076e+03   1.000000e+02
3.115254e-02   5.278019e+03   1.000000e+02
3.144108e-02   5.266042e+03   1.000000e+02
3.173230e-02   5.254163e+03   1.000000e+02
3.202621e-02   5.242404e+03   1.000000e+02
3.232284e-02   5.230782e+03   1.000000e+02
3.262222e-02   5.219319e+03   1.000000e+02
3.292437e-02   5.208032e+03   1.000000e+02
3.322933e-02   5.196942e+03   1.000000e+02
3.353710e-02   5.186067e+03   1.000000e+02
3.384773e-02   5.175426e+03   1.000000e+02
3.416123e-02   5.165037e+03   1.000000e+02
3.447764e-02   5.154920e+03   1.000000e+02
3.479698e-02   5.145092e+03   1.000000e+02
3.511928e-02   5.135572e+03   1.000000e+02
3.544456e-02   5.126378e+03   1.000000e+02
3.577285e-02   5.117529e+03   1.000000e+02
3.610419e-02   5.109042e+03   1.000000e+02
3.643859e-02   5.100935e+03   1.000000e+02
3.677609e-02   5.093227e+03   1.000000e+02
3.711672e-02   5.085935e+03   1.000000e+02
3.746050e-02   5.079077e+03   1.000000e+02
3.780747e-02   5.072671e+03   1.000000e+02
3.815765e-02   5.066736e+03   1.000000e+02
3.851107e-02   5.061289e+03   1.000000e+02
3.886777e-02   5.056348e+03   1.000000e+02
3.922777e-02   5.051931e+03   1.000000e+02
3.959110e-02   5.048056e+03   1.000000e+02
3.995780e-02   5.044743e+03   1.000000e+02
4.032790e-02   5.041999e+03   1.000000e+02
4.070142e-02   5.039786e+03   1.000000e+02
4.107841e-02   5.038043e+03   1.000000e+02
4.145888e-02   5.036714e+03   1.000000e+02
4.184289e-02   5.035740e+03   1.000000e+02
4.223044e-02   5.035063e+03   1.000000e+02
4.262159e-02   5.034627e+03   1.000000e+02
4.301636e-02   5.034372e+03   1.000000e+02
4.341478e-02   5.034243e+03   1.000000e+02
4.381690e-02   5.034180e+03   1.000000e+02
4.422274e-02   5.034127e+03   1.000000e+02
4.463234e-02   5.034026e+03   1.000000e+02
4.504573e-02   5.033820e+03   1.000000e+02
4.546295e-02   5.033450e+03   1.000000e+02
4.588404e-02   5.032860e+03   1.000000e+02
4.630903e-02   5.031993e+03   1.000000e+02
4.673795e-02   5.030789e+03   1.000000e+02
4.717085e-02   5.029194e+03   1.000000e+02
4.760775e-02   5.027148e+03   1.000000e+02
4.804870e-02   5.024596e+03   1.000000e+02
4.849374e-02   5.021481e+03   1.000000e+02
4.894290e-02   5.017746e+03   1.000000e+02
4.939622e-02   5.013336e+03   1.000000e+02
4.985373e-02   5.008195e+03   1.000000e+02
5.031549e-02   5.002275e+03   1.000000e+02
5.078152e-02   4.995589e+03   1.000000e+02
5.125187e-02   4.988194e+03   1.000000e+02
5.172657e-02   4.980145e+03   1.000000e+02
5.220568e-02   4.971497e+03   1.000000e+02
5.268921e-02   4.962307e+03   1.000000e+02
5.317723e-02   4.952629e+03   1.000000e+02
5.366977e-02   4.942518e+03   1.000000e+02
5.416687e-02   4.932029e+03   1.000000e+02
5.466857e-02   4.921216e+03   1.000000e+02
5.517492e-02   4.910133e+03   1.000000e+02
5.568596e-02   4.898835e+03   1.000000e+02
5.620174e-02   4.887373e+03   1.000000e+02
5.672229e-02   4.875800e+03   1.000000e+02
5.724766e-02   4.864169e+03   1.000000e+02
5.777790e-02   4.852531e+03   1.000000e+02
5.831305e-02   4.840938e+03   1.000000e+02
5.885316e-02   4.829440e+03   1.000000e+02
5.939827e-02   4.818087e+03   1.000000e+02
5.994843e-02   4.806929e+03   1.000000e+02
6.050368e-02   4.796008e+03   1.000000e+02
6.106408e-02   4.785321e+03   1.000000e+02
6.162966e-02   4.774856e+03   1.000000e+02
6.220049e-02   4.764596e+03   1.000000e+02
6.277660e-02   4.754526e+03   1.000000e+02
6.335805e-02   4.744634e+03   1.000000e+02
6.394488e-02   4.734903e+03   1.000000e+02
6.453715e-02   4.725321e+03   1.000000e+02
6.513491e-02   4.715872e+03   1.000000e+02
6.573820e-02   4.706543e+03   1.000000e+02
6.634708e-02   4.697320e+03   1.000000e+02
6.696160e-02   4.688189e+03   1.000000e+02
6.758181e-02   4.679137e+03   1.000000e+02
6.820777e-02   4.670150e+03   1.000000e+02
6.883952e-02   4.661214e+03   1.000000e+02
6.947713e-02   4.652317e+03   1.000000e+02
7.012064e-02   4.643444e+03   1.000000e+02
7.077011e-02   4.634589e+03   1.000000e+02
7.142559e-02   4.625753e+03   1.000000e+02
7.208715e-02   4.616941e+03   1.000000e+02
7.275484e-02   4.608159e+03   1.000000e+02
7.342870e-02   4.599411e+03   1.000000e+02
7.410882e-02   4.590701e+03   1.000000e+02
7.479523e-02   4.582033e+03   1.000000e+02
7.548799e-02   4.573413e+03   1.000000e+02
7.618718e-02   4.564845e+03   1.000000e+02
7.689284e-02   4.556332e+03   1.000000e+02
7.760503e-02   4.547881e+03   1.000000e+02
7.832383e-02   4.539494e+03   1.000000e+02
7.904928e-02   4.531176e+03   1.000000e+02
7.978145e-02   4.522932e+03   1.000000e+02
8.052040e-02   4.514766e+03   1.000000e+02
8.126619e-02   4.506694e+03   1.000000e+02
8.201889e-02   4.498736e+03   1.000000e+02
8.277857e-02   4.490913e+03   1.000000e+02
8.354528e-02   4.483245e+03   1.000000e+02
8.431909e-02   4.475753e+03   1.000000e+02
8.510007e-02   4.468456e+03   1.000000e+02
8.588829e-02   4.461375e+03   1.000000e+02
8.668380e-02   4.454530e+03   1.000000e+02
8.748668e-02   4.447939e+03   1.000000e+02
8.829700e-02   4.441624e+03   1.000000e+02
8.911482e-02   4.435604e+03   1.000000e+02
8.994022e-02   4.429899e+03   1.000000e+02
9.077327e-02   4.424514e+03   1.000000e+02
9.161402e-02   4.419397e+03   1.000000e+02
9.246257e-02   4.414472e+03   1.000000e+02
9.331898e-02   4.409667e+03   1.000000e+02
9.418332e-02   4.404907e+03   1.000000e+02
9.505566e-02   4.400121e+03   1.000000e+02
9.593608e-02   4.395236e+03   1.000000e+02
9.682466e-02   4.390180e+03   1.000000e+02
9.772147e-02   4.384880e+03   1.000000e+02
9.862658e-02   4.379266e+03   1.000000e+02
9.954008e-02   4.373267e+03   1.000000e+02
1.004620e-01   4.366813e+03   1.000000e+02
1.013925e-01   4.359904e+03   1.000000e+02
1.023317e-01   4.352599e+03   1.000000e+02
1.032795e-01   4.344962e+03   1.000000e+02
1.042361e-01   4.337057e+03   1.000000e+02
1.052015e-01   4.328947e+03   1.000000e+02
1.061759e-01   4.320693e+03   1.000000e+02
1.071593e-01   4.312358e+03   1.000000e+02
1.081519e-01   4.304003e+03   1.000000e+02
1.091536e-01   4.295689e+03   1.000000e+02
1.101646e-01   4.287478e+03   1.000000e+02
1.111850e-01   4.279408e+03   1.000000e+02
1.122148e-01   4.271472e+03   1.000000e+02
1.132541e-01   4.263651e+03   1.000000e+02
1.143031e-01   4.255931e+03   1.000000e+02
1.153618e-01   4.248294e+03   1.000000e+02
1.164303e-01   4.240724e+03   1.000000e+02
1.175087e-01   4.233205e+03   1.000000e+02
1.185971e-01   4.225721e+03   1.000000e+02
1.196956e-01   4.218255e+03   1.000000e+02
1.208042e-01   4.210795e+03   1.000000e+02
1.219231e-01   4.203338e+03   1.000000e+02
1.230524e-01   4.195889e+03   1.000000e+02
1.241921e-01   4.188455e+03   1.000000e+02
1.253424e-01   4.181040e+03   1.000000e+02
1.265034e-01   4.173651e+03   1.000000e+02
1.276751e-01   4.166293e+03   1.000000e+02
1.288576e-01   4.158971e+03   1.000000e+02
1.300511e-01   4.151690e+03   1.000000e+02
1.312557e-01   4.144458e+03   1.000000e+02
1.324714e-01   4.137279e+03   1.000000e+02
1.336984e-01   4.130163e+03   1.000000e+02
1.349367e-01   4.123117e+03   1.000000e+02
1.361865e-01   4.116147e+03   1.000000e+02
1.374479e-01   4.109261e+03   1.000000e+02
1.387210e-01   4.102466e+03   1.000000e+02
1.400058e-01   4.095770e+03   1.000000e+02
1.413026e-01   4.089174e+03   1.000000e+02
1.426114e-01   4.082658e+03   1.000000e+02
1.439323e-01   4.076198e+03   1.000000e+02
1.452654e-01   4.069769e+03   1.000000e+02
1.466109e-01   4.063347e+03   1.000000e+02
1.479688e-01   4.056907e+03   1.000000e+02
1.493393e-01   4.050425e+03   1.000000e+02
1.507225e-01   4.043879e+03   1.000000e+02
1.521186e-01   4.037264e+03   1.000000e+02
1.535275e-01   4.030596e+03   1.000000e+02
1.549495e-01   4.023891e+03   1.000000e+02
1.563847e-01   4.017165e+03   1.000000e+02
1.578331e-01   4.010433e+03   1.000000e+02
1.592950e-01   4.003711e+03   1.000000e+02
1.607704e-01   3.997015e+03   1.000000e+02
1.622595e-01   3.990352e+03   1.000000e+02
1.637624e-01   3.983723e+03   1.000000e+02
1.652792e-01   3.977131e+03   1.000000e+02
1.668101e-01   3.970577e+03   1.000000e+02
1.683551e-01   3.964062e+03   1.000000e+02
1.699144e-01   3.957588e+03   1.000000e+02
1.714882e-01   3.951156e+03   1.000000e+02
1.730766e-01   3.944766e+03   1.000000e+02
1.746796e-01   3.938422e+03   1.000000e+02
1.762975e-01   3.932123e+03   1.000000e+02
1.779304e-01   3.925872e+03   1.000000e+02
1.795785e-01   3.919669e+03   1.000000e+02
1.812418e-01   3.913516e+03   1.000000e+02
1.829205e-01   3.907412e+03   1.000000e+02
1.846147e-01   3.901352e+03   1.000000e+02
1.863246e-01   3.895334e+03   1.000000e+02
1.880504e-01   3.889356e+03   1.000000e+02
1.897922e-01   3.883413e+03   1.000000e+02
1.915501e-01   3.877505e+03   1.000000e+02
1.933242e-01   3.871627e+03   1.000000e+02
1.951148e-01   3.865777e+03   1.000000e+02
1.969220e-01   3.859951e+03   1.000000e+02
1.987460e-01   3.854148e+03   1.000000e+02
2.005868e-01   3.848364e+03   1.000000e+02
2.024447e-01   3.842598e+03   1.000000e+02
2.043197e-01   3.836850e+03   1.000000e+02
2.062122e-01   3.831120e+03   1.000000e+02
2.081222e-01   3.825409e+03   1.000000e+02
2.100498e-01   3.819716e+03   1.000000e+02
2.119953e-01   3.814044e+03   1.000000e+02
2.139589e-01   3.808391e+03   1.000000e+02
2.159406e-01   3.802759e+03   1.000000e+02
2.179407e-01   3.797147e+03   1.000000e+02
2.199593e-01   3.791556e+03   1.000000e+02
2.219966e-01   3.785987e+03   1.000000e+02
2.240528e-01   3.780439e+03   1.000000e+02
2.261280e-01   3.774914e+03   1.000000e+02
2.282224e-01   3.769411e+03   1.000000e+02
2.303363e-01   3.763931e+03   1.000000e+02
2.324697e-01   3.758474e+03   1.000000e+02
2.346229e-01   3.753041e+03   1.000000e+02
2.367960e-01   3.747632e+03   1.000000e+02
2.389893e-01   3.742247e+03   1.000000e+02
2.412028e-01   3.736887e+03   1.000000e+02
2.434369e-01   3.731551e+03   1.000000e+02
2.456916e-01   3.726242e+03   1.000000e+02
2.479673e-01   3.720957e+03   1.000000e+02
2.502640e-01   3.715699e+03   1.000000e+02
2.525820e-01   3.710468e+03   1.000000e+02
2.549215e-01   3.705261e+03   1.000000e+02
2.572826e-01   3.700080e+03   1.000000e+02
2.596656e-01   3.694922e+03   1.000000e+02
2.620707e-01   3.689787e+03   1.000000e+02
2.644980e-01   3.684675e+03   1.000000e+02
2.669478e-01   3.679585e+03   1.000000e+02
2.694204e-01   3.674516e+03   1.000000e+02
2.719158e-01   3.669467e+03   1.000000e+02
2.744343e-01   3.664437e+03   1.000000e+02
2.769762e-01   3.659426e+03   1.000000e+02
2.795416e-01   3.654433e+03   1.000000e+02
2.821308e-01   3.649457e+03   1.000000e+02
2.847439e-01   3.644498e+03   1.000000e+02
2.873813e-01   3.639554e+03   1.000000e+02
2.900430e-01   3.634626e+03   1.000000e+02
2.927295e-01   3.629712e+03   1.000000e+02
2.954408e-01   3.624812e+03   1.000000e+02
2.981772e-01   3.619924e+03   1.000000e+02
3.009390e-01   3.615049e+03   1.000000e+02
3.037264e-01   3.610186e+03   1.000000e+02
3.065395e-01   3.605335e+03   1.000000e+02
3.093788e-01   3.600496e+03   1.000000e+02
3.122443e-01   3.595672e+03   1.000000e+02
3.151363e-01   3.590860e+03   1.000000e+02
3.180552e-01   3.586063e+03   1.000000e+02
3.210011e-01   3.581281e+03   1.000000e+02
3.239743e-01   3.576513e+03   1.000000e+02
3.269750e-01   3.571761e+03   1.000000e+02
3.300035e-01   3.567024e+03   1.000000e+02
3.330600e-01   3.562304e+03   1.000000e+02
3.361449e-01   3.557600e+03   1.000000e+02
3.392583e-01   3.552914e+03   1.000000e+02
3.424006e-01   3.548244e+03   1.000000e+02
3.455720e-01   3.543593e+03   1.000000e+02
3.487727e-01   3.538960e+03   1.000000e+02
3.520031e-01   3.534346e+03   1.000000e+02
3.552635e-01   3.529750e+03   1.000000e+02
3.585540e-01   3.525170e+03   1.000000e+02
3.618750e-01   3.520606e+03   1.000000e+02
3.652267e-01   3.516057e+03   1.000000e+02
3.686095e-01   3.511521e+03   1.000000e+02
3.720237e-01   3.506997e+03   1.000000e+02
3.754694e-01   3.502483e+03   1.000000e+02
3.789471e-01   3.497980e+03   1.000000e+02
3.824570e-01   3.493484e+03   1.000000e+02
3.859994e-01   3.488997e+03   1.000000e+02
3.895746e-01   3.484515e+03   1.000000e+02
3.931829e-01   3.480038e+03   1.000000e+02
3.968246e-01   3.475565e+03   1.000000e+02
4.005001e-01   3.471094e+03   1.000000e+02
4.042096e-01   3.466626e+03   1.000000e+02
4.079535e-01   3.462161e+03   1.000000e+02
4.117320e-01   3.457702e+03   1.000000e+02
4.155455e-01   3.453249e+03   1.000000e+02
4.193944e-01   3.448805e+03   1.000000e+02
4.232789e-01   3.444370e+03   1.000000e+02
4.271994e-01   3.439948e+03   1.000000e+02
4.311562e-01   3.435538e+03   1.000000e+02
4.351497e-01   3.431144e+03   1.000000e+02
4.391801e-01   3.426766e+03   1.000000e+02
4.432479e-01   3.422406e+03   1.000000e+02
4.473533e-01   3.418066e+03   1.000000e+02
4.514968e-01   3.413747e+03   1.000000e+02
4.556786e-01   3.409449e+03   1.000000e+02
4.598992e-01   3.405172e+03   1.000000e+02
4.641589e-01   3.400914e+03   1.000000e+02
4.684580e-01   3.396674e+03   1.000000e+02
4.727970e-01   3.392450e+03   1.000000e+02
4.771761e-01   3.388242e+03   1.000000e+02
4.815958e-01   3.384047e+03   1.000000e+02
4.860564e-01   3.379865e+03   1.000000e+02
4.905584e-01   3.375694e+03   1.000000e+02
4.951020e-01   3.371533e+03   1.000000e+02
4.996877e-01   3.367381e+03   1.000000e+02
5.043159e-01   3.363237e+03   1.000000e+02
5.089870e-01   3.359101e+03   1.000000e+02
5.137014e-01   3.354973e+03   1.000000e+02
5.184594e-01   3.350855e+03   1.000000e+02
5.232614e-01   3.346748e+03   1.000000e+02
5.281080e-01   3.342651e+03   1.000000e+02
5.329994e-01   3.338565e+03   1.000000e+02
5.379362e-01   3.334492e+03   1.000000e+02
5.429186e-01   3.330431e+03   1.000000e+02
5.479472e-01   3.326384e+03   1.000000e+02
5.530224e-01   3.322351e+03   1.000000e+02
5.581446e-01   3.318332e+03   1.000000e+02
5.633143e-01   3.314329e+03   1.000000e+02
5.685318e-01   3.310342e+03   1.000000e+02
5.737976e-01   3.306372e+03   1.000000e+02
5.791123e-01   3.302419e+03   1.000000e+02
5.844761e-01   3.298484e+03   1.000000e+02
5.898896e-01   3.294568e+03   1.000000e+02
5.953533e-01   3.290671e+03   1.000000e+02
6.008676e-01   3.286794e+03   1.000000e+02
6.064329e-01   3.282937e+03   1.000000e+02
6.120498e-01   3.279100e+03   1.000000e+02
6.177188e-01   3.275284e+03   1.000000e+02
6.234402e-01   3.271488e+03   1.000000e+02
6.292146e-01   3.267712e+03   1.000000e+02
6.350425e-01   3.263956e+03   1.000000e+02
6.409244e-01   3.260220e+03   1.000000e+02
6.468608e-01   3.256505e+03   1.000000e+02
6.528521e-01   3.252809e+03   1.000000e+02
6.588990e-01   3.249133e+03   1.000000e+02
6.650018e-01   3.245477e+03   1.000000e+02
6.711612e-01   3.241841e+03   1.000000e+02
6.773776e-01   3.238225e+03   1.000000e+02
6.836516e-01   3.234629e+03   1.000000e+02
6.899837e-01   3.231052e+03   1.000000e+02
6.963745e-01   3.227495e+03   1.000000e+02
7.028244e-01   3.223957e+03   1.000000e+02
7.093341e-01   3.220440e+03   1.000000e+02
7.159041e-01   3.216942e+03   1.000000e+02
7.225349e-01   3.213465e+03   1.000000e+02
7.292272e-01   3.210008e+03   1.000000e+02
7.359814e-01   3.206572e+03   1.000000e+02
7.427982e-01   3.203158e+03   1.000000e+02
7.496782e-01   3.199765e+03   1.000000e+02
7.566219e-01   3.196395e+03   1.000000e+02
7.636298e-01   3.193046e+03   1.000000e+02
7.707027e-01   3.189721e+03   1.000000e+02
7.778411e-01   3.186418e+03   1.000000e+02
7.850456e-01   3.183138e+03   1.000000e+02
7.923169e-01   3.179882e+03   1.000000e+02
7.996555e-01   3.176650e+03   1.000000e+02
8.070620e-01   3.173443e+03   1.000000e+02
8.145372e-01   3.170259e+03   1.000000e+02
8.220816e-01   3.167100e+03   1.000000e+02
8.296959e-01   3.163965e+03   1.000000e+02
8.373807e-01   3.160856e+03   1.000000e+02
8.451366e-01   3.157771e+03   1.000000e+02
8.529644e-01   3.154711e+03   1.000000e+02
8.608648e-01   3.151676e+03   1.000000e+02
8.688383e-01   3.148667e+03   1.000000e+02
8.768856e-01   3.145683e+03   1.000000e+02
8.850075e-01   3.142724e+03   1.000000e+02
8.932046e-01   3.139792e+03   1.000000e+02
9.014776e-01   3.136885e+03   1.000000e+02
9.098273e-01   3.134004e+03   1.000000e+02
9.182543e-01   3.131149e+03   1.000000e+02
9.267593e-01   3.128320e+03   1.000000e+02
9.353432e-01   3.125518e+03   1.000000e+02
9.440065e-01   3.122742e+03   1.000000e+02
9.527500e-01   3.119993e+03   1.000000e+02
9.615746e-01   3.117270e+03   1.000000e+02
9.704809e-01   3.114574e+03   1.000000e+02
9.794697e-01   3.111905e+03   1.000000e+02
9.885417e-01   3.109264e+03   1.000000e+02
9.976978e-01   3.106649e+03   1.000000e+02
1.006939e+00   3.104062e+03   1.000000e+02
1.016265e+00   3.101503e+03   1.000000e+02
1.025678e+00   3.098970e+03   1.000000e+02
1.035178e+00   3.096465e+03   1.000000e+02
1.044766e+00   3.093987e+03   1.000000e+02
1.054443e+00   3.091537e+03   1.000000e+02
1.064209e+00   3.089114e+03   1.000000e+02
1.074066e+00   3.086718e+03   1.000000e+02
1.084014e+00   3.084349e+03   1.000000e+02
1.094055e+00   3.082008e+03   1.000000e+02
1.104188e+00   3.079694e+03   1.000000e+02
1.114415e+00   3.077407e+03   1.000000e+02
1.124737e+00   3.075147e+03   1.000000e+02
1.135155e+00   3.072915e+03   1.000000e+02
1.145669e+00   3.070709e+03   1.000000e+02
1.156280e+00   3.068531e+03   1.000000e+02
1.166990e+00   3.066380e+03   1.000000e+02
1.177799e+00   3.064256e+03   1.000000e+02
1.188708e+00   3.062159e+03   1.000000e+02
1.199718e+00   3.060089e+03   1.000000e+02
1.210830e+00   3.058046e+03   1.000000e+02
1.222045e+00   3.056030e+03   1.000000e+02
1.233363e+00   3.054042e+03   1.000000e+02
1.244787e+00   3.052080e+03   1.000000e+02
1.256317e+00   3.050146e+03   1.000000e+02
1.267953e+00   3.048238e+03   1.000000e+02
1.279697e+00   3.046357e+03   1.000000e+02
1.291550e+00   3.044503e+03   1.000000e+02
1.303512e+00   3.042675e+03   1.000000e+02
1.315586e+00   3.040872e+03   1.000000e+02
1.327771e+00   3.039096e+03   1.000000e+02
1.340069e+00   3.037345e+03   1.000000e+02
1.352481e+00   3.035619e+03   1.000000e+02
1.365008e+00   3.033918e+03   1.000000e+02
1.377651e+00   3.032242e+03   1.000000e+02
1.390411e+00   3.030590e+03   1.000000e+02
1.403289e+00   3.028963e+03   1.000000e+02
1.416287e+00   3.027359e+03   1.000000e+02
1.429405e+00   3.025780e+03   1.000000e+02
1.442644e+00   3.024224e+03   1.000000e+02
1.456006e+00   3.022691e+03   1.000000e+02
1.469492e+00   3.021182e+03   1.000000e+02
1.483103e+00   3.019696e+03   1.000000e+02
1.496839e+00   3.018232e+03   1.000000e+02
1.510703e+00   3.016790e+03   1.000000e+02
1.524696e+00   3.015372e+03   1.000000e+02
1.538818e+00   3.013978e+03   1.000000e+02
1.553071e+00   3.012610e+03   1.000000e+02
1.567455e+00   3.011267e+03   1.000000e+02
1.581973e+00   3.009951e+03   1.000000e+02
1.596626e+00   3.008664e+03   1.000000e+02
1.611414e+00   3.007406e+03   1.000000e+02
1.626340e+00   3.006177e+03   1.000000e+02
1.641403e+00   3.004980e+03   1.000000e+02
1.656606e+00   3.003815e+03   1.000000e+02
1.671950e+00   3.002683e+03   1.000000e+02
1.687436e+00   3.001585e+03   1.000000e+02
1.703065e+00   3.000522e+03   1.000000e+02
1.718839e+00   2.999495e+03   1.000000e+02
1.734759e+00   2.998504e+03   1.000000e+02
1.750827e+00   2.997552e+03   1.000000e+02
1.767044e+00   2.996638e+03   1.000000e+02
1.783410e+00   2.995762e+03   1.000000e+02
1.799929e+00   2.994922e+03   1.000000e+02
1.816600e+00   2.994117e+03   1.000000e+02
1.833425e+00   2.993346e+03   1.000000e+02
1.850407e+00   2.992607e+03   1.000000e+02
1.867546e+00   2.991900e+03   1.000000e+02
1.884843e+00   2.991223e+03   1.000000e+02
1.902301e+00   2.990574e+03   1.000000e+02
1.919921e+00   2.989953e+03   1.000000e+02
1.937703e+00   2.989358e+03   1.000000e+02
1.955651e+00   2.988789e+03   1.000000e+02
1.973764e+00   2.988243e+03   1.000000e+02
1.992046e+00   2.987719e+03   1.000000e+02
2.010496e+00   2.987218e+03   1.000000e+02
2.029118e+00   2.986737e+03   1.000000e+02
2.047912e+00   2.986277e+03   1.000000e+02
2.066880e+00   2.985839e+03   1.000000e+02
2.086024e+00   2.985422e+03   1.000000e+02
2.105345e+00   2.985028e+03   1.000000e+02
2.124845e+00   2.984655e+03   1.000000e+02
2.144526e+00   2.984305e+03   1.000000e+02
2.164389e+00   2.983978e+03   1.000000e+02
2.184436e+00   2.983673e+03   1.000000e+02
2.204669e+00   2.983392e+03   1.000000e+02
2.225089e+00   2.983134e+03   1.000000e+02
2.245698e+00   2.982900e+03   1.000000e+02
2.266498e+00   2.982690e+03   1.000000e+02
2.287491e+00   2.982504e+03   1.000000e+02
2.308678e+00   2.982343e+03   1.000000e+02
2.330061e+00   2.982206e+03   1.000000e+02
2.351643e+00   2.982094e+03   1.000000e+02
2.373424e+00   2.982007e+03   1.000000e+02
2.395407e+00   2.981945e+03   1.000000e+02
2.417594e+00   2.981910e+03   1.000000e+02
2.439986e+00   2.981900e+03   1.000000e+02
2.462586e+00   2.981916e+03   1.000000e+02
2.485395e+00   2.981959e+03   1.000000e+02
2.508415e+00   2.982028e+03   1.000000e+02
2.531648e+00   2.982125e+03   1.000000e+02
2.555097e+00   2.982248e+03   1.000000e+02
2.578763e+00   2.982398e+03   1.000000e+02
2.602648e+00   2.982574e+03   1.000000e+02
2.626754e+00   2.982777e+03   1.000000e+02
2.651084e+00   2.983006e+03   1.000000e+02
2.675638e+00   2.983262e+03   1.000000e+02
2.700421e+00   2.983544e+03   1.000000e+02
2.725433e+00   2.983852e+03   1.000000e+02
2.750676e+00   2.984186e+03   1.000000e+02
2.776153e+00   2.984547e+03   1.000000e+02
2.801867e+00   2.984933e+03   1.000000e+02
2.827818e+00   2.985345e+03   1.000000e+02
2.854010e+00   2.985784e+03   1.000000e+02
2.880444e+00   2.986248e+03   1.000000e+02
2.907123e+00   2.986737e+03   1.000000e+02
2.934050e+00   2.987253e+03   1.000000e+02
2.961225e+00   2.987793e+03   1.000000e+02
2.988653e+00   2.988360e+03   1.000000e+02
3.016334e+00   2.988952e+03   1.000000e+02
3.044272e+00   2.989569e+03   1.000000e+02
3.072469e+00   2.990211e+03   1.000000e+02
3.100927e+00   2.990879e+03   1.000000e+02
3.129648e+00   2.991573e+03   1.000000e+02
3.158635e+00   2.992291e+03   1.000000e+02
3.187891e+00   2.993035e+03   1.000000e+02
3.217418e+00   2.993805e+03   1.000000e+02
3.247218e+00   2.994600e+03   1.000000e+02
3.277295e+00   2.995420e+03   1.000000e+02
3.307650e+00   2.996265e+03   1.000000e+02
3.338286e+00   2.997135e+03   1.000000e+02
3.369206e+00   2.998031e+03   1.000000e+02
3.400412e+00   2.998952e+03   1.000000e+02
3.431907e+00   2.999899e+03   1.000000e+02
3.463694e+00   3.000871e+03   1.000000e+02
3.495776e+00   3.001868e+03   1.000000e+02
3.528154e+00   3.002890e+03   1.000000e+02
3.560833e+00   3.003937e+03   1.000000e+02
3.593814e+00   3.005011e+03   1.000000e+02
3.627100e+00   3.006110e+03   1.000000e+02
3.660695e+00   3.007234e+03   1.000000e+02
3.694601e+00   3.008385e+03   1.000000e+02
3.728821e+00   3.009562e+03   1.000000e+02
3.763358e+00   3.010765e+03   1.000000e+02
3.798215e+00   3.011995e+03   1.000000e+02
3.833395e+00   3.013252e+03   1.000000e+02
3.868901e+00   3.014535e+03   1.000000e+02
3.904735e+00   3.015845e+03   1.000000e+02
3.940902e+00   3.017183e+03   1.000000e+02
3.977403e+00   3.018548e+03   1.000000e+02
4.014242e+00   3.019940e+03   1.000000e+02
4.051423e+00   3.021360e+03   1.000000e+02
4.088948e+00   3.022808e+03   1.000000e+02
4.126821e+00   3.024285e+03   1.000000e+02
4.165044e+00   3.025790e+03   1.000000e+02
4.203622e+00   3.027325e+03   1.000000e+02
4.242556e+00   3.028889e+03   1.000000e+02
4.281852e+00   3.030482e+03   1.000000e+02
4.321511e+00   3.032106e+03   1.000000e+02
4.361538e+00   3.033761e+03   1.000000e+02
4.401935e+00   3.035446e+03   1.000000e+02
4.442707e+00   3.037163e+03   1.000000e+02
4.483856e+00   3.038912e+03   1.000000e+02
4.525386e+00   3.040692e+03   1.000000e+02
4.567301e+00   3.042505e+03   1.000000e+02
4.609604e+00   3.044350e+03   1.000000e+02
4.652300e+00   3.046229e+03   1.000000e+02
4.695390e+00   3.048141e+03   1.000000e+02
4.738880e+00   3.050087e+03   1.000000e+02
4.782772e+00   3.052068e+03   1.000000e+02
4.827071e+00   3.054082e+03   1.000000e+02
4.871780e+00   3.056132e+03   1.000000e+02
4.916904e+00   3.058218e+03   1.000000e+02
4.962445e+00   3.060339e+03   1.000000e+02
5.008408e+00   3.062496e+03   1.000000e+02
5.054797e+00   3.064690e+03   1.000000e+02
5.101615e+00   3.066921e+03   1.000000e+02
5.148867e+00   3.069191e+03   1.000000e+02
5.196557e+00   3.071499e+03   1.000000e+02
5.244689e+00   3.073848e+03   1.000000e+02
5.293266e+00   3.076237e+03   1.000000e+02
5.342293e+00   3.078668e+03   1.000000e+02
5.391775e+00   3.081142e+03   1.000000e+02
5.441714e+00   3.083658e+03   1.000000e+02
5.492116e+00   3.086219e+03   1.000000e+02
5.542986e+00   3.088825e+03   1.000000e+02
5.594326e+00   3.091477e+03   1.000000e+02
5.646141e+00   3.094175e+03   1.000000e+02
5.698437e+00   3.096922e+03   1.000000e+02
5.751217e+00   3.099716e+03   1.000000e+02
5.804486e+00   3.102560e+03   1.000000e+02
5.858248e+00   3.105454e+03   1.000000e+02
5.912508e+00   3.108399e+03   1.000000e+02
5.967271e+00   3.111397e+03   1.000000e+02
6.022541e+00   3.114447e+03   1.000000e+02
6.078323e+00   3.117551e+03   1.000000e+02
6.134622e+00   3.120711e+03   1.000000e+02
6.191442e+00   3.123926e+03   1.000000e+02
6.248788e+00   3.127200e+03   1.000000e+02
6.306666e+00   3.130532e+03   1.000000e+02
6.365079e+00   3.133923e+03   1.000000e+02
6.424034e+00   3.137377e+03   1.000000e+02
6.483534e+00   3.140892e+03   1.000000e+02
6.543586e+00   3.144471e+03   1.000000e+02
6.604194e+00   3.148115e+03   1.000000e+02
6.665363e+00   3.151825e+03   1.000000e+02
6.727099e+00   3.155603e+03   1.000000e+02
6.789407e+00   3.159449e+03   1.000000e+02
6.852292e+00   3.163365e+03   1.000000e+02
6.915759e+00   3.167353e+03   1.000000e+02
6.979814e+00   3.171413e+03   1.000000e+02
7.044462e+00   3.175547e+03   1.000000e+02
7.109709e+00   3.179757e+03   1.000000e+02
7.175561e+00   3.184044e+03   1.000000e+02
7.242022e+00   3.188410e+03   1.000000e+02
7.309099e+00   3.192857e+03   1.000000e+02
7.376798e+00   3.197387e+03   1.000000e+02
7.445123e+00   3.202001e+03   1.000000e+02
7.514081e+00   3.206703e+03   1.000000e+02
7.583678e+00   3.211492e+03   1.000000e+02
7.653919e+00   3.216373e+03   1.000000e+02
7.724811e+00   3.221345e+03   1.000000e+02
7.796360e+00   3.226412e+03   1.000000e+02
7.868572e+00   3.231575e+03   1.000000e+02
7.941452e+00   3.236836e+03   1.000000e+02
8.015007e+00   3.242198e+03   1.000000e+02
8.089243e+00   3.247662e+03   1.000000e+02
8.164168e+00   3.253230e+03   1.000000e+02
8.239786e+00   3.258905e+03   1.000000e+02
8.316104e+00   3.264687e+03   1.000000e+02
8.393129e+00   3.270580e+03   1.000000e+02
8.470868e+00   3.276586e+03   1.000000e+02
8.549327e+00   3.282705e+03   1.000000e+02
8.628513e+00   3.288942e+03   1.000000e+02
8.708431e+00   3.295297e+03   1.000000e+02
8.789091e+00   3.301773e+03   1.000000e+02
8.870497e+00   3.308372e+03   1.000000e+02
8.952657e+00   3.315096e+03   1.000000e+02
9.035578e+00   3.321948e+03   1.000000e+02
9.119268e+00   3.328929e+03   1.000000e+02
9.203732e+00   3.336043e+03   1.000000e+02
9.288979e+00   3.343291e+03   1.000000e+02
9.375015e+00   3.350676e+03   1.000000e+02
9.461848e+00   3.358199e+03   1.000000e+02
9.549486e+00   3.365865e+03   1.000000e+02
9.637935e+00   3.373674e+03   1.000000e+02
9.727203e+00   3.381629e+03   1.000000e+02
9.817298e+00   3.389734e+03   1.000000e+02
9.908228e+00   3.397990e+03   1.000000e+02
1.000000e+01   3.406400e+03   1.000000e+02
