# Be9 + He3 > a + a + a   [Be9_He3__a_a_a]   ref=TALYS2, Koning et al. 2023
# detailed balance: alpha=1.3423e-09 beta=-1.5 gamma=-220.533  Q=19.0041
# T9                 rate                error
1.000000e-03   1.000000e-35   1.000000e+02
1.009262e-03   1.002342e-35   1.000000e+02
1.018610e-03   1.004379e-35   1.000000e+02
1.028045e-03   1.006114e-35   1.000000e+02
1.037567e-03   1.007553e-35   1.000000e+02
1.047177e-03   1.008697e-35   1.000000e+02
1.056876e-03   1.009553e-35   1.000000e+02
1.066665e-03   1.010124e-35   1.000000e+02
1.076545e-03   1.010416e-35   1.000000e+02
1.086516e-03   1.010433e-35   1.000000e+02
1.096579e-03   1.010181e-35   1.000000e+02
1.106736e-03   1.009666e-35   1.000000e+02
1.116987e-03   1.008893e-35   1.000000e+02
1.127333e-03   1.007868e-35   1.000000e+02
1.137774e-03   1.006598e-35   1.000000e+02
1.148312e-03   1.005089e-35   1.000000e+02
1.158948e-03   1.003347e-35   1.000000e+02
1.169683e-03   1.001378e-35   1.000000e+02
1.180517e-03   9.991899e-36   1.000000e+02
1.191451e-03   9.967889e-36   1.000000e+02
1.202486e-03   9.941819e-36   1.000000e+02
1.213624e-03   9.913758e-36   1.000000e+02
1.224865e-03   9.883777e-36   1.000000e+02
1.236210e-03   9.851946e-36   1.000000e+02
1.247660e-03   9.818335e-36   1.000000e+02
1.259216e-03   9.783016e-36   1.000000e+02
1.270879e-03   9.746059e-36   1.000000e+02
1.282650e-03   9.707537e-36   1.000000e+02
1.294530e-03   9.667520e-36   1.000000e+02
1.306520e-03   9.626080e-36   1.000000e+02
1.318621e-03   9.583287e-36   1.000000e+02
1.330835e-03   9.539211e-36   1.000000e+02
1.343161e-03   9.493924e-36   1.000000e+02
1.355602e-03   9.447493e-36   1.000000e+02
1.368158e-03   9.399990e-36   1.000000e+02
1.380830e-03   9.351480e-36   1.000000e+02
1.393619e-03   9.302034e-36   1.000000e+02
1.406527e-03   9.251716e-36   1.000000e+02
1.419555e-03   9.200594e-36   1.000000e+02
1.432703e-03   9.148732e-36   1.000000e+02
1.445973e-03   9.096194e-36   1.000000e+02
1.459366e-03   9.043044e-36   1.000000e+02
1.472883e-03   8.989345e-36   1.000000e+02
1.486525e-03   8.935156e-36   1.000000e+02
1.500293e-03   8.880539e-36   1.000000e+02
1.514189e-03   8.825552e-36   1.000000e+02
1.528214e-03   8.770252e-36   1.000000e+02
1.542369e-03   8.714697e-36   1.000000e+02
1.556654e-03   8.658942e-36   1.000000e+02
1.571072e-03   8.603041e-36   1.000000e+02
1.585624e-03   8.547048e-36   1.000000e+02
1.600310e-03   8.491013e-36   1.000000e+02
1.615133e-03   8.434987e-36   1.000000e+02
1.630092e-03   8.379020e-36   1.000000e+02
1.645191e-03   8.323161e-36   1.000000e+02
1.660429e-03   8.267454e-36   1.000000e+02
1.675808e-03   8.211948e-36   1.000000e+02
1.691330e-03   8.156685e-36   1.000000e+02
1.706995e-03   8.101710e-36   1.000000e+02
1.722805e-03   8.047064e-36   1.000000e+02
1.738762e-03   7.992788e-36   1.000000e+02
1.754867e-03   7.938922e-36   1.000000e+02
1.771121e-03   7.885504e-36   1.000000e+02
1.787526e-03   7.832573e-36   1.000000e+02
1.804082e-03   7.780165e-36   1.000000e+02
1.820792e-03   7.728315e-36   1.000000e+02
1.837656e-03   7.677057e-36   1.000000e+02
1.854677e-03   7.626426e-36   1.000000e+02
1.871855e-03   7.576453e-36   1.000000e+02
1.889193e-03   7.527170e-36   1.000000e+02
1.906691e-03   7.478608e-36   1.000000e+02
1.924351e-03   7.430796e-36   1.000000e+02
1.942175e-03   7.383763e-36   1.000000e+02
1.960163e-03   7.337538e-36   1.000000e+02
1.978319e-03   7.292148e-36   1.000000e+02
1.996642e-03   7.247620e-36   1.000000e+02
2.015136e-03   7.203979e-36   1.000000e+02
2.033800e-03   7.161252e-36   1.000000e+02
2.052638e-03   7.119462e-36   1.000000e+02
2.071650e-03   7.078634e-36   1.000000e+02
2.090838e-03   7.038792e-36   1.000000e+02
2.110203e-03   6.999959e-36   1.000000e+02
2.129749e-03   6.962158e-36   1.000000e+02
2.149475e-03   6.925412e-36   1.000000e+02
2.169384e-03   6.889742e-36   1.000000e+02
2.189477e-03   6.855170e-36   1.000000e+02
2.209756e-03   6.821718e-36   1.000000e+02
2.230223e-03   6.789409e-36   1.000000e+02
2.250880e-03   6.758261e-36   1.000000e+02
2.271728e-03   6.728298e-36   1.000000e+02
2.292769e-03   6.699541e-36   1.000000e+02
2.314005e-03   6.672009e-36   1.000000e+02
2.335438e-03   6.645726e-36   1.000000e+02
2.357069e-03   6.620711e-36   1.000000e+02
2.378901e-03   6.596988e-36   1.000000e+02
2.400935e-03   6.574577e-36   1.000000e+02
2.423173e-03   6.553501e-36   1.000000e+02
2.445617e-03   6.533782e-36   1.000000e+02
2.468268e-03   6.515443e-36   1.000000e+02
2.491130e-03   6.498508e-36   1.000000e+02
2.514203e-03   6.482999e-36   1.000000e+02
2.537490e-03   6.468943e-36   1.000000e+02
2.560993e-03   6.456363e-36   1.000000e+02
2.584714e-03   6.445286e-36   1.000000e+02
2.608654e-03   6.435738e-36   1.000000e+02
2.632815e-03   6.427747e-36   1.000000e+02
2.657201e-03   6.421341e-36   1.000000e+02
2.681813e-03   6.416551e-36   1.000000e+02
2.706652e-03   6.413405e-36   1.000000e+02
2.731722e-03   6.411936e-36   1.000000e+02
2.757023e-03   6.412178e-36   1.000000e+02
2.782559e-03   6.414164e-36   1.000000e+02
2.808332e-03   6.417931e-36   1.000000e+02
2.834343e-03   6.423515e-36   1.000000e+02
2.860596e-03   6.430956e-36   1.000000e+02
2.887091e-03   6.440294e-36   1.000000e+02
2.913832e-03   6.451572e-36   1.000000e+02
2.940820e-03   6.464835e-36   1.000000e+02
2.968059e-03   6.480130e-36   1.000000e+02
2.995549e-03   6.497504e-36   1.000000e+02
3.023295e-03   6.516989e-36   1.000000e+02
3.051297e-03   6.538480e-36   1.000000e+02
3.079559e-03   6.561817e-36   1.000000e+02
3.108082e-03   6.586837e-36   1.000000e+02
3.136870e-03   6.613380e-36   1.000000e+02
3.165924e-03   6.641280e-36   1.000000e+02
3.195248e-03   6.670372e-36   1.000000e+02
3.224842e-03   6.700487e-36   1.000000e+02
3.254712e-03   6.731452e-36   1.000000e+02
3.284857e-03   6.763093e-36   1.000000e+02
3.315282e-03   6.795233e-36   1.000000e+02
3.345989e-03   6.827691e-36   1.000000e+02
3.376980e-03   6.860280e-36   1.000000e+02
3.408259e-03   6.892814e-36   1.000000e+02
3.439826e-03   6.925100e-36   1.000000e+02
3.471687e-03   6.956943e-36   1.000000e+02
3.503842e-03   6.988144e-36   1.000000e+02
3.536296e-03   7.018501e-36   1.000000e+02
3.569049e-03   7.047809e-36   1.000000e+02
3.602107e-03   7.075860e-36   1.000000e+02
3.635470e-03   7.102443e-36   1.000000e+02
3.669142e-03   7.127347e-36   1.000000e+02
3.703127e-03   7.150356e-36   1.000000e+02
3.737426e-03   7.171256e-36   1.000000e+02
3.772042e-03   7.189831e-36   1.000000e+02
3.806980e-03   7.205865e-36   1.000000e+02
3.842241e-03   7.219143e-36   1.000000e+02
3.877828e-03   7.229453e-36   1.000000e+02
3.913746e-03   7.236583e-36   1.000000e+02
3.949995e-03   7.240325e-36   1.000000e+02
3.986581e-03   7.240477e-36   1.000000e+02
4.023506e-03   7.236912e-36   1.000000e+02
4.060772e-03   7.230457e-36   1.000000e+02
4.098384e-03   7.222602e-36   1.000000e+02
4.136344e-03   7.214847e-36   1.000000e+02
4.174655e-03   7.208685e-36   1.000000e+02
4.213322e-03   7.205605e-36   1.000000e+02
4.252346e-03   7.207097e-36   1.000000e+02
4.291732e-03   7.214657e-36   1.000000e+02
4.331483e-03   7.229803e-36   1.000000e+02
4.371602e-03   7.254086e-36   1.000000e+02
4.412093e-03   7.289107e-36   1.000000e+02
4.452959e-03   7.336542e-36   1.000000e+02
4.494203e-03   7.398163e-36   1.000000e+02
4.535829e-03   7.475870e-36   1.000000e+02
4.577841e-03   7.571728e-36   1.000000e+02
4.620241e-03   7.688005e-36   1.000000e+02
4.663035e-03   7.827223e-36   1.000000e+02
4.706225e-03   7.992213e-36   1.000000e+02
4.749815e-03   8.186189e-36   1.000000e+02
4.793808e-03   8.412825e-36   1.000000e+02
4.838210e-03   8.676353e-36   1.000000e+02
4.883022e-03   8.981687e-36   1.000000e+02
4.928250e-03   9.334562e-36   1.000000e+02
4.973896e-03   9.741712e-36   1.000000e+02
5.019965e-03   1.021103e-35   1.000000e+02
5.066461e-03   1.074993e-35   1.000000e+02
5.113388e-03   1.136473e-35   1.000000e+02
5.160749e-03   1.206257e-35   1.000000e+02
5.208549e-03   1.285161e-35   1.000000e+02
5.256791e-03   1.374112e-35   1.000000e+02
5.305481e-03   1.474158e-35   1.000000e+02
5.354621e-03   1.586472e-35   1.000000e+02
5.404216e-03   1.712370e-35   1.000000e+02
5.454271e-03   1.853315e-35   1.000000e+02
5.504790e-03   2.010932e-35   1.000000e+02
5.555776e-03   2.187016e-35   1.000000e+02
5.607235e-03   2.383541e-35   1.000000e+02
5.659170e-03   2.602673e-35   1.000000e+02
5.711586e-03   2.846771e-35   1.000000e+02
5.764488e-03   3.118397e-35   1.000000e+02
5.817880e-03   3.420314e-35   1.000000e+02
5.871766e-03   3.755488e-35   1.000000e+02
5.926152e-03   4.127074e-35   1.000000e+02
5.981041e-03   4.538410e-35   1.000000e+02
6.036439e-03   4.993065e-35   1.000000e+02
6.092349e-03   5.495793e-35   1.000000e+02
6.148778e-03   6.052633e-35   1.000000e+02
6.205729e-03   6.670545e-35   1.000000e+02
6.263207e-03   7.357554e-35   1.000000e+02
6.321218e-03   8.122933e-35   1.000000e+02
6.379767e-03   8.977424e-35   1.000000e+02
6.438857e-03   9.933497e-35   1.000000e+02
6.498495e-03   1.100567e-34   1.000000e+02
6.558686e-03   1.221086e-34   1.000000e+02
6.619433e-03   1.356889e-34   1.000000e+02
6.680744e-03   1.510298e-34   1.000000e+02
6.742622e-03   1.684043e-34   1.000000e+02
6.805074e-03   1.881344e-34   1.000000e+02
6.868104e-03   2.106008e-34   1.000000e+02
6.931717e-03   2.362547e-34   1.000000e+02
6.995920e-03   2.656329e-34   1.000000e+02
7.060718e-03   2.993683e-34   1.000000e+02
7.126115e-03   3.381761e-34   1.000000e+02
7.192119e-03   3.828852e-34   1.000000e+02
7.258734e-03   4.344682e-34   1.000000e+02
7.325965e-03   4.940678e-34   1.000000e+02
7.393820e-03   5.630274e-34   1.000000e+02
7.462303e-03   6.429277e-34   1.000000e+02
7.531420e-03   7.356306e-34   1.000000e+02
7.601178e-03   8.433302e-34   1.000000e+02
7.671581e-03   9.686147e-34   1.000000e+02
7.742637e-03   1.114539e-33   1.000000e+02
7.814351e-03   1.284712e-33   1.000000e+02
7.886729e-03   1.483397e-33   1.000000e+02
7.959777e-03   1.715640e-33   1.000000e+02
8.033502e-03   1.987419e-33   1.000000e+02
8.107910e-03   2.306262e-33   1.000000e+02
8.183007e-03   2.681872e-33   1.000000e+02
8.258799e-03   3.126346e-33   1.000000e+02
8.335294e-03   3.654813e-33   1.000000e+02
8.412497e-03   4.286292e-33   1.000000e+02
8.490415e-03   5.044826e-33   1.000000e+02
8.569055e-03   5.960984e-33   1.000000e+02
8.648423e-03   7.073861e-33   1.000000e+02
8.728527e-03   8.433760e-33   1.000000e+02
8.809372e-03   1.010582e-32   1.000000e+02
8.890966e-03   1.217495e-32   1.000000e+02
8.973316e-03   1.475255e-32   1.000000e+02
9.056428e-03   1.798426e-32   1.000000e+02
9.140311e-03   2.204145e-32   1.000000e+02
9.224970e-03   2.712309e-32   1.000000e+02
9.310413e-03   3.346689e-32   1.000000e+02
9.396648e-03   4.135180e-32   1.000000e+02
9.483682e-03   5.109777e-32   1.000000e+02
9.571522e-03   6.306141e-32   1.000000e+02
9.660175e-03   7.762563e-32   1.000000e+02
9.749649e-03   9.518139e-32   1.000000e+02
9.839952e-03   1.160994e-31   1.000000e+02
9.931092e-03   1.406905e-31   1.000000e+02
1.002308e-02   1.691550e-31   1.000000e+02
1.011591e-02   2.016835e-31   1.000000e+02
1.020961e-02   2.387178e-31   1.000000e+02
1.030417e-02   2.808471e-31   1.000000e+02
1.039961e-02   3.288270e-31   1.000000e+02
1.049593e-02   3.836359e-31   1.000000e+02
1.059315e-02   4.465467e-31   1.000000e+02
1.069126e-02   5.192211e-31   1.000000e+02
1.079029e-02   6.038338e-31   1.000000e+02
1.089023e-02   7.032403e-31   1.000000e+02
1.099110e-02   8.212081e-31   1.000000e+02
1.109290e-02   9.625393e-31   1.000000e+02
1.119564e-02   1.132368e-30   1.000000e+02
1.129934e-02   1.336590e-30   1.000000e+02
1.140400e-02   1.582294e-30   1.000000e+02
1.150962e-02   1.877985e-30   1.000000e+02
1.161623e-02   2.233830e-30   1.000000e+02
1.172382e-02   2.661941e-30   1.000000e+02
1.183241e-02   3.176687e-30   1.000000e+02
1.194200e-02   3.795031e-30   1.000000e+02
1.205261e-02   4.536932e-30   1.000000e+02
1.216424e-02   5.426950e-30   1.000000e+02
1.227691e-02   6.495957e-30   1.000000e+02
1.239062e-02   7.781738e-30   1.000000e+02
1.250539e-02   9.330577e-30   1.000000e+02
1.262121e-02   1.119931e-29   1.000000e+02
1.273811e-02   1.345788e-29   1.000000e+02
1.285610e-02   1.619264e-29   1.000000e+02
1.297517e-02   1.951041e-29   1.000000e+02
1.309535e-02   2.354343e-29   1.000000e+02
1.321664e-02   2.845334e-29   1.000000e+02
1.333906e-02   3.443848e-29   1.000000e+02
1.346261e-02   4.174349e-29   1.000000e+02
1.358730e-02   5.067042e-29   1.000000e+02
1.371315e-02   6.159252e-29   1.000000e+02
1.384016e-02   7.497147e-29   1.000000e+02
1.396835e-02   9.137880e-29   1.000000e+02
1.409773e-02   1.115230e-28   1.000000e+02
1.422830e-02   1.362865e-28   1.000000e+02
1.436009e-02   1.667694e-28   1.000000e+02
1.449310e-02   2.043436e-28   1.000000e+02
1.462733e-02   2.507219e-28   1.000000e+02
1.476281e-02   3.080463e-28   1.000000e+02
1.489955e-02   3.789990e-28   1.000000e+02
1.503755e-02   4.669434e-28   1.000000e+02
1.517683e-02   5.761006e-28   1.000000e+02
1.531740e-02   7.117720e-28   1.000000e+02
1.545928e-02   8.806270e-28   1.000000e+02
1.560246e-02   1.091068e-27   1.000000e+02
1.574698e-02   1.353694e-27   1.000000e+02
1.589283e-02   1.681892e-27   1.000000e+02
1.604003e-02   2.092592e-27   1.000000e+02
1.618860e-02   2.607236e-27   1.000000e+02
1.633854e-02   3.253007e-27   1.000000e+02
1.648987e-02   4.064421e-27   1.000000e+02
1.664260e-02   5.085355e-27   1.000000e+02
1.679675e-02   6.371660e-27   1.000000e+02
1.695232e-02   7.994523e-27   1.000000e+02
1.710934e-02   1.004480e-26   1.000000e+02
1.726781e-02   1.263858e-26   1.000000e+02
1.742775e-02   1.592443e-26   1.000000e+02
1.758917e-02   2.009268e-26   1.000000e+02
1.775208e-02   2.538751e-26   1.000000e+02
1.791650e-02   3.212258e-26   1.000000e+02
1.808245e-02   4.070136e-26   1.000000e+02
1.824993e-02   5.164347e-26   1.000000e+02
1.841897e-02   6.561900e-26   1.000000e+02
1.858957e-02   8.349324e-26   1.000000e+02
1.876175e-02   1.063850e-25   1.000000e+02
1.893552e-02   1.357427e-25   1.000000e+02
1.911091e-02   1.734440e-25   1.000000e+02
1.928792e-02   2.219264e-25   1.000000e+02
1.946656e-02   2.843578e-25   1.000000e+02
1.964687e-02   3.648609e-25   1.000000e+02
1.982884e-02   4.688086e-25   1.000000e+02
2.001250e-02   6.032116e-25   1.000000e+02
2.019786e-02   7.772276e-25   1.000000e+02
2.038493e-02   1.002829e-24   1.000000e+02
2.057374e-02   1.295686e-24   1.000000e+02
2.076430e-02   1.676341e-24   1.000000e+02
2.095662e-02   2.171746e-24   1.000000e+02
2.115073e-02   2.817309e-24   1.000000e+02
2.134663e-02   3.659598e-24   1.000000e+02
2.154435e-02   4.759930e-24   1.000000e+02
2.174389e-02   6.199128e-24   1.000000e+02
2.194529e-02   8.083852e-24   1.000000e+02
2.214855e-02   1.055501e-23   1.000000e+02
2.235370e-02   1.379894e-23   1.000000e+02
2.256074e-02   1.806237e-23   1.000000e+02
2.276970e-02   2.367228e-23   1.000000e+02
2.298060e-02   3.106253e-23   1.000000e+02
2.319345e-02   4.080934e-23   1.000000e+02
2.340827e-02   5.367881e-23   1.000000e+02
2.362508e-02   7.069059e-23   1.000000e+02
2.384390e-02   9.320310e-23   1.000000e+02
2.406475e-02   1.230280e-22   1.000000e+02
2.428764e-02   1.625837e-22   1.000000e+02
2.451260e-02   2.151020e-22   1.000000e+02
2.473964e-02   2.849055e-22   1.000000e+02
2.496878e-02   3.777815e-22   1.000000e+02
2.520005e-02   5.014860e-22   1.000000e+02
2.543346e-02   6.664205e-22   1.000000e+02
2.566903e-02   8.865471e-22   1.000000e+02
2.590678e-02   1.180625e-21   1.000000e+02
2.614673e-02   1.573880e-21   1.000000e+02
2.638891e-02   2.100261e-21   1.000000e+02
2.663333e-02   2.805497e-21   1.000000e+02
2.688001e-02   3.751230e-21   1.000000e+02
2.712898e-02   5.020624e-21   1.000000e+02
2.738025e-02   6.725964e-21   1.000000e+02
2.763385e-02   9.018970e-21   1.000000e+02
2.788980e-02   1.210480e-20   1.000000e+02
2.814812e-02   1.626107e-20   1.000000e+02
2.840884e-02   2.186372e-20   1.000000e+02
2.867196e-02   2.942221e-20   1.000000e+02
2.893753e-02   3.962740e-20   1.000000e+02
2.920556e-02   5.341674e-20   1.000000e+02
2.947606e-02   7.206320e-20   1.000000e+02
2.974908e-02   9.729639e-20   1.000000e+02
3.002462e-02   1.314679e-19   1.000000e+02
3.030271e-02   1.777749e-19   1.000000e+02
3.058338e-02   2.405602e-19   1.000000e+02
3.086665e-02   3.257254e-19   1.000000e+02
3.115254e-02   4.412922e-19   1.000000e+02
3.144108e-02   5.981630e-19   1.000000e+02
3.173230e-02   8.111545e-19   1.000000e+02
3.202621e-02   1.100399e-18   1.000000e+02
3.232284e-02   1.493248e-18   1.000000e+02
3.262222e-02   2.026844e-18   1.000000e+02
3.292437e-02   2.751614e-18   1.000000e+02
3.322933e-02   3.735990e-18   1.000000e+02
3.353710e-02   5.072789e-18   1.000000e+02
3.384773e-02   6.887838e-18   1.000000e+02
3.416123e-02   9.351603e-18   1.000000e+02
3.447764e-02   1.269487e-17   1.000000e+02
3.479698e-02   1.722985e-17   1.000000e+02
3.511928e-02   2.337857e-17   1.000000e+02
3.544456e-02   3.171097e-17   1.000000e+02
3.577285e-02   4.299602e-17   1.000000e+02
3.610419e-02   5.827017e-17   1.000000e+02
3.643859e-02   7.892882e-17   1.000000e+02
3.677609e-02   1.068485e-16   1.000000e+02
3.711672e-02   1.445494e-16   1.000000e+02
3.746050e-02   1.954122e-16   1.000000e+02
3.780747e-02   2.639651e-16   1.000000e+02
3.815765e-02   3.562647e-16   1.000000e+02
3.851107e-02   4.803996e-16   1.000000e+02
3.886777e-02   6.471545e-16   1.000000e+02
3.922777e-02   8.708852e-16   1.000000e+02
3.959110e-02   1.170667e-15   1.000000e+02
3.995780e-02   1.571801e-15   1.000000e+02
4.032790e-02   2.107783e-15   1.000000e+02
4.070142e-02   2.822885e-15   1.000000e+02
4.107841e-02   3.775504e-15   1.000000e+02
4.145888e-02   5.042509e-15   1.000000e+02
4.184289e-02   6.724874e-15   1.000000e+02
4.223044e-02   8.954944e-15   1.000000e+02
4.262159e-02   1.190580e-14   1.000000e+02
4.301636e-02   1.580325e-14   1.000000e+02
4.341478e-02   2.094125e-14   1.000000e+02
4.381690e-02   2.770144e-14   1.000000e+02
4.422274e-02   3.657812e-14   1.000000e+02
4.463234e-02   4.820980e-14   1.000000e+02
4.504573e-02   6.341903e-14   1.000000e+02
4.546295e-02   8.326260e-14   1.000000e+02
4.588404e-02   1.090943e-13   1.000000e+02
4.630903e-02   1.426432e-13   1.000000e+02
4.673795e-02   1.861115e-13   1.000000e+02
4.717085e-02   2.422946e-13   1.000000e+02
4.760775e-02   3.147301e-13   1.000000e+02
4.804870e-02   4.078800e-13   1.000000e+02
4.849374e-02   5.273535e-13   1.000000e+02
4.894290e-02   6.801771e-13   1.000000e+02
4.939622e-02   8.751219e-13   1.000000e+02
4.985373e-02   1.123097e-12   1.000000e+02
5.031549e-02   1.437631e-12   1.000000e+02
5.078152e-02   1.835616e-12   1.000000e+02
5.125187e-02   2.338139e-12   1.000000e+02
5.172657e-02   2.971413e-12   1.000000e+02
5.220568e-02   3.767991e-12   1.000000e+02
5.268921e-02   4.768271e-12   1.000000e+02
5.317723e-02   6.022352e-12   1.000000e+02
5.366977e-02   7.592341e-12   1.000000e+02
5.416687e-02   9.555197e-12   1.000000e+02
5.466857e-02   1.200627e-11   1.000000e+02
5.517492e-02   1.506367e-11   1.000000e+02
5.568596e-02   1.887374e-11   1.000000e+02
5.620174e-02   2.361782e-11   1.000000e+02
5.672229e-02   2.952067e-11   1.000000e+02
5.724766e-02   3.686102e-11   1.000000e+02
5.777790e-02   4.598467e-11   1.000000e+02
5.831305e-02   5.732098e-11   1.000000e+02
5.885316e-02   7.140341e-11   1.000000e+02
5.939827e-02   8.889537e-11   1.000000e+02
5.994843e-02   1.106227e-10   1.000000e+02
6.050368e-02   1.376095e-10   1.000000e+02
6.106408e-02   1.710965e-10   1.000000e+02
6.162966e-02   2.125906e-10   1.000000e+02
6.220049e-02   2.639240e-10   1.000000e+02
6.277660e-02   3.273162e-10   1.000000e+02
6.335805e-02   4.054443e-10   1.000000e+02
6.394488e-02   5.015243e-10   1.000000e+02
6.453715e-02   6.194001e-10   1.000000e+02
6.513491e-02   7.636440e-10   1.000000e+02
6.573820e-02   9.396638e-10   1.000000e+02
6.634708e-02   1.153819e-09   1.000000e+02
6.696160e-02   1.413540e-09   1.000000e+02
6.758181e-02   1.727451e-09   1.000000e+02
6.820777e-02   2.105483e-09   1.000000e+02
6.883952e-02   2.558987e-09   1.000000e+02
6.947713e-02   3.100819e-09   1.000000e+02
7.012064e-02   3.745403e-09   1.000000e+02
7.077011e-02   4.509050e-09   1.000000e+02
7.142559e-02   5.410705e-09   1.000000e+02
7.208715e-02   6.471903e-09   1.000000e+02
7.275484e-02   7.716971e-09   1.000000e+02
7.342870e-02   9.173299e-09   1.000000e+02
7.410882e-02   1.087164e-08   1.000000e+02
7.479523e-02   1.284645e-08   1.000000e+02
7.548799e-02   1.513619e-08   1.000000e+02
7.618718e-02   1.778373e-08   1.000000e+02
7.689284e-02   2.083669e-08   1.000000e+02
7.760503e-02   2.434792e-08   1.000000e+02
7.832383e-02   2.837587e-08   1.000000e+02
7.904928e-02   3.298512e-08   1.000000e+02
7.978145e-02   3.824685e-08   1.000000e+02
8.052040e-02   4.423679e-08   1.000000e+02
8.126619e-02   5.100625e-08   1.000000e+02
8.201889e-02   5.857391e-08   1.000000e+02
8.277857e-02   6.692885e-08   1.000000e+02
8.354528e-02   7.602178e-08   1.000000e+02
8.431909e-02   8.575621e-08   1.000000e+02
8.510007e-02   9.598055e-08   1.000000e+02
8.588829e-02   1.064825e-07   1.000000e+02
8.668380e-02   1.169871e-07   1.000000e+02
8.748668e-02   1.271598e-07   1.000000e+02
8.829700e-02   1.366158e-07   1.000000e+02
8.911482e-02   1.449367e-07   1.000000e+02
8.994022e-02   1.516945e-07   1.000000e+02
9.077327e-02   1.565678e-07   1.000000e+02
9.161402e-02   1.597336e-07   1.000000e+02
9.246257e-02   1.616000e-07   1.000000e+02
9.331898e-02   1.626400e-07   1.000000e+02
9.418332e-02   1.633595e-07   1.000000e+02
9.505566e-02   1.642793e-07   1.000000e+02
9.593608e-02   1.659327e-07   1.000000e+02
9.682466e-02   1.688816e-07   1.000000e+02
9.772147e-02   1.737495e-07   1.000000e+02
9.862658e-02   1.812783e-07   1.000000e+02
9.954008e-02   1.924150e-07   1.000000e+02
1.004620e-01   2.084199e-07   1.000000e+02
1.013925e-01   2.304312e-07   1.000000e+02
1.023317e-01   2.593580e-07   1.000000e+02
1.032795e-01   2.963563e-07   1.000000e+02
1.042361e-01   3.428350e-07   1.000000e+02
1.052015e-01   4.004173e-07   1.000000e+02
1.061759e-01   4.708660e-07   1.000000e+02
1.071593e-01   5.559538e-07   1.000000e+02
1.081519e-01   6.572600e-07   1.000000e+02
1.091536e-01   7.758771e-07   1.000000e+02
1.101646e-01   9.120260e-07   1.000000e+02
1.111850e-01   1.065565e-06   1.000000e+02
1.122148e-01   1.237944e-06   1.000000e+02
1.132541e-01   1.431236e-06   1.000000e+02
1.143031e-01   1.647978e-06   1.000000e+02
1.153618e-01   1.891308e-06   1.000000e+02
1.164303e-01   2.165136e-06   1.000000e+02
1.175087e-01   2.474346e-06   1.000000e+02
1.185971e-01   2.825070e-06   1.000000e+02
1.196956e-01   3.225019e-06   1.000000e+02
1.208042e-01   3.683680e-06   1.000000e+02
1.219231e-01   4.210378e-06   1.000000e+02
1.230524e-01   4.814414e-06   1.000000e+02
1.241921e-01   5.506063e-06   1.000000e+02
1.253424e-01   6.296608e-06   1.000000e+02
1.265034e-01   7.198336e-06   1.000000e+02
1.276751e-01   8.224505e-06   1.000000e+02
1.288576e-01   9.389270e-06   1.000000e+02
1.300511e-01   1.070756e-05   1.000000e+02
1.312557e-01   1.219496e-05   1.000000e+02
1.324714e-01   1.386769e-05   1.000000e+02
1.336984e-01   1.574221e-05   1.000000e+02
1.349367e-01   1.783484e-05   1.000000e+02
1.361865e-01   2.016133e-05   1.000000e+02
1.374479e-01   2.273630e-05   1.000000e+02
1.387210e-01   2.557261e-05   1.000000e+02
1.400058e-01   2.868068e-05   1.000000e+02
1.413026e-01   3.207364e-05   1.000000e+02
1.426114e-01   3.578956e-05   1.000000e+02
1.439323e-01   3.988395e-05   1.000000e+02
1.452654e-01   4.442807e-05   1.000000e+02
1.466109e-01   4.951289e-05   1.000000e+02
1.479688e-01   5.525414e-05   1.000000e+02
1.493393e-01   6.179893e-05   1.000000e+02
1.507225e-01   6.933225e-05   1.000000e+02
1.521186e-01   7.803191e-05   1.000000e+02
1.535275e-01   8.805005e-05   1.000000e+02
1.549495e-01   9.954813e-05   1.000000e+02
1.563847e-01   1.126960e-04   1.000000e+02
1.578331e-01   1.276679e-04   1.000000e+02
1.592950e-01   1.446367e-04   1.000000e+02
1.607704e-01   1.637687e-04   1.000000e+02
1.622595e-01   1.852711e-04   1.000000e+02
1.637624e-01   2.094142e-04   1.000000e+02
1.652792e-01   2.364985e-04   1.000000e+02
1.668101e-01   2.668560e-04   1.000000e+02
1.683551e-01   3.008530e-04   1.000000e+02
1.699144e-01   3.388933e-04   1.000000e+02
1.714882e-01   3.814214e-04   1.000000e+02
1.730766e-01   4.289268e-04   1.000000e+02
1.746796e-01   4.819474e-04   1.000000e+02
1.762975e-01   5.410743e-04   1.000000e+02
1.779304e-01   6.069561e-04   1.000000e+02
1.795785e-01   6.803043e-04   1.000000e+02
1.812418e-01   7.619017e-04   1.000000e+02
1.829205e-01   8.526378e-04   1.000000e+02
1.846147e-01   9.535176e-04   1.000000e+02
1.863246e-01   1.065663e-03   1.000000e+02
1.880504e-01   1.190328e-03   1.000000e+02
1.897922e-01   1.328915e-03   1.000000e+02
1.915501e-01   1.482999e-03   1.000000e+02
1.933242e-01   1.654343e-03   1.000000e+02
1.951148e-01   1.844931e-03   1.000000e+02
1.969220e-01   2.056994e-03   1.000000e+02
1.987460e-01   2.293047e-03   1.000000e+02
2.005868e-01   2.555926e-03   1.000000e+02
2.024447e-01   2.848751e-03   1.000000e+02
2.043197e-01   3.174876e-03   1.000000e+02
2.062122e-01   3.538004e-03   1.000000e+02
2.081222e-01   3.942234e-03   1.000000e+02
2.100498e-01   4.392098e-03   1.000000e+02
2.119953e-01   4.892610e-03   1.000000e+02
2.139589e-01   5.449306e-03   1.000000e+02
2.159406e-01   6.068300e-03   1.000000e+02
2.179407e-01   6.756339e-03   1.000000e+02
2.199593e-01   7.520859e-03   1.000000e+02
2.219966e-01   8.370056e-03   1.000000e+02
2.240528e-01   9.312951e-03   1.000000e+02
2.261280e-01   1.035947e-02   1.000000e+02
2.282224e-01   1.152053e-02   1.000000e+02
2.303363e-01   1.280810e-02   1.000000e+02
2.324697e-01   1.423535e-02   1.000000e+02
2.346229e-01   1.581669e-02   1.000000e+02
2.367960e-01   1.756792e-02   1.000000e+02
2.389893e-01   1.950633e-02   1.000000e+02
2.412028e-01   2.165083e-02   1.000000e+02
2.434369e-01   2.402207e-02   1.000000e+02
2.456916e-01   2.664258e-02   1.000000e+02
2.479673e-01   2.953695e-02   1.000000e+02
2.502640e-01   3.273191e-02   1.000000e+02
2.525820e-01   3.625679e-02   1.000000e+02
2.549215e-01   4.014415e-02   1.000000e+02
2.572826e-01   4.442977e-02   1.000000e+02
2.596656e-01   4.915284e-02   1.000000e+02
2.620707e-01   5.435632e-02   1.000000e+02
2.644980e-01   6.008724e-02   1.000000e+02
2.669478e-01   6.639711e-02   1.000000e+02
2.694204e-01   7.334234e-02   1.000000e+02
2.719158e-01   8.098471e-02   1.000000e+02
2.744343e-01   8.939184e-02   1.000000e+02
2.769762e-01   9.863779e-02   1.000000e+02
2.795416e-01   1.088036e-01   1.000000e+02
2.821308e-01   1.199781e-01   1.000000e+02
2.847439e-01   1.322583e-01   1.000000e+02
2.873813e-01   1.457506e-01   1.000000e+02
2.900430e-01   1.605713e-01   1.000000e+02
2.927295e-01   1.768480e-01   1.000000e+02
2.954408e-01   1.947200e-01   1.000000e+02
2.981772e-01   2.143401e-01   1.000000e+02
3.009390e-01   2.358752e-01   1.000000e+02
3.037264e-01   2.595067e-01   1.000000e+02
3.065395e-01   2.854294e-01   1.000000e+02
3.093788e-01   3.138551e-01   1.000000e+02
3.122443e-01   3.450137e-01   1.000000e+02
3.151363e-01   3.791547e-01   1.000000e+02
3.180552e-01   4.165487e-01   1.000000e+02
3.210011e-01   4.574891e-01   1.000000e+02
3.239743e-01   5.022938e-01   1.000000e+02
3.269750e-01   5.513065e-01   1.000000e+02
3.300035e-01   6.048993e-01   1.000000e+02
3.330600e-01   6.634742e-01   1.000000e+02
3.361449e-01   7.274654e-01   1.000000e+02
3.392583e-01   7.973414e-01   1.000000e+02
3.424006e-01   8.736073e-01   1.000000e+02
3.455720e-01   9.568075e-01   1.000000e+02
3.487727e-01   1.047528e+00   1.000000e+02
3.520031e-01   1.146399e+00   1.000000e+02
3.552635e-01   1.254119e+00   1.000000e+02
3.585540e-01   1.371453e+00   1.000000e+02
3.618750e-01   1.499237e+00   1.000000e+02
3.652267e-01   1.638378e+00   1.000000e+02
3.686095e-01   1.789862e+00   1.000000e+02
3.720237e-01   1.954764e+00   1.000000e+02
3.754694e-01   2.134252e+00   1.000000e+02
3.789471e-01   2.329598e+00   1.000000e+02
3.824570e-01   2.542189e+00   1.000000e+02
3.859994e-01   2.773534e+00   1.000000e+02
3.895746e-01   3.025278e+00   1.000000e+02
3.931829e-01   3.299216e+00   1.000000e+02
3.968246e-01   3.597305e+00   1.000000e+02
4.005001e-01   3.921681e+00   1.000000e+02
4.042096e-01   4.274631e+00   1.000000e+02
4.079535e-01   4.658515e+00   1.000000e+02
4.117320e-01   5.075842e+00   1.000000e+02
4.155455e-01   5.529292e+00   1.000000e+02
4.193944e-01   6.021726e+00   1.000000e+02
4.232789e-01   6.556191e+00   1.000000e+02
4.271994e-01   7.135930e+00   1.000000e+02
4.311562e-01   7.764385e+00   1.000000e+02
4.351497e-01   8.445204e+00   1.000000e+02
4.391801e-01   9.182250e+00   1.000000e+02
4.432479e-01   9.979597e+00   1.000000e+02
4.473533e-01   1.084154e+01   1.000000e+02
4.514968e-01   1.177261e+01   1.000000e+02
4.556786e-01   1.277778e+01   1.000000e+02
4.598992e-01   1.386275e+01   1.000000e+02
4.641589e-01   1.503370e+01   1.000000e+02
4.684580e-01   1.629730e+01   1.000000e+02
4.727970e-01   1.766077e+01   1.000000e+02
4.771761e-01   1.913193e+01   1.000000e+02
4.815958e-01   2.071926e+01   1.000000e+02
4.860564e-01   2.243194e+01   1.000000e+02
4.905584e-01   2.427995e+01   1.000000e+02
4.951020e-01   2.627410e+01   1.000000e+02
4.996877e-01   2.842616e+01   1.000000e+02
5.043159e-01   3.074877e+01   1.000000e+02
5.089870e-01   3.325502e+01   1.000000e+02
5.137014e-01   3.595871e+01   1.000000e+02
5.184594e-01   3.887462e+01   1.000000e+02
5.232614e-01   4.201855e+01   1.000000e+02
5.281080e-01   4.540739e+01   1.000000e+02
5.329994e-01   4.905918e+01   1.000000e+02
5.379362e-01   5.299319e+01   1.000000e+02
5.429186e-01   5.722996e+01   1.000000e+02
5.479472e-01   6.179142e+01   1.000000e+02
5.530224e-01   6.670094e+01   1.000000e+02
5.581446e-01   7.198342e+01   1.000000e+02
5.633143e-01   7.766539e+01   1.000000e+02
5.685318e-01   8.377505e+01   1.000000e+02
5.737976e-01   9.034242e+01   1.000000e+02
5.791123e-01   9.739940e+01   1.000000e+02
5.844761e-01   1.049799e+02   1.000000e+02
5.898896e-01   1.131199e+02   1.000000e+02
5.953533e-01   1.218575e+02   1.000000e+02
6.008676e-01   1.312333e+02   1.000000e+02
6.064329e-01   1.412904e+02   1.000000e+02
6.120498e-01   1.520755e+02   1.000000e+02
6.177188e-01   1.636383e+02   1.000000e+02
6.234402e-01   1.760317e+02   1.000000e+02
6.292146e-01   1.893121e+02   1.000000e+02
6.350425e-01   2.035395e+02   1.000000e+02
6.409244e-01   2.187777e+02   1.000000e+02
6.468608e-01   2.350946e+02   1.000000e+02
6.528521e-01   2.525625e+02   1.000000e+02
6.588990e-01   2.712580e+02   1.000000e+02
6.650018e-01   2.912631e+02   1.000000e+02
6.711612e-01   3.126645e+02   1.000000e+02
6.773776e-01   3.355545e+02   1.000000e+02
6.836516e-01   3.600313e+02   1.000000e+02
6.899837e-01   3.861992e+02   1.000000e+02
6.963745e-01   4.141691e+02   1.000000e+02
7.028244e-01   4.440587e+02   1.000000e+02
7.093341e-01   4.759924e+02   1.000000e+02
7.159041e-01   5.101015e+02   1.000000e+02
7.225349e-01   5.465247e+02   1.000000e+02
7.292272e-01   5.854091e+02   1.000000e+02
7.359814e-01   6.269103e+02   1.000000e+02
7.427982e-01   6.711932e+02   1.000000e+02
7.496782e-01   7.184318e+02   1.000000e+02
7.566219e-01   7.688105e+02   1.000000e+02
7.636298e-01   8.225241e+02   1.000000e+02
7.707027e-01   8.797785e+02   1.000000e+02
7.778411e-01   9.407911e+02   1.000000e+02
7.850456e-01   1.005792e+03   1.000000e+02
7.923169e-01   1.075023e+03   1.000000e+02
7.996555e-01   1.148741e+03   1.000000e+02
8.070620e-01   1.227217e+03   1.000000e+02
8.145372e-01   1.310735e+03   1.000000e+02
8.220816e-01   1.399600e+03   1.000000e+02
8.296959e-01   1.494130e+03   1.000000e+02
8.373807e-01   1.594663e+03   1.000000e+02
8.451366e-01   1.701555e+03   1.000000e+02
8.529644e-01   1.815179e+03   1.000000e+02
8.608648e-01   1.935933e+03   1.000000e+02
8.688383e-01   2.064232e+03   1.000000e+02
8.768856e-01   2.200517e+03   1.000000e+02
8.850075e-01   2.345250e+03   1.000000e+02
8.932046e-01   2.498920e+03   1.000000e+02
9.014776e-01   2.662039e+03   1.000000e+02
9.098273e-01   2.835149e+03   1.000000e+02
9.182543e-01   3.018813e+03   1.000000e+02
9.267593e-01   3.213624e+03   1.000000e+02
9.353432e-01   3.420206e+03   1.000000e+02
9.440065e-01   3.639213e+03   1.000000e+02
9.527500e-01   3.871330e+03   1.000000e+02
9.615746e-01   4.117277e+03   1.000000e+02
9.704809e-01   4.377809e+03   1.000000e+02
9.794697e-01   4.653719e+03   1.000000e+02
9.885417e-01   4.945836e+03   1.000000e+02
9.976978e-01   5.255028e+03   1.000000e+02
1.006939e+00   5.582207e+03   1.000000e+02
1.016265e+00   5.928331e+03   1.000000e+02
1.025678e+00   6.294406e+03   1.000000e+02
1.035178e+00   6.681487e+03   1.000000e+02
1.044766e+00   7.090680e+03   1.000000e+02
1.054443e+00   7.523141e+03   1.000000e+02
1.064209e+00   7.980083e+03   1.000000e+02
1.074066e+00   8.462772e+03   1.000000e+02
1.084014e+00   8.972536e+03   1.000000e+02
1.094055e+00   9.510764e+03   1.000000e+02
1.104188e+00   1.007891e+04   1.000000e+02
1.114415e+00   1.067848e+04   1.000000e+02
1.124737e+00   1.131107e+04   1.000000e+02
1.135155e+00   1.197835e+04   1.000000e+02
1.145669e+00   1.268203e+04   1.000000e+02
1.156280e+00   1.342392e+04   1.000000e+02
1.166990e+00   1.420593e+04   1.000000e+02
1.177799e+00   1.503001e+04   1.000000e+02
1.188708e+00   1.589824e+04   1.000000e+02
1.199718e+00   1.681274e+04   1.000000e+02
1.210830e+00   1.777577e+04   1.000000e+02
1.222045e+00   1.878966e+04   1.000000e+02
1.233363e+00   1.985685e+04   1.000000e+02
1.244787e+00   2.097987e+04   1.000000e+02
1.256317e+00   2.216136e+04   1.000000e+02
1.267953e+00   2.340414e+04   1.000000e+02
1.279697e+00   2.471119e+04   1.000000e+02
1.291550e+00   2.608561e+04   1.000000e+02
1.303512e+00   2.753069e+04   1.000000e+02
1.315586e+00   2.904985e+04   1.000000e+02
1.327771e+00   3.064668e+04   1.000000e+02
1.340069e+00   3.232494e+04   1.000000e+02
1.352481e+00   3.408858e+04   1.000000e+02
1.365008e+00   3.594171e+04   1.000000e+02
1.377651e+00   3.788869e+04   1.000000e+02
1.390411e+00   3.993404e+04   1.000000e+02
1.403289e+00   4.208254e+04   1.000000e+02
1.416287e+00   4.433917e+04   1.000000e+02
1.429405e+00   4.670918e+04   1.000000e+02
1.442644e+00   4.919807e+04   1.000000e+02
1.456006e+00   5.181159e+04   1.000000e+02
1.469492e+00   5.455579e+04   1.000000e+02
1.483103e+00   5.743704e+04   1.000000e+02
1.496839e+00   6.046199e+04   1.000000e+02
1.510703e+00   6.363754e+04   1.000000e+02
1.524696e+00   6.697006e+04   1.000000e+02
1.538818e+00   7.046564e+04   1.000000e+02
1.553071e+00   7.413043e+04   1.000000e+02
1.567455e+00   7.797064e+04   1.000000e+02
1.581973e+00   8.199252e+04   1.000000e+02
1.596626e+00   8.620230e+04   1.000000e+02
1.611414e+00   9.060623e+04   1.000000e+02
1.626340e+00   9.521052e+04   1.000000e+02
1.641403e+00   1.000213e+05   1.000000e+02
1.656606e+00   1.050446e+05   1.000000e+02
1.671950e+00   1.102863e+05   1.000000e+02
1.687436e+00   1.157522e+05   1.000000e+02
1.703065e+00   1.214479e+05   1.000000e+02
1.718839e+00   1.273786e+05   1.000000e+02
1.734759e+00   1.335493e+05   1.000000e+02
1.750827e+00   1.399648e+05   1.000000e+02
1.767044e+00   1.466304e+05   1.000000e+02
1.783410e+00   1.535550e+05   1.000000e+02
1.799929e+00   1.607486e+05   1.000000e+02
1.816600e+00   1.682219e+05   1.000000e+02
1.833425e+00   1.759863e+05   1.000000e+02
1.850407e+00   1.840539e+05   1.000000e+02
1.867546e+00   1.924375e+05   1.000000e+02
1.884843e+00   2.011508e+05   1.000000e+02
1.902301e+00   2.102084e+05   1.000000e+02
1.919921e+00   2.196258e+05   1.000000e+02
1.937703e+00   2.294195e+05   1.000000e+02
1.955651e+00   2.396072e+05   1.000000e+02
1.973764e+00   2.502078e+05   1.000000e+02
1.992046e+00   2.612414e+05   1.000000e+02
2.010496e+00   2.727294e+05   1.000000e+02
2.029118e+00   2.846905e+05   1.000000e+02
2.047912e+00   2.971416e+05   1.000000e+02
2.066880e+00   3.100994e+05   1.000000e+02
2.086024e+00   3.235811e+05   1.000000e+02
2.105345e+00   3.376042e+05   1.000000e+02
2.124845e+00   3.521866e+05   1.000000e+02
2.144526e+00   3.673464e+05   1.000000e+02
2.164389e+00   3.831022e+05   1.000000e+02
2.184436e+00   3.994726e+05   1.000000e+02
2.204669e+00   4.164765e+05   1.000000e+02
2.225089e+00   4.341334e+05   1.000000e+02
2.245698e+00   4.524625e+05   1.000000e+02
2.266498e+00   4.714836e+05   1.000000e+02
2.287491e+00   4.912163e+05   1.000000e+02
2.308678e+00   5.116808e+05   1.000000e+02
2.330061e+00   5.328969e+05   1.000000e+02
2.351643e+00   5.548848e+05   1.000000e+02
2.373424e+00   5.776646e+05   1.000000e+02
2.395407e+00   6.012565e+05   1.000000e+02
2.417594e+00   6.256804e+05   1.000000e+02
2.439986e+00   6.509565e+05   1.000000e+02
2.462586e+00   6.771044e+05   1.000000e+02
2.485395e+00   7.041438e+05   1.000000e+02
2.508415e+00   7.320942e+05   1.000000e+02
2.531648e+00   7.609769e+05   1.000000e+02
2.555097e+00   7.908168e+05   1.000000e+02
2.578763e+00   8.216396e+05   1.000000e+02
2.602648e+00   8.534714e+05   1.000000e+02
2.626754e+00   8.863389e+05   1.000000e+02
2.651084e+00   9.202695e+05   1.000000e+02
2.675638e+00   9.552911e+05   1.000000e+02
2.700421e+00   9.914322e+05   1.000000e+02
2.725433e+00   1.028722e+06   1.000000e+02
2.750676e+00   1.067190e+06   1.000000e+02
2.776153e+00   1.106867e+06   1.000000e+02
2.801867e+00   1.147785e+06   1.000000e+02
2.827818e+00   1.189974e+06   1.000000e+02
2.854010e+00   1.233467e+06   1.000000e+02
2.880444e+00   1.278299e+06   1.000000e+02
2.907123e+00   1.324502e+06   1.000000e+02
2.934050e+00   1.372111e+06   1.000000e+02
2.961225e+00   1.421163e+06   1.000000e+02
2.988653e+00   1.471693e+06   1.000000e+02
3.016334e+00   1.523739e+06   1.000000e+02
3.044272e+00   1.577336e+06   1.000000e+02
3.072469e+00   1.632519e+06   1.000000e+02
3.100927e+00   1.689323e+06   1.000000e+02
3.129648e+00   1.747782e+06   1.000000e+02
3.158635e+00   1.807933e+06   1.000000e+02
3.187891e+00   1.869810e+06   1.000000e+02
3.217418e+00   1.933450e+06   1.000000e+02
3.247218e+00   1.998888e+06   1.000000e+02
3.277295e+00   2.066160e+06   1.000000e+02
3.307650e+00   2.135304e+06   1.000000e+02
3.338286e+00   2.206355e+06   1.000000e+02
3.369206e+00   2.279351e+06   1.000000e+02
3.400412e+00   2.354328e+06   1.000000e+02
3.431907e+00   2.431323e+06   1.000000e+02
3.463694e+00   2.510372e+06   1.000000e+02
3.495776e+00   2.591514e+06   1.000000e+02
3.528154e+00   2.674785e+06   1.000000e+02
3.560833e+00   2.760224e+06   1.000000e+02
3.593814e+00   2.847872e+06   1.000000e+02
3.627100e+00   2.937768e+06   1.000000e+02
3.660695e+00   3.029954e+06   1.000000e+02
3.694601e+00   3.124471e+06   1.000000e+02
3.728821e+00   3.221359e+06   1.000000e+02
3.763358e+00   3.320660e+06   1.000000e+02
3.798215e+00   3.422416e+06   1.000000e+02
3.833395e+00   3.526669e+06   1.000000e+02
3.868901e+00   3.633461e+06   1.000000e+02
3.904735e+00   3.742835e+06   1.000000e+02
3.940902e+00   3.854833e+06   1.000000e+02
3.977403e+00   3.969498e+06   1.000000e+02
4.014242e+00   4.086874e+06   1.000000e+02
4.051423e+00   4.207003e+06   1.000000e+02
4.088948e+00   4.329928e+06   1.000000e+02
4.126821e+00   4.455691e+06   1.000000e+02
4.165044e+00   4.584334e+06   1.000000e+02
4.203622e+00   4.715900e+06   1.000000e+02
4.242556e+00   4.850431e+06   1.000000e+02
4.281852e+00   4.987970e+06   1.000000e+02
4.321511e+00   5.128559e+06   1.000000e+02
4.361538e+00   5.272240e+06   1.000000e+02
4.401935e+00   5.419056e+06   1.000000e+02
4.442707e+00   5.569048e+06   1.000000e+02
4.483856e+00   5.722259e+06   1.000000e+02
4.525386e+00   5.878730e+06   1.000000e+02
4.567301e+00   6.038504e+06   1.000000e+02
4.609604e+00   6.201621e+06   1.000000e+02
4.652300e+00   6.368124e+06   1.000000e+02
4.695390e+00   6.538054e+06   1.000000e+02
4.738880e+00   6.711451e+06   1.000000e+02
4.782772e+00   6.888357e+06   1.000000e+02
4.827071e+00   7.068812e+06   1.000000e+02
4.871780e+00   7.252857e+06   1.000000e+02
4.916904e+00   7.440530e+06   1.000000e+02
4.962445e+00   7.631873e+06   1.000000e+02
5.008408e+00   7.826925e+06   1.000000e+02
5.054797e+00   8.025724e+06   1.000000e+02
5.101615e+00   8.228309e+06   1.000000e+02
5.148867e+00   8.434719e+06   1.000000e+02
5.196557e+00   8.644993e+06   1.000000e+02
5.244689e+00   8.859167e+06   1.000000e+02
5.293266e+00   9.077280e+06   1.000000e+02
5.342293e+00   9.299367e+06   1.000000e+02
5.391775e+00   9.525466e+06   1.000000e+02
5.441714e+00   9.755613e+06   1.000000e+02
5.492116e+00   9.989842e+06   1.000000e+02
5.542986e+00   1.022819e+07   1.000000e+02
5.594326e+00   1.047069e+07   1.000000e+02
5.646141e+00   1.071738e+07   1.000000e+02
5.698437e+00   1.096828e+07   1.000000e+02
5.751217e+00   1.122344e+07   1.000000e+02
5.804486e+00   1.148289e+07   1.000000e+02
5.858248e+00   1.174665e+07   1.000000e+02
5.912508e+00   1.201476e+07   1.000000e+02
5.967271e+00   1.228726e+07   1.000000e+02
6.022541e+00   1.256416e+07   1.000000e+02
6.078323e+00   1.284549e+07   1.000000e+02
6.134622e+00   1.313130e+07   1.000000e+02
6.191442e+00   1.342160e+07   1.000000e+02
6.248788e+00   1.371641e+07   1.000000e+02
6.306666e+00   1.401577e+07   1.000000e+02
6.365079e+00   1.431970e+07   1.000000e+02
6.424034e+00   1.462823e+07   1.000000e+02
6.483534e+00   1.494137e+07   1.000000e+02
6.543586e+00   1.525914e+07   1.000000e+02
6.604194e+00   1.558158e+07   1.000000e+02
6.665363e+00   1.590870e+07   1.000000e+02
6.727099e+00   1.624051e+07   1.000000e+02
6.789407e+00   1.657705e+07   1.000000e+02
6.852292e+00   1.691832e+07   1.000000e+02
6.915759e+00   1.726434e+07   1.000000e+02
6.979814e+00   1.761514e+07   1.000000e+02
7.044462e+00   1.797071e+07   1.000000e+02
7.109709e+00   1.833109e+07   1.000000e+02
7.175561e+00   1.869628e+07   1.000000e+02
7.242022e+00   1.906630e+07   1.000000e+02
7.309099e+00   1.944115e+07   1.000000e+02
7.376798e+00   1.982084e+07   1.000000e+02
7.445123e+00   2.020540e+07   1.000000e+02
7.514081e+00   2.059482e+07   1.000000e+02
7.583678e+00   2.098911e+07   1.000000e+02
7.653919e+00   2.138828e+07   1.000000e+02
7.724811e+00   2.179234e+07   1.000000e+02
7.796360e+00   2.220129e+07   1.000000e+02
7.868572e+00   2.261513e+07   1.000000e+02
7.941452e+00   2.303387e+07   1.000000e+02
8.015007e+00   2.345751e+07   1.000000e+02
8.089243e+00   2.388605e+07   1.000000e+02
8.164168e+00   2.431950e+07   1.000000e+02
8.239786e+00   2.475785e+07   1.000000e+02
8.316104e+00   2.520111e+07   1.000000e+02
8.393129e+00   2.564927e+07   1.000000e+02
8.470868e+00   2.610235e+07   1.000000e+02
8.549327e+00   2.656033e+07   1.000000e+02
8.628513e+00   2.702322e+07   1.000000e+02
8.708431e+00   2.749101e+07   1.000000e+02
8.789091e+00   2.796371e+07   1.000000e+02
8.870497e+00   2.844130e+07   1.000000e+02
8.952657e+00   2.892379e+07   1.000000e+02
9.035578e+00   2.941116e+07   1.000000e+02
9.119268e+00   2.990342e+07   1.000000e+02
9.203732e+00   3.040056e+07   1.000000e+02
9.288979e+00   3.090257e+07   1.000000e+02
9.375015e+00   3.140944e+07   1.000000e+02
9.461848e+00   3.192117e+07   1.000000e+02
9.549486e+00   3.243774e+07   1.000000e+02
9.637935e+00   3.295916e+07   1.000000e+02
9.727203e+00   3.348540e+07   1.000000e+02
9.817298e+00   3.401646e+07   1.000000e+02
9.908228e+00   3.455233e+07   1.000000e+02
1.000000e+01   3.509300e+07   1.000000e+02
