# C11 + t > C13 + p   [C11_t__C13_p]   ref=TALYS2, Koning et al. 2023
# detailed balance: alpha=8.0685 beta=0 gamma=-176.227  Q=15.1861
# T9                 rate                error
1.000000e-03   1.000000e-35   1.000000e+02
1.009262e-03   1.006477e-35   1.000000e+02
1.018610e-03   1.012174e-35   1.000000e+02
1.028045e-03   1.017091e-35   1.000000e+02
1.037567e-03   1.021230e-35   1.000000e+02
1.047177e-03   1.024597e-35   1.000000e+02
1.056876e-03   1.027197e-35   1.000000e+02
1.066665e-03   1.029040e-35   1.000000e+02
1.076545e-03   1.030135e-35   1.000000e+02
1.086516e-03   1.030495e-35   1.000000e+02
1.096579e-03   1.030134e-35   1.000000e+02
1.106736e-03   1.029066e-35   1.000000e+02
1.116987e-03   1.027308e-35   1.000000e+02
1.127333e-03   1.024878e-35   1.000000e+02
1.137774e-03   1.021795e-35   1.000000e+02
1.148312e-03   1.018079e-35   1.000000e+02
1.158948e-03   1.013751e-35   1.000000e+02
1.169683e-03   1.008834e-35   1.000000e+02
1.180517e-03   1.003350e-35   1.000000e+02
1.191451e-03   9.973220e-36   1.000000e+02
1.202486e-03   9.907751e-36   1.000000e+02
1.213624e-03   9.837332e-36   1.000000e+02
1.224865e-03   9.762213e-36   1.000000e+02
1.236210e-03   9.682645e-36   1.000000e+02
1.247660e-03   9.598879e-36   1.000000e+02
1.259216e-03   9.511170e-36   1.000000e+02
1.270879e-03   9.419770e-36   1.000000e+02
1.282650e-03   9.324934e-36   1.000000e+02
1.294530e-03   9.226910e-36   1.000000e+02
1.306520e-03   9.125949e-36   1.000000e+02
1.318621e-03   9.022295e-36   1.000000e+02
1.330835e-03   8.916191e-36   1.000000e+02
1.343161e-03   8.807875e-36   1.000000e+02
1.355602e-03   8.697578e-36   1.000000e+02
1.368158e-03   8.585530e-36   1.000000e+02
1.380830e-03   8.471953e-36   1.000000e+02
1.393619e-03   8.357062e-36   1.000000e+02
1.406527e-03   8.241068e-36   1.000000e+02
1.419555e-03   8.124174e-36   1.000000e+02
1.432703e-03   8.006577e-36   1.000000e+02
1.445973e-03   7.888465e-36   1.000000e+02
1.459366e-03   7.770021e-36   1.000000e+02
1.472883e-03   7.651420e-36   1.000000e+02
1.486525e-03   7.532828e-36   1.000000e+02
1.500293e-03   7.414406e-36   1.000000e+02
1.514189e-03   7.296306e-36   1.000000e+02
1.528214e-03   7.178673e-36   1.000000e+02
1.542369e-03   7.061643e-36   1.000000e+02
1.556654e-03   6.945347e-36   1.000000e+02
1.571072e-03   6.829907e-36   1.000000e+02
1.585624e-03   6.715438e-36   1.000000e+02
1.600310e-03   6.602048e-36   1.000000e+02
1.615133e-03   6.489838e-36   1.000000e+02
1.630092e-03   6.378903e-36   1.000000e+02
1.645191e-03   6.269331e-36   1.000000e+02
1.660429e-03   6.161202e-36   1.000000e+02
1.675808e-03   6.054591e-36   1.000000e+02
1.691330e-03   5.949568e-36   1.000000e+02
1.706995e-03   5.846196e-36   1.000000e+02
1.722805e-03   5.744533e-36   1.000000e+02
1.738762e-03   5.644630e-36   1.000000e+02
1.754867e-03   5.546535e-36   1.000000e+02
1.771121e-03   5.450290e-36   1.000000e+02
1.787526e-03   5.355933e-36   1.000000e+02
1.804082e-03   5.263498e-36   1.000000e+02
1.820792e-03   5.173013e-36   1.000000e+02
1.837656e-03   5.084503e-36   1.000000e+02
1.854677e-03   4.997991e-36   1.000000e+02
1.871855e-03   4.913494e-36   1.000000e+02
1.889193e-03   4.831028e-36   1.000000e+02
1.906691e-03   4.750604e-36   1.000000e+02
1.924351e-03   4.672231e-36   1.000000e+02
1.942175e-03   4.595917e-36   1.000000e+02
1.960163e-03   4.521665e-36   1.000000e+02
1.978319e-03   4.449478e-36   1.000000e+02
1.996642e-03   4.379357e-36   1.000000e+02
2.015136e-03   4.311299e-36   1.000000e+02
2.033800e-03   4.245303e-36   1.000000e+02
2.052638e-03   4.181364e-36   1.000000e+02
2.071650e-03   4.119478e-36   1.000000e+02
2.090838e-03   4.059637e-36   1.000000e+02
2.110203e-03   4.001836e-36   1.000000e+02
2.129749e-03   3.946066e-36   1.000000e+02
2.149475e-03   3.892320e-36   1.000000e+02
2.169384e-03   3.840590e-36   1.000000e+02
2.189477e-03   3.790868e-36   1.000000e+02
2.209756e-03   3.743145e-36   1.000000e+02
2.230223e-03   3.697414e-36   1.000000e+02
2.250880e-03   3.653667e-36   1.000000e+02
2.271728e-03   3.611898e-36   1.000000e+02
2.292769e-03   3.572100e-36   1.000000e+02
2.314005e-03   3.534268e-36   1.000000e+02
2.335438e-03   3.498397e-36   1.000000e+02
2.357069e-03   3.464484e-36   1.000000e+02
2.378901e-03   3.432527e-36   1.000000e+02
2.400935e-03   3.402525e-36   1.000000e+02
2.423173e-03   3.374480e-36   1.000000e+02
2.445617e-03   3.348393e-36   1.000000e+02
2.468268e-03   3.324270e-36   1.000000e+02
2.491130e-03   3.302117e-36   1.000000e+02
2.514203e-03   3.281942e-36   1.000000e+02
2.537490e-03   3.263758e-36   1.000000e+02
2.560993e-03   3.247576e-36   1.000000e+02
2.584714e-03   3.233415e-36   1.000000e+02
2.608654e-03   3.221292e-36   1.000000e+02
2.632815e-03   3.211231e-36   1.000000e+02
2.657201e-03   3.203257e-36   1.000000e+02
2.681813e-03   3.197399e-36   1.000000e+02
2.706652e-03   3.193691e-36   1.000000e+02
2.731722e-03   3.192169e-36   1.000000e+02
2.757023e-03   3.192876e-36   1.000000e+02
2.782559e-03   3.195858e-36   1.000000e+02
2.808332e-03   3.201164e-36   1.000000e+02
2.834343e-03   3.208853e-36   1.000000e+02
2.860596e-03   3.218986e-36   1.000000e+02
2.887091e-03   3.231632e-36   1.000000e+02
2.913832e-03   3.246864e-36   1.000000e+02
2.940820e-03   3.264765e-36   1.000000e+02
2.968059e-03   3.285425e-36   1.000000e+02
2.995549e-03   3.308939e-36   1.000000e+02
3.023295e-03   3.335387e-36   1.000000e+02
3.051297e-03   3.364663e-36   1.000000e+02
3.079559e-03   3.396588e-36   1.000000e+02
3.108082e-03   3.430982e-36   1.000000e+02
3.136870e-03   3.467656e-36   1.000000e+02
3.165924e-03   3.506420e-36   1.000000e+02
3.195248e-03   3.547072e-36   1.000000e+02
3.224842e-03   3.589404e-36   1.000000e+02
3.254712e-03   3.633199e-36   1.000000e+02
3.284857e-03   3.678225e-36   1.000000e+02
3.315282e-03   3.724242e-36   1.000000e+02
3.345989e-03   3.770996e-36   1.000000e+02
3.376980e-03   3.818218e-36   1.000000e+02
3.408259e-03   3.865628e-36   1.000000e+02
3.439826e-03   3.912929e-36   1.000000e+02
3.471687e-03   3.959813e-36   1.000000e+02
3.503842e-03   4.005956e-36   1.000000e+02
3.536296e-03   4.051020e-36   1.000000e+02
3.569049e-03   4.094657e-36   1.000000e+02
3.602107e-03   4.136505e-36   1.000000e+02
3.635470e-03   4.176193e-36   1.000000e+02
3.669142e-03   4.213341e-36   1.000000e+02
3.703127e-03   4.247562e-36   1.000000e+02
3.737426e-03   4.278465e-36   1.000000e+02
3.772042e-03   4.305657e-36   1.000000e+02
3.806980e-03   4.328745e-36   1.000000e+02
3.842241e-03   4.347344e-36   1.000000e+02
3.877828e-03   4.361071e-36   1.000000e+02
3.913746e-03   4.369561e-36   1.000000e+02
3.949995e-03   4.372460e-36   1.000000e+02
3.986581e-03   4.369436e-36   1.000000e+02
4.023506e-03   4.360297e-36   1.000000e+02
4.060772e-03   4.346391e-36   1.000000e+02
4.098384e-03   4.330127e-36   1.000000e+02
4.136344e-03   4.313905e-36   1.000000e+02
4.174655e-03   4.300095e-36   1.000000e+02
4.213322e-03   4.291034e-36   1.000000e+02
4.252346e-03   4.289055e-36   1.000000e+02
4.291732e-03   4.296513e-36   1.000000e+02
4.331483e-03   4.315833e-36   1.000000e+02
4.371602e-03   4.349571e-36   1.000000e+02
4.412093e-03   4.400485e-36   1.000000e+02
4.452959e-03   4.471634e-36   1.000000e+02
4.494203e-03   4.566492e-36   1.000000e+02
4.535829e-03   4.689094e-36   1.000000e+02
4.577841e-03   4.844224e-36   1.000000e+02
4.620241e-03   5.037647e-36   1.000000e+02
4.663035e-03   5.276411e-36   1.000000e+02
4.706225e-03   5.569241e-36   1.000000e+02
4.749815e-03   5.927057e-36   1.000000e+02
4.793808e-03   6.363662e-36   1.000000e+02
4.838210e-03   6.896665e-36   1.000000e+02
4.883022e-03   7.548738e-36   1.000000e+02
4.928250e-03   8.349335e-36   1.000000e+02
4.973896e-03   9.337078e-36   1.000000e+02
5.019965e-03   1.056293e-35   1.000000e+02
5.066461e-03   1.208907e-35   1.000000e+02
5.113388e-03   1.398964e-35   1.000000e+02
5.160749e-03   1.635983e-35   1.000000e+02
5.208549e-03   1.932255e-35   1.000000e+02
5.256791e-03   2.303656e-35   1.000000e+02
5.305481e-03   2.770721e-35   1.000000e+02
5.354621e-03   3.360039e-35   1.000000e+02
5.404216e-03   4.106070e-35   1.000000e+02
5.454271e-03   5.053511e-35   1.000000e+02
5.504790e-03   6.260362e-35   1.000000e+02
5.555776e-03   7.801878e-35   1.000000e+02
5.607235e-03   9.775677e-35   1.000000e+02
5.659170e-03   1.230826e-34   1.000000e+02
5.711586e-03   1.556335e-34   1.000000e+02
5.764488e-03   1.975243e-34   1.000000e+02
5.817880e-03   2.514798e-34   1.000000e+02
5.871766e-03   3.210001e-34   1.000000e+02
5.926152e-03   4.105642e-34   1.000000e+02
5.981041e-03   5.258783e-34   1.000000e+02
6.036439e-03   6.742025e-34   1.000000e+02
6.092349e-03   8.651512e-34   1.000000e+02
6.148778e-03   1.111561e-33   1.000000e+02
6.205729e-03   1.430407e-33   1.000000e+02
6.263207e-03   1.844237e-33   1.000000e+02
6.321218e-03   2.383146e-33   1.000000e+02
6.379767e-03   3.087497e-33   1.000000e+02
6.438857e-03   4.011719e-33   1.000000e+02
6.498495e-03   5.229593e-33   1.000000e+02
6.558686e-03   6.841709e-33   1.000000e+02
6.619433e-03   8.985996e-33   1.000000e+02
6.680744e-03   1.185273e-32   1.000000e+02
6.742622e-03   1.570604e-32   1.000000e+02
6.805074e-03   2.091497e-32   1.000000e+02
6.868104e-03   2.799852e-32   1.000000e+02
6.931717e-03   3.769175e-32   1.000000e+02
6.995920e-03   5.104303e-32   1.000000e+02
7.060718e-03   6.955299e-32   1.000000e+02
7.126115e-03   9.535066e-32   1.000000e+02
7.192119e-03   1.314764e-31   1.000000e+02
7.258734e-03   1.822953e-31   1.000000e+02
7.325965e-03   2.540939e-31   1.000000e+02
7.393820e-03   3.559525e-31   1.000000e+02
7.462303e-03   5.010214e-31   1.000000e+02
7.531420e-03   7.083933e-31   1.000000e+02
7.601178e-03   1.005852e-30   1.000000e+02
7.671581e-03   1.433914e-30   1.000000e+02
7.742637e-03   2.051771e-30   1.000000e+02
7.814351e-03   2.946043e-30   1.000000e+02
7.886729e-03   4.243665e-30   1.000000e+02
7.959777e-03   6.130876e-30   1.000000e+02
8.033502e-03   8.881420e-30   1.000000e+02
8.107910e-03   1.290758e-29   1.000000e+02
8.183007e-03   1.884522e-29   1.000000e+02
8.258799e-03   2.767982e-29   1.000000e+02
8.335294e-03   4.095835e-29   1.000000e+02
8.412497e-03   6.114347e-29   1.000000e+02
8.490415e-03   9.221414e-29   1.000000e+02
8.569055e-03   1.407007e-28   1.000000e+02
8.648423e-03   2.174992e-28   1.000000e+02
8.728527e-03   3.411090e-28   1.000000e+02
8.809372e-03   5.435185e-28   1.000000e+02
8.890966e-03   8.811145e-28   1.000000e+02
8.973316e-03   1.455321e-27   1.000000e+02
9.056428e-03   2.451598e-27   1.000000e+02
9.140311e-03   4.199734e-27   1.000000e+02
9.224970e-03   7.276231e-27   1.000000e+02
9.310413e-03   1.267992e-26   1.000000e+02
9.396648e-03   2.210373e-26   1.000000e+02
9.483682e-03   3.833247e-26   1.000000e+02
9.571522e-03   6.577087e-26   1.000000e+02
9.660175e-03   1.110400e-25   1.000000e+02
9.749649e-03   1.834498e-25   1.000000e+02
9.839952e-03   2.949586e-25   1.000000e+02
9.931092e-03   4.590117e-25   1.000000e+02
1.002308e-02   6.875928e-25   1.000000e+02
1.011591e-02   9.894742e-25   1.000000e+02
1.020961e-02   1.374256e-24   1.000000e+02
1.030417e-02   1.852163e-24   1.000000e+02
1.039961e-02   2.435549e-24   1.000000e+02
1.049593e-02   3.141804e-24   1.000000e+02
1.059315e-02   3.997457e-24   1.000000e+02
1.069126e-02   5.043931e-24   1.000000e+02
1.079029e-02   6.345901e-24   1.000000e+02
1.089023e-02   8.004133e-24   1.000000e+02
1.099110e-02   1.017631e-23   1.000000e+02
1.109290e-02   1.310054e-23   1.000000e+02
1.119564e-02   1.707443e-23   1.000000e+02
1.129934e-02   2.249238e-23   1.000000e+02
1.140400e-02   2.989727e-23   1.000000e+02
1.150962e-02   4.003213e-23   1.000000e+02
1.161623e-02   5.390650e-23   1.000000e+02
1.172382e-02   7.287914e-23   1.000000e+02
1.183241e-02   9.875728e-23   1.000000e+02
1.194200e-02   1.339101e-22   1.000000e+02
1.205261e-02   1.813955e-22   1.000000e+02
1.216424e-02   2.453213e-22   1.000000e+02
1.227691e-02   3.313841e-22   1.000000e+02
1.239062e-02   4.473322e-22   1.000000e+02
1.250539e-02   6.037338e-22   1.000000e+02
1.262121e-02   8.150649e-22   1.000000e+02
1.273811e-02   1.101248e-21   1.000000e+02
1.285610e-02   1.489836e-21   1.000000e+02
1.297517e-02   2.019144e-21   1.000000e+02
1.309535e-02   2.742599e-21   1.000000e+02
1.321664e-02   3.733653e-21   1.000000e+02
1.333906e-02   5.093431e-21   1.000000e+02
1.346261e-02   6.961767e-21   1.000000e+02
1.358730e-02   9.532102e-21   1.000000e+02
1.371315e-02   1.307211e-20   1.000000e+02
1.384016e-02   1.795223e-20   1.000000e+02
1.396835e-02   2.468507e-20   1.000000e+02
1.409773e-02   3.398028e-20   1.000000e+02
1.422830e-02   4.682526e-20   1.000000e+02
1.436009e-02   6.459560e-20   1.000000e+02
1.449310e-02   8.920821e-20   1.000000e+02
1.462733e-02   1.233375e-19   1.000000e+02
1.476281e-02   1.707195e-19   1.000000e+02
1.489955e-02   2.365803e-19   1.000000e+02
1.503755e-02   3.282391e-19   1.000000e+02
1.517683e-02   4.559536e-19   1.000000e+02
1.531740e-02   6.341000e-19   1.000000e+02
1.545928e-02   8.828537e-19   1.000000e+02
1.560246e-02   1.230553e-18   1.000000e+02
1.574698e-02   1.717038e-18   1.000000e+02
1.589283e-02   2.398359e-18   1.000000e+02
1.604003e-02   3.353435e-18   1.000000e+02
1.618860e-02   4.693441e-18   1.000000e+02
1.633854e-02   6.575025e-18   1.000000e+02
1.648987e-02   9.219051e-18   1.000000e+02
1.664260e-02   1.293708e-17   1.000000e+02
1.679675e-02   1.816877e-17   1.000000e+02
1.695232e-02   2.553481e-17   1.000000e+02
1.710934e-02   3.591168e-17   1.000000e+02
1.726781e-02   5.053741e-17   1.000000e+02
1.742775e-02   7.116114e-17   1.000000e+02
1.758917e-02   1.002544e-16   1.000000e+02
1.775208e-02   1.413102e-16   1.000000e+02
1.791650e-02   1.992649e-16   1.000000e+02
1.808245e-02   2.810957e-16   1.000000e+02
1.824993e-02   3.966739e-16   1.000000e+02
1.841897e-02   5.599762e-16   1.000000e+02
1.858957e-02   7.907939e-16   1.000000e+02
1.876175e-02   1.117162e-15   1.000000e+02
1.893552e-02   1.578807e-15   1.000000e+02
1.911091e-02   2.232049e-15   1.000000e+02
1.928792e-02   3.156755e-15   1.000000e+02
1.946656e-02   4.466240e-15   1.000000e+02
1.964687e-02   6.321328e-15   1.000000e+02
1.982884e-02   8.950370e-15   1.000000e+02
2.001250e-02   1.267772e-14   1.000000e+02
2.019786e-02   1.796371e-14   1.000000e+02
2.038493e-02   2.545928e-14   1.000000e+02
2.057374e-02   3.608464e-14   1.000000e+02
2.076430e-02   5.113945e-14   1.000000e+02
2.095662e-02   7.245667e-14   1.000000e+02
2.115073e-02   1.026172e-13   1.000000e+02
2.134663e-02   1.452490e-13   1.000000e+02
2.154435e-02   2.054414e-13   1.000000e+02
2.174389e-02   2.903191e-13   1.000000e+02
2.194529e-02   4.098337e-13   1.000000e+02
2.214855e-02   5.778498e-13   1.000000e+02
2.235370e-02   8.136332e-13   1.000000e+02
2.256074e-02   1.143879e-12   1.000000e+02
2.276970e-02   1.605462e-12   1.000000e+02
2.298060e-02   2.249157e-12   1.000000e+02
2.319345e-02   3.144638e-12   1.000000e+02
2.340827e-02   4.387160e-12   1.000000e+02
2.362508e-02   6.106460e-12   1.000000e+02
2.384390e-02   8.478517e-12   1.000000e+02
2.406475e-02   1.174102e-11   1.000000e+02
2.428764e-02   1.621355e-11   1.000000e+02
2.451260e-02   2.232381e-11   1.000000e+02
2.473964e-02   3.064131e-11   1.000000e+02
2.496878e-02   4.192048e-11   1.000000e+02
2.520005e-02   5.715734e-11   1.000000e+02
2.543346e-02   7.767602e-11   1.000000e+02
2.566903e-02   1.052323e-10   1.000000e+02
2.590678e-02   1.421464e-10   1.000000e+02
2.614673e-02   1.914809e-10   1.000000e+02
2.638891e-02   2.572739e-10   1.000000e+02
2.663333e-02   3.448455e-10   1.000000e+02
2.688001e-02   4.612007e-10   1.000000e+02
2.712898e-02   6.155589e-10   1.000000e+02
2.738025e-02   8.200524e-10   1.000000e+02
2.763385e-02   1.090646e-09   1.000000e+02
2.788980e-02   1.448351e-09   1.000000e+02
2.814812e-02   1.920835e-09   1.000000e+02
2.840884e-02   2.544545e-09   1.000000e+02
2.867196e-02   3.367533e-09   1.000000e+02
2.893753e-02   4.453211e-09   1.000000e+02
2.920556e-02   5.885348e-09   1.000000e+02
2.947606e-02   7.774752e-09   1.000000e+02
2.974908e-02   1.026820e-08   1.000000e+02
3.002462e-02   1.356042e-08   1.000000e+02
3.030271e-02   1.790598e-08   1.000000e+02
3.058338e-02   2.362267e-08   1.000000e+02
3.086665e-02   3.110746e-08   1.000000e+02
3.115254e-02   4.085114e-08   1.000000e+02
3.144108e-02   5.344992e-08   1.000000e+02
3.173230e-02   6.961330e-08   1.000000e+02
3.202621e-02   9.016519e-08   1.000000e+02
3.232284e-02   1.160343e-07   1.000000e+02
3.262222e-02   1.482291e-07   1.000000e+02
3.292437e-02   1.877931e-07   1.000000e+02
3.322933e-02   2.357350e-07   1.000000e+02
3.353710e-02   2.929312e-07   1.000000e+02
3.384773e-02   3.600011e-07   1.000000e+02
3.416123e-02   4.371573e-07   1.000000e+02
3.447764e-02   5.240423e-07   1.000000e+02
3.479698e-02   6.195679e-07   1.000000e+02
3.511928e-02   7.217797e-07   1.000000e+02
3.544456e-02   8.277758e-07   1.000000e+02
3.577285e-02   9.337105e-07   1.000000e+02
3.610419e-02   1.034910e-06   1.000000e+02
3.643859e-02   1.126114e-06   1.000000e+02
3.677609e-02   1.201853e-06   1.000000e+02
3.711672e-02   1.256922e-06   1.000000e+02
3.746050e-02   1.286923e-06   1.000000e+02
3.780747e-02   1.288793e-06   1.000000e+02
3.815765e-02   1.261245e-06   1.000000e+02
3.851107e-02   1.205038e-06   1.000000e+02
3.886777e-02   1.123015e-06   1.000000e+02
3.922777e-02   1.019891e-06   1.000000e+02
3.959110e-02   9.017872e-07   1.000000e+02
3.995780e-02   7.755965e-07   1.000000e+02
4.032790e-02   6.485405e-07   1.000000e+02
4.070142e-02   5.282796e-07   1.000000e+02
4.107841e-02   4.203848e-07   1.000000e+02
4.145888e-02   3.277312e-07   1.000000e+02
4.184289e-02   2.510197e-07   1.000000e+02
4.223044e-02   1.894298e-07   1.000000e+02
4.262159e-02   1.412441e-07   1.000000e+02
4.301636e-02   1.043532e-07   1.000000e+02
4.341478e-02   7.660999e-08   1.000000e+02
4.381690e-02   5.604552e-08   1.000000e+02
4.422274e-02   4.097355e-08   1.000000e+02
4.463234e-02   3.001959e-08   1.000000e+02
4.504573e-02   2.210425e-08   1.000000e+02
4.546295e-02   1.640393e-08   1.000000e+02
4.588404e-02   1.230417e-08   1.000000e+02
4.630903e-02   9.354507e-09   1.000000e+02
4.673795e-02   7.229106e-09   1.000000e+02
4.717085e-02   5.694751e-09   1.000000e+02
4.760775e-02   4.585881e-09   1.000000e+02
4.804870e-02   3.785821e-09   1.000000e+02
4.849374e-02   3.213053e-09   1.000000e+02
4.894290e-02   2.811432e-09   1.000000e+02
4.939622e-02   2.543434e-09   1.000000e+02
4.985373e-02   2.385766e-09   1.000000e+02
5.031549e-02   2.326244e-09   1.000000e+02
5.078152e-02   2.356255e-09   1.000000e+02
5.125187e-02   2.472814e-09   1.000000e+02
5.172657e-02   2.681715e-09   1.000000e+02
5.220568e-02   2.997335e-09   1.000000e+02
5.268921e-02   3.443574e-09   1.000000e+02
5.317723e-02   4.055875e-09   1.000000e+02
5.366977e-02   4.884393e-09   1.000000e+02
5.416687e-02   5.998424e-09   1.000000e+02
5.466857e-02   7.492280e-09   1.000000e+02
5.517492e-02   9.492725e-09   1.000000e+02
5.568596e-02   1.216795e-08   1.000000e+02
5.620174e-02   1.573779e-08   1.000000e+02
5.672229e-02   2.048420e-08   1.000000e+02
5.724766e-02   2.676045e-08   1.000000e+02
5.777790e-02   3.499585e-08   1.000000e+02
5.831305e-02   4.569177e-08   1.000000e+02
5.885316e-02   5.940290e-08   1.000000e+02
5.939827e-02   7.669644e-08   1.000000e+02
5.994843e-02   9.808225e-08   1.000000e+02
6.050368e-02   1.239620e-07   1.000000e+02
6.106408e-02   1.548417e-07   1.000000e+02
6.162966e-02   1.913074e-07   1.000000e+02
6.220049e-02   2.339716e-07   1.000000e+02
6.277660e-02   2.834817e-07   1.000000e+02
6.335805e-02   3.405340e-07   1.000000e+02
6.394488e-02   4.058942e-07   1.000000e+02
6.453715e-02   4.804244e-07   1.000000e+02
6.513491e-02   5.651196e-07   1.000000e+02
6.573820e-02   6.611527e-07   1.000000e+02
6.634708e-02   7.699323e-07   1.000000e+02
6.696160e-02   8.931732e-07   1.000000e+02
6.758181e-02   1.032986e-06   1.000000e+02
6.820777e-02   1.191987e-06   1.000000e+02
6.883952e-02   1.373443e-06   1.000000e+02
6.947713e-02   1.581447e-06   1.000000e+02
7.012064e-02   1.821152e-06   1.000000e+02
7.077011e-02   2.098471e-06   1.000000e+02
7.142559e-02   2.419096e-06   1.000000e+02
7.208715e-02   2.789231e-06   1.000000e+02
7.275484e-02   3.215766e-06   1.000000e+02
7.342870e-02   3.706299e-06   1.000000e+02
7.410882e-02   4.269136e-06   1.000000e+02
7.479523e-02   4.913271e-06   1.000000e+02
7.548799e-02   5.648330e-06   1.000000e+02
7.618718e-02   6.484486e-06   1.000000e+02
7.689284e-02   7.432326e-06   1.000000e+02
7.760503e-02   8.502665e-06   1.000000e+02
7.832383e-02   9.706308e-06   1.000000e+02
7.904928e-02   1.105374e-05   1.000000e+02
7.978145e-02   1.255475e-05   1.000000e+02
8.052040e-02   1.421765e-05   1.000000e+02
8.126619e-02   1.604487e-05   1.000000e+02
8.201889e-02   1.803178e-05   1.000000e+02
8.277857e-02   2.016688e-05   1.000000e+02
8.354528e-02   2.243060e-05   1.000000e+02
8.431909e-02   2.479416e-05   1.000000e+02
8.510007e-02   2.721873e-05   1.000000e+02
8.588829e-02   2.965519e-05   1.000000e+02
8.668380e-02   3.204439e-05   1.000000e+02
8.748668e-02   3.431830e-05   1.000000e+02
8.829700e-02   3.640207e-05   1.000000e+02
8.911482e-02   3.821704e-05   1.000000e+02
8.994022e-02   3.968467e-05   1.000000e+02
9.077327e-02   4.074900e-05   1.000000e+02
9.161402e-02   4.145485e-05   1.000000e+02
9.246257e-02   4.189148e-05   1.000000e+02
9.331898e-02   4.215955e-05   1.000000e+02
9.418332e-02   4.236565e-05   1.000000e+02
9.505566e-02   4.261941e-05   1.000000e+02
9.593608e-02   4.303328e-05   1.000000e+02
9.682466e-02   4.372530e-05   1.000000e+02
9.772147e-02   4.482501e-05   1.000000e+02
9.862658e-02   4.648310e-05   1.000000e+02
9.954008e-02   4.888602e-05   1.000000e+02
1.004620e-01   5.227249e-05   1.000000e+02
1.013925e-01   5.683740e-05   1.000000e+02
1.023317e-01   6.270914e-05   1.000000e+02
1.032795e-01   7.004585e-05   1.000000e+02
1.042361e-01   7.903294e-05   1.000000e+02
1.052015e-01   8.987261e-05   1.000000e+02
1.061759e-01   1.027683e-04   1.000000e+02
1.071593e-01   1.179026e-04   1.000000e+02
1.081519e-01   1.354062e-04   1.000000e+02
1.091536e-01   1.553189e-04   1.000000e+02
1.101646e-01   1.775419e-04   1.000000e+02
1.111850e-01   2.019361e-04   1.000000e+02
1.122148e-01   2.286221e-04   1.000000e+02
1.132541e-01   2.578054e-04   1.000000e+02
1.143031e-01   2.897432e-04   1.000000e+02
1.153618e-01   3.247581e-04   1.000000e+02
1.164303e-01   3.632539e-04   1.000000e+02
1.175087e-01   4.057349e-04   1.000000e+02
1.185971e-01   4.528289e-04   1.000000e+02
1.196956e-01   5.053169e-04   1.000000e+02
1.208042e-01   5.641390e-04   1.000000e+02
1.219231e-01   6.301386e-04   1.000000e+02
1.230524e-01   7.040879e-04   1.000000e+02
1.241921e-01   7.868114e-04   1.000000e+02
1.253424e-01   8.791835e-04   1.000000e+02
1.265034e-01   9.821223e-04   1.000000e+02
1.276751e-01   1.096581e-03   1.000000e+02
1.288576e-01   1.223538e-03   1.000000e+02
1.300511e-01   1.363978e-03   1.000000e+02
1.312557e-01   1.518882e-03   1.000000e+02
1.324714e-01   1.689220e-03   1.000000e+02
1.336984e-01   1.875916e-03   1.000000e+02
1.349367e-01   2.079817e-03   1.000000e+02
1.361865e-01   2.301658e-03   1.000000e+02
1.374479e-01   2.542028e-03   1.000000e+02
1.387210e-01   2.801322e-03   1.000000e+02
1.400058e-01   3.079702e-03   1.000000e+02
1.413026e-01   3.377571e-03   1.000000e+02
1.426114e-01   3.697470e-03   1.000000e+02
1.439323e-01   4.043242e-03   1.000000e+02
1.452654e-01   4.419772e-03   1.000000e+02
1.466109e-01   4.833205e-03   1.000000e+02
1.479688e-01   5.291225e-03   1.000000e+02
1.493393e-01   5.803408e-03   1.000000e+02
1.507225e-01   6.381506e-03   1.000000e+02
1.521186e-01   7.035801e-03   1.000000e+02
1.535275e-01   7.773839e-03   1.000000e+02
1.549495e-01   8.603211e-03   1.000000e+02
1.563847e-01   9.531473e-03   1.000000e+02
1.578331e-01   1.056587e-02   1.000000e+02
1.592950e-01   1.171298e-02   1.000000e+02
1.607704e-01   1.297848e-02   1.000000e+02
1.622595e-01   1.437025e-02   1.000000e+02
1.637624e-01   1.589962e-02   1.000000e+02
1.652792e-01   1.757897e-02   1.000000e+02
1.668101e-01   1.942164e-02   1.000000e+02
1.683551e-01   2.144206e-02   1.000000e+02
1.699144e-01   2.365576e-02   1.000000e+02
1.714882e-01   2.607951e-02   1.000000e+02
1.730766e-01   2.873133e-02   1.000000e+02
1.746796e-01   3.163065e-02   1.000000e+02
1.762975e-01   3.479833e-02   1.000000e+02
1.779304e-01   3.825680e-02   1.000000e+02
1.795785e-01   4.203014e-02   1.000000e+02
1.812418e-01   4.614433e-02   1.000000e+02
1.829205e-01   5.062886e-02   1.000000e+02
1.846147e-01   5.551674e-02   1.000000e+02
1.863246e-01   6.084425e-02   1.000000e+02
1.880504e-01   6.665133e-02   1.000000e+02
1.897922e-01   7.298196e-02   1.000000e+02
1.915501e-01   7.988468e-02   1.000000e+02
1.933242e-01   8.741312e-02   1.000000e+02
1.951148e-01   9.562658e-02   1.000000e+02
1.969220e-01   1.045908e-01   1.000000e+02
1.987460e-01   1.143786e-01   1.000000e+02
2.005868e-01   1.250709e-01   1.000000e+02
2.024447e-01   1.367543e-01   1.000000e+02
2.043197e-01   1.495185e-01   1.000000e+02
2.062122e-01   1.634602e-01   1.000000e+02
2.081222e-01   1.786846e-01   1.000000e+02
2.100498e-01   1.953054e-01   1.000000e+02
2.119953e-01   2.134459e-01   1.000000e+02
2.139589e-01   2.332394e-01   1.000000e+02
2.159406e-01   2.548303e-01   1.000000e+02
2.179407e-01   2.783745e-01   1.000000e+02
2.199593e-01   3.040405e-01   1.000000e+02
2.219966e-01   3.320101e-01   1.000000e+02
2.240528e-01   3.624794e-01   1.000000e+02
2.261280e-01   3.956598e-01   1.000000e+02
2.282224e-01   4.317789e-01   1.000000e+02
2.303363e-01   4.710813e-01   1.000000e+02
2.324697e-01   5.138305e-01   1.000000e+02
2.346229e-01   5.603089e-01   1.000000e+02
2.367960e-01   6.108201e-01   1.000000e+02
2.389893e-01   6.656890e-01   1.000000e+02
2.412028e-01   7.252640e-01   1.000000e+02
2.434369e-01   7.899177e-01   1.000000e+02
2.456916e-01   8.600484e-01   1.000000e+02
2.479673e-01   9.360811e-01   1.000000e+02
2.502640e-01   1.018469e+00   1.000000e+02
2.525820e-01   1.107701e+00   1.000000e+02
2.549215e-01   1.204315e+00   1.000000e+02
2.572826e-01   1.308890e+00   1.000000e+02
2.596656e-01   1.422052e+00   1.000000e+02
2.620707e-01   1.544472e+00   1.000000e+02
2.644980e-01   1.676874e+00   1.000000e+02
2.669478e-01   1.820036e+00   1.000000e+02
2.694204e-01   1.974794e+00   1.000000e+02
2.719158e-01   2.142049e+00   1.000000e+02
2.744343e-01   2.322768e+00   1.000000e+02
2.769762e-01   2.517993e+00   1.000000e+02
2.795416e-01   2.728845e+00   1.000000e+02
2.821308e-01   2.956528e+00   1.000000e+02
2.847439e-01   3.202339e+00   1.000000e+02
2.873813e-01   3.467673e+00   1.000000e+02
2.900430e-01   3.754030e+00   1.000000e+02
2.927295e-01   4.063024e+00   1.000000e+02
2.954408e-01   4.396393e+00   1.000000e+02
2.981772e-01   4.756004e+00   1.000000e+02
3.009390e-01   5.143869e+00   1.000000e+02
3.037264e-01   5.562121e+00   1.000000e+02
3.065395e-01   6.012997e+00   1.000000e+02
3.093788e-01   6.498880e+00   1.000000e+02
3.122443e-01   7.022308e+00   1.000000e+02
3.151363e-01   7.585985e+00   1.000000e+02
3.180552e-01   8.192789e+00   1.000000e+02
3.210011e-01   8.845781e+00   1.000000e+02
3.239743e-01   9.548213e+00   1.000000e+02
3.269750e-01   1.030354e+01   1.000000e+02
3.300035e-01   1.111542e+01   1.000000e+02
3.330600e-01   1.198776e+01   1.000000e+02
3.361449e-01   1.292465e+01   1.000000e+02
3.392583e-01   1.393048e+01   1.000000e+02
3.424006e-01   1.500984e+01   1.000000e+02
3.455720e-01   1.616761e+01   1.000000e+02
3.487727e-01   1.740895e+01   1.000000e+02
3.520031e-01   1.873930e+01   1.000000e+02
3.552635e-01   2.016464e+01   1.000000e+02
3.585540e-01   2.169153e+01   1.000000e+02
3.618750e-01   2.332698e+01   1.000000e+02
3.652267e-01   2.507851e+01   1.000000e+02
3.686095e-01   2.695416e+01   1.000000e+02
3.720237e-01   2.896258e+01   1.000000e+02
3.754694e-01   3.111301e+01   1.000000e+02
3.789471e-01   3.341537e+01   1.000000e+02
3.824570e-01   3.588031e+01   1.000000e+02
3.859994e-01   3.851927e+01   1.000000e+02
3.895746e-01   4.134451e+01   1.000000e+02
3.931829e-01   4.436923e+01   1.000000e+02
3.968246e-01   4.760760e+01   1.000000e+02
4.005001e-01   5.107487e+01   1.000000e+02
4.042096e-01   5.478696e+01   1.000000e+02
4.079535e-01   5.875957e+01   1.000000e+02
4.117320e-01   6.300900e+01   1.000000e+02
4.155455e-01   6.755225e+01   1.000000e+02
4.193944e-01   7.240713e+01   1.000000e+02
4.232789e-01   7.759219e+01   1.000000e+02
4.271994e-01   8.312674e+01   1.000000e+02
4.311562e-01   8.903083e+01   1.000000e+02
4.351497e-01   9.532525e+01   1.000000e+02
4.391801e-01   1.020315e+02   1.000000e+02
4.432479e-01   1.091717e+02   1.000000e+02
4.473533e-01   1.167688e+02   1.000000e+02
4.514968e-01   1.248461e+02   1.000000e+02
4.556786e-01   1.334298e+02   1.000000e+02
4.598992e-01   1.425505e+02   1.000000e+02
4.641589e-01   1.522410e+02   1.000000e+02
4.684580e-01   1.625365e+02   1.000000e+02
4.727970e-01   1.734744e+02   1.000000e+02
4.771761e-01   1.850948e+02   1.000000e+02
4.815958e-01   1.974407e+02   1.000000e+02
4.860564e-01   2.105579e+02   1.000000e+02
4.905584e-01   2.244957e+02   1.000000e+02
4.951020e-01   2.393069e+02   1.000000e+02
4.996877e-01   2.550483e+02   1.000000e+02
5.043159e-01   2.717796e+02   1.000000e+02
5.089870e-01   2.895603e+02   1.000000e+02
5.137014e-01   3.084516e+02   1.000000e+02
5.184594e-01   3.285176e+02   1.000000e+02
5.232614e-01   3.498261e+02   1.000000e+02
5.281080e-01   3.724478e+02   1.000000e+02
5.329994e-01   3.964574e+02   1.000000e+02
5.379362e-01   4.219331e+02   1.000000e+02
5.429186e-01   4.489568e+02   1.000000e+02
5.479472e-01   4.776144e+02   1.000000e+02
5.530224e-01   5.079959e+02   1.000000e+02
5.581446e-01   5.401956e+02   1.000000e+02
5.633143e-01   5.743120e+02   1.000000e+02
5.685318e-01   6.104481e+02   1.000000e+02
5.737976e-01   6.487118e+02   1.000000e+02
5.791123e-01   6.892153e+02   1.000000e+02
5.844761e-01   7.320760e+02   1.000000e+02
5.898896e-01   7.774162e+02   1.000000e+02
5.953533e-01   8.253635e+02   1.000000e+02
6.008676e-01   8.760505e+02   1.000000e+02
6.064329e-01   9.296170e+02   1.000000e+02
6.120498e-01   9.862129e+02   1.000000e+02
6.177188e-01   1.045996e+03   1.000000e+02
6.234402e-01   1.109131e+03   1.000000e+02
6.292146e-01   1.175791e+03   1.000000e+02
6.350425e-01   1.246158e+03   1.000000e+02
6.409244e-01   1.320421e+03   1.000000e+02
6.468608e-01   1.398780e+03   1.000000e+02
6.528521e-01   1.481441e+03   1.000000e+02
6.588990e-01   1.568624e+03   1.000000e+02
6.650018e-01   1.660557e+03   1.000000e+02
6.711612e-01   1.757478e+03   1.000000e+02
6.773776e-01   1.859637e+03   1.000000e+02
6.836516e-01   1.967296e+03   1.000000e+02
6.899837e-01   2.080727e+03   1.000000e+02
6.963745e-01   2.200219e+03   1.000000e+02
7.028244e-01   2.326069e+03   1.000000e+02
7.093341e-01   2.458588e+03   1.000000e+02
7.159041e-01   2.598096e+03   1.000000e+02
7.225349e-01   2.744928e+03   1.000000e+02
7.292272e-01   2.899431e+03   1.000000e+02
7.359814e-01   3.061967e+03   1.000000e+02
7.427982e-01   3.232913e+03   1.000000e+02
7.496782e-01   3.412662e+03   1.000000e+02
7.566219e-01   3.601620e+03   1.000000e+02
7.636298e-01   3.800213e+03   1.000000e+02
7.707027e-01   4.008881e+03   1.000000e+02
7.778411e-01   4.228083e+03   1.000000e+02
7.850456e-01   4.458294e+03   1.000000e+02
7.923169e-01   4.700010e+03   1.000000e+02
7.996555e-01   4.953742e+03   1.000000e+02
8.070620e-01   5.220025e+03   1.000000e+02
8.145372e-01   5.499415e+03   1.000000e+02
8.220816e-01   5.792492e+03   1.000000e+02
8.296959e-01   6.099857e+03   1.000000e+02
8.373807e-01   6.422136e+03   1.000000e+02
8.451366e-01   6.759976e+03   1.000000e+02
8.529644e-01   7.114050e+03   1.000000e+02
8.608648e-01   7.485057e+03   1.000000e+02
8.688383e-01   7.873720e+03   1.000000e+02
8.768856e-01   8.280790e+03   1.000000e+02
8.850075e-01   8.707046e+03   1.000000e+02
8.932046e-01   9.153294e+03   1.000000e+02
9.014776e-01   9.620370e+03   1.000000e+02
9.098273e-01   1.010914e+04   1.000000e+02
9.182543e-01   1.062048e+04   1.000000e+02
9.267593e-01   1.115530e+04   1.000000e+02
9.353432e-01   1.171456e+04   1.000000e+02
9.440065e-01   1.229922e+04   1.000000e+02
9.527500e-01   1.291029e+04   1.000000e+02
9.615746e-01   1.354880e+04   1.000000e+02
9.704809e-01   1.421581e+04   1.000000e+02
9.794697e-01   1.491243e+04   1.000000e+02
9.885417e-01   1.563979e+04   1.000000e+02
9.976978e-01   1.639906e+04   1.000000e+02
1.006939e+00   1.719143e+04   1.000000e+02
1.016265e+00   1.801816e+04   1.000000e+02
1.025678e+00   1.888054e+04   1.000000e+02
1.035178e+00   1.977989e+04   1.000000e+02
1.044766e+00   2.071760e+04   1.000000e+02
1.054443e+00   2.169507e+04   1.000000e+02
1.064209e+00   2.271375e+04   1.000000e+02
1.074066e+00   2.377516e+04   1.000000e+02
1.084014e+00   2.488082e+04   1.000000e+02
1.094055e+00   2.603232e+04   1.000000e+02
1.104188e+00   2.723130e+04   1.000000e+02
1.114415e+00   2.847942e+04   1.000000e+02
1.124737e+00   2.977842e+04   1.000000e+02
1.135155e+00   3.113006e+04   1.000000e+02
1.145669e+00   3.253616e+04   1.000000e+02
1.156280e+00   3.399859e+04   1.000000e+02
1.166990e+00   3.551927e+04   1.000000e+02
1.177799e+00   3.710017e+04   1.000000e+02
1.188708e+00   3.874330e+04   1.000000e+02
1.199718e+00   4.045074e+04   1.000000e+02
1.210830e+00   4.222461e+04   1.000000e+02
1.222045e+00   4.406709e+04   1.000000e+02
1.233363e+00   4.598042e+04   1.000000e+02
1.244787e+00   4.796687e+04   1.000000e+02
1.256317e+00   5.002881e+04   1.000000e+02
1.267953e+00   5.216872e+04   1.000000e+02
1.279697e+00   5.438930e+04   1.000000e+02
1.291550e+00   5.669329e+04   1.000000e+02
1.303512e+00   5.908357e+04   1.000000e+02
1.315586e+00   6.156310e+04   1.000000e+02
1.327771e+00   6.413495e+04   1.000000e+02
1.340069e+00   6.680230e+04   1.000000e+02
1.352481e+00   6.956845e+04   1.000000e+02
1.365008e+00   7.243680e+04   1.000000e+02
1.377651e+00   7.541091e+04   1.000000e+02
1.390411e+00   7.849442e+04   1.000000e+02
1.403289e+00   8.169116e+04   1.000000e+02
1.416287e+00   8.500505e+04   1.000000e+02
1.429405e+00   8.844020e+04   1.000000e+02
1.442644e+00   9.200086e+04   1.000000e+02
1.456006e+00   9.569142e+04   1.000000e+02
1.469492e+00   9.951647e+04   1.000000e+02
1.483103e+00   1.034808e+05   1.000000e+02
1.496839e+00   1.075892e+05   1.000000e+02
1.510703e+00   1.118468e+05   1.000000e+02
1.524696e+00   1.162575e+05   1.000000e+02
1.538818e+00   1.208245e+05   1.000000e+02
1.553071e+00   1.255508e+05   1.000000e+02
1.567455e+00   1.304395e+05   1.000000e+02
1.581973e+00   1.354934e+05   1.000000e+02
1.596626e+00   1.407150e+05   1.000000e+02
1.611414e+00   1.461069e+05   1.000000e+02
1.626340e+00   1.516711e+05   1.000000e+02
1.641403e+00   1.574095e+05   1.000000e+02
1.656606e+00   1.633239e+05   1.000000e+02
1.671950e+00   1.694155e+05   1.000000e+02
1.687436e+00   1.756852e+05   1.000000e+02
1.703065e+00   1.821338e+05   1.000000e+02
1.718839e+00   1.887613e+05   1.000000e+02
1.734759e+00   1.955677e+05   1.000000e+02
1.750827e+00   2.025523e+05   1.000000e+02
1.767044e+00   2.097150e+05   1.000000e+02
1.783410e+00   2.170603e+05   1.000000e+02
1.799929e+00   2.245934e+05   1.000000e+02
1.816600e+00   2.323202e+05   1.000000e+02
1.833425e+00   2.402469e+05   1.000000e+02
1.850407e+00   2.483804e+05   1.000000e+02
1.867546e+00   2.567278e+05   1.000000e+02
1.884843e+00   2.652969e+05   1.000000e+02
1.902301e+00   2.740960e+05   1.000000e+02
1.919921e+00   2.831340e+05   1.000000e+02
1.937703e+00   2.924204e+05   1.000000e+02
1.955651e+00   3.019654e+05   1.000000e+02
1.973764e+00   3.117801e+05   1.000000e+02
1.992046e+00   3.218760e+05   1.000000e+02
2.010496e+00   3.322654e+05   1.000000e+02
2.029118e+00   3.429576e+05   1.000000e+02
2.047912e+00   3.539590e+05   1.000000e+02
2.066880e+00   3.652757e+05   1.000000e+02
2.086024e+00   3.769139e+05   1.000000e+02
2.105345e+00   3.888797e+05   1.000000e+02
2.124845e+00   4.011793e+05   1.000000e+02
2.144526e+00   4.138186e+05   1.000000e+02
2.164389e+00   4.268034e+05   1.000000e+02
2.184436e+00   4.401397e+05   1.000000e+02
2.204669e+00   4.538330e+05   1.000000e+02
2.225089e+00   4.678889e+05   1.000000e+02
2.245698e+00   4.823127e+05   1.000000e+02
2.266498e+00   4.971098e+05   1.000000e+02
2.287491e+00   5.122851e+05   1.000000e+02
2.308678e+00   5.278435e+05   1.000000e+02
2.330061e+00   5.437896e+05   1.000000e+02
2.351643e+00   5.601277e+05   1.000000e+02
2.373424e+00   5.768619e+05   1.000000e+02
2.395407e+00   5.939962e+05   1.000000e+02
2.417594e+00   6.115340e+05   1.000000e+02
2.439986e+00   6.294785e+05   1.000000e+02
2.462586e+00   6.478325e+05   1.000000e+02
2.485395e+00   6.665987e+05   1.000000e+02
2.508415e+00   6.857790e+05   1.000000e+02
2.531648e+00   7.053771e+05   1.000000e+02
2.555097e+00   7.253987e+05   1.000000e+02
2.578763e+00   7.458500e+05   1.000000e+02
2.602648e+00   7.667372e+05   1.000000e+02
2.626754e+00   7.880665e+05   1.000000e+02
2.651084e+00   8.098444e+05   1.000000e+02
2.675638e+00   8.320772e+05   1.000000e+02
2.700421e+00   8.547715e+05   1.000000e+02
2.725433e+00   8.779339e+05   1.000000e+02
2.750676e+00   9.015712e+05   1.000000e+02
2.776153e+00   9.256901e+05   1.000000e+02
2.801867e+00   9.502975e+05   1.000000e+02
2.827818e+00   9.754006e+05   1.000000e+02
2.854010e+00   1.001006e+06   1.000000e+02
2.880444e+00   1.027122e+06   1.000000e+02
2.907123e+00   1.053756e+06   1.000000e+02
2.934050e+00   1.080914e+06   1.000000e+02
2.961225e+00   1.108605e+06   1.000000e+02
2.988653e+00   1.136837e+06   1.000000e+02
3.016334e+00   1.165617e+06   1.000000e+02
3.044272e+00   1.194953e+06   1.000000e+02
3.072469e+00   1.224848e+06   1.000000e+02
3.100927e+00   1.255309e+06   1.000000e+02
3.129648e+00   1.286340e+06   1.000000e+02
3.158635e+00   1.317947e+06   1.000000e+02
3.187891e+00   1.350134e+06   1.000000e+02
3.217418e+00   1.382906e+06   1.000000e+02
3.247218e+00   1.416267e+06   1.000000e+02
3.277295e+00   1.450221e+06   1.000000e+02
3.307650e+00   1.484774e+06   1.000000e+02
3.338286e+00   1.519928e+06   1.000000e+02
3.369206e+00   1.555687e+06   1.000000e+02
3.400412e+00   1.592055e+06   1.000000e+02
3.431907e+00   1.629036e+06   1.000000e+02
3.463694e+00   1.666633e+06   1.000000e+02
3.495776e+00   1.704848e+06   1.000000e+02
3.528154e+00   1.743685e+06   1.000000e+02
3.560833e+00   1.783148e+06   1.000000e+02
3.593814e+00   1.823239e+06   1.000000e+02
3.627100e+00   1.863965e+06   1.000000e+02
3.660695e+00   1.905327e+06   1.000000e+02
3.694601e+00   1.947330e+06   1.000000e+02
3.728821e+00   1.989977e+06   1.000000e+02
3.763358e+00   2.033273e+06   1.000000e+02
3.798215e+00   2.077219e+06   1.000000e+02
3.833395e+00   2.121820e+06   1.000000e+02
3.868901e+00   2.167079e+06   1.000000e+02
3.904735e+00   2.212999e+06   1.000000e+02
3.940902e+00   2.259583e+06   1.000000e+02
3.977403e+00   2.306833e+06   1.000000e+02
4.014242e+00   2.354754e+06   1.000000e+02
4.051423e+00   2.403346e+06   1.000000e+02
4.088948e+00   2.452611e+06   1.000000e+02
4.126821e+00   2.502552e+06   1.000000e+02
4.165044e+00   2.553169e+06   1.000000e+02
4.203622e+00   2.604464e+06   1.000000e+02
4.242556e+00   2.656438e+06   1.000000e+02
4.281852e+00   2.709091e+06   1.000000e+02
4.321511e+00   2.762423e+06   1.000000e+02
4.361538e+00   2.816437e+06   1.000000e+02
4.401935e+00   2.871130e+06   1.000000e+02
4.442707e+00   2.926505e+06   1.000000e+02
4.483856e+00   2.982559e+06   1.000000e+02
4.525386e+00   3.039294e+06   1.000000e+02
4.567301e+00   3.096708e+06   1.000000e+02
4.609604e+00   3.154801e+06   1.000000e+02
4.652300e+00   3.213571e+06   1.000000e+02
4.695390e+00   3.273018e+06   1.000000e+02
4.738880e+00   3.333139e+06   1.000000e+02
4.782772e+00   3.393934e+06   1.000000e+02
4.827071e+00   3.455400e+06   1.000000e+02
4.871780e+00   3.517536e+06   1.000000e+02
4.916904e+00   3.580339e+06   1.000000e+02
4.962445e+00   3.643807e+06   1.000000e+02
5.008408e+00   3.707936e+06   1.000000e+02
5.054797e+00   3.772725e+06   1.000000e+02
5.101615e+00   3.838169e+06   1.000000e+02
5.148867e+00   3.904266e+06   1.000000e+02
5.196557e+00   3.971011e+06   1.000000e+02
5.244689e+00   4.038402e+06   1.000000e+02
5.293266e+00   4.106432e+06   1.000000e+02
5.342293e+00   4.175099e+06   1.000000e+02
5.391775e+00   4.244397e+06   1.000000e+02
5.441714e+00   4.314323e+06   1.000000e+02
5.492116e+00   4.384869e+06   1.000000e+02
5.542986e+00   4.456033e+06   1.000000e+02
5.594326e+00   4.527807e+06   1.000000e+02
5.646141e+00   4.600186e+06   1.000000e+02
5.698437e+00   4.673164e+06   1.000000e+02
5.751217e+00   4.746736e+06   1.000000e+02
5.804486e+00   4.820894e+06   1.000000e+02
5.858248e+00   4.895632e+06   1.000000e+02
5.912508e+00   4.970943e+06   1.000000e+02
5.967271e+00   5.046820e+06   1.000000e+02
6.022541e+00   5.123255e+06   1.000000e+02
6.078323e+00   5.200242e+06   1.000000e+02
6.134622e+00   5.277771e+06   1.000000e+02
6.191442e+00   5.355833e+06   1.000000e+02
6.248788e+00   5.434421e+06   1.000000e+02
6.306666e+00   5.513523e+06   1.000000e+02
6.365079e+00   5.593132e+06   1.000000e+02
6.424034e+00   5.673237e+06   1.000000e+02
6.483534e+00   5.753828e+06   1.000000e+02
6.543586e+00   5.834895e+06   1.000000e+02
6.604194e+00   5.916428e+06   1.000000e+02
6.665363e+00   5.998415e+06   1.000000e+02
6.727099e+00   6.080846e+06   1.000000e+02
6.789407e+00   6.163710e+06   1.000000e+02
6.852292e+00   6.246995e+06   1.000000e+02
6.915759e+00   6.330688e+06   1.000000e+02
6.979814e+00   6.414780e+06   1.000000e+02
7.044462e+00   6.499256e+06   1.000000e+02
7.109709e+00   6.584105e+06   1.000000e+02
7.175561e+00   6.669313e+06   1.000000e+02
7.242022e+00   6.754866e+06   1.000000e+02
7.309099e+00   6.840751e+06   1.000000e+02
7.376798e+00   6.926952e+06   1.000000e+02
7.445123e+00   7.013456e+06   1.000000e+02
7.514081e+00   7.100249e+06   1.000000e+02
7.583678e+00   7.187314e+06   1.000000e+02
7.653919e+00   7.274638e+06   1.000000e+02
7.724811e+00   7.362204e+06   1.000000e+02
7.796360e+00   7.449997e+06   1.000000e+02
7.868572e+00   7.538001e+06   1.000000e+02
7.941452e+00   7.626201e+06   1.000000e+02
8.015007e+00   7.714579e+06   1.000000e+02
8.089243e+00   7.803119e+06   1.000000e+02
8.164168e+00   7.891802e+06   1.000000e+02
8.239786e+00   7.980611e+06   1.000000e+02
8.316104e+00   8.069525e+06   1.000000e+02
8.393129e+00   8.158526e+06   1.000000e+02
8.470868e+00   8.247594e+06   1.000000e+02
8.549327e+00   8.336709e+06   1.000000e+02
8.628513e+00   8.425853e+06   1.000000e+02
8.708431e+00   8.515003e+06   1.000000e+02
8.789091e+00   8.604140e+06   1.000000e+02
8.870497e+00   8.693243e+06   1.000000e+02
8.952657e+00   8.782291e+06   1.000000e+02
9.035578e+00   8.871264e+06   1.000000e+02
9.119268e+00   8.960138e+06   1.000000e+02
9.203732e+00   9.048894e+06   1.000000e+02
9.288979e+00   9.137510e+06   1.000000e+02
9.375015e+00   9.225962e+06   1.000000e+02
9.461848e+00   9.314230e+06   1.000000e+02
9.549486e+00   9.402291e+06   1.000000e+02
9.637935e+00   9.490123e+06   1.000000e+02
9.727203e+00   9.577702e+06   1.000000e+02
9.817298e+00   9.665007e+06   1.000000e+02
9.908228e+00   9.752014e+06   1.000000e+02
1.000000e+01   9.838700e+06   1.000000e+02
