# Be10 + p > a + a + t   [Be10_p__a_a_t]   ref=TALYS2, Koning et al. 2023
# detailed balance: alpha=1.9344e-11 beta=-1.5 gamma=-1.1235  Q=0.096
# T9                 rate                error
1.000000e-03   1.000000e-35   1.000000e+02
1.009262e-03   1.002981e-35   1.000000e+02
1.018610e-03   1.005584e-35   1.000000e+02
1.028045e-03   1.007811e-35   1.000000e+02
1.037567e-03   1.009667e-35   1.000000e+02
1.047177e-03   1.011156e-35   1.000000e+02
1.056876e-03   1.012284e-35   1.000000e+02
1.066665e-03   1.013056e-35   1.000000e+02
1.076545e-03   1.013478e-35   1.000000e+02
1.086516e-03   1.013556e-35   1.000000e+02
1.096579e-03   1.013298e-35   1.000000e+02
1.106736e-03   1.012709e-35   1.000000e+02
1.116987e-03   1.011798e-35   1.000000e+02
1.127333e-03   1.010571e-35   1.000000e+02
1.137774e-03   1.009038e-35   1.000000e+02
1.148312e-03   1.007205e-35   1.000000e+02
1.158948e-03   1.005081e-35   1.000000e+02
1.169683e-03   1.002675e-35   1.000000e+02
1.180517e-03   9.999953e-36   1.000000e+02
1.191451e-03   9.970509e-36   1.000000e+02
1.202486e-03   9.938507e-36   1.000000e+02
1.213624e-03   9.904039e-36   1.000000e+02
1.224865e-03   9.867196e-36   1.000000e+02
1.236210e-03   9.828071e-36   1.000000e+02
1.247660e-03   9.786757e-36   1.000000e+02
1.259216e-03   9.743349e-36   1.000000e+02
1.270879e-03   9.697940e-36   1.000000e+02
1.282650e-03   9.650623e-36   1.000000e+02
1.294530e-03   9.601494e-36   1.000000e+02
1.306520e-03   9.550646e-36   1.000000e+02
1.318621e-03   9.498171e-36   1.000000e+02
1.330835e-03   9.444162e-36   1.000000e+02
1.343161e-03   9.388712e-36   1.000000e+02
1.355602e-03   9.331911e-36   1.000000e+02
1.368158e-03   9.273850e-36   1.000000e+02
1.380830e-03   9.214617e-36   1.000000e+02
1.393619e-03   9.154301e-36   1.000000e+02
1.406527e-03   9.092989e-36   1.000000e+02
1.419555e-03   9.030765e-36   1.000000e+02
1.432703e-03   8.967714e-36   1.000000e+02
1.445973e-03   8.903919e-36   1.000000e+02
1.459366e-03   8.839460e-36   1.000000e+02
1.472883e-03   8.774416e-36   1.000000e+02
1.486525e-03   8.708867e-36   1.000000e+02
1.500293e-03   8.642886e-36   1.000000e+02
1.514189e-03   8.576550e-36   1.000000e+02
1.528214e-03   8.509930e-36   1.000000e+02
1.542369e-03   8.443096e-36   1.000000e+02
1.556654e-03   8.376119e-36   1.000000e+02
1.571072e-03   8.309065e-36   1.000000e+02
1.585624e-03   8.241998e-36   1.000000e+02
1.600310e-03   8.174984e-36   1.000000e+02
1.615133e-03   8.108082e-36   1.000000e+02
1.630092e-03   8.041353e-36   1.000000e+02
1.645191e-03   7.974854e-36   1.000000e+02
1.660429e-03   7.908642e-36   1.000000e+02
1.675808e-03   7.842770e-36   1.000000e+02
1.691330e-03   7.777291e-36   1.000000e+02
1.706995e-03   7.712256e-36   1.000000e+02
1.722805e-03   7.647713e-36   1.000000e+02
1.738762e-03   7.583709e-36   1.000000e+02
1.754867e-03   7.520291e-36   1.000000e+02
1.771121e-03   7.457502e-36   1.000000e+02
1.787526e-03   7.395384e-36   1.000000e+02
1.804082e-03   7.333977e-36   1.000000e+02
1.820792e-03   7.273322e-36   1.000000e+02
1.837656e-03   7.213456e-36   1.000000e+02
1.854677e-03   7.154415e-36   1.000000e+02
1.871855e-03   7.096234e-36   1.000000e+02
1.889193e-03   7.038947e-36   1.000000e+02
1.906691e-03   6.982587e-36   1.000000e+02
1.924351e-03   6.927183e-36   1.000000e+02
1.942175e-03   6.872767e-36   1.000000e+02
1.960163e-03   6.819368e-36   1.000000e+02
1.978319e-03   6.767013e-36   1.000000e+02
1.996642e-03   6.715729e-36   1.000000e+02
2.015136e-03   6.665542e-36   1.000000e+02
2.033800e-03   6.616477e-36   1.000000e+02
2.052638e-03   6.568560e-36   1.000000e+02
2.071650e-03   6.521813e-36   1.000000e+02
2.090838e-03   6.476259e-36   1.000000e+02
2.110203e-03   6.431921e-36   1.000000e+02
2.129749e-03   6.388820e-36   1.000000e+02
2.149475e-03   6.346979e-36   1.000000e+02
2.169384e-03   6.306417e-36   1.000000e+02
2.189477e-03   6.267156e-36   1.000000e+02
2.209756e-03   6.229215e-36   1.000000e+02
2.230223e-03   6.192616e-36   1.000000e+02
2.250880e-03   6.157377e-36   1.000000e+02
2.271728e-03   6.123519e-36   1.000000e+02
2.292769e-03   6.091062e-36   1.000000e+02
2.314005e-03   6.060025e-36   1.000000e+02
2.335438e-03   6.030429e-36   1.000000e+02
2.357069e-03   6.002293e-36   1.000000e+02
2.378901e-03   5.975640e-36   1.000000e+02
2.400935e-03   5.950489e-36   1.000000e+02
2.423173e-03   5.926862e-36   1.000000e+02
2.445617e-03   5.904780e-36   1.000000e+02
2.468268e-03   5.884268e-36   1.000000e+02
2.491130e-03   5.865346e-36   1.000000e+02
2.514203e-03   5.848041e-36   1.000000e+02
2.537490e-03   5.832376e-36   1.000000e+02
2.560993e-03   5.818376e-36   1.000000e+02
2.584714e-03   5.806070e-36   1.000000e+02
2.608654e-03   5.795485e-36   1.000000e+02
2.632815e-03   5.786650e-36   1.000000e+02
2.657201e-03   5.779595e-36   1.000000e+02
2.681813e-03   5.774353e-36   1.000000e+02
2.706652e-03   5.770957e-36   1.000000e+02
2.731722e-03   5.769442e-36   1.000000e+02
2.757023e-03   5.769844e-36   1.000000e+02
2.782559e-03   5.772204e-36   1.000000e+02
2.808332e-03   5.776560e-36   1.000000e+02
2.834343e-03   5.782957e-36   1.000000e+02
2.860596e-03   5.791440e-36   1.000000e+02
2.887091e-03   5.802057e-36   1.000000e+02
2.913832e-03   5.814857e-36   1.000000e+02
2.940820e-03   5.829894e-36   1.000000e+02
2.968059e-03   5.847224e-36   1.000000e+02
2.995549e-03   5.866906e-36   1.000000e+02
3.023295e-03   5.888980e-36   1.000000e+02
3.051297e-03   5.913329e-36   1.000000e+02
3.079559e-03   5.939778e-36   1.000000e+02
3.108082e-03   5.968148e-36   1.000000e+02
3.136870e-03   5.998258e-36   1.000000e+02
3.165924e-03   6.029926e-36   1.000000e+02
3.195248e-03   6.062964e-36   1.000000e+02
3.224842e-03   6.097185e-36   1.000000e+02
3.254712e-03   6.132394e-36   1.000000e+02
3.284857e-03   6.168393e-36   1.000000e+02
3.315282e-03   6.204980e-36   1.000000e+02
3.345989e-03   6.241948e-36   1.000000e+02
3.376980e-03   6.279085e-36   1.000000e+02
3.408259e-03   6.316172e-36   1.000000e+02
3.439826e-03   6.352988e-36   1.000000e+02
3.471687e-03   6.389305e-36   1.000000e+02
3.503842e-03   6.424891e-36   1.000000e+02
3.536296e-03   6.459507e-36   1.000000e+02
3.569049e-03   6.492914e-36   1.000000e+02
3.602107e-03   6.524864e-36   1.000000e+02
3.635470e-03   6.555109e-36   1.000000e+02
3.669142e-03   6.583397e-36   1.000000e+02
3.703127e-03   6.609473e-36   1.000000e+02
3.737426e-03   6.633081e-36   1.000000e+02
3.772042e-03   6.653965e-36   1.000000e+02
3.806980e-03   6.671869e-36   1.000000e+02
3.842241e-03   6.686537e-36   1.000000e+02
3.877828e-03   6.697717e-36   1.000000e+02
3.913746e-03   6.705161e-36   1.000000e+02
3.949995e-03   6.708624e-36   1.000000e+02
3.986581e-03   6.707869e-36   1.000000e+02
4.023506e-03   6.702751e-36   1.000000e+02
4.060772e-03   6.694233e-36   1.000000e+02
4.098384e-03   6.684048e-36   1.000000e+02
4.136344e-03   6.673938e-36   1.000000e+02
4.174655e-03   6.665634e-36   1.000000e+02
4.213322e-03   6.660860e-36   1.000000e+02
4.252346e-03   6.661339e-36   1.000000e+02
4.291732e-03   6.668805e-36   1.000000e+02
4.331483e-03   6.685018e-36   1.000000e+02
4.371602e-03   6.711785e-36   1.000000e+02
4.412093e-03   6.750988e-36   1.000000e+02
4.452959e-03   6.804610e-36   1.000000e+02
4.494203e-03   6.874776e-36   1.000000e+02
4.535829e-03   6.963799e-36   1.000000e+02
4.577841e-03   7.074228e-36   1.000000e+02
4.620241e-03   7.208914e-36   1.000000e+02
4.663035e-03   7.371087e-36   1.000000e+02
4.706225e-03   7.564442e-36   1.000000e+02
4.749815e-03   7.793253e-36   1.000000e+02
4.793808e-03   8.062506e-36   1.000000e+02
4.838210e-03   8.378062e-36   1.000000e+02
4.883022e-03   8.746859e-36   1.000000e+02
4.928250e-03   9.177166e-36   1.000000e+02
4.973896e-03   9.678896e-36   1.000000e+02
5.019965e-03   1.026393e-35   1.000000e+02
5.066461e-03   1.094417e-35   1.000000e+02
5.113388e-03   1.173076e-35   1.000000e+02
5.160749e-03   1.263658e-35   1.000000e+02
5.208549e-03   1.367661e-35   1.000000e+02
5.256791e-03   1.486823e-35   1.000000e+02
5.305481e-03   1.623145e-35   1.000000e+02
5.354621e-03   1.778929e-35   1.000000e+02
5.404216e-03   1.956811e-35   1.000000e+02
5.454271e-03   2.159803e-35   1.000000e+02
5.504790e-03   2.391333e-35   1.000000e+02
5.555776e-03   2.655293e-35   1.000000e+02
5.607235e-03   2.956086e-35   1.000000e+02
5.659170e-03   3.298678e-35   1.000000e+02
5.711586e-03   3.688644e-35   1.000000e+02
5.764488e-03   4.132220e-35   1.000000e+02
5.817880e-03   4.636343e-35   1.000000e+02
5.871766e-03   5.208698e-35   1.000000e+02
5.926152e-03   5.857739e-35   1.000000e+02
5.981041e-03   6.592709e-35   1.000000e+02
6.036439e-03   7.423782e-35   1.000000e+02
6.092349e-03   8.363949e-35   1.000000e+02
6.148778e-03   9.429491e-35   1.000000e+02
6.205729e-03   1.063954e-34   1.000000e+02
6.263207e-03   1.201661e-34   1.000000e+02
6.321218e-03   1.358729e-34   1.000000e+02
6.379767e-03   1.538304e-34   1.000000e+02
6.438857e-03   1.744124e-34   1.000000e+02
6.498495e-03   1.980638e-34   1.000000e+02
6.558686e-03   2.253162e-34   1.000000e+02
6.619433e-03   2.568068e-34   1.000000e+02
6.680744e-03   2.933014e-34   1.000000e+02
6.742622e-03   3.357240e-34   1.000000e+02
6.805074e-03   3.851929e-34   1.000000e+02
6.868104e-03   4.430663e-34   1.000000e+02
6.931717e-03   5.109999e-34   1.000000e+02
6.995920e-03   5.910190e-34   1.000000e+02
7.060718e-03   6.855876e-34   1.000000e+02
7.126115e-03   7.976012e-34   1.000000e+02
7.192119e-03   9.305270e-34   1.000000e+02
7.258734e-03   1.088558e-33   1.000000e+02
7.325965e-03   1.276769e-33   1.000000e+02
7.393820e-03   1.501310e-33   1.000000e+02
7.462303e-03   1.769639e-33   1.000000e+02
7.531420e-03   2.090807e-33   1.000000e+02
7.601178e-03   2.475811e-33   1.000000e+02
7.671581e-03   2.938015e-33   1.000000e+02
7.742637e-03   3.493677e-33   1.000000e+02
7.814351e-03   4.162578e-33   1.000000e+02
7.886729e-03   4.968805e-33   1.000000e+02
7.959777e-03   5.941697e-33   1.000000e+02
8.033502e-03   7.117071e-33   1.000000e+02
8.107910e-03   8.541114e-33   1.000000e+02
8.183007e-03   1.027504e-32   1.000000e+02
8.258799e-03   1.239793e-32   1.000000e+02
8.335294e-03   1.501249e-32   1.000000e+02
8.412497e-03   1.825304e-32   1.000000e+02
8.490415e-03   2.229654e-32   1.000000e+02
8.569055e-03   2.737793e-32   1.000000e+02
8.648423e-03   3.381161e-32   1.000000e+02
8.728527e-03   4.202174e-32   1.000000e+02
8.809372e-03   5.258552e-32   1.000000e+02
8.890966e-03   6.629541e-32   1.000000e+02
8.973316e-03   8.424940e-32   1.000000e+02
9.056428e-03   1.079686e-31   1.000000e+02
9.140311e-03   1.393771e-31   1.000000e+02
9.224970e-03   1.808620e-31   1.000000e+02
9.310413e-03   2.354274e-31   1.000000e+02
9.396648e-03   3.067703e-31   1.000000e+02
9.483682e-03   3.993085e-31   1.000000e+02
9.571522e-03   5.181255e-31   1.000000e+02
9.660175e-03   6.687827e-31   1.000000e+02
9.749649e-03   8.569410e-31   1.000000e+02
9.839952e-03   1.087740e-30   1.000000e+02
9.931092e-03   1.364898e-30   1.000000e+02
1.002308e-02   1.689556e-30   1.000000e+02
1.011591e-02   2.061594e-30   1.000000e+02
1.020961e-02   2.483972e-30   1.000000e+02
1.030417e-02   2.961306e-30   1.000000e+02
1.039961e-02   3.500206e-30   1.000000e+02
1.049593e-02   4.110152e-30   1.000000e+02
1.059315e-02   4.804594e-30   1.000000e+02
1.069126e-02   5.602353e-30   1.000000e+02
1.079029e-02   6.529494e-30   1.000000e+02
1.089023e-02   7.621920e-30   1.000000e+02
1.099110e-02   8.929052e-30   1.000000e+02
1.109290e-02   1.051569e-29   1.000000e+02
1.119564e-02   1.244915e-29   1.000000e+02
1.129934e-02   1.480620e-29   1.000000e+02
1.140400e-02   1.767998e-29   1.000000e+02
1.150962e-02   2.118296e-29   1.000000e+02
1.161623e-02   2.545016e-29   1.000000e+02
1.172382e-02   3.064259e-29   1.000000e+02
1.183241e-02   3.695080e-29   1.000000e+02
1.194200e-02   4.459828e-29   1.000000e+02
1.205261e-02   5.384515e-29   1.000000e+02
1.216424e-02   6.501450e-29   1.000000e+02
1.227691e-02   7.852050e-29   1.000000e+02
1.239062e-02   9.487411e-29   1.000000e+02
1.250539e-02   1.147062e-28   1.000000e+02
1.262121e-02   1.387979e-28   1.000000e+02
1.273811e-02   1.681198e-28   1.000000e+02
1.285610e-02   2.038812e-28   1.000000e+02
1.297517e-02   2.475941e-28   1.000000e+02
1.309535e-02   3.011496e-28   1.000000e+02
1.321664e-02   3.668679e-28   1.000000e+02
1.333906e-02   4.476092e-28   1.000000e+02
1.346261e-02   5.469228e-28   1.000000e+02
1.358730e-02   6.692168e-28   1.000000e+02
1.371315e-02   8.199692e-28   1.000000e+02
1.384016e-02   1.005991e-27   1.000000e+02
1.396835e-02   1.235756e-27   1.000000e+02
1.409773e-02   1.519817e-27   1.000000e+02
1.422830e-02   1.871403e-27   1.000000e+02
1.436009e-02   2.307103e-27   1.000000e+02
1.449310e-02   2.847718e-27   1.000000e+02
1.462733e-02   3.519362e-27   1.000000e+02
1.476281e-02   4.354865e-27   1.000000e+02
1.489955e-02   5.395549e-27   1.000000e+02
1.503755e-02   6.693505e-27   1.000000e+02
1.517683e-02   8.314426e-27   1.000000e+02
1.531740e-02   1.034118e-26   1.000000e+02
1.545928e-02   1.287851e-26   1.000000e+02
1.560246e-02   1.605893e-26   1.000000e+02
1.574698e-02   2.005031e-26   1.000000e+02
1.589283e-02   2.506556e-26   1.000000e+02
1.604003e-02   3.137497e-26   1.000000e+02
1.618860e-02   3.932208e-26   1.000000e+02
1.633854e-02   4.934384e-26   1.000000e+02
1.648987e-02   6.199674e-26   1.000000e+02
1.664260e-02   7.799024e-26   1.000000e+02
1.679675e-02   9.822980e-26   1.000000e+02
1.695232e-02   1.238722e-25   1.000000e+02
1.710934e-02   1.563969e-25   1.000000e+02
1.726781e-02   1.976980e-25   1.000000e+02
1.742775e-02   2.502028e-25   1.000000e+02
1.758917e-02   3.170253e-25   1.000000e+02
1.775208e-02   4.021645e-25   1.000000e+02
1.791650e-02   5.107608e-25   1.000000e+02
1.808245e-02   6.494288e-25   1.000000e+02
1.824993e-02   8.266942e-25   1.000000e+02
1.841897e-02   1.053561e-24   1.000000e+02
1.858957e-02   1.344243e-24   1.000000e+02
1.876175e-02   1.717124e-24   1.000000e+02
1.893552e-02   2.196004e-24   1.000000e+02
1.911091e-02   2.811737e-24   1.000000e+02
1.928792e-02   3.604362e-24   1.000000e+02
1.946656e-02   4.625901e-24   1.000000e+02
1.964687e-02   5.944027e-24   1.000000e+02
1.982884e-02   7.646870e-24   1.000000e+02
2.001250e-02   9.849346e-24   1.000000e+02
2.019786e-02   1.270135e-23   1.000000e+02
2.038493e-02   1.639819e-23   1.000000e+02
2.057374e-02   2.119470e-23   1.000000e+02
2.076430e-02   2.742371e-23   1.000000e+02
2.095662e-02   3.552012e-23   1.000000e+02
2.115073e-02   4.605258e-23   1.000000e+02
2.134663e-02   5.976498e-23   1.000000e+02
2.154435e-02   7.763096e-23   1.000000e+02
2.174389e-02   1.009254e-22   1.000000e+02
2.194529e-02   1.313182e-22   1.000000e+02
2.214855e-02   1.709978e-22   1.000000e+02
2.235370e-02   2.228329e-22   1.000000e+02
2.256074e-02   2.905851e-22   1.000000e+02
2.276970e-02   3.791877e-22   1.000000e+02
2.298060e-02   4.951129e-22   1.000000e+02
2.319345e-02   6.468524e-22   1.000000e+02
2.340827e-02   8.455496e-22   1.000000e+02
2.362508e-02   1.105829e-21   1.000000e+02
2.384390e-02   1.446883e-21   1.000000e+02
2.406475e-02   1.893904e-21   1.000000e+02
2.428764e-02   2.479952e-21   1.000000e+02
2.451260e-02   3.248413e-21   1.000000e+02
2.473964e-02   4.256220e-21   1.000000e+02
2.496878e-02   5.578064e-21   1.000000e+02
2.520005e-02   7.311991e-21   1.000000e+02
2.543346e-02   9.587199e-21   1.000000e+02
2.566903e-02   1.257396e-20   1.000000e+02
2.590678e-02   1.649671e-20   1.000000e+02
2.614673e-02   2.165148e-20   1.000000e+02
2.638891e-02   2.842912e-20   1.000000e+02
2.663333e-02   3.734611e-20   1.000000e+02
2.688001e-02   4.908557e-20   1.000000e+02
2.712898e-02   6.455191e-20   1.000000e+02
2.738025e-02   8.494381e-20   1.000000e+02
2.763385e-02   1.118516e-19   1.000000e+02
2.788980e-02   1.473876e-19   1.000000e+02
2.814812e-02   1.943605e-19   1.000000e+02
2.840884e-02   2.565101e-19   1.000000e+02
2.867196e-02   3.388210e-19   1.000000e+02
2.893753e-02   4.479465e-19   1.000000e+02
2.920556e-02   5.927783e-19   1.000000e+02
2.947606e-02   7.852164e-19   1.000000e+02
2.974908e-02   1.041208e-18   1.000000e+02
3.002462e-02   1.382157e-18   1.000000e+02
3.030271e-02   1.836710e-18   1.000000e+02
3.058338e-02   2.442812e-18   1.000000e+02
3.086665e-02   3.250811e-18   1.000000e+02
3.115254e-02   4.327446e-18   1.000000e+02
3.144108e-02   5.760976e-18   1.000000e+02
3.173230e-02   7.667802e-18   1.000000e+02
3.202621e-02   1.020099e-17   1.000000e+02
3.232284e-02   1.356114e-17   1.000000e+02
3.262222e-02   1.801020e-17   1.000000e+02
3.292437e-02   2.388888e-17   1.000000e+02
3.322933e-02   3.163833e-17   1.000000e+02
3.353710e-02   4.182715e-17   1.000000e+02
3.384773e-02   5.518432e-17   1.000000e+02
3.416123e-02   7.263938e-17   1.000000e+02
3.447764e-02   9.537037e-17   1.000000e+02
3.479698e-02   1.248607e-16   1.000000e+02
3.511928e-02   1.629653e-16   1.000000e+02
3.544456e-02   2.119862e-16   1.000000e+02
3.577285e-02   2.747574e-16   1.000000e+02
3.610419e-02   3.547368e-16   1.000000e+02
3.643859e-02   4.561046e-16   1.000000e+02
3.677609e-02   5.838617e-16   1.000000e+02
3.711672e-02   7.439246e-16   1.000000e+02
3.746050e-02   9.432077e-16   1.000000e+02
3.780747e-02   1.189683e-15   1.000000e+02
3.815765e-02   1.492405e-15   1.000000e+02
3.851107e-02   1.861486e-15   1.000000e+02
3.886777e-02   2.308004e-15   1.000000e+02
3.922777e-02   2.843826e-15   1.000000e+02
3.959110e-02   3.481330e-15   1.000000e+02
3.995780e-02   4.233011e-15   1.000000e+02
4.032790e-02   5.111539e-15   1.000000e+02
4.070142e-02   6.132996e-15   1.000000e+02
4.107841e-02   7.316996e-15   1.000000e+02
4.145888e-02   8.686654e-15   1.000000e+02
4.184289e-02   1.026957e-14   1.000000e+02
4.223044e-02   1.209908e-14   1.000000e+02
4.262159e-02   1.421588e-14   1.000000e+02
4.301636e-02   1.667003e-14   1.000000e+02
4.341478e-02   1.952364e-14   1.000000e+02
4.381690e-02   2.285428e-14   1.000000e+02
4.422274e-02   2.675946e-14   1.000000e+02
4.463234e-02   3.136247e-14   1.000000e+02
4.504573e-02   3.682028e-14   1.000000e+02
4.546295e-02   4.333393e-14   1.000000e+02
4.588404e-02   5.116273e-14   1.000000e+02
4.630903e-02   6.064353e-14   1.000000e+02
4.673795e-02   7.221725e-14   1.000000e+02
4.717085e-02   8.646562e-14   1.000000e+02
4.760775e-02   1.041628e-13   1.000000e+02
4.804870e-02   1.263481e-13   1.000000e+02
4.849374e-02   1.544302e-13   1.000000e+02
4.894290e-02   1.903372e-13   1.000000e+02
4.939622e-02   2.367356e-13   1.000000e+02
4.985373e-02   2.973531e-13   1.000000e+02
5.031549e-02   3.774312e-13   1.000000e+02
5.078152e-02   4.840453e-13   1.000000e+02
5.125187e-02   6.267873e-13   1.000000e+02
5.172657e-02   8.189170e-13   1.000000e+02
5.220568e-02   1.078809e-12   1.000000e+02
5.268921e-02   1.431972e-12   1.000000e+02
5.317723e-02   1.913853e-12   1.000000e+02
5.366977e-02   2.573753e-12   1.000000e+02
5.416687e-02   3.480237e-12   1.000000e+02
5.466857e-02   4.728618e-12   1.000000e+02
5.517492e-02   6.451231e-12   1.000000e+02
5.568596e-02   8.831484e-12   1.000000e+02
5.620174e-02   1.212291e-11   1.000000e+02
5.672229e-02   1.667487e-11   1.000000e+02
5.724766e-02   2.296673e-11   1.000000e+02
5.777790e-02   3.165318e-11   1.000000e+02
5.831305e-02   4.362308e-11   1.000000e+02
5.885316e-02   6.007528e-11   1.000000e+02
5.939827e-02   8.261434e-11   1.000000e+02
5.994843e-02   1.133691e-10   1.000000e+02
6.050368e-02   1.551526e-10   1.000000e+02
6.106408e-02   2.117543e-10   1.000000e+02
6.162966e-02   2.882560e-10   1.000000e+02
6.220049e-02   3.914363e-10   1.000000e+02
6.277660e-02   5.303273e-10   1.000000e+02
6.335805e-02   7.169534e-10   1.000000e+02
6.394488e-02   9.673096e-10   1.000000e+02
6.453715e-02   1.302661e-09   1.000000e+02
6.513491e-02   1.751267e-09   1.000000e+02
6.573820e-02   2.350672e-09   1.000000e+02
6.634708e-02   3.150751e-09   1.000000e+02
6.696160e-02   4.217765e-09   1.000000e+02
6.758181e-02   5.639758e-09   1.000000e+02
6.820777e-02   7.533765e-09   1.000000e+02
6.883952e-02   1.005544e-08   1.000000e+02
6.947713e-02   1.341191e-08   1.000000e+02
7.012064e-02   1.787907e-08   1.000000e+02
7.077011e-02   2.382295e-08   1.000000e+02
7.142559e-02   3.172497e-08   1.000000e+02
7.208715e-02   4.221922e-08   1.000000e+02
7.275484e-02   5.613978e-08   1.000000e+02
7.342870e-02   7.458151e-08   1.000000e+02
7.410882e-02   9.897824e-08   1.000000e+02
7.479523e-02   1.312033e-07   1.000000e+02
7.548799e-02   1.736978e-07   1.000000e+02
7.618718e-02   2.296344e-07   1.000000e+02
7.689284e-02   3.031243e-07   1.000000e+02
7.760503e-02   3.994791e-07   1.000000e+02
7.832383e-02   5.255393e-07   1.000000e+02
7.904928e-02   6.900846e-07   1.000000e+02
7.978145e-02   9.043443e-07   1.000000e+02
8.052040e-02   1.182612e-06   1.000000e+02
8.126619e-02   1.542804e-06   1.000000e+02
8.201889e-02   2.007189e-06   1.000000e+02
8.277857e-02   2.603295e-06   1.000000e+02
8.354528e-02   3.364840e-06   1.000000e+02
8.431909e-02   4.332712e-06   1.000000e+02
8.510007e-02   5.555946e-06   1.000000e+02
8.588829e-02   7.092632e-06   1.000000e+02
8.668380e-02   9.010656e-06   1.000000e+02
8.748668e-02   1.138816e-05   1.000000e+02
8.829700e-02   1.431354e-05   1.000000e+02
8.911482e-02   1.788485e-05   1.000000e+02
8.994022e-02   2.220839e-05   1.000000e+02
9.077327e-02   2.740065e-05   1.000000e+02
9.161402e-02   3.361122e-05   1.000000e+02
9.246257e-02   4.102642e-05   1.000000e+02
9.331898e-02   4.987405e-05   1.000000e+02
9.418332e-02   6.043569e-05   1.000000e+02
9.505566e-02   7.306278e-05   1.000000e+02
9.593608e-02   8.819800e-05   1.000000e+02
9.682466e-02   1.064038e-04   1.000000e+02
9.772147e-02   1.284007e-04   1.000000e+02
9.862658e-02   1.551193e-04   1.000000e+02
9.954008e-02   1.877708e-04   1.000000e+02
1.004620e-01   2.279382e-04   1.000000e+02
1.013925e-01   2.775202e-04   1.000000e+02
1.023317e-01   3.387047e-04   1.000000e+02
1.032795e-01   4.141372e-04   1.000000e+02
1.042361e-01   5.070034e-04   1.000000e+02
1.052015e-01   6.211101e-04   1.000000e+02
1.061759e-01   7.609649e-04   1.000000e+02
1.071593e-01   9.318509e-04   1.000000e+02
1.081519e-01   1.139886e-03   1.000000e+02
1.091536e-01   1.392055e-03   1.000000e+02
1.101646e-01   1.696210e-03   1.000000e+02
1.111850e-01   2.061332e-03   1.000000e+02
1.122148e-01   2.498339e-03   1.000000e+02
1.132541e-01   3.019995e-03   1.000000e+02
1.143031e-01   3.641069e-03   1.000000e+02
1.153618e-01   4.378607e-03   1.000000e+02
1.164303e-01   5.252227e-03   1.000000e+02
1.175087e-01   6.284462e-03   1.000000e+02
1.185971e-01   7.501119e-03   1.000000e+02
1.196956e-01   8.931692e-03   1.000000e+02
1.208042e-01   1.060978e-02   1.000000e+02
1.219231e-01   1.257321e-02   1.000000e+02
1.230524e-01   1.486446e-02   1.000000e+02
1.241921e-01   1.753117e-02   1.000000e+02
1.253424e-01   2.062657e-02   1.000000e+02
1.265034e-01   2.420992e-02   1.000000e+02
1.276751e-01   2.834687e-02   1.000000e+02
1.288576e-01   3.310994e-02   1.000000e+02
1.300511e-01   3.857878e-02   1.000000e+02
1.312557e-01   4.483447e-02   1.000000e+02
1.324714e-01   5.193711e-02   1.000000e+02
1.336984e-01   5.992782e-02   1.000000e+02
1.349367e-01   6.882515e-02   1.000000e+02
1.361865e-01   7.861702e-02   1.000000e+02
1.374479e-01   8.925235e-02   1.000000e+02
1.387210e-01   1.006327e-01   1.000000e+02
1.400058e-01   1.126052e-01   1.000000e+02
1.413026e-01   1.250228e-01   1.000000e+02
1.426114e-01   1.379903e-01   1.000000e+02
1.439323e-01   1.517670e-01   1.000000e+02
1.452654e-01   1.667305e-01   1.000000e+02
1.466109e-01   1.834014e-01   1.000000e+02
1.479688e-01   2.024790e-01   1.000000e+02
1.493393e-01   2.248991e-01   1.000000e+02
1.507225e-01   2.518973e-01   1.000000e+02
1.521186e-01   2.845769e-01   1.000000e+02
1.535275e-01   3.237359e-01   1.000000e+02
1.549495e-01   3.702022e-01   1.000000e+02
1.563847e-01   4.248012e-01   1.000000e+02
1.578331e-01   4.882843e-01   1.000000e+02
1.592950e-01   5.612312e-01   1.000000e+02
1.607704e-01   6.439518e-01   1.000000e+02
1.622595e-01   7.369856e-01   1.000000e+02
1.637624e-01   8.413575e-01   1.000000e+02
1.652792e-01   9.581961e-01   1.000000e+02
1.668101e-01   1.088721e+00   1.000000e+02
1.683551e-01   1.234253e+00   1.000000e+02
1.699144e-01   1.396217e+00   1.000000e+02
1.714882e-01   1.576156e+00   1.000000e+02
1.730766e-01   1.775741e+00   1.000000e+02
1.746796e-01   1.996781e+00   1.000000e+02
1.762975e-01   2.241238e+00   1.000000e+02
1.779304e-01   2.511242e+00   1.000000e+02
1.795785e-01   2.809109e+00   1.000000e+02
1.812418e-01   3.137369e+00   1.000000e+02
1.829205e-01   3.498863e+00   1.000000e+02
1.846147e-01   3.896777e+00   1.000000e+02
1.863246e-01   4.334651e+00   1.000000e+02
1.880504e-01   4.816431e+00   1.000000e+02
1.897922e-01   5.346531e+00   1.000000e+02
1.915501e-01   5.929896e+00   1.000000e+02
1.933242e-01   6.572083e+00   1.000000e+02
1.951148e-01   7.279353e+00   1.000000e+02
1.969220e-01   8.058776e+00   1.000000e+02
1.987460e-01   8.918354e+00   1.000000e+02
2.005868e-01   9.867158e+00   1.000000e+02
2.024447e-01   1.091492e+01   1.000000e+02
2.043197e-01   1.207154e+01   1.000000e+02
2.062122e-01   1.334773e+01   1.000000e+02
2.081222e-01   1.475515e+01   1.000000e+02
2.100498e-01   1.630648e+01   1.000000e+02
2.119953e-01   1.801549e+01   1.000000e+02
2.139589e-01   1.989714e+01   1.000000e+02
2.159406e-01   2.196758e+01   1.000000e+02
2.179407e-01   2.424434e+01   1.000000e+02
2.199593e-01   2.674630e+01   1.000000e+02
2.219966e-01   2.949384e+01   1.000000e+02
2.240528e-01   3.250889e+01   1.000000e+02
2.261280e-01   3.581501e+01   1.000000e+02
2.282224e-01   3.943749e+01   1.000000e+02
2.303363e-01   4.340337e+01   1.000000e+02
2.324697e-01   4.774159e+01   1.000000e+02
2.346229e-01   5.248295e+01   1.000000e+02
2.367960e-01   5.766027e+01   1.000000e+02
2.389893e-01   6.330836e+01   1.000000e+02
2.412028e-01   6.946410e+01   1.000000e+02
2.434369e-01   7.616645e+01   1.000000e+02
2.456916e-01   8.345645e+01   1.000000e+02
2.479673e-01   9.137721e+01   1.000000e+02
2.502640e-01   9.997393e+01   1.000000e+02
2.525820e-01   1.092949e+02   1.000000e+02
2.549215e-01   1.193945e+02   1.000000e+02
2.572826e-01   1.303314e+02   1.000000e+02
2.596656e-01   1.421685e+02   1.000000e+02
2.620707e-01   1.549730e+02   1.000000e+02
2.644980e-01   1.688170e+02   1.000000e+02
2.669478e-01   1.837779e+02   1.000000e+02
2.694204e-01   1.999383e+02   1.000000e+02
2.719158e-01   2.173870e+02   1.000000e+02
2.744343e-01   2.362193e+02   1.000000e+02
2.769762e-01   2.565371e+02   1.000000e+02
2.795416e-01   2.784499e+02   1.000000e+02
2.821308e-01   3.020755e+02   1.000000e+02
2.847439e-01   3.275399e+02   1.000000e+02
2.873813e-01   3.549788e+02   1.000000e+02
2.900430e-01   3.845380e+02   1.000000e+02
2.927295e-01   4.163742e+02   1.000000e+02
2.954408e-01   4.506561e+02   1.000000e+02
2.981772e-01   4.875651e+02   1.000000e+02
3.009390e-01   5.272965e+02   1.000000e+02
3.037264e-01   5.700538e+02   1.000000e+02
3.065395e-01   6.160433e+02   1.000000e+02
3.093788e-01   6.654816e+02   1.000000e+02
3.122443e-01   7.185969e+02   1.000000e+02
3.151363e-01   7.756293e+02   1.000000e+02
3.180552e-01   8.368308e+02   1.000000e+02
3.210011e-01   9.024657e+02   1.000000e+02
3.239743e-01   9.728110e+02   1.000000e+02
3.269750e-01   1.048156e+03   1.000000e+02
3.300035e-01   1.128803e+03   1.000000e+02
3.330600e-01   1.215067e+03   1.000000e+02
3.361449e-01   1.307275e+03   1.000000e+02
3.392583e-01   1.405769e+03   1.000000e+02
3.424006e-01   1.510899e+03   1.000000e+02
3.455720e-01   1.623032e+03   1.000000e+02
3.487727e-01   1.742545e+03   1.000000e+02
3.520031e-01   1.869827e+03   1.000000e+02
3.552635e-01   2.005323e+03   1.000000e+02
3.585540e-01   2.149536e+03   1.000000e+02
3.618750e-01   2.302999e+03   1.000000e+02
3.652267e-01   2.466287e+03   1.000000e+02
3.686095e-01   2.640011e+03   1.000000e+02
3.720237e-01   2.824828e+03   1.000000e+02
3.754694e-01   3.021442e+03   1.000000e+02
3.789471e-01   3.230606e+03   1.000000e+02
3.824570e-01   3.453131e+03   1.000000e+02
3.859994e-01   3.689889e+03   1.000000e+02
3.895746e-01   3.941815e+03   1.000000e+02
3.931829e-01   4.209920e+03   1.000000e+02
3.968246e-01   4.495289e+03   1.000000e+02
4.005001e-01   4.799096e+03   1.000000e+02
4.042096e-01   5.122536e+03   1.000000e+02
4.079535e-01   5.466686e+03   1.000000e+02
4.117320e-01   5.832622e+03   1.000000e+02
4.155455e-01   6.221446e+03   1.000000e+02
4.193944e-01   6.634278e+03   1.000000e+02
4.232789e-01   7.072255e+03   1.000000e+02
4.271994e-01   7.536527e+03   1.000000e+02
4.311562e-01   8.028248e+03   1.000000e+02
4.351497e-01   8.548572e+03   1.000000e+02
4.391801e-01   9.098646e+03   1.000000e+02
4.432479e-01   9.679601e+03   1.000000e+02
4.473533e-01   1.029254e+04   1.000000e+02
4.514968e-01   1.093856e+04   1.000000e+02
4.556786e-01   1.161894e+04   1.000000e+02
4.598992e-01   1.233544e+04   1.000000e+02
4.641589e-01   1.308993e+04   1.000000e+02
4.684580e-01   1.388444e+04   1.000000e+02
4.727970e-01   1.472110e+04   1.000000e+02
4.771761e-01   1.560223e+04   1.000000e+02
4.815958e-01   1.653030e+04   1.000000e+02
4.860564e-01   1.750798e+04   1.000000e+02
4.905584e-01   1.853811e+04   1.000000e+02
4.951020e-01   1.962376e+04   1.000000e+02
4.996877e-01   2.076824e+04   1.000000e+02
5.043159e-01   2.197500e+04   1.000000e+02
5.089870e-01   2.324721e+04   1.000000e+02
5.137014e-01   2.458799e+04   1.000000e+02
5.184594e-01   2.600058e+04   1.000000e+02
5.232614e-01   2.748834e+04   1.000000e+02
5.281080e-01   2.905474e+04   1.000000e+02
5.329994e-01   3.070338e+04   1.000000e+02
5.379362e-01   3.243798e+04   1.000000e+02
5.429186e-01   3.426235e+04   1.000000e+02
5.479472e-01   3.618047e+04   1.000000e+02
5.530224e-01   3.819639e+04   1.000000e+02
5.581446e-01   4.031430e+04   1.000000e+02
5.633143e-01   4.253852e+04   1.000000e+02
5.685318e-01   4.487347e+04   1.000000e+02
5.737976e-01   4.732368e+04   1.000000e+02
5.791123e-01   4.989380e+04   1.000000e+02
5.844761e-01   5.258858e+04   1.000000e+02
5.898896e-01   5.541289e+04   1.000000e+02
5.953533e-01   5.837169e+04   1.000000e+02
6.008676e-01   6.147002e+04   1.000000e+02
6.064329e-01   6.471318e+04   1.000000e+02
6.120498e-01   6.810697e+04   1.000000e+02
6.177188e-01   7.165745e+04   1.000000e+02
6.234402e-01   7.537088e+04   1.000000e+02
6.292146e-01   7.925377e+04   1.000000e+02
6.350425e-01   8.331281e+04   1.000000e+02
6.409244e-01   8.755496e+04   1.000000e+02
6.468608e-01   9.198740e+04   1.000000e+02
6.528521e-01   9.661757e+04   1.000000e+02
6.588990e-01   1.014531e+05   1.000000e+02
6.650018e-01   1.065021e+05   1.000000e+02
6.711612e-01   1.117726e+05   1.000000e+02
6.773776e-01   1.172733e+05   1.000000e+02
6.836516e-01   1.230129e+05   1.000000e+02
6.899837e-01   1.290005e+05   1.000000e+02
6.963745e-01   1.352456e+05   1.000000e+02
7.028244e-01   1.417578e+05   1.000000e+02
7.093341e-01   1.485471e+05   1.000000e+02
7.159041e-01   1.556234e+05   1.000000e+02
7.225349e-01   1.629967e+05   1.000000e+02
7.292272e-01   1.706774e+05   1.000000e+02
7.359814e-01   1.786763e+05   1.000000e+02
7.427982e-01   1.870041e+05   1.000000e+02
7.496782e-01   1.956721e+05   1.000000e+02
7.566219e-01   2.046917e+05   1.000000e+02
7.636298e-01   2.140746e+05   1.000000e+02
7.707027e-01   2.238329e+05   1.000000e+02
7.778411e-01   2.339786e+05   1.000000e+02
7.850456e-01   2.445244e+05   1.000000e+02
7.923169e-01   2.554830e+05   1.000000e+02
7.996555e-01   2.668674e+05   1.000000e+02
8.070620e-01   2.786911e+05   1.000000e+02
8.145372e-01   2.909678e+05   1.000000e+02
8.220816e-01   3.037118e+05   1.000000e+02
8.296959e-01   3.169376e+05   1.000000e+02
8.373807e-01   3.306599e+05   1.000000e+02
8.451366e-01   3.448941e+05   1.000000e+02
8.529644e-01   3.596555e+05   1.000000e+02
8.608648e-01   3.749601e+05   1.000000e+02
8.688383e-01   3.908239e+05   1.000000e+02
8.768856e-01   4.072636e+05   1.000000e+02
8.850075e-01   4.242959e+05   1.000000e+02
8.932046e-01   4.419380e+05   1.000000e+02
9.014776e-01   4.602074e+05   1.000000e+02
9.098273e-01   4.791220e+05   1.000000e+02
9.182543e-01   4.986998e+05   1.000000e+02
9.267593e-01   5.189589e+05   1.000000e+02
9.353432e-01   5.399178e+05   1.000000e+02
9.440065e-01   5.615955e+05   1.000000e+02
9.527500e-01   5.840111e+05   1.000000e+02
9.615746e-01   6.071839e+05   1.000000e+02
9.704809e-01   6.311337e+05   1.000000e+02
9.794697e-01   6.558804e+05   1.000000e+02
9.885417e-01   6.814444e+05   1.000000e+02
9.976978e-01   7.078462e+05   1.000000e+02
1.006939e+00   7.351066e+05   1.000000e+02
1.016265e+00   7.632466e+05   1.000000e+02
1.025678e+00   7.922875e+05   1.000000e+02
1.035178e+00   8.222507e+05   1.000000e+02
1.044766e+00   8.531580e+05   1.000000e+02
1.054443e+00   8.850313e+05   1.000000e+02
1.064209e+00   9.178928e+05   1.000000e+02
1.074066e+00   9.517648e+05   1.000000e+02
1.084014e+00   9.866699e+05   1.000000e+02
1.094055e+00   1.022631e+06   1.000000e+02
1.104188e+00   1.059670e+06   1.000000e+02
1.114415e+00   1.097812e+06   1.000000e+02
1.124737e+00   1.137079e+06   1.000000e+02
1.135155e+00   1.177493e+06   1.000000e+02
1.145669e+00   1.219080e+06   1.000000e+02
1.156280e+00   1.261863e+06   1.000000e+02
1.166990e+00   1.305864e+06   1.000000e+02
1.177799e+00   1.351109e+06   1.000000e+02
1.188708e+00   1.397620e+06   1.000000e+02
1.199718e+00   1.445423e+06   1.000000e+02
1.210830e+00   1.494540e+06   1.000000e+02
1.222045e+00   1.544996e+06   1.000000e+02
1.233363e+00   1.596815e+06   1.000000e+02
1.244787e+00   1.650020e+06   1.000000e+02
1.256317e+00   1.704636e+06   1.000000e+02
1.267953e+00   1.760692e+06   1.000000e+02
1.279697e+00   1.818219e+06   1.000000e+02
1.291550e+00   1.877250e+06   1.000000e+02
1.303512e+00   1.937820e+06   1.000000e+02
1.315586e+00   1.999963e+06   1.000000e+02
1.327771e+00   2.063718e+06   1.000000e+02
1.340069e+00   2.129120e+06   1.000000e+02
1.352481e+00   2.196210e+06   1.000000e+02
1.365008e+00   2.265026e+06   1.000000e+02
1.377651e+00   2.335612e+06   1.000000e+02
1.390411e+00   2.408009e+06   1.000000e+02
1.403289e+00   2.482263e+06   1.000000e+02
1.416287e+00   2.558419e+06   1.000000e+02
1.429405e+00   2.636525e+06   1.000000e+02
1.442644e+00   2.716631e+06   1.000000e+02
1.456006e+00   2.798787e+06   1.000000e+02
1.469492e+00   2.883048e+06   1.000000e+02
1.483103e+00   2.969467e+06   1.000000e+02
1.496839e+00   3.058103e+06   1.000000e+02
1.510703e+00   3.149011e+06   1.000000e+02
1.524696e+00   3.242213e+06   1.000000e+02
1.538818e+00   3.337715e+06   1.000000e+02
1.553071e+00   3.435514e+06   1.000000e+02
1.567455e+00   3.535607e+06   1.000000e+02
1.581973e+00   3.637984e+06   1.000000e+02
1.596626e+00   3.742628e+06   1.000000e+02
1.611414e+00   3.849521e+06   1.000000e+02
1.626340e+00   3.958634e+06   1.000000e+02
1.641403e+00   4.069936e+06   1.000000e+02
1.656606e+00   4.183387e+06   1.000000e+02
1.671950e+00   4.298942e+06   1.000000e+02
1.687436e+00   4.416547e+06   1.000000e+02
1.703065e+00   4.536143e+06   1.000000e+02
1.718839e+00   4.657661e+06   1.000000e+02
1.734759e+00   4.781026e+06   1.000000e+02
1.750827e+00   4.906154e+06   1.000000e+02
1.767044e+00   5.032980e+06   1.000000e+02
1.783410e+00   5.161531e+06   1.000000e+02
1.799929e+00   5.291860e+06   1.000000e+02
1.816600e+00   5.424023e+06   1.000000e+02
1.833425e+00   5.558086e+06   1.000000e+02
1.850407e+00   5.694120e+06   1.000000e+02
1.867546e+00   5.832203e+06   1.000000e+02
1.884843e+00   5.972421e+06   1.000000e+02
1.902301e+00   6.114868e+06   1.000000e+02
1.919921e+00   6.259645e+06   1.000000e+02
1.937703e+00   6.406860e+06   1.000000e+02
1.955651e+00   6.556634e+06   1.000000e+02
1.973764e+00   6.709092e+06   1.000000e+02
1.992046e+00   6.864372e+06   1.000000e+02
2.010496e+00   7.022616e+06   1.000000e+02
2.029118e+00   7.183903e+06   1.000000e+02
2.047912e+00   7.348252e+06   1.000000e+02
2.066880e+00   7.515679e+06   1.000000e+02
2.086024e+00   7.686196e+06   1.000000e+02
2.105345e+00   7.859816e+06   1.000000e+02
2.124845e+00   8.036547e+06   1.000000e+02
2.144526e+00   8.216394e+06   1.000000e+02
2.164389e+00   8.399361e+06   1.000000e+02
2.184436e+00   8.585447e+06   1.000000e+02
2.204669e+00   8.774652e+06   1.000000e+02
2.225089e+00   8.966969e+06   1.000000e+02
2.245698e+00   9.162389e+06   1.000000e+02
2.266498e+00   9.360900e+06   1.000000e+02
2.287491e+00   9.562488e+06   1.000000e+02
2.308678e+00   9.767132e+06   1.000000e+02
2.330061e+00   9.974809e+06   1.000000e+02
2.351643e+00   1.018549e+07   1.000000e+02
2.373424e+00   1.039915e+07   1.000000e+02
2.395407e+00   1.061576e+07   1.000000e+02
2.417594e+00   1.083526e+07   1.000000e+02
2.439986e+00   1.105763e+07   1.000000e+02
2.462586e+00   1.128280e+07   1.000000e+02
2.485395e+00   1.151074e+07   1.000000e+02
2.508415e+00   1.174137e+07   1.000000e+02
2.531648e+00   1.197468e+07   1.000000e+02
2.555097e+00   1.221065e+07   1.000000e+02
2.578763e+00   1.244930e+07   1.000000e+02
2.602648e+00   1.269064e+07   1.000000e+02
2.626754e+00   1.293467e+07   1.000000e+02
2.651084e+00   1.318140e+07   1.000000e+02
2.675638e+00   1.343083e+07   1.000000e+02
2.700421e+00   1.368299e+07   1.000000e+02
2.725433e+00   1.393787e+07   1.000000e+02
2.750676e+00   1.419550e+07   1.000000e+02
2.776153e+00   1.445588e+07   1.000000e+02
2.801867e+00   1.471902e+07   1.000000e+02
2.827818e+00   1.498495e+07   1.000000e+02
2.854010e+00   1.525367e+07   1.000000e+02
2.880444e+00   1.552520e+07   1.000000e+02
2.907123e+00   1.579957e+07   1.000000e+02
2.934050e+00   1.607678e+07   1.000000e+02
2.961225e+00   1.635687e+07   1.000000e+02
2.988653e+00   1.663984e+07   1.000000e+02
3.016334e+00   1.692573e+07   1.000000e+02
3.044272e+00   1.721454e+07   1.000000e+02
3.072469e+00   1.750626e+07   1.000000e+02
3.100927e+00   1.780087e+07   1.000000e+02
3.129648e+00   1.809835e+07   1.000000e+02
3.158635e+00   1.839871e+07   1.000000e+02
3.187891e+00   1.870191e+07   1.000000e+02
3.217418e+00   1.900794e+07   1.000000e+02
3.247218e+00   1.931679e+07   1.000000e+02
3.277295e+00   1.962843e+07   1.000000e+02
3.307650e+00   1.994286e+07   1.000000e+02
3.338286e+00   2.026004e+07   1.000000e+02
3.369206e+00   2.057995e+07   1.000000e+02
3.400412e+00   2.090258e+07   1.000000e+02
3.431907e+00   2.122789e+07   1.000000e+02
3.463694e+00   2.155587e+07   1.000000e+02
3.495776e+00   2.188650e+07   1.000000e+02
3.528154e+00   2.221973e+07   1.000000e+02
3.560833e+00   2.255557e+07   1.000000e+02
3.593814e+00   2.289400e+07   1.000000e+02
3.627100e+00   2.323499e+07   1.000000e+02
3.660695e+00   2.357856e+07   1.000000e+02
3.694601e+00   2.392467e+07   1.000000e+02
3.728821e+00   2.427331e+07   1.000000e+02
3.763358e+00   2.462449e+07   1.000000e+02
3.798215e+00   2.497817e+07   1.000000e+02
3.833395e+00   2.533436e+07   1.000000e+02
3.868901e+00   2.569303e+07   1.000000e+02
3.904735e+00   2.605418e+07   1.000000e+02
3.940902e+00   2.641779e+07   1.000000e+02
3.977403e+00   2.678385e+07   1.000000e+02
4.014242e+00   2.715235e+07   1.000000e+02
4.051423e+00   2.752328e+07   1.000000e+02
4.088948e+00   2.789663e+07   1.000000e+02
4.126821e+00   2.827238e+07   1.000000e+02
4.165044e+00   2.865052e+07   1.000000e+02
4.203622e+00   2.903105e+07   1.000000e+02
4.242556e+00   2.941394e+07   1.000000e+02
4.281852e+00   2.979919e+07   1.000000e+02
4.321511e+00   3.018679e+07   1.000000e+02
4.361538e+00   3.057673e+07   1.000000e+02
4.401935e+00   3.096899e+07   1.000000e+02
4.442707e+00   3.136357e+07   1.000000e+02
4.483856e+00   3.176046e+07   1.000000e+02
4.525386e+00   3.215965e+07   1.000000e+02
4.567301e+00   3.256113e+07   1.000000e+02
4.609604e+00   3.296489e+07   1.000000e+02
4.652300e+00   3.337093e+07   1.000000e+02
4.695390e+00   3.377924e+07   1.000000e+02
4.738880e+00   3.418981e+07   1.000000e+02
4.782772e+00   3.460264e+07   1.000000e+02
4.827071e+00   3.501771e+07   1.000000e+02
4.871780e+00   3.543504e+07   1.000000e+02
4.916904e+00   3.585460e+07   1.000000e+02
4.962445e+00   3.627641e+07   1.000000e+02
5.008408e+00   3.670044e+07   1.000000e+02
5.054797e+00   3.712672e+07   1.000000e+02
5.101615e+00   3.755523e+07   1.000000e+02
5.148867e+00   3.798600e+07   1.000000e+02
5.196557e+00   3.841902e+07   1.000000e+02
5.244689e+00   3.885431e+07   1.000000e+02
5.293266e+00   3.929187e+07   1.000000e+02
5.342293e+00   3.973173e+07   1.000000e+02
5.391775e+00   4.017388e+07   1.000000e+02
5.441714e+00   4.061836e+07   1.000000e+02
5.492116e+00   4.106517e+07   1.000000e+02
5.542986e+00   4.151433e+07   1.000000e+02
5.594326e+00   4.196586e+07   1.000000e+02
5.646141e+00   4.241977e+07   1.000000e+02
5.698437e+00   4.287610e+07   1.000000e+02
5.751217e+00   4.333486e+07   1.000000e+02
5.804486e+00   4.379607e+07   1.000000e+02
5.858248e+00   4.425976e+07   1.000000e+02
5.912508e+00   4.472596e+07   1.000000e+02
5.967271e+00   4.519470e+07   1.000000e+02
6.022541e+00   4.566600e+07   1.000000e+02
6.078323e+00   4.613990e+07   1.000000e+02
6.134622e+00   4.661643e+07   1.000000e+02
6.191442e+00   4.709563e+07   1.000000e+02
6.248788e+00   4.757754e+07   1.000000e+02
6.306666e+00   4.806220e+07   1.000000e+02
6.365079e+00   4.854964e+07   1.000000e+02
6.424034e+00   4.903992e+07   1.000000e+02
6.483534e+00   4.953308e+07   1.000000e+02
6.543586e+00   5.002916e+07   1.000000e+02
6.604194e+00   5.052822e+07   1.000000e+02
6.665363e+00   5.103030e+07   1.000000e+02
6.727099e+00   5.153546e+07   1.000000e+02
6.789407e+00   5.204376e+07   1.000000e+02
6.852292e+00   5.255525e+07   1.000000e+02
6.915759e+00   5.306999e+07   1.000000e+02
6.979814e+00   5.358804e+07   1.000000e+02
7.044462e+00   5.410946e+07   1.000000e+02
7.109709e+00   5.463432e+07   1.000000e+02
7.175561e+00   5.516266e+07   1.000000e+02
7.242022e+00   5.569454e+07   1.000000e+02
7.309099e+00   5.623002e+07   1.000000e+02
7.376798e+00   5.676915e+07   1.000000e+02
7.445123e+00   5.731199e+07   1.000000e+02
7.514081e+00   5.785861e+07   1.000000e+02
7.583678e+00   5.840907e+07   1.000000e+02
7.653919e+00   5.896343e+07   1.000000e+02
7.724811e+00   5.952176e+07   1.000000e+02
7.796360e+00   6.008413e+07   1.000000e+02
7.868572e+00   6.065062e+07   1.000000e+02
7.941452e+00   6.122129e+07   1.000000e+02
8.015007e+00   6.179622e+07   1.000000e+02
8.089243e+00   6.237547e+07   1.000000e+02
8.164168e+00   6.295910e+07   1.000000e+02
8.239786e+00   6.354712e+07   1.000000e+02
8.316104e+00   6.413958e+07   1.000000e+02
8.393129e+00   6.473653e+07   1.000000e+02
8.470868e+00   6.533798e+07   1.000000e+02
8.549327e+00   6.594400e+07   1.000000e+02
8.628513e+00   6.655460e+07   1.000000e+02
8.708431e+00   6.716984e+07   1.000000e+02
8.789091e+00   6.778976e+07   1.000000e+02
8.870497e+00   6.841439e+07   1.000000e+02
8.952657e+00   6.904379e+07   1.000000e+02
9.035578e+00   6.967798e+07   1.000000e+02
9.119268e+00   7.031703e+07   1.000000e+02
9.203732e+00   7.096096e+07   1.000000e+02
9.288979e+00   7.160982e+07   1.000000e+02
9.375015e+00   7.226367e+07   1.000000e+02
9.461848e+00   7.292254e+07   1.000000e+02
9.549486e+00   7.358648e+07   1.000000e+02
9.637935e+00   7.425555e+07   1.000000e+02
9.727203e+00   7.492979e+07   1.000000e+02
9.817298e+00   7.560924e+07   1.000000e+02
9.908228e+00   7.629396e+07   1.000000e+02
1.000000e+01   7.698400e+07   1.000000e+02
