# N14 + n > N15 + g   [N14_n__N15_g]   ref=TALYS2, Koning et al. 2023
# detailed balance: alpha=2.7051e+10 beta=1.5 gamma=-125.715  Q=10.8333
# T9                 rate                error
1.000000e-03   3.720300e+05   1.000000e+02
1.009262e-03   3.707513e+05   1.000000e+02
1.018610e-03   3.694674e+05   1.000000e+02
1.028045e-03   3.681786e+05   1.000000e+02
1.037567e-03   3.668851e+05   1.000000e+02
1.047177e-03   3.655869e+05   1.000000e+02
1.056876e-03   3.642843e+05   1.000000e+02
1.066665e-03   3.629774e+05   1.000000e+02
1.076545e-03   3.616665e+05   1.000000e+02
1.086516e-03   3.603517e+05   1.000000e+02
1.096579e-03   3.590331e+05   1.000000e+02
1.106736e-03   3.577110e+05   1.000000e+02
1.116987e-03   3.563854e+05   1.000000e+02
1.127333e-03   3.550566e+05   1.000000e+02
1.137774e-03   3.537247e+05   1.000000e+02
1.148312e-03   3.523900e+05   1.000000e+02
1.158948e-03   3.510524e+05   1.000000e+02
1.169683e-03   3.497123e+05   1.000000e+02
1.180517e-03   3.483697e+05   1.000000e+02
1.191451e-03   3.470249e+05   1.000000e+02
1.202486e-03   3.456779e+05   1.000000e+02
1.213624e-03   3.443290e+05   1.000000e+02
1.224865e-03   3.429783e+05   1.000000e+02
1.236210e-03   3.416258e+05   1.000000e+02
1.247660e-03   3.402719e+05   1.000000e+02
1.259216e-03   3.389166e+05   1.000000e+02
1.270879e-03   3.375601e+05   1.000000e+02
1.282650e-03   3.362025e+05   1.000000e+02
1.294530e-03   3.348439e+05   1.000000e+02
1.306520e-03   3.334846e+05   1.000000e+02
1.318621e-03   3.321246e+05   1.000000e+02
1.330835e-03   3.307641e+05   1.000000e+02
1.343161e-03   3.294032e+05   1.000000e+02
1.355602e-03   3.280420e+05   1.000000e+02
1.368158e-03   3.266808e+05   1.000000e+02
1.380830e-03   3.253195e+05   1.000000e+02
1.393619e-03   3.239584e+05   1.000000e+02
1.406527e-03   3.225976e+05   1.000000e+02
1.419555e-03   3.212372e+05   1.000000e+02
1.432703e-03   3.198773e+05   1.000000e+02
1.445973e-03   3.185181e+05   1.000000e+02
1.459366e-03   3.171596e+05   1.000000e+02
1.472883e-03   3.158021e+05   1.000000e+02
1.486525e-03   3.144455e+05   1.000000e+02
1.500293e-03   3.130901e+05   1.000000e+02
1.514189e-03   3.117360e+05   1.000000e+02
1.528214e-03   3.103832e+05   1.000000e+02
1.542369e-03   3.090318e+05   1.000000e+02
1.556654e-03   3.076821e+05   1.000000e+02
1.571072e-03   3.063341e+05   1.000000e+02
1.585624e-03   3.049878e+05   1.000000e+02
1.600310e-03   3.036435e+05   1.000000e+02
1.615133e-03   3.023012e+05   1.000000e+02
1.630092e-03   3.009610e+05   1.000000e+02
1.645191e-03   2.996230e+05   1.000000e+02
1.660429e-03   2.982873e+05   1.000000e+02
1.675808e-03   2.969541e+05   1.000000e+02
1.691330e-03   2.956233e+05   1.000000e+02
1.706995e-03   2.942952e+05   1.000000e+02
1.722805e-03   2.929698e+05   1.000000e+02
1.738762e-03   2.916471e+05   1.000000e+02
1.754867e-03   2.903274e+05   1.000000e+02
1.771121e-03   2.890106e+05   1.000000e+02
1.787526e-03   2.876969e+05   1.000000e+02
1.804082e-03   2.863864e+05   1.000000e+02
1.820792e-03   2.850790e+05   1.000000e+02
1.837656e-03   2.837750e+05   1.000000e+02
1.854677e-03   2.824744e+05   1.000000e+02
1.871855e-03   2.811773e+05   1.000000e+02
1.889193e-03   2.798837e+05   1.000000e+02
1.906691e-03   2.785937e+05   1.000000e+02
1.924351e-03   2.773075e+05   1.000000e+02
1.942175e-03   2.760251e+05   1.000000e+02
1.960163e-03   2.747465e+05   1.000000e+02
1.978319e-03   2.734718e+05   1.000000e+02
1.996642e-03   2.722011e+05   1.000000e+02
2.015136e-03   2.709345e+05   1.000000e+02
2.033800e-03   2.696721e+05   1.000000e+02
2.052638e-03   2.684138e+05   1.000000e+02
2.071650e-03   2.671598e+05   1.000000e+02
2.090838e-03   2.659102e+05   1.000000e+02
2.110203e-03   2.646649e+05   1.000000e+02
2.129749e-03   2.634241e+05   1.000000e+02
2.149475e-03   2.621878e+05   1.000000e+02
2.169384e-03   2.609560e+05   1.000000e+02
2.189477e-03   2.597289e+05   1.000000e+02
2.209756e-03   2.585065e+05   1.000000e+02
2.230223e-03   2.572888e+05   1.000000e+02
2.250880e-03   2.560759e+05   1.000000e+02
2.271728e-03   2.548679e+05   1.000000e+02
2.292769e-03   2.536647e+05   1.000000e+02
2.314005e-03   2.524665e+05   1.000000e+02
2.335438e-03   2.512732e+05   1.000000e+02
2.357069e-03   2.500850e+05   1.000000e+02
2.378901e-03   2.489019e+05   1.000000e+02
2.400935e-03   2.477239e+05   1.000000e+02
2.423173e-03   2.465511e+05   1.000000e+02
2.445617e-03   2.453835e+05   1.000000e+02
2.468268e-03   2.442212e+05   1.000000e+02
2.491130e-03   2.430641e+05   1.000000e+02
2.514203e-03   2.419124e+05   1.000000e+02
2.537490e-03   2.407661e+05   1.000000e+02
2.560993e-03   2.396251e+05   1.000000e+02
2.584714e-03   2.384896e+05   1.000000e+02
2.608654e-03   2.373596e+05   1.000000e+02
2.632815e-03   2.362351e+05   1.000000e+02
2.657201e-03   2.351162e+05   1.000000e+02
2.681813e-03   2.340028e+05   1.000000e+02
2.706652e-03   2.328950e+05   1.000000e+02
2.731722e-03   2.317929e+05   1.000000e+02
2.757023e-03   2.306964e+05   1.000000e+02
2.782559e-03   2.296057e+05   1.000000e+02
2.808332e-03   2.285206e+05   1.000000e+02
2.834343e-03   2.274413e+05   1.000000e+02
2.860596e-03   2.263678e+05   1.000000e+02
2.887091e-03   2.253001e+05   1.000000e+02
2.913832e-03   2.242382e+05   1.000000e+02
2.940820e-03   2.231821e+05   1.000000e+02
2.968059e-03   2.221319e+05   1.000000e+02
2.995549e-03   2.210876e+05   1.000000e+02
3.023295e-03   2.200494e+05   1.000000e+02
3.051297e-03   2.190186e+05   1.000000e+02
3.079559e-03   2.179969e+05   1.000000e+02
3.108082e-03   2.169862e+05   1.000000e+02
3.136870e-03   2.159880e+05   1.000000e+02
3.165924e-03   2.150041e+05   1.000000e+02
3.195248e-03   2.140360e+05   1.000000e+02
3.224842e-03   2.130855e+05   1.000000e+02
3.254712e-03   2.121540e+05   1.000000e+02
3.284857e-03   2.112432e+05   1.000000e+02
3.315282e-03   2.103544e+05   1.000000e+02
3.345989e-03   2.094893e+05   1.000000e+02
3.376980e-03   2.086493e+05   1.000000e+02
3.408259e-03   2.078359e+05   1.000000e+02
3.439826e-03   2.070506e+05   1.000000e+02
3.471687e-03   2.062946e+05   1.000000e+02
3.503842e-03   2.055695e+05   1.000000e+02
3.536296e-03   2.048767e+05   1.000000e+02
3.569049e-03   2.042175e+05   1.000000e+02
3.602107e-03   2.035934e+05   1.000000e+02
3.635470e-03   2.030057e+05   1.000000e+02
3.669142e-03   2.024558e+05   1.000000e+02
3.703127e-03   2.019451e+05   1.000000e+02
3.737426e-03   2.014750e+05   1.000000e+02
3.772042e-03   2.010469e+05   1.000000e+02
3.806980e-03   2.006622e+05   1.000000e+02
3.842241e-03   2.003223e+05   1.000000e+02
3.877828e-03   2.000287e+05   1.000000e+02
3.913746e-03   1.997828e+05   1.000000e+02
3.949995e-03   1.995862e+05   1.000000e+02
3.986581e-03   1.994403e+05   1.000000e+02
4.023506e-03   1.993463e+05   1.000000e+02
4.060772e-03   1.993018e+05   1.000000e+02
4.098384e-03   1.993015e+05   1.000000e+02
4.136344e-03   1.993401e+05   1.000000e+02
4.174655e-03   1.994124e+05   1.000000e+02
4.213322e-03   1.995131e+05   1.000000e+02
4.252346e-03   1.996370e+05   1.000000e+02
4.291732e-03   1.997788e+05   1.000000e+02
4.331483e-03   1.999334e+05   1.000000e+02
4.371602e-03   2.000955e+05   1.000000e+02
4.412093e-03   2.002598e+05   1.000000e+02
4.452959e-03   2.004209e+05   1.000000e+02
4.494203e-03   2.005737e+05   1.000000e+02
4.535829e-03   2.007127e+05   1.000000e+02
4.577841e-03   2.008327e+05   1.000000e+02
4.620241e-03   2.009282e+05   1.000000e+02
4.663035e-03   2.009941e+05   1.000000e+02
4.706225e-03   2.010248e+05   1.000000e+02
4.749815e-03   2.010151e+05   1.000000e+02
4.793808e-03   2.009597e+05   1.000000e+02
4.838210e-03   2.008533e+05   1.000000e+02
4.883022e-03   2.006907e+05   1.000000e+02
4.928250e-03   2.004668e+05   1.000000e+02
4.973896e-03   2.001764e+05   1.000000e+02
5.019965e-03   1.998146e+05   1.000000e+02
5.066461e-03   1.993813e+05   1.000000e+02
5.113388e-03   1.988813e+05   1.000000e+02
5.160749e-03   1.983199e+05   1.000000e+02
5.208549e-03   1.977024e+05   1.000000e+02
5.256791e-03   1.970342e+05   1.000000e+02
5.305481e-03   1.963206e+05   1.000000e+02
5.354621e-03   1.955667e+05   1.000000e+02
5.404216e-03   1.947778e+05   1.000000e+02
5.454271e-03   1.939591e+05   1.000000e+02
5.504790e-03   1.931155e+05   1.000000e+02
5.555776e-03   1.922522e+05   1.000000e+02
5.607235e-03   1.913740e+05   1.000000e+02
5.659170e-03   1.904858e+05   1.000000e+02
5.711586e-03   1.895923e+05   1.000000e+02
5.764488e-03   1.886984e+05   1.000000e+02
5.817880e-03   1.878084e+05   1.000000e+02
5.871766e-03   1.869270e+05   1.000000e+02
5.926152e-03   1.860585e+05   1.000000e+02
5.981041e-03   1.852074e+05   1.000000e+02
6.036439e-03   1.843776e+05   1.000000e+02
6.092349e-03   1.835697e+05   1.000000e+02
6.148778e-03   1.827823e+05   1.000000e+02
6.205729e-03   1.820139e+05   1.000000e+02
6.263207e-03   1.812630e+05   1.000000e+02
6.321218e-03   1.805281e+05   1.000000e+02
6.379767e-03   1.798078e+05   1.000000e+02
6.438857e-03   1.791007e+05   1.000000e+02
6.498495e-03   1.784055e+05   1.000000e+02
6.558686e-03   1.777207e+05   1.000000e+02
6.619433e-03   1.770451e+05   1.000000e+02
6.680744e-03   1.763773e+05   1.000000e+02
6.742622e-03   1.757160e+05   1.000000e+02
6.805074e-03   1.750600e+05   1.000000e+02
6.868104e-03   1.744080e+05   1.000000e+02
6.931717e-03   1.737587e+05   1.000000e+02
6.995920e-03   1.731109e+05   1.000000e+02
7.060718e-03   1.724637e+05   1.000000e+02
7.126115e-03   1.718173e+05   1.000000e+02
7.192119e-03   1.711720e+05   1.000000e+02
7.258734e-03   1.705284e+05   1.000000e+02
7.325965e-03   1.698870e+05   1.000000e+02
7.393820e-03   1.692482e+05   1.000000e+02
7.462303e-03   1.686124e+05   1.000000e+02
7.531420e-03   1.679803e+05   1.000000e+02
7.601178e-03   1.673521e+05   1.000000e+02
7.671581e-03   1.667284e+05   1.000000e+02
7.742637e-03   1.661095e+05   1.000000e+02
7.814351e-03   1.654959e+05   1.000000e+02
7.886729e-03   1.648880e+05   1.000000e+02
7.959777e-03   1.642863e+05   1.000000e+02
8.033502e-03   1.636910e+05   1.000000e+02
8.107910e-03   1.631030e+05   1.000000e+02
8.183007e-03   1.625231e+05   1.000000e+02
8.258799e-03   1.619521e+05   1.000000e+02
8.335294e-03   1.613911e+05   1.000000e+02
8.412497e-03   1.608408e+05   1.000000e+02
8.490415e-03   1.603021e+05   1.000000e+02
8.569055e-03   1.597759e+05   1.000000e+02
8.648423e-03   1.592631e+05   1.000000e+02
8.728527e-03   1.587644e+05   1.000000e+02
8.809372e-03   1.582807e+05   1.000000e+02
8.890966e-03   1.578129e+05   1.000000e+02
8.973316e-03   1.573616e+05   1.000000e+02
9.056428e-03   1.569277e+05   1.000000e+02
9.140311e-03   1.565092e+05   1.000000e+02
9.224970e-03   1.561030e+05   1.000000e+02
9.310413e-03   1.557060e+05   1.000000e+02
9.396648e-03   1.553150e+05   1.000000e+02
9.483682e-03   1.549269e+05   1.000000e+02
9.571522e-03   1.545387e+05   1.000000e+02
9.660175e-03   1.541472e+05   1.000000e+02
9.749649e-03   1.537496e+05   1.000000e+02
9.839952e-03   1.533428e+05   1.000000e+02
9.931092e-03   1.529239e+05   1.000000e+02
1.002308e-02   1.524900e+05   1.000000e+02
1.011591e-02   1.520397e+05   1.000000e+02
1.020961e-02   1.515748e+05   1.000000e+02
1.030417e-02   1.510972e+05   1.000000e+02
1.039961e-02   1.506090e+05   1.000000e+02
1.049593e-02   1.501122e+05   1.000000e+02
1.059315e-02   1.496086e+05   1.000000e+02
1.069126e-02   1.491001e+05   1.000000e+02
1.079029e-02   1.485888e+05   1.000000e+02
1.089023e-02   1.480764e+05   1.000000e+02
1.099110e-02   1.475648e+05   1.000000e+02
1.109290e-02   1.470556e+05   1.000000e+02
1.119564e-02   1.465486e+05   1.000000e+02
1.129934e-02   1.460433e+05   1.000000e+02
1.140400e-02   1.455392e+05   1.000000e+02
1.150962e-02   1.450356e+05   1.000000e+02
1.161623e-02   1.445322e+05   1.000000e+02
1.172382e-02   1.440282e+05   1.000000e+02
1.183241e-02   1.435233e+05   1.000000e+02
1.194200e-02   1.430169e+05   1.000000e+02
1.205261e-02   1.425085e+05   1.000000e+02
1.216424e-02   1.419979e+05   1.000000e+02
1.227691e-02   1.414853e+05   1.000000e+02
1.239062e-02   1.409709e+05   1.000000e+02
1.250539e-02   1.404549e+05   1.000000e+02
1.262121e-02   1.399374e+05   1.000000e+02
1.273811e-02   1.394186e+05   1.000000e+02
1.285610e-02   1.388988e+05   1.000000e+02
1.297517e-02   1.383781e+05   1.000000e+02
1.309535e-02   1.378566e+05   1.000000e+02
1.321664e-02   1.373344e+05   1.000000e+02
1.333906e-02   1.368116e+05   1.000000e+02
1.346261e-02   1.362882e+05   1.000000e+02
1.358730e-02   1.357642e+05   1.000000e+02
1.371315e-02   1.352396e+05   1.000000e+02
1.384016e-02   1.347146e+05   1.000000e+02
1.396835e-02   1.341891e+05   1.000000e+02
1.409773e-02   1.336631e+05   1.000000e+02
1.422830e-02   1.331367e+05   1.000000e+02
1.436009e-02   1.326097e+05   1.000000e+02
1.449310e-02   1.320823e+05   1.000000e+02
1.462733e-02   1.315542e+05   1.000000e+02
1.476281e-02   1.310255e+05   1.000000e+02
1.489955e-02   1.304962e+05   1.000000e+02
1.503755e-02   1.299662e+05   1.000000e+02
1.517683e-02   1.294355e+05   1.000000e+02
1.531740e-02   1.289043e+05   1.000000e+02
1.545928e-02   1.283728e+05   1.000000e+02
1.560246e-02   1.278410e+05   1.000000e+02
1.574698e-02   1.273092e+05   1.000000e+02
1.589283e-02   1.267775e+05   1.000000e+02
1.604003e-02   1.262460e+05   1.000000e+02
1.618860e-02   1.257148e+05   1.000000e+02
1.633854e-02   1.251840e+05   1.000000e+02
1.648987e-02   1.246536e+05   1.000000e+02
1.664260e-02   1.241236e+05   1.000000e+02
1.679675e-02   1.235942e+05   1.000000e+02
1.695232e-02   1.230652e+05   1.000000e+02
1.710934e-02   1.225368e+05   1.000000e+02
1.726781e-02   1.220091e+05   1.000000e+02
1.742775e-02   1.214819e+05   1.000000e+02
1.758917e-02   1.209554e+05   1.000000e+02
1.775208e-02   1.204296e+05   1.000000e+02
1.791650e-02   1.199045e+05   1.000000e+02
1.808245e-02   1.193802e+05   1.000000e+02
1.824993e-02   1.188567e+05   1.000000e+02
1.841897e-02   1.183339e+05   1.000000e+02
1.858957e-02   1.178119e+05   1.000000e+02
1.876175e-02   1.172908e+05   1.000000e+02
1.893552e-02   1.167704e+05   1.000000e+02
1.911091e-02   1.162508e+05   1.000000e+02
1.928792e-02   1.157320e+05   1.000000e+02
1.946656e-02   1.152141e+05   1.000000e+02
1.964687e-02   1.146969e+05   1.000000e+02
1.982884e-02   1.141806e+05   1.000000e+02
2.001250e-02   1.136651e+05   1.000000e+02
2.019786e-02   1.131505e+05   1.000000e+02
2.038493e-02   1.126368e+05   1.000000e+02
2.057374e-02   1.121244e+05   1.000000e+02
2.076430e-02   1.116132e+05   1.000000e+02
2.095662e-02   1.111036e+05   1.000000e+02
2.115073e-02   1.105957e+05   1.000000e+02
2.134663e-02   1.100895e+05   1.000000e+02
2.154435e-02   1.095854e+05   1.000000e+02
2.174389e-02   1.090834e+05   1.000000e+02
2.194529e-02   1.085836e+05   1.000000e+02
2.214855e-02   1.080862e+05   1.000000e+02
2.235370e-02   1.075914e+05   1.000000e+02
2.256074e-02   1.070993e+05   1.000000e+02
2.276970e-02   1.066101e+05   1.000000e+02
2.298060e-02   1.061238e+05   1.000000e+02
2.319345e-02   1.056406e+05   1.000000e+02
2.340827e-02   1.051606e+05   1.000000e+02
2.362508e-02   1.046839e+05   1.000000e+02
2.384390e-02   1.042108e+05   1.000000e+02
2.406475e-02   1.037412e+05   1.000000e+02
2.428764e-02   1.032753e+05   1.000000e+02
2.451260e-02   1.028133e+05   1.000000e+02
2.473964e-02   1.023552e+05   1.000000e+02
2.496878e-02   1.019012e+05   1.000000e+02
2.520005e-02   1.014513e+05   1.000000e+02
2.543346e-02   1.010054e+05   1.000000e+02
2.566903e-02   1.005634e+05   1.000000e+02
2.590678e-02   1.001249e+05   1.000000e+02
2.614673e-02   9.968991e+04   1.000000e+02
2.638891e-02   9.925816e+04   1.000000e+02
2.663333e-02   9.882950e+04   1.000000e+02
2.688001e-02   9.840373e+04   1.000000e+02
2.712898e-02   9.798070e+04   1.000000e+02
2.738025e-02   9.756022e+04   1.000000e+02
2.763385e-02   9.714212e+04   1.000000e+02
2.788980e-02   9.672625e+04   1.000000e+02
2.814812e-02   9.631243e+04   1.000000e+02
2.840884e-02   9.590051e+04   1.000000e+02
2.867196e-02   9.549032e+04   1.000000e+02
2.893753e-02   9.508172e+04   1.000000e+02
2.920556e-02   9.467455e+04   1.000000e+02
2.947606e-02   9.426865e+04   1.000000e+02
2.974908e-02   9.386389e+04   1.000000e+02
3.002462e-02   9.346011e+04   1.000000e+02
3.030271e-02   9.305738e+04   1.000000e+02
3.058338e-02   9.265634e+04   1.000000e+02
3.086665e-02   9.225777e+04   1.000000e+02
3.115254e-02   9.186241e+04   1.000000e+02
3.144108e-02   9.147101e+04   1.000000e+02
3.173230e-02   9.108428e+04   1.000000e+02
3.202621e-02   9.070294e+04   1.000000e+02
3.232284e-02   9.032769e+04   1.000000e+02
3.262222e-02   8.995922e+04   1.000000e+02
3.292437e-02   8.959820e+04   1.000000e+02
3.322933e-02   8.924531e+04   1.000000e+02
3.353710e-02   8.890120e+04   1.000000e+02
3.384773e-02   8.856652e+04   1.000000e+02
3.416123e-02   8.824191e+04   1.000000e+02
3.447764e-02   8.792800e+04   1.000000e+02
3.479698e-02   8.762542e+04   1.000000e+02
3.511928e-02   8.733480e+04   1.000000e+02
3.544456e-02   8.705674e+04   1.000000e+02
3.577285e-02   8.679185e+04   1.000000e+02
3.610419e-02   8.654075e+04   1.000000e+02
3.643859e-02   8.630403e+04   1.000000e+02
3.677609e-02   8.608232e+04   1.000000e+02
3.711672e-02   8.587620e+04   1.000000e+02
3.746050e-02   8.568628e+04   1.000000e+02
3.780747e-02   8.551318e+04   1.000000e+02
3.815765e-02   8.535751e+04   1.000000e+02
3.851107e-02   8.521988e+04   1.000000e+02
3.886777e-02   8.510092e+04   1.000000e+02
3.922777e-02   8.500126e+04   1.000000e+02
3.959110e-02   8.492154e+04   1.000000e+02
3.995780e-02   8.486242e+04   1.000000e+02
4.032790e-02   8.482424e+04   1.000000e+02
4.070142e-02   8.480551e+04   1.000000e+02
4.107841e-02   8.480410e+04   1.000000e+02
4.145888e-02   8.481792e+04   1.000000e+02
4.184289e-02   8.484487e+04   1.000000e+02
4.223044e-02   8.488284e+04   1.000000e+02
4.262159e-02   8.492975e+04   1.000000e+02
4.301636e-02   8.498350e+04   1.000000e+02
4.341478e-02   8.504199e+04   1.000000e+02
4.381690e-02   8.510312e+04   1.000000e+02
4.422274e-02   8.516477e+04   1.000000e+02
4.463234e-02   8.522484e+04   1.000000e+02
4.504573e-02   8.528120e+04   1.000000e+02
4.546295e-02   8.533172e+04   1.000000e+02
4.588404e-02   8.537428e+04   1.000000e+02
4.630903e-02   8.540675e+04   1.000000e+02
4.673795e-02   8.542698e+04   1.000000e+02
4.717085e-02   8.543285e+04   1.000000e+02
4.760775e-02   8.542223e+04   1.000000e+02
4.804870e-02   8.539301e+04   1.000000e+02
4.849374e-02   8.534310e+04   1.000000e+02
4.894290e-02   8.527041e+04   1.000000e+02
4.939622e-02   8.517287e+04   1.000000e+02
4.985373e-02   8.504848e+04   1.000000e+02
5.031549e-02   8.489544e+04   1.000000e+02
5.078152e-02   8.471438e+04   1.000000e+02
5.125187e-02   8.450740e+04   1.000000e+02
5.172657e-02   8.427662e+04   1.000000e+02
5.220568e-02   8.402416e+04   1.000000e+02
5.268921e-02   8.375215e+04   1.000000e+02
5.317723e-02   8.346268e+04   1.000000e+02
5.366977e-02   8.315786e+04   1.000000e+02
5.416687e-02   8.283976e+04   1.000000e+02
5.466857e-02   8.251043e+04   1.000000e+02
5.517492e-02   8.217190e+04   1.000000e+02
5.568596e-02   8.182616e+04   1.000000e+02
5.620174e-02   8.147519e+04   1.000000e+02
5.672229e-02   8.112094e+04   1.000000e+02
5.724766e-02   8.076529e+04   1.000000e+02
5.777790e-02   8.041014e+04   1.000000e+02
5.831305e-02   8.005732e+04   1.000000e+02
5.885316e-02   7.970864e+04   1.000000e+02
5.939827e-02   7.936589e+04   1.000000e+02
5.994843e-02   7.903080e+04   1.000000e+02
6.050368e-02   7.870482e+04   1.000000e+02
6.106408e-02   7.838784e+04   1.000000e+02
6.162966e-02   7.807928e+04   1.000000e+02
6.220049e-02   7.777856e+04   1.000000e+02
6.277660e-02   7.748510e+04   1.000000e+02
6.335805e-02   7.719835e+04   1.000000e+02
6.394488e-02   7.691776e+04   1.000000e+02
6.453715e-02   7.664277e+04   1.000000e+02
6.513491e-02   7.637287e+04   1.000000e+02
6.573820e-02   7.610752e+04   1.000000e+02
6.634708e-02   7.584620e+04   1.000000e+02
6.696160e-02   7.558840e+04   1.000000e+02
6.758181e-02   7.533362e+04   1.000000e+02
6.820777e-02   7.508136e+04   1.000000e+02
6.883952e-02   7.483113e+04   1.000000e+02
6.947713e-02   7.458244e+04   1.000000e+02
7.012064e-02   7.433481e+04   1.000000e+02
7.077011e-02   7.408795e+04   1.000000e+02
7.142559e-02   7.384196e+04   1.000000e+02
7.208715e-02   7.359699e+04   1.000000e+02
7.275484e-02   7.335319e+04   1.000000e+02
7.342870e-02   7.311072e+04   1.000000e+02
7.410882e-02   7.286972e+04   1.000000e+02
7.479523e-02   7.263034e+04   1.000000e+02
7.548799e-02   7.239272e+04   1.000000e+02
7.618718e-02   7.215702e+04   1.000000e+02
7.689284e-02   7.192336e+04   1.000000e+02
7.760503e-02   7.169189e+04   1.000000e+02
7.832383e-02   7.146275e+04   1.000000e+02
7.904928e-02   7.123606e+04   1.000000e+02
7.978145e-02   7.101197e+04   1.000000e+02
8.052040e-02   7.079064e+04   1.000000e+02
8.126619e-02   7.057253e+04   1.000000e+02
8.201889e-02   7.035828e+04   1.000000e+02
8.277857e-02   7.014852e+04   1.000000e+02
8.354528e-02   6.994387e+04   1.000000e+02
8.431909e-02   6.974495e+04   1.000000e+02
8.510007e-02   6.955239e+04   1.000000e+02
8.588829e-02   6.936677e+04   1.000000e+02
8.668380e-02   6.918870e+04   1.000000e+02
8.748668e-02   6.901878e+04   1.000000e+02
8.829700e-02   6.885760e+04   1.000000e+02
8.911482e-02   6.870576e+04   1.000000e+02
8.994022e-02   6.856383e+04   1.000000e+02
9.077327e-02   6.843201e+04   1.000000e+02
9.161402e-02   6.830853e+04   1.000000e+02
9.246257e-02   6.819104e+04   1.000000e+02
9.331898e-02   6.807718e+04   1.000000e+02
9.418332e-02   6.796463e+04   1.000000e+02
9.505566e-02   6.785108e+04   1.000000e+02
9.593608e-02   6.773424e+04   1.000000e+02
9.682466e-02   6.761182e+04   1.000000e+02
9.772147e-02   6.748157e+04   1.000000e+02
9.862658e-02   6.734124e+04   1.000000e+02
9.954008e-02   6.718861e+04   1.000000e+02
1.004620e-01   6.702158e+04   1.000000e+02
1.013925e-01   6.684011e+04   1.000000e+02
1.023317e-01   6.664617e+04   1.000000e+02
1.032795e-01   6.644180e+04   1.000000e+02
1.042361e-01   6.622905e+04   1.000000e+02
1.052015e-01   6.600992e+04   1.000000e+02
1.061759e-01   6.578640e+04   1.000000e+02
1.071593e-01   6.556046e+04   1.000000e+02
1.081519e-01   6.533404e+04   1.000000e+02
1.091536e-01   6.510904e+04   1.000000e+02
1.101646e-01   6.488735e+04   1.000000e+02
1.111850e-01   6.467020e+04   1.000000e+02
1.122148e-01   6.445728e+04   1.000000e+02
1.132541e-01   6.424803e+04   1.000000e+02
1.143031e-01   6.404190e+04   1.000000e+02
1.153618e-01   6.383837e+04   1.000000e+02
1.164303e-01   6.363690e+04   1.000000e+02
1.175087e-01   6.343696e+04   1.000000e+02
1.185971e-01   6.323805e+04   1.000000e+02
1.196956e-01   6.303964e+04   1.000000e+02
1.208042e-01   6.284129e+04   1.000000e+02
1.219231e-01   6.264292e+04   1.000000e+02
1.230524e-01   6.244471e+04   1.000000e+02
1.241921e-01   6.224682e+04   1.000000e+02
1.253424e-01   6.204942e+04   1.000000e+02
1.265034e-01   6.185265e+04   1.000000e+02
1.276751e-01   6.165668e+04   1.000000e+02
1.288576e-01   6.146166e+04   1.000000e+02
1.300511e-01   6.126775e+04   1.000000e+02
1.312557e-01   6.107511e+04   1.000000e+02
1.324714e-01   6.088393e+04   1.000000e+02
1.336984e-01   6.069440e+04   1.000000e+02
1.349367e-01   6.050672e+04   1.000000e+02
1.361865e-01   6.032107e+04   1.000000e+02
1.374479e-01   6.013765e+04   1.000000e+02
1.387210e-01   5.995663e+04   1.000000e+02
1.400058e-01   5.977820e+04   1.000000e+02
1.413026e-01   5.960239e+04   1.000000e+02
1.426114e-01   5.942861e+04   1.000000e+02
1.439323e-01   5.925615e+04   1.000000e+02
1.452654e-01   5.908428e+04   1.000000e+02
1.466109e-01   5.891229e+04   1.000000e+02
1.479688e-01   5.873949e+04   1.000000e+02
1.493393e-01   5.856519e+04   1.000000e+02
1.507225e-01   5.838872e+04   1.000000e+02
1.521186e-01   5.821003e+04   1.000000e+02
1.535275e-01   5.802959e+04   1.000000e+02
1.549495e-01   5.784790e+04   1.000000e+02
1.563847e-01   5.766545e+04   1.000000e+02
1.578331e-01   5.748273e+04   1.000000e+02
1.592950e-01   5.730021e+04   1.000000e+02
1.607704e-01   5.711836e+04   1.000000e+02
1.622595e-01   5.693740e+04   1.000000e+02
1.637624e-01   5.675735e+04   1.000000e+02
1.652792e-01   5.657822e+04   1.000000e+02
1.668101e-01   5.640002e+04   1.000000e+02
1.683551e-01   5.622274e+04   1.000000e+02
1.699144e-01   5.604640e+04   1.000000e+02
1.714882e-01   5.587099e+04   1.000000e+02
1.730766e-01   5.569653e+04   1.000000e+02
1.746796e-01   5.552302e+04   1.000000e+02
1.762975e-01   5.535046e+04   1.000000e+02
1.779304e-01   5.517887e+04   1.000000e+02
1.795785e-01   5.500824e+04   1.000000e+02
1.812418e-01   5.483857e+04   1.000000e+02
1.829205e-01   5.466983e+04   1.000000e+02
1.846147e-01   5.450194e+04   1.000000e+02
1.863246e-01   5.433485e+04   1.000000e+02
1.880504e-01   5.416849e+04   1.000000e+02
1.897922e-01   5.400280e+04   1.000000e+02
1.915501e-01   5.383771e+04   1.000000e+02
1.933242e-01   5.367317e+04   1.000000e+02
1.951148e-01   5.350911e+04   1.000000e+02
1.969220e-01   5.334547e+04   1.000000e+02
1.987460e-01   5.318221e+04   1.000000e+02
2.005868e-01   5.301925e+04   1.000000e+02
2.024447e-01   5.285657e+04   1.000000e+02
2.043197e-01   5.269417e+04   1.000000e+02
2.062122e-01   5.253208e+04   1.000000e+02
2.081222e-01   5.237031e+04   1.000000e+02
2.100498e-01   5.220887e+04   1.000000e+02
2.119953e-01   5.204778e+04   1.000000e+02
2.139589e-01   5.188705e+04   1.000000e+02
2.159406e-01   5.172669e+04   1.000000e+02
2.179407e-01   5.156672e+04   1.000000e+02
2.199593e-01   5.140715e+04   1.000000e+02
2.219966e-01   5.124800e+04   1.000000e+02
2.240528e-01   5.108927e+04   1.000000e+02
2.261280e-01   5.093099e+04   1.000000e+02
2.282224e-01   5.077316e+04   1.000000e+02
2.303363e-01   5.061580e+04   1.000000e+02
2.324697e-01   5.045891e+04   1.000000e+02
2.346229e-01   5.030252e+04   1.000000e+02
2.367960e-01   5.014664e+04   1.000000e+02
2.389893e-01   4.999126e+04   1.000000e+02
2.412028e-01   4.983642e+04   1.000000e+02
2.434369e-01   4.968212e+04   1.000000e+02
2.456916e-01   4.952836e+04   1.000000e+02
2.479673e-01   4.937517e+04   1.000000e+02
2.502640e-01   4.922256e+04   1.000000e+02
2.525820e-01   4.907052e+04   1.000000e+02
2.549215e-01   4.891906e+04   1.000000e+02
2.572826e-01   4.876817e+04   1.000000e+02
2.596656e-01   4.861783e+04   1.000000e+02
2.620707e-01   4.846805e+04   1.000000e+02
2.644980e-01   4.831881e+04   1.000000e+02
2.669478e-01   4.817011e+04   1.000000e+02
2.694204e-01   4.802195e+04   1.000000e+02
2.719158e-01   4.787430e+04   1.000000e+02
2.744343e-01   4.772717e+04   1.000000e+02
2.769762e-01   4.758055e+04   1.000000e+02
2.795416e-01   4.743444e+04   1.000000e+02
2.821308e-01   4.728882e+04   1.000000e+02
2.847439e-01   4.714369e+04   1.000000e+02
2.873813e-01   4.699904e+04   1.000000e+02
2.900430e-01   4.685487e+04   1.000000e+02
2.927295e-01   4.671116e+04   1.000000e+02
2.954408e-01   4.656792e+04   1.000000e+02
2.981772e-01   4.642514e+04   1.000000e+02
3.009390e-01   4.628280e+04   1.000000e+02
3.037264e-01   4.614092e+04   1.000000e+02
3.065395e-01   4.599948e+04   1.000000e+02
3.093788e-01   4.585851e+04   1.000000e+02
3.122443e-01   4.571800e+04   1.000000e+02
3.151363e-01   4.557796e+04   1.000000e+02
3.180552e-01   4.543840e+04   1.000000e+02
3.210011e-01   4.529932e+04   1.000000e+02
3.239743e-01   4.516073e+04   1.000000e+02
3.269750e-01   4.502263e+04   1.000000e+02
3.300035e-01   4.488502e+04   1.000000e+02
3.330600e-01   4.474792e+04   1.000000e+02
3.361449e-01   4.461132e+04   1.000000e+02
3.392583e-01   4.447524e+04   1.000000e+02
3.424006e-01   4.433967e+04   1.000000e+02
3.455720e-01   4.420463e+04   1.000000e+02
3.487727e-01   4.407011e+04   1.000000e+02
3.520031e-01   4.393612e+04   1.000000e+02
3.552635e-01   4.380266e+04   1.000000e+02
3.585540e-01   4.366971e+04   1.000000e+02
3.618750e-01   4.353726e+04   1.000000e+02
3.652267e-01   4.340529e+04   1.000000e+02
3.686095e-01   4.327380e+04   1.000000e+02
3.720237e-01   4.314277e+04   1.000000e+02
3.754694e-01   4.301219e+04   1.000000e+02
3.789471e-01   4.288205e+04   1.000000e+02
3.824570e-01   4.275233e+04   1.000000e+02
3.859994e-01   4.262302e+04   1.000000e+02
3.895746e-01   4.249412e+04   1.000000e+02
3.931829e-01   4.236561e+04   1.000000e+02
3.968246e-01   4.223747e+04   1.000000e+02
4.005001e-01   4.210971e+04   1.000000e+02
4.042096e-01   4.198230e+04   1.000000e+02
4.079535e-01   4.185528e+04   1.000000e+02
4.117320e-01   4.172865e+04   1.000000e+02
4.155455e-01   4.160244e+04   1.000000e+02
4.193944e-01   4.147667e+04   1.000000e+02
4.232789e-01   4.135134e+04   1.000000e+02
4.271994e-01   4.122649e+04   1.000000e+02
4.311562e-01   4.110213e+04   1.000000e+02
4.351497e-01   4.097827e+04   1.000000e+02
4.391801e-01   4.085494e+04   1.000000e+02
4.432479e-01   4.073215e+04   1.000000e+02
4.473533e-01   4.060991e+04   1.000000e+02
4.514968e-01   4.048825e+04   1.000000e+02
4.556786e-01   4.036716e+04   1.000000e+02
4.598992e-01   4.024663e+04   1.000000e+02
4.641589e-01   4.012664e+04   1.000000e+02
4.684580e-01   4.000717e+04   1.000000e+02
4.727970e-01   3.988820e+04   1.000000e+02
4.771761e-01   3.976971e+04   1.000000e+02
4.815958e-01   3.965168e+04   1.000000e+02
4.860564e-01   3.953411e+04   1.000000e+02
4.905584e-01   3.941696e+04   1.000000e+02
4.951020e-01   3.930022e+04   1.000000e+02
4.996877e-01   3.918387e+04   1.000000e+02
5.043159e-01   3.906790e+04   1.000000e+02
5.089870e-01   3.895231e+04   1.000000e+02
5.137014e-01   3.883710e+04   1.000000e+02
5.184594e-01   3.872227e+04   1.000000e+02
5.232614e-01   3.860782e+04   1.000000e+02
5.281080e-01   3.849377e+04   1.000000e+02
5.329994e-01   3.838010e+04   1.000000e+02
5.379362e-01   3.826683e+04   1.000000e+02
5.429186e-01   3.815395e+04   1.000000e+02
5.479472e-01   3.804147e+04   1.000000e+02
5.530224e-01   3.792939e+04   1.000000e+02
5.581446e-01   3.781771e+04   1.000000e+02
5.633143e-01   3.770643e+04   1.000000e+02
5.685318e-01   3.759557e+04   1.000000e+02
5.737976e-01   3.748511e+04   1.000000e+02
5.791123e-01   3.737507e+04   1.000000e+02
5.844761e-01   3.726543e+04   1.000000e+02
5.898896e-01   3.715622e+04   1.000000e+02
5.953533e-01   3.704742e+04   1.000000e+02
6.008676e-01   3.693904e+04   1.000000e+02
6.064329e-01   3.683109e+04   1.000000e+02
6.120498e-01   3.672355e+04   1.000000e+02
6.177188e-01   3.661643e+04   1.000000e+02
6.234402e-01   3.650973e+04   1.000000e+02
6.292146e-01   3.640344e+04   1.000000e+02
6.350425e-01   3.629757e+04   1.000000e+02
6.409244e-01   3.619210e+04   1.000000e+02
6.468608e-01   3.608705e+04   1.000000e+02
6.528521e-01   3.598241e+04   1.000000e+02
6.588990e-01   3.587817e+04   1.000000e+02
6.650018e-01   3.577433e+04   1.000000e+02
6.711612e-01   3.567090e+04   1.000000e+02
6.773776e-01   3.556787e+04   1.000000e+02
6.836516e-01   3.546525e+04   1.000000e+02
6.899837e-01   3.536302e+04   1.000000e+02
6.963745e-01   3.526118e+04   1.000000e+02
7.028244e-01   3.515974e+04   1.000000e+02
7.093341e-01   3.505870e+04   1.000000e+02
7.159041e-01   3.495805e+04   1.000000e+02
7.225349e-01   3.485779e+04   1.000000e+02
7.292272e-01   3.475792e+04   1.000000e+02
7.359814e-01   3.465844e+04   1.000000e+02
7.427982e-01   3.455935e+04   1.000000e+02
7.496782e-01   3.446064e+04   1.000000e+02
7.566219e-01   3.436233e+04   1.000000e+02
7.636298e-01   3.426439e+04   1.000000e+02
7.707027e-01   3.416685e+04   1.000000e+02
7.778411e-01   3.406968e+04   1.000000e+02
7.850456e-01   3.397290e+04   1.000000e+02
7.923169e-01   3.387650e+04   1.000000e+02
7.996555e-01   3.378048e+04   1.000000e+02
8.070620e-01   3.368484e+04   1.000000e+02
8.145372e-01   3.358957e+04   1.000000e+02
8.220816e-01   3.349469e+04   1.000000e+02
8.296959e-01   3.340019e+04   1.000000e+02
8.373807e-01   3.330606e+04   1.000000e+02
8.451366e-01   3.321232e+04   1.000000e+02
8.529644e-01   3.311896e+04   1.000000e+02
8.608648e-01   3.302598e+04   1.000000e+02
8.688383e-01   3.293339e+04   1.000000e+02
8.768856e-01   3.284117e+04   1.000000e+02
8.850075e-01   3.274934e+04   1.000000e+02
8.932046e-01   3.265789e+04   1.000000e+02
9.014776e-01   3.256682e+04   1.000000e+02
9.098273e-01   3.247614e+04   1.000000e+02
9.182543e-01   3.238584e+04   1.000000e+02
9.267593e-01   3.229593e+04   1.000000e+02
9.353432e-01   3.220640e+04   1.000000e+02
9.440065e-01   3.211727e+04   1.000000e+02
9.527500e-01   3.202852e+04   1.000000e+02
9.615746e-01   3.194016e+04   1.000000e+02
9.704809e-01   3.185219e+04   1.000000e+02
9.794697e-01   3.176461e+04   1.000000e+02
9.885417e-01   3.167743e+04   1.000000e+02
9.976978e-01   3.159064e+04   1.000000e+02
1.006939e+00   3.150424e+04   1.000000e+02
1.016265e+00   3.141824e+04   1.000000e+02
1.025678e+00   3.133263e+04   1.000000e+02
1.035178e+00   3.124741e+04   1.000000e+02
1.044766e+00   3.116258e+04   1.000000e+02
1.054443e+00   3.107814e+04   1.000000e+02
1.064209e+00   3.099408e+04   1.000000e+02
1.074066e+00   3.091042e+04   1.000000e+02
1.084014e+00   3.082713e+04   1.000000e+02
1.094055e+00   3.074423e+04   1.000000e+02
1.104188e+00   3.066171e+04   1.000000e+02
1.114415e+00   3.057957e+04   1.000000e+02
1.124737e+00   3.049781e+04   1.000000e+02
1.135155e+00   3.041643e+04   1.000000e+02
1.145669e+00   3.033542e+04   1.000000e+02
1.156280e+00   3.025479e+04   1.000000e+02
1.166990e+00   3.017453e+04   1.000000e+02
1.177799e+00   3.009465e+04   1.000000e+02
1.188708e+00   3.001513e+04   1.000000e+02
1.199718e+00   2.993599e+04   1.000000e+02
1.210830e+00   2.985722e+04   1.000000e+02
1.222045e+00   2.977881e+04   1.000000e+02
1.233363e+00   2.970077e+04   1.000000e+02
1.244787e+00   2.962309e+04   1.000000e+02
1.256317e+00   2.954578e+04   1.000000e+02
1.267953e+00   2.946882e+04   1.000000e+02
1.279697e+00   2.939223e+04   1.000000e+02
1.291550e+00   2.931600e+04   1.000000e+02
1.303512e+00   2.924013e+04   1.000000e+02
1.315586e+00   2.916462e+04   1.000000e+02
1.327771e+00   2.908946e+04   1.000000e+02
1.340069e+00   2.901465e+04   1.000000e+02
1.352481e+00   2.894020e+04   1.000000e+02
1.365008e+00   2.886609e+04   1.000000e+02
1.377651e+00   2.879234e+04   1.000000e+02
1.390411e+00   2.871894e+04   1.000000e+02
1.403289e+00   2.864588e+04   1.000000e+02
1.416287e+00   2.857318e+04   1.000000e+02
1.429405e+00   2.850081e+04   1.000000e+02
1.442644e+00   2.842879e+04   1.000000e+02
1.456006e+00   2.835711e+04   1.000000e+02
1.469492e+00   2.828577e+04   1.000000e+02
1.483103e+00   2.821478e+04   1.000000e+02
1.496839e+00   2.814412e+04   1.000000e+02
1.510703e+00   2.807380e+04   1.000000e+02
1.524696e+00   2.800383e+04   1.000000e+02
1.538818e+00   2.793422e+04   1.000000e+02
1.553071e+00   2.786499e+04   1.000000e+02
1.567455e+00   2.779615e+04   1.000000e+02
1.581973e+00   2.772772e+04   1.000000e+02
1.596626e+00   2.765971e+04   1.000000e+02
1.611414e+00   2.759213e+04   1.000000e+02
1.626340e+00   2.752501e+04   1.000000e+02
1.641403e+00   2.745834e+04   1.000000e+02
1.656606e+00   2.739216e+04   1.000000e+02
1.671950e+00   2.732646e+04   1.000000e+02
1.687436e+00   2.726126e+04   1.000000e+02
1.703065e+00   2.719659e+04   1.000000e+02
1.718839e+00   2.713244e+04   1.000000e+02
1.734759e+00   2.706883e+04   1.000000e+02
1.750827e+00   2.700578e+04   1.000000e+02
1.767044e+00   2.694329e+04   1.000000e+02
1.783410e+00   2.688136e+04   1.000000e+02
1.799929e+00   2.681995e+04   1.000000e+02
1.816600e+00   2.675905e+04   1.000000e+02
1.833425e+00   2.669865e+04   1.000000e+02
1.850407e+00   2.663872e+04   1.000000e+02
1.867546e+00   2.657926e+04   1.000000e+02
1.884843e+00   2.652023e+04   1.000000e+02
1.902301e+00   2.646163e+04   1.000000e+02
1.919921e+00   2.640344e+04   1.000000e+02
1.937703e+00   2.634564e+04   1.000000e+02
1.955651e+00   2.628821e+04   1.000000e+02
1.973764e+00   2.623115e+04   1.000000e+02
1.992046e+00   2.617442e+04   1.000000e+02
2.010496e+00   2.611802e+04   1.000000e+02
2.029118e+00   2.606194e+04   1.000000e+02
2.047912e+00   2.600618e+04   1.000000e+02
2.066880e+00   2.595076e+04   1.000000e+02
2.086024e+00   2.589567e+04   1.000000e+02
2.105345e+00   2.584092e+04   1.000000e+02
2.124845e+00   2.578652e+04   1.000000e+02
2.144526e+00   2.573247e+04   1.000000e+02
2.164389e+00   2.567878e+04   1.000000e+02
2.184436e+00   2.562544e+04   1.000000e+02
2.204669e+00   2.557247e+04   1.000000e+02
2.225089e+00   2.551987e+04   1.000000e+02
2.245698e+00   2.546765e+04   1.000000e+02
2.266498e+00   2.541580e+04   1.000000e+02
2.287491e+00   2.536433e+04   1.000000e+02
2.308678e+00   2.531326e+04   1.000000e+02
2.330061e+00   2.526258e+04   1.000000e+02
2.351643e+00   2.521229e+04   1.000000e+02
2.373424e+00   2.516241e+04   1.000000e+02
2.395407e+00   2.511293e+04   1.000000e+02
2.417594e+00   2.506386e+04   1.000000e+02
2.439986e+00   2.501521e+04   1.000000e+02
2.462586e+00   2.496697e+04   1.000000e+02
2.485395e+00   2.491916e+04   1.000000e+02
2.508415e+00   2.487178e+04   1.000000e+02
2.531648e+00   2.482483e+04   1.000000e+02
2.555097e+00   2.477830e+04   1.000000e+02
2.578763e+00   2.473220e+04   1.000000e+02
2.602648e+00   2.468653e+04   1.000000e+02
2.626754e+00   2.464129e+04   1.000000e+02
2.651084e+00   2.459647e+04   1.000000e+02
2.675638e+00   2.455207e+04   1.000000e+02
2.700421e+00   2.450810e+04   1.000000e+02
2.725433e+00   2.446455e+04   1.000000e+02
2.750676e+00   2.442142e+04   1.000000e+02
2.776153e+00   2.437871e+04   1.000000e+02
2.801867e+00   2.433642e+04   1.000000e+02
2.827818e+00   2.429455e+04   1.000000e+02
2.854010e+00   2.425310e+04   1.000000e+02
2.880444e+00   2.421206e+04   1.000000e+02
2.907123e+00   2.417144e+04   1.000000e+02
2.934050e+00   2.413123e+04   1.000000e+02
2.961225e+00   2.409144e+04   1.000000e+02
2.988653e+00   2.405207e+04   1.000000e+02
3.016334e+00   2.401310e+04   1.000000e+02
3.044272e+00   2.397455e+04   1.000000e+02
3.072469e+00   2.393641e+04   1.000000e+02
3.100927e+00   2.389868e+04   1.000000e+02
3.129648e+00   2.386136e+04   1.000000e+02
3.158635e+00   2.382444e+04   1.000000e+02
3.187891e+00   2.378794e+04   1.000000e+02
3.217418e+00   2.375184e+04   1.000000e+02
3.247218e+00   2.371616e+04   1.000000e+02
3.277295e+00   2.368087e+04   1.000000e+02
3.307650e+00   2.364600e+04   1.000000e+02
3.338286e+00   2.361152e+04   1.000000e+02
3.369206e+00   2.357746e+04   1.000000e+02
3.400412e+00   2.354379e+04   1.000000e+02
3.431907e+00   2.351053e+04   1.000000e+02
3.463694e+00   2.347768e+04   1.000000e+02
3.495776e+00   2.344522e+04   1.000000e+02
3.528154e+00   2.341317e+04   1.000000e+02
3.560833e+00   2.338152e+04   1.000000e+02
3.593814e+00   2.335028e+04   1.000000e+02
3.627100e+00   2.331944e+04   1.000000e+02
3.660695e+00   2.328902e+04   1.000000e+02
3.694601e+00   2.325901e+04   1.000000e+02
3.728821e+00   2.322941e+04   1.000000e+02
3.763358e+00   2.320024e+04   1.000000e+02
3.798215e+00   2.317149e+04   1.000000e+02
3.833395e+00   2.314316e+04   1.000000e+02
3.868901e+00   2.311526e+04   1.000000e+02
3.904735e+00   2.308778e+04   1.000000e+02
3.940902e+00   2.306074e+04   1.000000e+02
3.977403e+00   2.303413e+04   1.000000e+02
4.014242e+00   2.300796e+04   1.000000e+02
4.051423e+00   2.298223e+04   1.000000e+02
4.088948e+00   2.295694e+04   1.000000e+02
4.126821e+00   2.293209e+04   1.000000e+02
4.165044e+00   2.290769e+04   1.000000e+02
4.203622e+00   2.288373e+04   1.000000e+02
4.242556e+00   2.286023e+04   1.000000e+02
4.281852e+00   2.283717e+04   1.000000e+02
4.321511e+00   2.281457e+04   1.000000e+02
4.361538e+00   2.279242e+04   1.000000e+02
4.401935e+00   2.277073e+04   1.000000e+02
4.442707e+00   2.274950e+04   1.000000e+02
4.483856e+00   2.272873e+04   1.000000e+02
4.525386e+00   2.270842e+04   1.000000e+02
4.567301e+00   2.268858e+04   1.000000e+02
4.609604e+00   2.266921e+04   1.000000e+02
4.652300e+00   2.265031e+04   1.000000e+02
4.695390e+00   2.263188e+04   1.000000e+02
4.738880e+00   2.261393e+04   1.000000e+02
4.782772e+00   2.259645e+04   1.000000e+02
4.827071e+00   2.257945e+04   1.000000e+02
4.871780e+00   2.256293e+04   1.000000e+02
4.916904e+00   2.254690e+04   1.000000e+02
4.962445e+00   2.253135e+04   1.000000e+02
5.008408e+00   2.251629e+04   1.000000e+02
5.054797e+00   2.250172e+04   1.000000e+02
5.101615e+00   2.248765e+04   1.000000e+02
5.148867e+00   2.247409e+04   1.000000e+02
5.196557e+00   2.246103e+04   1.000000e+02
5.244689e+00   2.244849e+04   1.000000e+02
5.293266e+00   2.243646e+04   1.000000e+02
5.342293e+00   2.242497e+04   1.000000e+02
5.391775e+00   2.241401e+04   1.000000e+02
5.441714e+00   2.240359e+04   1.000000e+02
5.492116e+00   2.239372e+04   1.000000e+02
5.542986e+00   2.238440e+04   1.000000e+02
5.594326e+00   2.237564e+04   1.000000e+02
5.646141e+00   2.236744e+04   1.000000e+02
5.698437e+00   2.235982e+04   1.000000e+02
5.751217e+00   2.235277e+04   1.000000e+02
5.804486e+00   2.234631e+04   1.000000e+02
5.858248e+00   2.234043e+04   1.000000e+02
5.912508e+00   2.233516e+04   1.000000e+02
5.967271e+00   2.233048e+04   1.000000e+02
6.022541e+00   2.232642e+04   1.000000e+02
6.078323e+00   2.232298e+04   1.000000e+02
6.134622e+00   2.232016e+04   1.000000e+02
6.191442e+00   2.231798e+04   1.000000e+02
6.248788e+00   2.231646e+04   1.000000e+02
6.306666e+00   2.231559e+04   1.000000e+02
6.365079e+00   2.231539e+04   1.000000e+02
6.424034e+00   2.231587e+04   1.000000e+02
6.483534e+00   2.231704e+04   1.000000e+02
6.543586e+00   2.231892e+04   1.000000e+02
6.604194e+00   2.232151e+04   1.000000e+02
6.665363e+00   2.232482e+04   1.000000e+02
6.727099e+00   2.232887e+04   1.000000e+02
6.789407e+00   2.233366e+04   1.000000e+02
6.852292e+00   2.233920e+04   1.000000e+02
6.915759e+00   2.234552e+04   1.000000e+02
6.979814e+00   2.235262e+04   1.000000e+02
7.044462e+00   2.236050e+04   1.000000e+02
7.109709e+00   2.236919e+04   1.000000e+02
7.175561e+00   2.237869e+04   1.000000e+02
7.242022e+00   2.238901e+04   1.000000e+02
7.309099e+00   2.240016e+04   1.000000e+02
7.376798e+00   2.241217e+04   1.000000e+02
7.445123e+00   2.242503e+04   1.000000e+02
7.514081e+00   2.243876e+04   1.000000e+02
7.583678e+00   2.245336e+04   1.000000e+02
7.653919e+00   2.246886e+04   1.000000e+02
7.724811e+00   2.248527e+04   1.000000e+02
7.796360e+00   2.250259e+04   1.000000e+02
7.868572e+00   2.252084e+04   1.000000e+02
7.941452e+00   2.254003e+04   1.000000e+02
8.015007e+00   2.256017e+04   1.000000e+02
8.089243e+00   2.258128e+04   1.000000e+02
8.164168e+00   2.260337e+04   1.000000e+02
8.239786e+00   2.262644e+04   1.000000e+02
8.316104e+00   2.265052e+04   1.000000e+02
8.393129e+00   2.267562e+04   1.000000e+02
8.470868e+00   2.270174e+04   1.000000e+02
8.549327e+00   2.272891e+04   1.000000e+02
8.628513e+00   2.275713e+04   1.000000e+02
8.708431e+00   2.278643e+04   1.000000e+02
8.789091e+00   2.281680e+04   1.000000e+02
8.870497e+00   2.284827e+04   1.000000e+02
8.952657e+00   2.288086e+04   1.000000e+02
9.035578e+00   2.291456e+04   1.000000e+02
9.119268e+00   2.294941e+04   1.000000e+02
9.203732e+00   2.298542e+04   1.000000e+02
9.288979e+00   2.302259e+04   1.000000e+02
9.375015e+00   2.306095e+04   1.000000e+02
9.461848e+00   2.310051e+04   1.000000e+02
9.549486e+00   2.314129e+04   1.000000e+02
9.637935e+00   2.318330e+04   1.000000e+02
9.727203e+00   2.322656e+04   1.000000e+02
9.817298e+00   2.327108e+04   1.000000e+02
9.908228e+00   2.331689e+04   1.000000e+02
1.000000e+01   2.336400e+04   1.000000e+02
