# Be12 + He3 > C15 + g   [Be12_He3__C15_g]   ref=TALYS2, Koning et al. 2023
# detailed balance: alpha=3.7071e+10 beta=1.5 gamma=-349.703  Q=30.1351
# T9                 rate                error
1.000000e-03   1.000000e-35   1.000000e+02
1.009262e-03   9.997456e-36   1.000000e+02
1.018610e-03   9.995025e-36   1.000000e+02
1.028045e-03   9.992703e-36   1.000000e+02
1.037567e-03   9.990489e-36   1.000000e+02
1.047177e-03   9.988381e-36   1.000000e+02
1.056876e-03   9.986377e-36   1.000000e+02
1.066665e-03   9.984477e-36   1.000000e+02
1.076545e-03   9.982677e-36   1.000000e+02
1.086516e-03   9.980975e-36   1.000000e+02
1.096579e-03   9.979372e-36   1.000000e+02
1.106736e-03   9.977863e-36   1.000000e+02
1.116987e-03   9.976449e-36   1.000000e+02
1.127333e-03   9.975126e-36   1.000000e+02
1.137774e-03   9.973893e-36   1.000000e+02
1.148312e-03   9.972749e-36   1.000000e+02
1.158948e-03   9.971691e-36   1.000000e+02
1.169683e-03   9.970718e-36   1.000000e+02
1.180517e-03   9.969828e-36   1.000000e+02
1.191451e-03   9.969019e-36   1.000000e+02
1.202486e-03   9.968290e-36   1.000000e+02
1.213624e-03   9.967639e-36   1.000000e+02
1.224865e-03   9.967063e-36   1.000000e+02
1.236210e-03   9.966562e-36   1.000000e+02
1.247660e-03   9.966134e-36   1.000000e+02
1.259216e-03   9.965776e-36   1.000000e+02
1.270879e-03   9.965487e-36   1.000000e+02
1.282650e-03   9.965266e-36   1.000000e+02
1.294530e-03   9.965110e-36   1.000000e+02
1.306520e-03   9.965018e-36   1.000000e+02
1.318621e-03   9.964988e-36   1.000000e+02
1.330835e-03   9.965018e-36   1.000000e+02
1.343161e-03   9.965107e-36   1.000000e+02
1.355602e-03   9.965253e-36   1.000000e+02
1.368158e-03   9.965454e-36   1.000000e+02
1.380830e-03   9.965709e-36   1.000000e+02
1.393619e-03   9.966015e-36   1.000000e+02
1.406527e-03   9.966371e-36   1.000000e+02
1.419555e-03   9.966775e-36   1.000000e+02
1.432703e-03   9.967226e-36   1.000000e+02
1.445973e-03   9.967722e-36   1.000000e+02
1.459366e-03   9.968261e-36   1.000000e+02
1.472883e-03   9.968841e-36   1.000000e+02
1.486525e-03   9.969460e-36   1.000000e+02
1.500293e-03   9.970117e-36   1.000000e+02
1.514189e-03   9.970811e-36   1.000000e+02
1.528214e-03   9.971539e-36   1.000000e+02
1.542369e-03   9.972299e-36   1.000000e+02
1.556654e-03   9.973091e-36   1.000000e+02
1.571072e-03   9.973912e-36   1.000000e+02
1.585624e-03   9.974760e-36   1.000000e+02
1.600310e-03   9.975634e-36   1.000000e+02
1.615133e-03   9.976532e-36   1.000000e+02
1.630092e-03   9.977452e-36   1.000000e+02
1.645191e-03   9.978393e-36   1.000000e+02
1.660429e-03   9.979352e-36   1.000000e+02
1.675808e-03   9.980329e-36   1.000000e+02
1.691330e-03   9.981321e-36   1.000000e+02
1.706995e-03   9.982327e-36   1.000000e+02
1.722805e-03   9.983344e-36   1.000000e+02
1.738762e-03   9.984372e-36   1.000000e+02
1.754867e-03   9.985408e-36   1.000000e+02
1.771121e-03   9.986451e-36   1.000000e+02
1.787526e-03   9.987499e-36   1.000000e+02
1.804082e-03   9.988550e-36   1.000000e+02
1.820792e-03   9.989602e-36   1.000000e+02
1.837656e-03   9.990655e-36   1.000000e+02
1.854677e-03   9.991705e-36   1.000000e+02
1.871855e-03   9.992751e-36   1.000000e+02
1.889193e-03   9.993792e-36   1.000000e+02
1.906691e-03   9.994826e-36   1.000000e+02
1.924351e-03   9.995851e-36   1.000000e+02
1.942175e-03   9.996865e-36   1.000000e+02
1.960163e-03   9.997866e-36   1.000000e+02
1.978319e-03   9.998853e-36   1.000000e+02
1.996642e-03   9.999825e-36   1.000000e+02
2.015136e-03   1.000078e-35   1.000000e+02
2.033800e-03   1.000171e-35   1.000000e+02
2.052638e-03   1.000263e-35   1.000000e+02
2.071650e-03   1.000352e-35   1.000000e+02
2.090838e-03   1.000438e-35   1.000000e+02
2.110203e-03   1.000522e-35   1.000000e+02
2.129749e-03   1.000603e-35   1.000000e+02
2.149475e-03   1.000681e-35   1.000000e+02
2.169384e-03   1.000756e-35   1.000000e+02
2.189477e-03   1.000828e-35   1.000000e+02
2.209756e-03   1.000896e-35   1.000000e+02
2.230223e-03   1.000960e-35   1.000000e+02
2.250880e-03   1.001021e-35   1.000000e+02
2.271728e-03   1.001077e-35   1.000000e+02
2.292769e-03   1.001129e-35   1.000000e+02
2.314005e-03   1.001177e-35   1.000000e+02
2.335438e-03   1.001220e-35   1.000000e+02
2.357069e-03   1.001259e-35   1.000000e+02
2.378901e-03   1.001292e-35   1.000000e+02
2.400935e-03   1.001321e-35   1.000000e+02
2.423173e-03   1.001344e-35   1.000000e+02
2.445617e-03   1.001362e-35   1.000000e+02
2.468268e-03   1.001374e-35   1.000000e+02
2.491130e-03   1.001381e-35   1.000000e+02
2.514203e-03   1.001381e-35   1.000000e+02
2.537490e-03   1.001375e-35   1.000000e+02
2.560993e-03   1.001363e-35   1.000000e+02
2.584714e-03   1.001345e-35   1.000000e+02
2.608654e-03   1.001320e-35   1.000000e+02
2.632815e-03   1.001288e-35   1.000000e+02
2.657201e-03   1.001248e-35   1.000000e+02
2.681813e-03   1.001202e-35   1.000000e+02
2.706652e-03   1.001149e-35   1.000000e+02
2.731722e-03   1.001088e-35   1.000000e+02
2.757023e-03   1.001019e-35   1.000000e+02
2.782559e-03   1.000942e-35   1.000000e+02
2.808332e-03   1.000857e-35   1.000000e+02
2.834343e-03   1.000764e-35   1.000000e+02
2.860596e-03   1.000663e-35   1.000000e+02
2.887091e-03   1.000553e-35   1.000000e+02
2.913832e-03   1.000434e-35   1.000000e+02
2.940820e-03   1.000307e-35   1.000000e+02
2.968059e-03   1.000170e-35   1.000000e+02
2.995549e-03   1.000024e-35   1.000000e+02
3.023295e-03   9.998693e-36   1.000000e+02
3.051297e-03   9.997063e-36   1.000000e+02
3.079559e-03   9.995372e-36   1.000000e+02
3.108082e-03   9.993640e-36   1.000000e+02
3.136870e-03   9.991884e-36   1.000000e+02
3.165924e-03   9.990123e-36   1.000000e+02
3.195248e-03   9.988376e-36   1.000000e+02
3.224842e-03   9.986661e-36   1.000000e+02
3.254712e-03   9.984996e-36   1.000000e+02
3.284857e-03   9.983400e-36   1.000000e+02
3.315282e-03   9.981891e-36   1.000000e+02
3.345989e-03   9.980487e-36   1.000000e+02
3.376980e-03   9.979208e-36   1.000000e+02
3.408259e-03   9.978071e-36   1.000000e+02
3.439826e-03   9.977095e-36   1.000000e+02
3.471687e-03   9.976297e-36   1.000000e+02
3.503842e-03   9.975698e-36   1.000000e+02
3.536296e-03   9.975314e-36   1.000000e+02
3.569049e-03   9.975165e-36   1.000000e+02
3.602107e-03   9.975268e-36   1.000000e+02
3.635470e-03   9.975643e-36   1.000000e+02
3.669142e-03   9.976307e-36   1.000000e+02
3.703127e-03   9.977279e-36   1.000000e+02
3.737426e-03   9.978578e-36   1.000000e+02
3.772042e-03   9.980223e-36   1.000000e+02
3.806980e-03   9.982231e-36   1.000000e+02
3.842241e-03   9.984621e-36   1.000000e+02
3.877828e-03   9.987413e-36   1.000000e+02
3.913746e-03   9.990625e-36   1.000000e+02
3.949995e-03   9.994276e-36   1.000000e+02
3.986581e-03   9.998385e-36   1.000000e+02
4.023506e-03   1.000297e-35   1.000000e+02
4.060772e-03   1.000796e-35   1.000000e+02
4.098384e-03   1.001327e-35   1.000000e+02
4.136344e-03   1.001878e-35   1.000000e+02
4.174655e-03   1.002439e-35   1.000000e+02
4.213322e-03   1.003000e-35   1.000000e+02
4.252346e-03   1.003549e-35   1.000000e+02
4.291732e-03   1.004077e-35   1.000000e+02
4.331483e-03   1.004572e-35   1.000000e+02
4.371602e-03   1.005023e-35   1.000000e+02
4.412093e-03   1.005420e-35   1.000000e+02
4.452959e-03   1.005753e-35   1.000000e+02
4.494203e-03   1.006010e-35   1.000000e+02
4.535829e-03   1.006181e-35   1.000000e+02
4.577841e-03   1.006255e-35   1.000000e+02
4.620241e-03   1.006221e-35   1.000000e+02
4.663035e-03   1.006069e-35   1.000000e+02
4.706225e-03   1.005788e-35   1.000000e+02
4.749815e-03   1.005368e-35   1.000000e+02
4.793808e-03   1.004798e-35   1.000000e+02
4.838210e-03   1.004067e-35   1.000000e+02
4.883022e-03   1.003166e-35   1.000000e+02
4.928250e-03   1.002084e-35   1.000000e+02
4.973896e-03   1.000811e-35   1.000000e+02
5.019965e-03   9.993383e-36   1.000000e+02
5.066461e-03   9.976684e-36   1.000000e+02
5.113388e-03   9.958202e-36   1.000000e+02
5.160749e-03   9.938129e-36   1.000000e+02
5.208549e-03   9.916658e-36   1.000000e+02
5.256791e-03   9.893983e-36   1.000000e+02
5.305481e-03   9.870293e-36   1.000000e+02
5.354621e-03   9.845778e-36   1.000000e+02
5.404216e-03   9.820626e-36   1.000000e+02
5.454271e-03   9.795023e-36   1.000000e+02
5.504790e-03   9.769153e-36   1.000000e+02
5.555776e-03   9.743200e-36   1.000000e+02
5.607235e-03   9.717343e-36   1.000000e+02
5.659170e-03   9.691761e-36   1.000000e+02
5.711586e-03   9.666631e-36   1.000000e+02
5.764488e-03   9.642128e-36   1.000000e+02
5.817880e-03   9.618425e-36   1.000000e+02
5.871766e-03   9.595694e-36   1.000000e+02
5.926152e-03   9.574106e-36   1.000000e+02
5.981041e-03   9.553828e-36   1.000000e+02
6.036439e-03   9.535015e-36   1.000000e+02
6.092349e-03   9.517636e-36   1.000000e+02
6.148778e-03   9.501544e-36   1.000000e+02
6.205729e-03   9.486587e-36   1.000000e+02
6.263207e-03   9.472619e-36   1.000000e+02
6.321218e-03   9.459493e-36   1.000000e+02
6.379767e-03   9.447061e-36   1.000000e+02
6.438857e-03   9.435180e-36   1.000000e+02
6.498495e-03   9.423705e-36   1.000000e+02
6.558686e-03   9.412493e-36   1.000000e+02
6.619433e-03   9.401402e-36   1.000000e+02
6.680744e-03   9.390288e-36   1.000000e+02
6.742622e-03   9.379011e-36   1.000000e+02
6.805074e-03   9.367431e-36   1.000000e+02
6.868104e-03   9.355406e-36   1.000000e+02
6.931717e-03   9.342799e-36   1.000000e+02
6.995920e-03   9.329470e-36   1.000000e+02
7.060718e-03   9.315382e-36   1.000000e+02
7.126115e-03   9.300969e-36   1.000000e+02
7.192119e-03   9.286810e-36   1.000000e+02
7.258734e-03   9.273479e-36   1.000000e+02
7.325965e-03   9.261546e-36   1.000000e+02
7.393820e-03   9.251578e-36   1.000000e+02
7.462303e-03   9.244143e-36   1.000000e+02
7.531420e-03   9.239808e-36   1.000000e+02
7.601178e-03   9.239141e-36   1.000000e+02
7.671581e-03   9.242714e-36   1.000000e+02
7.742637e-03   9.251105e-36   1.000000e+02
7.814351e-03   9.264901e-36   1.000000e+02
7.886729e-03   9.284704e-36   1.000000e+02
7.959777e-03   9.311127e-36   1.000000e+02
8.033502e-03   9.344761e-36   1.000000e+02
8.107910e-03   9.384878e-36   1.000000e+02
8.183007e-03   9.429228e-36   1.000000e+02
8.258799e-03   9.475446e-36   1.000000e+02
8.335294e-03   9.521121e-36   1.000000e+02
8.412497e-03   9.563795e-36   1.000000e+02
8.490415e-03   9.600970e-36   1.000000e+02
8.569055e-03   9.630115e-36   1.000000e+02
8.648423e-03   9.648688e-36   1.000000e+02
8.728527e-03   9.654157e-36   1.000000e+02
8.809372e-03   9.644031e-36   1.000000e+02
8.890966e-03   9.615901e-36   1.000000e+02
8.973316e-03   9.567473e-36   1.000000e+02
9.056428e-03   9.497323e-36   1.000000e+02
9.140311e-03   9.411903e-36   1.000000e+02
9.224970e-03   9.322316e-36   1.000000e+02
9.310413e-03   9.239357e-36   1.000000e+02
9.396648e-03   9.173443e-36   1.000000e+02
9.483682e-03   9.134759e-36   1.000000e+02
9.571522e-03   9.133498e-36   1.000000e+02
9.660175e-03   9.180236e-36   1.000000e+02
9.749649e-03   9.286423e-36   1.000000e+02
9.839952e-03   9.465037e-36   1.000000e+02
9.931092e-03   9.731431e-36   1.000000e+02
1.002308e-02   1.010439e-35   1.000000e+02
1.011591e-02   1.059976e-35   1.000000e+02
1.020961e-02   1.122213e-35   1.000000e+02
1.030417e-02   1.197614e-35   1.000000e+02
1.039961e-02   1.286736e-35   1.000000e+02
1.049593e-02   1.390150e-35   1.000000e+02
1.059315e-02   1.508349e-35   1.000000e+02
1.069126e-02   1.641643e-35   1.000000e+02
1.079029e-02   1.790034e-35   1.000000e+02
1.089023e-02   1.953070e-35   1.000000e+02
1.099110e-02   2.129693e-35   1.000000e+02
1.109290e-02   2.318550e-35   1.000000e+02
1.119564e-02   2.520199e-35   1.000000e+02
1.129934e-02   2.736160e-35   1.000000e+02
1.140400e-02   2.968285e-35   1.000000e+02
1.150962e-02   3.218815e-35   1.000000e+02
1.161623e-02   3.490456e-35   1.000000e+02
1.172382e-02   3.786457e-35   1.000000e+02
1.183241e-02   4.110720e-35   1.000000e+02
1.194200e-02   4.467925e-35   1.000000e+02
1.205261e-02   4.863650e-35   1.000000e+02
1.216424e-02   5.303393e-35   1.000000e+02
1.227691e-02   5.792172e-35   1.000000e+02
1.239062e-02   6.335506e-35   1.000000e+02
1.250539e-02   6.939518e-35   1.000000e+02
1.262121e-02   7.610994e-35   1.000000e+02
1.273811e-02   8.357444e-35   1.000000e+02
1.285610e-02   9.187166e-35   1.000000e+02
1.297517e-02   1.010931e-34   1.000000e+02
1.309535e-02   1.113410e-34   1.000000e+02
1.321664e-02   1.227394e-34   1.000000e+02
1.333906e-02   1.354346e-34   1.000000e+02
1.346261e-02   1.495936e-34   1.000000e+02
1.358730e-02   1.654076e-34   1.000000e+02
1.371315e-02   1.830956e-34   1.000000e+02
1.384016e-02   2.029091e-34   1.000000e+02
1.396835e-02   2.251373e-34   1.000000e+02
1.409773e-02   2.501126e-34   1.000000e+02
1.422830e-02   2.782113e-34   1.000000e+02
1.436009e-02   3.098620e-34   1.000000e+02
1.449310e-02   3.455567e-34   1.000000e+02
1.462733e-02   3.858613e-34   1.000000e+02
1.476281e-02   4.314268e-34   1.000000e+02
1.489955e-02   4.830035e-34   1.000000e+02
1.503755e-02   5.414570e-34   1.000000e+02
1.517683e-02   6.077887e-34   1.000000e+02
1.531740e-02   6.831612e-34   1.000000e+02
1.545928e-02   7.689228e-34   1.000000e+02
1.560246e-02   8.666393e-34   1.000000e+02
1.574698e-02   9.781315e-34   1.000000e+02
1.589283e-02   1.105519e-33   1.000000e+02
1.604003e-02   1.251276e-33   1.000000e+02
1.618860e-02   1.418292e-33   1.000000e+02
1.633854e-02   1.609965e-33   1.000000e+02
1.648987e-02   1.830277e-33   1.000000e+02
1.664260e-02   2.083911e-33   1.000000e+02
1.679675e-02   2.376376e-33   1.000000e+02
1.695232e-02   2.714170e-33   1.000000e+02
1.710934e-02   3.104966e-33   1.000000e+02
1.726781e-02   3.557839e-33   1.000000e+02
1.742775e-02   4.083547e-33   1.000000e+02
1.758917e-02   4.694859e-33   1.000000e+02
1.775208e-02   5.406962e-33   1.000000e+02
1.791650e-02   6.237950e-33   1.000000e+02
1.808245e-02   7.209412e-33   1.000000e+02
1.824993e-02   8.347049e-33   1.000000e+02
1.841897e-02   9.681451e-33   1.000000e+02
1.858957e-02   1.124920e-32   1.000000e+02
1.876175e-02   1.309409e-32   1.000000e+02
1.893552e-02   1.526865e-32   1.000000e+02
1.911091e-02   1.783598e-32   1.000000e+02
1.928792e-02   2.087196e-32   1.000000e+02
1.946656e-02   2.446801e-32   1.000000e+02
1.964687e-02   2.873440e-32   1.000000e+02
1.982884e-02   3.380437e-32   1.000000e+02
2.001250e-02   3.983915e-32   1.000000e+02
2.019786e-02   4.703477e-32   1.000000e+02
2.038493e-02   5.563217e-32   1.000000e+02
2.057374e-02   6.592672e-32   1.000000e+02
2.076430e-02   7.828090e-32   1.000000e+02
2.095662e-02   9.314069e-32   1.000000e+02
2.115073e-02   1.110562e-31   1.000000e+02
2.134663e-02   1.327078e-31   1.000000e+02
2.154435e-02   1.589390e-31   1.000000e+02
2.174389e-02   1.907989e-31   1.000000e+02
2.194529e-02   2.295950e-31   1.000000e+02
2.214855e-02   2.769625e-31   1.000000e+02
2.235370e-02   3.349515e-31   1.000000e+02
2.256074e-02   4.061397e-31   1.000000e+02
2.276970e-02   4.937786e-31   1.000000e+02
2.298060e-02   6.019808e-31   1.000000e+02
2.319345e-02   7.359648e-31   1.000000e+02
2.340827e-02   9.023727e-31   1.000000e+02
2.362508e-02   1.109685e-30   1.000000e+02
2.384390e-02   1.368765e-30   1.000000e+02
2.406475e-02   1.693572e-30   1.000000e+02
2.428764e-02   2.102106e-30   1.000000e+02
2.451260e-02   2.617654e-30   1.000000e+02
2.473964e-02   3.270446e-30   1.000000e+02
2.496878e-02   4.099861e-30   1.000000e+02
2.520005e-02   5.157274e-30   1.000000e+02
2.543346e-02   6.509205e-30   1.000000e+02
2.566903e-02   8.242141e-30   1.000000e+02
2.590678e-02   1.046897e-29   1.000000e+02
2.614673e-02   1.333728e-29   1.000000e+02
2.638891e-02   1.704033e-29   1.000000e+02
2.663333e-02   2.183147e-29   1.000000e+02
2.688001e-02   2.804338e-29   1.000000e+02
2.712898e-02   3.611333e-29   1.000000e+02
2.738025e-02   4.661677e-29   1.000000e+02
2.763385e-02   6.031173e-29   1.000000e+02
2.788980e-02   7.819769e-29   1.000000e+02
2.814812e-02   1.015936e-28   1.000000e+02
2.840884e-02   1.322411e-28   1.000000e+02
2.867196e-02   1.724415e-28   1.000000e+02
2.893753e-02   2.252372e-28   1.000000e+02
2.920556e-02   2.946518e-28   1.000000e+02
2.947606e-02   3.860078e-28   1.000000e+02
2.974908e-02   5.063477e-28   1.000000e+02
3.002462e-02   6.649896e-28   1.000000e+02
3.030271e-02   8.743630e-28   1.000000e+02
3.058338e-02   1.151411e-27   1.000000e+02
3.086665e-02   1.519185e-27   1.000000e+02
3.115254e-02   2.009152e-27   1.000000e+02
3.144108e-02   2.664507e-27   1.000000e+02
3.173230e-02   3.544892e-27   1.000000e+02
3.202621e-02   4.733161e-27   1.000000e+02
3.232284e-02   6.345149e-27   1.000000e+02
3.262222e-02   8.543872e-27   1.000000e+02
3.292437e-02   1.156032e-26   1.000000e+02
3.322933e-02   1.572418e-26   1.000000e+02
3.353710e-02   2.150941e-26   1.000000e+02
3.384773e-02   2.960272e-26   1.000000e+02
3.416123e-02   4.100697e-26   1.000000e+02
3.447764e-02   5.719877e-26   1.000000e+02
3.479698e-02   8.037088e-26   1.000000e+02
3.511928e-02   1.138083e-25   1.000000e+02
3.544456e-02   1.624771e-25   1.000000e+02
3.577285e-02   2.339559e-25   1.000000e+02
3.610419e-02   3.399219e-25   1.000000e+02
3.643859e-02   4.985489e-25   1.000000e+02
3.677609e-02   7.384141e-25   1.000000e+02
3.711672e-02   1.104933e-24   1.000000e+02
3.746050e-02   1.671074e-24   1.000000e+02
3.780747e-02   2.555403e-24   1.000000e+02
3.815765e-02   3.952821e-24   1.000000e+02
3.851107e-02   6.187554e-24   1.000000e+02
3.886777e-02   9.805619e-24   1.000000e+02
3.922777e-02   1.573821e-23   1.000000e+02
3.959110e-02   2.559411e-23   1.000000e+02
3.995780e-02   4.218998e-23   1.000000e+02
4.032790e-02   7.050838e-23   1.000000e+02
4.070142e-02   1.193254e-22   1.000000e+02
4.107841e-02   2.041647e-22   1.000000e+02
4.145888e-02   3.525976e-22   1.000000e+02
4.184289e-02   6.136542e-22   1.000000e+02
4.223044e-02   1.074506e-21   1.000000e+02
4.262159e-02   1.889859e-21   1.000000e+02
4.301636e-02   3.333348e-21   1.000000e+02
4.341478e-02   5.886504e-21   1.000000e+02
4.381690e-02   1.039094e-20   1.000000e+02
4.422274e-02   1.830490e-20   1.000000e+02
4.463234e-02   3.212849e-20   1.000000e+02
4.504573e-02   5.609428e-20   1.000000e+02
4.546295e-02   9.726289e-20   1.000000e+02
4.588404e-02   1.672134e-19   1.000000e+02
4.630903e-02   2.845672e-19   1.000000e+02
4.673795e-02   4.786124e-19   1.000000e+02
4.717085e-02   7.942606e-19   1.000000e+02
4.760775e-02   1.298426e-18   1.000000e+02
4.804870e-02   2.087571e-18   1.000000e+02
4.849374e-02   3.295567e-18   1.000000e+02
4.894290e-02   5.100102e-18   1.000000e+02
4.939622e-02   7.724715e-18   1.000000e+02
4.985373e-02   1.143236e-17   1.000000e+02
5.031549e-02   1.650851e-17   1.000000e+02
5.078152e-02   2.326928e-17   1.000000e+02
5.125187e-02   3.206635e-17   1.000000e+02
5.172657e-02   4.327164e-17   1.000000e+02
5.220568e-02   5.727175e-17   1.000000e+02
5.268921e-02   7.446578e-17   1.000000e+02
5.317723e-02   9.526827e-17   1.000000e+02
5.366977e-02   1.201188e-16   1.000000e+02
5.416687e-02   1.494998e-16   1.000000e+02
5.466857e-02   1.839641e-16   1.000000e+02
5.517492e-02   2.241737e-16   1.000000e+02
5.568596e-02   2.709513e-16   1.000000e+02
5.620174e-02   3.253482e-16   1.000000e+02
5.672229e-02   3.887340e-16   1.000000e+02
5.724766e-02   4.629128e-16   1.000000e+02
5.777790e-02   5.502811e-16   1.000000e+02
5.831305e-02   6.540404e-16   1.000000e+02
5.885316e-02   7.784936e-16   1.000000e+02
5.939827e-02   9.294628e-16   1.000000e+02
5.994843e-02   1.114888e-15   1.000000e+02
6.050368e-02   1.345321e-15   1.000000e+02
6.106408e-02   1.632810e-15   1.000000e+02
6.162966e-02   1.991890e-15   1.000000e+02
6.220049e-02   2.440728e-15   1.000000e+02
6.277660e-02   3.001942e-15   1.000000e+02
6.335805e-02   3.703554e-15   1.000000e+02
6.394488e-02   4.580080e-15   1.000000e+02
6.453715e-02   5.673745e-15   1.000000e+02
6.513491e-02   7.035802e-15   1.000000e+02
6.573820e-02   8.727882e-15   1.000000e+02
6.634708e-02   1.082331e-14   1.000000e+02
6.696160e-02   1.340825e-14   1.000000e+02
6.758181e-02   1.658246e-14   1.000000e+02
6.820777e-02   2.045952e-14   1.000000e+02
6.883952e-02   2.516611e-14   1.000000e+02
6.947713e-02   3.084006e-14   1.000000e+02
7.012064e-02   3.762687e-14   1.000000e+02
7.077011e-02   4.568537e-14   1.000000e+02
7.142559e-02   5.520962e-14   1.000000e+02
7.208715e-02   6.642144e-14   1.000000e+02
7.275484e-02   7.957109e-14   1.000000e+02
7.342870e-02   9.494089e-14   1.000000e+02
7.410882e-02   1.128495e-13   1.000000e+02
7.479523e-02   1.336570e-13   1.000000e+02
7.548799e-02   1.577711e-13   1.000000e+02
7.618718e-02   1.856537e-13   1.000000e+02
7.689284e-02   2.178303e-13   1.000000e+02
7.760503e-02   2.548993e-13   1.000000e+02
7.832383e-02   2.975447e-13   1.000000e+02
7.904928e-02   3.465504e-13   1.000000e+02
7.978145e-02   4.028179e-13   1.000000e+02
8.052040e-02   4.673556e-13   1.000000e+02
8.126619e-02   5.409450e-13   1.000000e+02
8.201889e-02   6.240537e-13   1.000000e+02
8.277857e-02   7.168828e-13   1.000000e+02
8.354528e-02   8.192675e-13   1.000000e+02
8.431909e-02   9.305697e-13   1.000000e+02
8.510007e-02   1.049571e-12   1.000000e+02
8.588829e-02   1.174379e-12   1.000000e+02
8.668380e-02   1.302366e-12   1.000000e+02
8.748668e-02   1.430143e-12   1.000000e+02
8.829700e-02   1.553611e-12   1.000000e+02
8.911482e-02   1.668074e-12   1.000000e+02
8.994022e-02   1.768449e-12   1.000000e+02
9.077327e-02   1.850520e-12   1.000000e+02
9.161402e-02   1.915394e-12   1.000000e+02
9.246257e-02   1.966852e-12   1.000000e+02
9.331898e-02   2.009652e-12   1.000000e+02
9.418332e-02   2.049235e-12   1.000000e+02
9.505566e-02   2.091564e-12   1.000000e+02
9.593608e-02   2.143114e-12   1.000000e+02
9.682466e-02   2.211058e-12   1.000000e+02
9.772147e-02   2.303682e-12   1.000000e+02
9.862658e-02   2.431076e-12   1.000000e+02
9.954008e-02   2.606241e-12   1.000000e+02
1.004620e-01   2.846474e-12   1.000000e+02
1.013925e-01   3.167876e-12   1.000000e+02
1.023317e-01   3.583804e-12   1.000000e+02
1.032795e-01   4.110855e-12   1.000000e+02
1.042361e-01   4.769021e-12   1.000000e+02
1.052015e-01   5.581259e-12   1.000000e+02
1.061759e-01   6.572615e-12   1.000000e+02
1.071593e-01   7.768624e-12   1.000000e+02
1.081519e-01   9.192783e-12   1.000000e+02
1.091536e-01   1.086285e-11   1.000000e+02
1.101646e-01   1.278594e-11   1.000000e+02
1.111850e-01   1.496501e-11   1.000000e+02
1.122148e-01   1.742406e-11   1.000000e+02
1.132541e-01   2.019576e-11   1.000000e+02
1.143031e-01   2.331954e-11   1.000000e+02
1.153618e-01   2.684353e-11   1.000000e+02
1.164303e-01   3.082688e-11   1.000000e+02
1.175087e-01   3.534277e-11   1.000000e+02
1.185971e-01   4.048212e-11   1.000000e+02
1.196956e-01   4.635838e-11   1.000000e+02
1.208042e-01   5.311048e-11   1.000000e+02
1.219231e-01   6.087763e-11   1.000000e+02
1.230524e-01   6.980128e-11   1.000000e+02
1.241921e-01   8.003837e-11   1.000000e+02
1.253424e-01   9.176215e-11   1.000000e+02
1.265034e-01   1.051624e-10   1.000000e+02
1.276751e-01   1.204454e-10   1.000000e+02
1.288576e-01   1.378333e-10   1.000000e+02
1.300511e-01   1.575625e-10   1.000000e+02
1.312557e-01   1.798819e-10   1.000000e+02
1.324714e-01   2.050488e-10   1.000000e+02
1.336984e-01   2.333246e-10   1.000000e+02
1.349367e-01   2.649699e-10   1.000000e+02
1.361865e-01   3.002369e-10   1.000000e+02
1.374479e-01   3.393607e-10   1.000000e+02
1.387210e-01   3.825499e-10   1.000000e+02
1.400058e-01   4.299742e-10   1.000000e+02
1.413026e-01   4.818445e-10   1.000000e+02
1.426114e-01   5.387579e-10   1.000000e+02
1.439323e-01   6.015840e-10   1.000000e+02
1.452654e-01   6.714417e-10   1.000000e+02
1.466109e-01   7.497617e-10   1.000000e+02
1.479688e-01   8.383678e-10   1.000000e+02
1.493393e-01   9.395846e-10   1.000000e+02
1.507225e-01   1.056343e-09   1.000000e+02
1.521186e-01   1.191481e-09   1.000000e+02
1.535275e-01   1.347455e-09   1.000000e+02
1.549495e-01   1.526883e-09   1.000000e+02
1.563847e-01   1.732532e-09   1.000000e+02
1.578331e-01   1.967250e-09   1.000000e+02
1.592950e-01   2.233884e-09   1.000000e+02
1.607704e-01   2.535188e-09   1.000000e+02
1.622595e-01   2.874575e-09   1.000000e+02
1.637624e-01   3.256479e-09   1.000000e+02
1.652792e-01   3.685841e-09   1.000000e+02
1.668101e-01   4.168128e-09   1.000000e+02
1.683551e-01   4.709383e-09   1.000000e+02
1.699144e-01   5.316283e-09   1.000000e+02
1.714882e-01   5.996194e-09   1.000000e+02
1.730766e-01   6.757238e-09   1.000000e+02
1.746796e-01   7.608362e-09   1.000000e+02
1.762975e-01   8.559414e-09   1.000000e+02
1.779304e-01   9.621221e-09   1.000000e+02
1.795785e-01   1.080568e-08   1.000000e+02
1.812418e-01   1.212591e-08   1.000000e+02
1.829205e-01   1.359681e-08   1.000000e+02
1.846147e-01   1.523526e-08   1.000000e+02
1.863246e-01   1.706010e-08   1.000000e+02
1.880504e-01   1.909245e-08   1.000000e+02
1.897922e-01   2.135597e-08   1.000000e+02
1.915501e-01   2.387720e-08   1.000000e+02
1.933242e-01   2.668601e-08   1.000000e+02
1.951148e-01   2.981596e-08   1.000000e+02
1.969220e-01   3.330492e-08   1.000000e+02
1.987460e-01   3.719559e-08   1.000000e+02
2.005868e-01   4.153622e-08   1.000000e+02
2.024447e-01   4.638003e-08   1.000000e+02
2.043197e-01   5.178435e-08   1.000000e+02
2.062122e-01   5.781261e-08   1.000000e+02
2.081222e-01   6.453511e-08   1.000000e+02
2.100498e-01   7.202978e-08   1.000000e+02
2.119953e-01   8.038291e-08   1.000000e+02
2.139589e-01   8.968999e-08   1.000000e+02
2.159406e-01   1.000566e-07   1.000000e+02
2.179407e-01   1.115995e-07   1.000000e+02
2.199593e-01   1.244477e-07   1.000000e+02
2.219966e-01   1.387432e-07   1.000000e+02
2.240528e-01   1.546431e-07   1.000000e+02
2.261280e-01   1.723201e-07   1.000000e+02
2.282224e-01   1.919647e-07   1.000000e+02
2.303363e-01   2.137862e-07   1.000000e+02
2.324697e-01   2.380147e-07   1.000000e+02
2.346229e-01   2.649030e-07   1.000000e+02
2.367960e-01   2.947284e-07   1.000000e+02
2.389893e-01   3.277948e-07   1.000000e+02
2.412028e-01   3.644350e-07   1.000000e+02
2.434369e-01   4.050132e-07   1.000000e+02
2.456916e-01   4.499273e-07   1.000000e+02
2.479673e-01   4.996117e-07   1.000000e+02
2.502640e-01   5.545402e-07   1.000000e+02
2.525820e-01   6.152324e-07   1.000000e+02
2.549215e-01   6.822662e-07   1.000000e+02
2.572826e-01   7.562772e-07   1.000000e+02
2.596656e-01   8.379629e-07   1.000000e+02
2.620707e-01   9.280880e-07   1.000000e+02
2.644980e-01   1.027491e-06   1.000000e+02
2.669478e-01   1.137093e-06   1.000000e+02
2.694204e-01   1.257901e-06   1.000000e+02
2.719158e-01   1.391021e-06   1.000000e+02
2.744343e-01   1.537666e-06   1.000000e+02
2.769762e-01   1.699163e-06   1.000000e+02
2.795416e-01   1.876969e-06   1.000000e+02
2.821308e-01   2.072679e-06   1.000000e+02
2.847439e-01   2.288042e-06   1.000000e+02
2.873813e-01   2.524976e-06   1.000000e+02
2.900430e-01   2.785579e-06   1.000000e+02
2.927295e-01   3.072153e-06   1.000000e+02
2.954408e-01   3.387221e-06   1.000000e+02
2.981772e-01   3.733545e-06   1.000000e+02
3.009390e-01   4.114154e-06   1.000000e+02
3.037264e-01   4.532336e-06   1.000000e+02
3.065395e-01   4.991631e-06   1.000000e+02
3.093788e-01   5.495892e-06   1.000000e+02
3.122443e-01   6.049302e-06   1.000000e+02
3.151363e-01   6.656410e-06   1.000000e+02
3.180552e-01   7.322152e-06   1.000000e+02
3.210011e-01   8.051886e-06   1.000000e+02
3.239743e-01   8.851420e-06   1.000000e+02
3.269750e-01   9.727045e-06   1.000000e+02
3.300035e-01   1.068557e-05   1.000000e+02
3.330600e-01   1.173437e-05   1.000000e+02
3.361449e-01   1.288140e-05   1.000000e+02
3.392583e-01   1.413528e-05   1.000000e+02
3.424006e-01   1.550527e-05   1.000000e+02
3.455720e-01   1.700138e-05   1.000000e+02
3.487727e-01   1.863441e-05   1.000000e+02
3.520031e-01   2.041598e-05   1.000000e+02
3.552635e-01   2.235891e-05   1.000000e+02
3.585540e-01   2.447736e-05   1.000000e+02
3.618750e-01   2.678671e-05   1.000000e+02
3.652267e-01   2.930373e-05   1.000000e+02
3.686095e-01   3.204664e-05   1.000000e+02
3.720237e-01   3.503529e-05   1.000000e+02
3.754694e-01   3.829131e-05   1.000000e+02
3.789471e-01   4.183826e-05   1.000000e+02
3.824570e-01   4.570180e-05   1.000000e+02
3.859994e-01   4.990994e-05   1.000000e+02
3.895746e-01   5.449319e-05   1.000000e+02
3.931829e-01   5.948488e-05   1.000000e+02
3.968246e-01   6.492135e-05   1.000000e+02
4.005001e-01   7.084231e-05   1.000000e+02
4.042096e-01   7.729032e-05   1.000000e+02
4.079535e-01   8.430932e-05   1.000000e+02
4.117320e-01   9.194602e-05   1.000000e+02
4.155455e-01   1.002504e-04   1.000000e+02
4.193944e-01   1.092757e-04   1.000000e+02
4.232789e-01   1.190788e-04   1.000000e+02
4.271994e-01   1.297202e-04   1.000000e+02
4.311562e-01   1.412640e-04   1.000000e+02
4.351497e-01   1.537784e-04   1.000000e+02
4.391801e-01   1.673354e-04   1.000000e+02
4.432479e-01   1.820111e-04   1.000000e+02
4.473533e-01   1.978855e-04   1.000000e+02
4.514968e-01   2.150431e-04   1.000000e+02
4.556786e-01   2.335769e-04   1.000000e+02
4.598992e-01   2.535930e-04   1.000000e+02
4.641589e-01   2.752068e-04   1.000000e+02
4.684580e-01   2.985427e-04   1.000000e+02
4.727970e-01   3.237355e-04   1.000000e+02
4.771761e-01   3.509313e-04   1.000000e+02
4.815958e-01   3.802883e-04   1.000000e+02
4.860564e-01   4.119780e-04   1.000000e+02
4.905584e-01   4.461866e-04   1.000000e+02
4.951020e-01   4.831161e-04   1.000000e+02
4.996877e-01   5.229862e-04   1.000000e+02
5.043159e-01   5.660335e-04   1.000000e+02
5.089870e-01   6.125019e-04   1.000000e+02
5.137014e-01   6.626494e-04   1.000000e+02
5.184594e-01   7.167518e-04   1.000000e+02
5.232614e-01   7.751042e-04   1.000000e+02
5.281080e-01   8.380216e-04   1.000000e+02
5.329994e-01   9.058407e-04   1.000000e+02
5.379362e-01   9.789206e-04   1.000000e+02
5.429186e-01   1.057645e-03   1.000000e+02
5.479472e-01   1.142421e-03   1.000000e+02
5.530224e-01   1.233686e-03   1.000000e+02
5.581446e-01   1.331903e-03   1.000000e+02
5.633143e-01   1.437566e-03   1.000000e+02
5.685318e-01   1.551198e-03   1.000000e+02
5.737976e-01   1.673359e-03   1.000000e+02
5.791123e-01   1.804642e-03   1.000000e+02
5.844761e-01   1.945675e-03   1.000000e+02
5.898896e-01   2.097126e-03   1.000000e+02
5.953533e-01   2.259704e-03   1.000000e+02
6.008676e-01   2.434158e-03   1.000000e+02
6.064329e-01   2.621288e-03   1.000000e+02
6.120498e-01   2.821958e-03   1.000000e+02
6.177188e-01   3.037086e-03   1.000000e+02
6.234402e-01   3.267651e-03   1.000000e+02
6.292146e-01   3.514695e-03   1.000000e+02
6.350425e-01   3.779323e-03   1.000000e+02
6.409244e-01   4.062713e-03   1.000000e+02
6.468608e-01   4.366115e-03   1.000000e+02
6.528521e-01   4.690858e-03   1.000000e+02
6.588990e-01   5.038355e-03   1.000000e+02
6.650018e-01   5.410106e-03   1.000000e+02
6.711612e-01   5.807705e-03   1.000000e+02
6.773776e-01   6.232844e-03   1.000000e+02
6.836516e-01   6.687320e-03   1.000000e+02
6.899837e-01   7.173042e-03   1.000000e+02
6.963745e-01   7.692035e-03   1.000000e+02
7.028244e-01   8.246447e-03   1.000000e+02
7.093341e-01   8.838547e-03   1.000000e+02
7.159041e-01   9.470723e-03   1.000000e+02
7.225349e-01   1.014550e-02   1.000000e+02
7.292272e-01   1.086555e-02   1.000000e+02
7.359814e-01   1.163370e-02   1.000000e+02
7.427982e-01   1.245293e-02   1.000000e+02
7.496782e-01   1.332639e-02   1.000000e+02
7.566219e-01   1.425742e-02   1.000000e+02
7.636298e-01   1.524952e-02   1.000000e+02
7.707027e-01   1.630642e-02   1.000000e+02
7.778411e-01   1.743203e-02   1.000000e+02
7.850456e-01   1.863047e-02   1.000000e+02
7.923169e-01   1.990609e-02   1.000000e+02
7.996555e-01   2.126350e-02   1.000000e+02
8.070620e-01   2.270751e-02   1.000000e+02
8.145372e-01   2.424325e-02   1.000000e+02
8.220816e-01   2.587611e-02   1.000000e+02
8.296959e-01   2.761177e-02   1.000000e+02
8.373807e-01   2.945622e-02   1.000000e+02
8.451366e-01   3.141575e-02   1.000000e+02
8.529644e-01   3.349702e-02   1.000000e+02
8.608648e-01   3.570700e-02   1.000000e+02
8.688383e-01   3.805305e-02   1.000000e+02
8.768856e-01   4.054289e-02   1.000000e+02
8.850075e-01   4.318465e-02   1.000000e+02
8.932046e-01   4.598688e-02   1.000000e+02
9.014776e-01   4.895857e-02   1.000000e+02
9.098273e-01   5.210913e-02   1.000000e+02
9.182543e-01   5.544839e-02   1.000000e+02
9.267593e-01   5.898664e-02   1.000000e+02
9.353432e-01   6.273467e-02   1.000000e+02
9.440065e-01   6.670379e-02   1.000000e+02
9.527500e-01   7.090581e-02   1.000000e+02
9.615746e-01   7.535311e-02   1.000000e+02
9.704809e-01   8.005866e-02   1.000000e+02
9.794697e-01   8.503599e-02   1.000000e+02
9.885417e-01   9.029924e-02   1.000000e+02
9.976978e-01   9.586322e-02   1.000000e+02
1.006939e+00   1.017434e-01   1.000000e+02
1.016265e+00   1.079559e-01   1.000000e+02
1.025678e+00   1.145179e-01   1.000000e+02
1.035178e+00   1.214471e-01   1.000000e+02
1.044766e+00   1.287620e-01   1.000000e+02
1.054443e+00   1.364821e-01   1.000000e+02
1.064209e+00   1.446276e-01   1.000000e+02
1.074066e+00   1.532197e-01   1.000000e+02
1.084014e+00   1.622803e-01   1.000000e+02
1.094055e+00   1.718326e-01   1.000000e+02
1.104188e+00   1.819004e-01   1.000000e+02
1.114415e+00   1.925089e-01   1.000000e+02
1.124737e+00   2.036839e-01   1.000000e+02
1.135155e+00   2.154528e-01   1.000000e+02
1.145669e+00   2.278438e-01   1.000000e+02
1.156280e+00   2.408862e-01   1.000000e+02
1.166990e+00   2.546108e-01   1.000000e+02
1.177799e+00   2.690494e-01   1.000000e+02
1.188708e+00   2.842352e-01   1.000000e+02
1.199718e+00   3.002027e-01   1.000000e+02
1.210830e+00   3.169876e-01   1.000000e+02
1.222045e+00   3.346274e-01   1.000000e+02
1.233363e+00   3.531606e-01   1.000000e+02
1.244787e+00   3.726274e-01   1.000000e+02
1.256317e+00   3.930698e-01   1.000000e+02
1.267953e+00   4.145318e-01   1.000000e+02
1.279697e+00   4.370606e-01   1.000000e+02
1.291550e+00   4.607052e-01   1.000000e+02
1.303512e+00   4.855169e-01   1.000000e+02
1.315586e+00   5.115493e-01   1.000000e+02
1.327771e+00   5.388584e-01   1.000000e+02
1.340069e+00   5.675029e-01   1.000000e+02
1.352481e+00   5.975438e-01   1.000000e+02
1.365008e+00   6.290453e-01   1.000000e+02
1.377651e+00   6.620741e-01   1.000000e+02
1.390411e+00   6.967004e-01   1.000000e+02
1.403289e+00   7.329971e-01   1.000000e+02
1.416287e+00   7.710410e-01   1.000000e+02
1.429405e+00   8.109121e-01   1.000000e+02
1.442644e+00   8.526941e-01   1.000000e+02
1.456006e+00   8.964748e-01   1.000000e+02
1.469492e+00   9.423461e-01   1.000000e+02
1.483103e+00   9.904039e-01   1.000000e+02
1.496839e+00   1.040749e+00   1.000000e+02
1.510703e+00   1.093485e+00   1.000000e+02
1.524696e+00   1.148705e+00   1.000000e+02
1.538818e+00   1.206496e+00   1.000000e+02
1.553071e+00   1.266946e+00   1.000000e+02
1.567455e+00   1.330142e+00   1.000000e+02
1.581973e+00   1.396170e+00   1.000000e+02
1.596626e+00   1.465116e+00   1.000000e+02
1.611414e+00   1.537065e+00   1.000000e+02
1.626340e+00   1.612099e+00   1.000000e+02
1.641403e+00   1.690298e+00   1.000000e+02
1.656606e+00   1.771740e+00   1.000000e+02
1.671950e+00   1.856499e+00   1.000000e+02
1.687436e+00   1.944645e+00   1.000000e+02
1.703065e+00   2.036244e+00   1.000000e+02
1.718839e+00   2.131356e+00   1.000000e+02
1.734759e+00   2.230035e+00   1.000000e+02
1.750827e+00   2.332331e+00   1.000000e+02
1.767044e+00   2.438300e+00   1.000000e+02
1.783410e+00   2.548061e+00   1.000000e+02
1.799929e+00   2.661748e+00   1.000000e+02
1.816600e+00   2.779508e+00   1.000000e+02
1.833425e+00   2.901495e+00   1.000000e+02
1.850407e+00   3.027875e+00   1.000000e+02
1.867546e+00   3.158823e+00   1.000000e+02
1.884843e+00   3.294527e+00   1.000000e+02
1.902301e+00   3.435188e+00   1.000000e+02
1.919921e+00   3.581019e+00   1.000000e+02
1.937703e+00   3.732251e+00   1.000000e+02
1.955651e+00   3.889127e+00   1.000000e+02
1.973764e+00   4.051909e+00   1.000000e+02
1.992046e+00   4.220876e+00   1.000000e+02
2.010496e+00   4.396325e+00   1.000000e+02
2.029118e+00   4.578510e+00   1.000000e+02
2.047912e+00   4.767640e+00   1.000000e+02
2.066880e+00   4.963929e+00   1.000000e+02
2.086024e+00   5.167590e+00   1.000000e+02
2.105345e+00   5.378842e+00   1.000000e+02
2.124845e+00   5.597905e+00   1.000000e+02
2.144526e+00   5.824999e+00   1.000000e+02
2.164389e+00   6.060348e+00   1.000000e+02
2.184436e+00   6.304177e+00   1.000000e+02
2.204669e+00   6.556713e+00   1.000000e+02
2.225089e+00   6.818180e+00   1.000000e+02
2.245698e+00   7.088806e+00   1.000000e+02
2.266498e+00   7.368818e+00   1.000000e+02
2.287491e+00   7.658440e+00   1.000000e+02
2.308678e+00   7.957897e+00   1.000000e+02
2.330061e+00   8.267413e+00   1.000000e+02
2.351643e+00   8.587206e+00   1.000000e+02
2.373424e+00   8.917495e+00   1.000000e+02
2.395407e+00   9.258494e+00   1.000000e+02
2.417594e+00   9.610411e+00   1.000000e+02
2.439986e+00   9.973453e+00   1.000000e+02
2.462586e+00   1.034782e+01   1.000000e+02
2.485395e+00   1.073370e+01   1.000000e+02
2.508415e+00   1.113128e+01   1.000000e+02
2.531648e+00   1.154078e+01   1.000000e+02
2.555097e+00   1.196245e+01   1.000000e+02
2.578763e+00   1.239657e+01   1.000000e+02
2.602648e+00   1.284342e+01   1.000000e+02
2.626754e+00   1.330326e+01   1.000000e+02
2.651084e+00   1.377638e+01   1.000000e+02
2.675638e+00   1.426306e+01   1.000000e+02
2.700421e+00   1.476360e+01   1.000000e+02
2.725433e+00   1.527830e+01   1.000000e+02
2.750676e+00   1.580745e+01   1.000000e+02
2.776153e+00   1.635135e+01   1.000000e+02
2.801867e+00   1.691032e+01   1.000000e+02
2.827818e+00   1.748467e+01   1.000000e+02
2.854010e+00   1.807472e+01   1.000000e+02
2.880444e+00   1.868079e+01   1.000000e+02
2.907123e+00   1.930322e+01   1.000000e+02
2.934050e+00   1.994234e+01   1.000000e+02
2.961225e+00   2.059850e+01   1.000000e+02
2.988653e+00   2.127203e+01   1.000000e+02
3.016334e+00   2.196330e+01   1.000000e+02
3.044272e+00   2.267262e+01   1.000000e+02
3.072469e+00   2.340028e+01   1.000000e+02
3.100927e+00   2.414657e+01   1.000000e+02
3.129648e+00   2.491178e+01   1.000000e+02
3.158635e+00   2.569619e+01   1.000000e+02
3.187891e+00   2.650008e+01   1.000000e+02
3.217418e+00   2.732371e+01   1.000000e+02
3.247218e+00   2.816737e+01   1.000000e+02
3.277295e+00   2.903130e+01   1.000000e+02
3.307650e+00   2.991578e+01   1.000000e+02
3.338286e+00   3.082105e+01   1.000000e+02
3.369206e+00   3.174736e+01   1.000000e+02
3.400412e+00   3.269496e+01   1.000000e+02
3.431907e+00   3.366406e+01   1.000000e+02
3.463694e+00   3.465490e+01   1.000000e+02
3.495776e+00   3.566769e+01   1.000000e+02
3.528154e+00   3.670265e+01   1.000000e+02
3.560833e+00   3.775999e+01   1.000000e+02
3.593814e+00   3.883993e+01   1.000000e+02
3.627100e+00   3.994268e+01   1.000000e+02
3.660695e+00   4.106845e+01   1.000000e+02
3.694601e+00   4.221743e+01   1.000000e+02
3.728821e+00   4.338982e+01   1.000000e+02
3.763358e+00   4.458580e+01   1.000000e+02
3.798215e+00   4.580553e+01   1.000000e+02
3.833395e+00   4.704918e+01   1.000000e+02
3.868901e+00   4.831691e+01   1.000000e+02
3.904735e+00   4.960885e+01   1.000000e+02
3.940902e+00   5.092515e+01   1.000000e+02
3.977403e+00   5.226593e+01   1.000000e+02
4.014242e+00   5.363129e+01   1.000000e+02
4.051423e+00   5.502133e+01   1.000000e+02
4.088948e+00   5.643609e+01   1.000000e+02
4.126821e+00   5.787560e+01   1.000000e+02
4.165044e+00   5.933988e+01   1.000000e+02
4.203622e+00   6.082891e+01   1.000000e+02
4.242556e+00   6.234268e+01   1.000000e+02
4.281852e+00   6.388116e+01   1.000000e+02
4.321511e+00   6.544427e+01   1.000000e+02
4.361538e+00   6.703194e+01   1.000000e+02
4.401935e+00   6.864407e+01   1.000000e+02
4.442707e+00   7.028055e+01   1.000000e+02
4.483856e+00   7.194123e+01   1.000000e+02
4.525386e+00   7.362596e+01   1.000000e+02
4.567301e+00   7.533455e+01   1.000000e+02
4.609604e+00   7.706680e+01   1.000000e+02
4.652300e+00   7.882248e+01   1.000000e+02
4.695390e+00   8.060135e+01   1.000000e+02
4.738880e+00   8.240313e+01   1.000000e+02
4.782772e+00   8.422752e+01   1.000000e+02
4.827071e+00   8.607421e+01   1.000000e+02
4.871780e+00   8.794285e+01   1.000000e+02
4.916904e+00   8.983307e+01   1.000000e+02
4.962445e+00   9.174448e+01   1.000000e+02
5.008408e+00   9.367665e+01   1.000000e+02
5.054797e+00   9.562914e+01   1.000000e+02
5.101615e+00   9.760145e+01   1.000000e+02
5.148867e+00   9.959305e+01   1.000000e+02
5.196557e+00   1.016034e+02   1.000000e+02
5.244689e+00   1.036319e+02   1.000000e+02
5.293266e+00   1.056779e+02   1.000000e+02
5.342293e+00   1.077408e+02   1.000000e+02
5.391775e+00   1.098199e+02   1.000000e+02
5.441714e+00   1.119145e+02   1.000000e+02
5.492116e+00   1.140239e+02   1.000000e+02
5.542986e+00   1.161474e+02   1.000000e+02
5.594326e+00   1.182840e+02   1.000000e+02
5.646141e+00   1.204331e+02   1.000000e+02
5.698437e+00   1.225938e+02   1.000000e+02
5.751217e+00   1.247652e+02   1.000000e+02
5.804486e+00   1.269463e+02   1.000000e+02
5.858248e+00   1.291363e+02   1.000000e+02
5.912508e+00   1.313343e+02   1.000000e+02
5.967271e+00   1.335391e+02   1.000000e+02
6.022541e+00   1.357498e+02   1.000000e+02
6.078323e+00   1.379654e+02   1.000000e+02
6.134622e+00   1.401849e+02   1.000000e+02
6.191442e+00   1.424072e+02   1.000000e+02
6.248788e+00   1.446314e+02   1.000000e+02
6.306666e+00   1.468563e+02   1.000000e+02
6.365079e+00   1.490808e+02   1.000000e+02
6.424034e+00   1.513040e+02   1.000000e+02
6.483534e+00   1.535245e+02   1.000000e+02
6.543586e+00   1.557414e+02   1.000000e+02
6.604194e+00   1.579534e+02   1.000000e+02
6.665363e+00   1.601594e+02   1.000000e+02
6.727099e+00   1.623581e+02   1.000000e+02
6.789407e+00   1.645484e+02   1.000000e+02
6.852292e+00   1.667292e+02   1.000000e+02
6.915759e+00   1.688990e+02   1.000000e+02
6.979814e+00   1.710568e+02   1.000000e+02
7.044462e+00   1.732012e+02   1.000000e+02
7.109709e+00   1.753312e+02   1.000000e+02
7.175561e+00   1.774454e+02   1.000000e+02
7.242022e+00   1.795429e+02   1.000000e+02
7.309099e+00   1.816225e+02   1.000000e+02
7.376798e+00   1.836829e+02   1.000000e+02
7.445123e+00   1.857231e+02   1.000000e+02
7.514081e+00   1.877420e+02   1.000000e+02
7.583678e+00   1.897383e+02   1.000000e+02
7.653919e+00   1.917111e+02   1.000000e+02
7.724811e+00   1.936590e+02   1.000000e+02
7.796360e+00   1.955811e+02   1.000000e+02
7.868572e+00   1.974762e+02   1.000000e+02
7.941452e+00   1.993433e+02   1.000000e+02
8.015007e+00   2.011812e+02   1.000000e+02
8.089243e+00   2.029889e+02   1.000000e+02
8.164168e+00   2.047654e+02   1.000000e+02
8.239786e+00   2.065099e+02   1.000000e+02
8.316104e+00   2.082215e+02   1.000000e+02
8.393129e+00   2.098992e+02   1.000000e+02
8.470868e+00   2.115422e+02   1.000000e+02
8.549327e+00   2.131497e+02   1.000000e+02
8.628513e+00   2.147209e+02   1.000000e+02
8.708431e+00   2.162549e+02   1.000000e+02
8.789091e+00   2.177510e+02   1.000000e+02
8.870497e+00   2.192085e+02   1.000000e+02
8.952657e+00   2.206267e+02   1.000000e+02
9.035578e+00   2.220048e+02   1.000000e+02
9.119268e+00   2.233422e+02   1.000000e+02
9.203732e+00   2.246382e+02   1.000000e+02
9.288979e+00   2.258923e+02   1.000000e+02
9.375015e+00   2.271038e+02   1.000000e+02
9.461848e+00   2.282723e+02   1.000000e+02
9.549486e+00   2.293970e+02   1.000000e+02
9.637935e+00   2.304777e+02   1.000000e+02
9.727203e+00   2.315137e+02   1.000000e+02
9.817298e+00   2.325047e+02   1.000000e+02
9.908228e+00   2.334503e+02   1.000000e+02
1.000000e+01   2.343500e+02   1.000000e+02
