# d + n > t + g   [d_n__t_g]   ref=Nagai et al. 2006
# forward[T9] = With[{T923=T9^(2/3)},(214. T9^0.075+7.42T9)]   uncertainty factor f = 2
# T9                 rate                error
1.000000e-03   1.274791e+02   2.000000e+00
1.009262e-03   1.275674e+02   2.000000e+00
1.018610e-03   1.276557e+02   2.000000e+00
1.028045e-03   1.277440e+02   2.000000e+00
1.037567e-03   1.278325e+02   2.000000e+00
1.047177e-03   1.279209e+02   2.000000e+00
1.056876e-03   1.280095e+02   2.000000e+00
1.066665e-03   1.280981e+02   2.000000e+00
1.076545e-03   1.281868e+02   2.000000e+00
1.086516e-03   1.282755e+02   2.000000e+00
1.096579e-03   1.283643e+02   2.000000e+00
1.106736e-03   1.284532e+02   2.000000e+00
1.116987e-03   1.285421e+02   2.000000e+00
1.127333e-03   1.286311e+02   2.000000e+00
1.137774e-03   1.287201e+02   2.000000e+00
1.148312e-03   1.288092e+02   2.000000e+00
1.158948e-03   1.288984e+02   2.000000e+00
1.169683e-03   1.289876e+02   2.000000e+00
1.180517e-03   1.290769e+02   2.000000e+00
1.191451e-03   1.291663e+02   2.000000e+00
1.202486e-03   1.292557e+02   2.000000e+00
1.213624e-03   1.293452e+02   2.000000e+00
1.224865e-03   1.294347e+02   2.000000e+00
1.236210e-03   1.295244e+02   2.000000e+00
1.247660e-03   1.296140e+02   2.000000e+00
1.259216e-03   1.297038e+02   2.000000e+00
1.270879e-03   1.297936e+02   2.000000e+00
1.282650e-03   1.298834e+02   2.000000e+00
1.294530e-03   1.299733e+02   2.000000e+00
1.306520e-03   1.300633e+02   2.000000e+00
1.318621e-03   1.301534e+02   2.000000e+00
1.330835e-03   1.302435e+02   2.000000e+00
1.343161e-03   1.303337e+02   2.000000e+00
1.355602e-03   1.304239e+02   2.000000e+00
1.368158e-03   1.305142e+02   2.000000e+00
1.380830e-03   1.306046e+02   2.000000e+00
1.393619e-03   1.306950e+02   2.000000e+00
1.406527e-03   1.307855e+02   2.000000e+00
1.419555e-03   1.308760e+02   2.000000e+00
1.432703e-03   1.309667e+02   2.000000e+00
1.445973e-03   1.310573e+02   2.000000e+00
1.459366e-03   1.311481e+02   2.000000e+00
1.472883e-03   1.312389e+02   2.000000e+00
1.486525e-03   1.313298e+02   2.000000e+00
1.500293e-03   1.314207e+02   2.000000e+00
1.514189e-03   1.315117e+02   2.000000e+00
1.528214e-03   1.316028e+02   2.000000e+00
1.542369e-03   1.316939e+02   2.000000e+00
1.556654e-03   1.317851e+02   2.000000e+00
1.571072e-03   1.318763e+02   2.000000e+00
1.585624e-03   1.319677e+02   2.000000e+00
1.600310e-03   1.320590e+02   2.000000e+00
1.615133e-03   1.321505e+02   2.000000e+00
1.630092e-03   1.322420e+02   2.000000e+00
1.645191e-03   1.323336e+02   2.000000e+00
1.660429e-03   1.324252e+02   2.000000e+00
1.675808e-03   1.325169e+02   2.000000e+00
1.691330e-03   1.326087e+02   2.000000e+00
1.706995e-03   1.327005e+02   2.000000e+00
1.722805e-03   1.327924e+02   2.000000e+00
1.738762e-03   1.328844e+02   2.000000e+00
1.754867e-03   1.329764e+02   2.000000e+00
1.771121e-03   1.330685e+02   2.000000e+00
1.787526e-03   1.331607e+02   2.000000e+00
1.804082e-03   1.332529e+02   2.000000e+00
1.820792e-03   1.333452e+02   2.000000e+00
1.837656e-03   1.334375e+02   2.000000e+00
1.854677e-03   1.335299e+02   2.000000e+00
1.871855e-03   1.336224e+02   2.000000e+00
1.889193e-03   1.337150e+02   2.000000e+00
1.906691e-03   1.338076e+02   2.000000e+00
1.924351e-03   1.339003e+02   2.000000e+00
1.942175e-03   1.339930e+02   2.000000e+00
1.960163e-03   1.340858e+02   2.000000e+00
1.978319e-03   1.341787e+02   2.000000e+00
1.996642e-03   1.342716e+02   2.000000e+00
2.015136e-03   1.343646e+02   2.000000e+00
2.033800e-03   1.344577e+02   2.000000e+00
2.052638e-03   1.345508e+02   2.000000e+00
2.071650e-03   1.346440e+02   2.000000e+00
2.090838e-03   1.347373e+02   2.000000e+00
2.110203e-03   1.348306e+02   2.000000e+00
2.129749e-03   1.349240e+02   2.000000e+00
2.149475e-03   1.350175e+02   2.000000e+00
2.169384e-03   1.351110e+02   2.000000e+00
2.189477e-03   1.352046e+02   2.000000e+00
2.209756e-03   1.352983e+02   2.000000e+00
2.230223e-03   1.353920e+02   2.000000e+00
2.250880e-03   1.354858e+02   2.000000e+00
2.271728e-03   1.355796e+02   2.000000e+00
2.292769e-03   1.356736e+02   2.000000e+00
2.314005e-03   1.357676e+02   2.000000e+00
2.335438e-03   1.358616e+02   2.000000e+00
2.357069e-03   1.359557e+02   2.000000e+00
2.378901e-03   1.360499e+02   2.000000e+00
2.400935e-03   1.361442e+02   2.000000e+00
2.423173e-03   1.362385e+02   2.000000e+00
2.445617e-03   1.363329e+02   2.000000e+00
2.468268e-03   1.364274e+02   2.000000e+00
2.491130e-03   1.365219e+02   2.000000e+00
2.514203e-03   1.366165e+02   2.000000e+00
2.537490e-03   1.367111e+02   2.000000e+00
2.560993e-03   1.368059e+02   2.000000e+00
2.584714e-03   1.369007e+02   2.000000e+00
2.608654e-03   1.369955e+02   2.000000e+00
2.632815e-03   1.370904e+02   2.000000e+00
2.657201e-03   1.371854e+02   2.000000e+00
2.681813e-03   1.372805e+02   2.000000e+00
2.706652e-03   1.373756e+02   2.000000e+00
2.731722e-03   1.374708e+02   2.000000e+00
2.757023e-03   1.375661e+02   2.000000e+00
2.782559e-03   1.376614e+02   2.000000e+00
2.808332e-03   1.377568e+02   2.000000e+00
2.834343e-03   1.378523e+02   2.000000e+00
2.860596e-03   1.379478e+02   2.000000e+00
2.887091e-03   1.380434e+02   2.000000e+00
2.913832e-03   1.381391e+02   2.000000e+00
2.940820e-03   1.382348e+02   2.000000e+00
2.968059e-03   1.383306e+02   2.000000e+00
2.995549e-03   1.384265e+02   2.000000e+00
3.023295e-03   1.385224e+02   2.000000e+00
3.051297e-03   1.386185e+02   2.000000e+00
3.079559e-03   1.387145e+02   2.000000e+00
3.108082e-03   1.388107e+02   2.000000e+00
3.136870e-03   1.389069e+02   2.000000e+00
3.165924e-03   1.390032e+02   2.000000e+00
3.195248e-03   1.390995e+02   2.000000e+00
3.224842e-03   1.391959e+02   2.000000e+00
3.254712e-03   1.392924e+02   2.000000e+00
3.284857e-03   1.393890e+02   2.000000e+00
3.315282e-03   1.394856e+02   2.000000e+00
3.345989e-03   1.395823e+02   2.000000e+00
3.376980e-03   1.396791e+02   2.000000e+00
3.408259e-03   1.397759e+02   2.000000e+00
3.439826e-03   1.398728e+02   2.000000e+00
3.471687e-03   1.399698e+02   2.000000e+00
3.503842e-03   1.400668e+02   2.000000e+00
3.536296e-03   1.401639e+02   2.000000e+00
3.569049e-03   1.402611e+02   2.000000e+00
3.602107e-03   1.403583e+02   2.000000e+00
3.635470e-03   1.404557e+02   2.000000e+00
3.669142e-03   1.405530e+02   2.000000e+00
3.703127e-03   1.406505e+02   2.000000e+00
3.737426e-03   1.407480e+02   2.000000e+00
3.772042e-03   1.408456e+02   2.000000e+00
3.806980e-03   1.409433e+02   2.000000e+00
3.842241e-03   1.410410e+02   2.000000e+00
3.877828e-03   1.411388e+02   2.000000e+00
3.913746e-03   1.412367e+02   2.000000e+00
3.949995e-03   1.413346e+02   2.000000e+00
3.986581e-03   1.414326e+02   2.000000e+00
4.023506e-03   1.415307e+02   2.000000e+00
4.060772e-03   1.416289e+02   2.000000e+00
4.098384e-03   1.417271e+02   2.000000e+00
4.136344e-03   1.418254e+02   2.000000e+00
4.174655e-03   1.419238e+02   2.000000e+00
4.213322e-03   1.420222e+02   2.000000e+00
4.252346e-03   1.421207e+02   2.000000e+00
4.291732e-03   1.422193e+02   2.000000e+00
4.331483e-03   1.423179e+02   2.000000e+00
4.371602e-03   1.424166e+02   2.000000e+00
4.412093e-03   1.425154e+02   2.000000e+00
4.452959e-03   1.426143e+02   2.000000e+00
4.494203e-03   1.427132e+02   2.000000e+00
4.535829e-03   1.428122e+02   2.000000e+00
4.577841e-03   1.429113e+02   2.000000e+00
4.620241e-03   1.430104e+02   2.000000e+00
4.663035e-03   1.431097e+02   2.000000e+00
4.706225e-03   1.432089e+02   2.000000e+00
4.749815e-03   1.433083e+02   2.000000e+00
4.793808e-03   1.434077e+02   2.000000e+00
4.838210e-03   1.435072e+02   2.000000e+00
4.883022e-03   1.436068e+02   2.000000e+00
4.928250e-03   1.437064e+02   2.000000e+00
4.973896e-03   1.438062e+02   2.000000e+00
5.019965e-03   1.439060e+02   2.000000e+00
5.066461e-03   1.440058e+02   2.000000e+00
5.113388e-03   1.441057e+02   2.000000e+00
5.160749e-03   1.442057e+02   2.000000e+00
5.208549e-03   1.443058e+02   2.000000e+00
5.256791e-03   1.444060e+02   2.000000e+00
5.305481e-03   1.445062e+02   2.000000e+00
5.354621e-03   1.446065e+02   2.000000e+00
5.404216e-03   1.447069e+02   2.000000e+00
5.454271e-03   1.448073e+02   2.000000e+00
5.504790e-03   1.449078e+02   2.000000e+00
5.555776e-03   1.450084e+02   2.000000e+00
5.607235e-03   1.451090e+02   2.000000e+00
5.659170e-03   1.452098e+02   2.000000e+00
5.711586e-03   1.453106e+02   2.000000e+00
5.764488e-03   1.454114e+02   2.000000e+00
5.817880e-03   1.455124e+02   2.000000e+00
5.871766e-03   1.456134e+02   2.000000e+00
5.926152e-03   1.457145e+02   2.000000e+00
5.981041e-03   1.458157e+02   2.000000e+00
6.036439e-03   1.459169e+02   2.000000e+00
6.092349e-03   1.460182e+02   2.000000e+00
6.148778e-03   1.461196e+02   2.000000e+00
6.205729e-03   1.462211e+02   2.000000e+00
6.263207e-03   1.463226e+02   2.000000e+00
6.321218e-03   1.464242e+02   2.000000e+00
6.379767e-03   1.465259e+02   2.000000e+00
6.438857e-03   1.466277e+02   2.000000e+00
6.498495e-03   1.467295e+02   2.000000e+00
6.558686e-03   1.468314e+02   2.000000e+00
6.619433e-03   1.469334e+02   2.000000e+00
6.680744e-03   1.470355e+02   2.000000e+00
6.742622e-03   1.471376e+02   2.000000e+00
6.805074e-03   1.472398e+02   2.000000e+00
6.868104e-03   1.473421e+02   2.000000e+00
6.931717e-03   1.474444e+02   2.000000e+00
6.995920e-03   1.475469e+02   2.000000e+00
7.060718e-03   1.476494e+02   2.000000e+00
7.126115e-03   1.477519e+02   2.000000e+00
7.192119e-03   1.478546e+02   2.000000e+00
7.258734e-03   1.479573e+02   2.000000e+00
7.325965e-03   1.480601e+02   2.000000e+00
7.393820e-03   1.481630e+02   2.000000e+00
7.462303e-03   1.482660e+02   2.000000e+00
7.531420e-03   1.483690e+02   2.000000e+00
7.601178e-03   1.484721e+02   2.000000e+00
7.671581e-03   1.485753e+02   2.000000e+00
7.742637e-03   1.486785e+02   2.000000e+00
7.814351e-03   1.487819e+02   2.000000e+00
7.886729e-03   1.488853e+02   2.000000e+00
7.959777e-03   1.489888e+02   2.000000e+00
8.033502e-03   1.490923e+02   2.000000e+00
8.107910e-03   1.491960e+02   2.000000e+00
8.183007e-03   1.492997e+02   2.000000e+00
8.258799e-03   1.494035e+02   2.000000e+00
8.335294e-03   1.495073e+02   2.000000e+00
8.412497e-03   1.496113e+02   2.000000e+00
8.490415e-03   1.497153e+02   2.000000e+00
8.569055e-03   1.498194e+02   2.000000e+00
8.648423e-03   1.499236e+02   2.000000e+00
8.728527e-03   1.500278e+02   2.000000e+00
8.809372e-03   1.501322e+02   2.000000e+00
8.890966e-03   1.502366e+02   2.000000e+00
8.973316e-03   1.503411e+02   2.000000e+00
9.056428e-03   1.504456e+02   2.000000e+00
9.140311e-03   1.505503e+02   2.000000e+00
9.224970e-03   1.506550e+02   2.000000e+00
9.310413e-03   1.507598e+02   2.000000e+00
9.396648e-03   1.508647e+02   2.000000e+00
9.483682e-03   1.509696e+02   2.000000e+00
9.571522e-03   1.510746e+02   2.000000e+00
9.660175e-03   1.511797e+02   2.000000e+00
9.749649e-03   1.512849e+02   2.000000e+00
9.839952e-03   1.513902e+02   2.000000e+00
9.931092e-03   1.514955e+02   2.000000e+00
1.002308e-02   1.516010e+02   2.000000e+00
1.011591e-02   1.517065e+02   2.000000e+00
1.020961e-02   1.518120e+02   2.000000e+00
1.030417e-02   1.519177e+02   2.000000e+00
1.039961e-02   1.520234e+02   2.000000e+00
1.049593e-02   1.521293e+02   2.000000e+00
1.059315e-02   1.522352e+02   2.000000e+00
1.069126e-02   1.523411e+02   2.000000e+00
1.079029e-02   1.524472e+02   2.000000e+00
1.089023e-02   1.525533e+02   2.000000e+00
1.099110e-02   1.526595e+02   2.000000e+00
1.109290e-02   1.527658e+02   2.000000e+00
1.119564e-02   1.528722e+02   2.000000e+00
1.129934e-02   1.529787e+02   2.000000e+00
1.140400e-02   1.530852e+02   2.000000e+00
1.150962e-02   1.531918e+02   2.000000e+00
1.161623e-02   1.532985e+02   2.000000e+00
1.172382e-02   1.534053e+02   2.000000e+00
1.183241e-02   1.535121e+02   2.000000e+00
1.194200e-02   1.536191e+02   2.000000e+00
1.205261e-02   1.537261e+02   2.000000e+00
1.216424e-02   1.538332e+02   2.000000e+00
1.227691e-02   1.539404e+02   2.000000e+00
1.239062e-02   1.540476e+02   2.000000e+00
1.250539e-02   1.541550e+02   2.000000e+00
1.262121e-02   1.542624e+02   2.000000e+00
1.273811e-02   1.543699e+02   2.000000e+00
1.285610e-02   1.544775e+02   2.000000e+00
1.297517e-02   1.545852e+02   2.000000e+00
1.309535e-02   1.546929e+02   2.000000e+00
1.321664e-02   1.548008e+02   2.000000e+00
1.333906e-02   1.549087e+02   2.000000e+00
1.346261e-02   1.550167e+02   2.000000e+00
1.358730e-02   1.551248e+02   2.000000e+00
1.371315e-02   1.552329e+02   2.000000e+00
1.384016e-02   1.553412e+02   2.000000e+00
1.396835e-02   1.554495e+02   2.000000e+00
1.409773e-02   1.555579e+02   2.000000e+00
1.422830e-02   1.556664e+02   2.000000e+00
1.436009e-02   1.557750e+02   2.000000e+00
1.449310e-02   1.558837e+02   2.000000e+00
1.462733e-02   1.559924e+02   2.000000e+00
1.476281e-02   1.561012e+02   2.000000e+00
1.489955e-02   1.562101e+02   2.000000e+00
1.503755e-02   1.563191e+02   2.000000e+00
1.517683e-02   1.564282e+02   2.000000e+00
1.531740e-02   1.565374e+02   2.000000e+00
1.545928e-02   1.566466e+02   2.000000e+00
1.560246e-02   1.567560e+02   2.000000e+00
1.574698e-02   1.568654e+02   2.000000e+00
1.589283e-02   1.569749e+02   2.000000e+00
1.604003e-02   1.570845e+02   2.000000e+00
1.618860e-02   1.571942e+02   2.000000e+00
1.633854e-02   1.573039e+02   2.000000e+00
1.648987e-02   1.574138e+02   2.000000e+00
1.664260e-02   1.575237e+02   2.000000e+00
1.679675e-02   1.576337e+02   2.000000e+00
1.695232e-02   1.577438e+02   2.000000e+00
1.710934e-02   1.578540e+02   2.000000e+00
1.726781e-02   1.579643e+02   2.000000e+00
1.742775e-02   1.580747e+02   2.000000e+00
1.758917e-02   1.581851e+02   2.000000e+00
1.775208e-02   1.582957e+02   2.000000e+00
1.791650e-02   1.584063e+02   2.000000e+00
1.808245e-02   1.585170e+02   2.000000e+00
1.824993e-02   1.586278e+02   2.000000e+00
1.841897e-02   1.587387e+02   2.000000e+00
1.858957e-02   1.588496e+02   2.000000e+00
1.876175e-02   1.589607e+02   2.000000e+00
1.893552e-02   1.590719e+02   2.000000e+00
1.911091e-02   1.591831e+02   2.000000e+00
1.928792e-02   1.592944e+02   2.000000e+00
1.946656e-02   1.594058e+02   2.000000e+00
1.964687e-02   1.595173e+02   2.000000e+00
1.982884e-02   1.596289e+02   2.000000e+00
2.001250e-02   1.597406e+02   2.000000e+00
2.019786e-02   1.598524e+02   2.000000e+00
2.038493e-02   1.599642e+02   2.000000e+00
2.057374e-02   1.600762e+02   2.000000e+00
2.076430e-02   1.601882e+02   2.000000e+00
2.095662e-02   1.603003e+02   2.000000e+00
2.115073e-02   1.604125e+02   2.000000e+00
2.134663e-02   1.605248e+02   2.000000e+00
2.154435e-02   1.606372e+02   2.000000e+00
2.174389e-02   1.607497e+02   2.000000e+00
2.194529e-02   1.608623e+02   2.000000e+00
2.214855e-02   1.609749e+02   2.000000e+00
2.235370e-02   1.610877e+02   2.000000e+00
2.256074e-02   1.612005e+02   2.000000e+00
2.276970e-02   1.613135e+02   2.000000e+00
2.298060e-02   1.614265e+02   2.000000e+00
2.319345e-02   1.615396e+02   2.000000e+00
2.340827e-02   1.616528e+02   2.000000e+00
2.362508e-02   1.617662e+02   2.000000e+00
2.384390e-02   1.618795e+02   2.000000e+00
2.406475e-02   1.619930e+02   2.000000e+00
2.428764e-02   1.621066e+02   2.000000e+00
2.451260e-02   1.622203e+02   2.000000e+00
2.473964e-02   1.623341e+02   2.000000e+00
2.496878e-02   1.624479e+02   2.000000e+00
2.520005e-02   1.625619e+02   2.000000e+00
2.543346e-02   1.626759e+02   2.000000e+00
2.566903e-02   1.627901e+02   2.000000e+00
2.590678e-02   1.629043e+02   2.000000e+00
2.614673e-02   1.630186e+02   2.000000e+00
2.638891e-02   1.631331e+02   2.000000e+00
2.663333e-02   1.632476e+02   2.000000e+00
2.688001e-02   1.633622e+02   2.000000e+00
2.712898e-02   1.634769e+02   2.000000e+00
2.738025e-02   1.635917e+02   2.000000e+00
2.763385e-02   1.637066e+02   2.000000e+00
2.788980e-02   1.638216e+02   2.000000e+00
2.814812e-02   1.639367e+02   2.000000e+00
2.840884e-02   1.640519e+02   2.000000e+00
2.867196e-02   1.641671e+02   2.000000e+00
2.893753e-02   1.642825e+02   2.000000e+00
2.920556e-02   1.643980e+02   2.000000e+00
2.947606e-02   1.645136e+02   2.000000e+00
2.974908e-02   1.646292e+02   2.000000e+00
3.002462e-02   1.647450e+02   2.000000e+00
3.030271e-02   1.648609e+02   2.000000e+00
3.058338e-02   1.649768e+02   2.000000e+00
3.086665e-02   1.650929e+02   2.000000e+00
3.115254e-02   1.652091e+02   2.000000e+00
3.144108e-02   1.653253e+02   2.000000e+00
3.173230e-02   1.654417e+02   2.000000e+00
3.202621e-02   1.655581e+02   2.000000e+00
3.232284e-02   1.656747e+02   2.000000e+00
3.262222e-02   1.657913e+02   2.000000e+00
3.292437e-02   1.659081e+02   2.000000e+00
3.322933e-02   1.660249e+02   2.000000e+00
3.353710e-02   1.661419e+02   2.000000e+00
3.384773e-02   1.662589e+02   2.000000e+00
3.416123e-02   1.663761e+02   2.000000e+00
3.447764e-02   1.664934e+02   2.000000e+00
3.479698e-02   1.666107e+02   2.000000e+00
3.511928e-02   1.667282e+02   2.000000e+00
3.544456e-02   1.668457e+02   2.000000e+00
3.577285e-02   1.669634e+02   2.000000e+00
3.610419e-02   1.670812e+02   2.000000e+00
3.643859e-02   1.671990e+02   2.000000e+00
3.677609e-02   1.673170e+02   2.000000e+00
3.711672e-02   1.674351e+02   2.000000e+00
3.746050e-02   1.675532e+02   2.000000e+00
3.780747e-02   1.676715e+02   2.000000e+00
3.815765e-02   1.677899e+02   2.000000e+00
3.851107e-02   1.679084e+02   2.000000e+00
3.886777e-02   1.680270e+02   2.000000e+00
3.922777e-02   1.681457e+02   2.000000e+00
3.959110e-02   1.682645e+02   2.000000e+00
3.995780e-02   1.683834e+02   2.000000e+00
4.032790e-02   1.685024e+02   2.000000e+00
4.070142e-02   1.686215e+02   2.000000e+00
4.107841e-02   1.687408e+02   2.000000e+00
4.145888e-02   1.688601e+02   2.000000e+00
4.184289e-02   1.689795e+02   2.000000e+00
4.223044e-02   1.690991e+02   2.000000e+00
4.262159e-02   1.692187e+02   2.000000e+00
4.301636e-02   1.693385e+02   2.000000e+00
4.341478e-02   1.694583e+02   2.000000e+00
4.381690e-02   1.695783e+02   2.000000e+00
4.422274e-02   1.696984e+02   2.000000e+00
4.463234e-02   1.698186e+02   2.000000e+00
4.504573e-02   1.699389e+02   2.000000e+00
4.546295e-02   1.700593e+02   2.000000e+00
4.588404e-02   1.701798e+02   2.000000e+00
4.630903e-02   1.703005e+02   2.000000e+00
4.673795e-02   1.704212e+02   2.000000e+00
4.717085e-02   1.705421e+02   2.000000e+00
4.760775e-02   1.706630e+02   2.000000e+00
4.804870e-02   1.707841e+02   2.000000e+00
4.849374e-02   1.709053e+02   2.000000e+00
4.894290e-02   1.710266e+02   2.000000e+00
4.939622e-02   1.711480e+02   2.000000e+00
4.985373e-02   1.712695e+02   2.000000e+00
5.031549e-02   1.713912e+02   2.000000e+00
5.078152e-02   1.715129e+02   2.000000e+00
5.125187e-02   1.716348e+02   2.000000e+00
5.172657e-02   1.717568e+02   2.000000e+00
5.220568e-02   1.718789e+02   2.000000e+00
5.268921e-02   1.720011e+02   2.000000e+00
5.317723e-02   1.721234e+02   2.000000e+00
5.366977e-02   1.722458e+02   2.000000e+00
5.416687e-02   1.723684e+02   2.000000e+00
5.466857e-02   1.724911e+02   2.000000e+00
5.517492e-02   1.726139e+02   2.000000e+00
5.568596e-02   1.727368e+02   2.000000e+00
5.620174e-02   1.728598e+02   2.000000e+00
5.672229e-02   1.729829e+02   2.000000e+00
5.724766e-02   1.731062e+02   2.000000e+00
5.777790e-02   1.732296e+02   2.000000e+00
5.831305e-02   1.733531e+02   2.000000e+00
5.885316e-02   1.734767e+02   2.000000e+00
5.939827e-02   1.736004e+02   2.000000e+00
5.994843e-02   1.737243e+02   2.000000e+00
6.050368e-02   1.738483e+02   2.000000e+00
6.106408e-02   1.739724e+02   2.000000e+00
6.162966e-02   1.740966e+02   2.000000e+00
6.220049e-02   1.742209e+02   2.000000e+00
6.277660e-02   1.743454e+02   2.000000e+00
6.335805e-02   1.744700e+02   2.000000e+00
6.394488e-02   1.745947e+02   2.000000e+00
6.453715e-02   1.747195e+02   2.000000e+00
6.513491e-02   1.748445e+02   2.000000e+00
6.573820e-02   1.749696e+02   2.000000e+00
6.634708e-02   1.750948e+02   2.000000e+00
6.696160e-02   1.752201e+02   2.000000e+00
6.758181e-02   1.753456e+02   2.000000e+00
6.820777e-02   1.754712e+02   2.000000e+00
6.883952e-02   1.755969e+02   2.000000e+00
6.947713e-02   1.757227e+02   2.000000e+00
7.012064e-02   1.758487e+02   2.000000e+00
7.077011e-02   1.759748e+02   2.000000e+00
7.142559e-02   1.761010e+02   2.000000e+00
7.208715e-02   1.762273e+02   2.000000e+00
7.275484e-02   1.763538e+02   2.000000e+00
7.342870e-02   1.764804e+02   2.000000e+00
7.410882e-02   1.766072e+02   2.000000e+00
7.479523e-02   1.767341e+02   2.000000e+00
7.548799e-02   1.768611e+02   2.000000e+00
7.618718e-02   1.769882e+02   2.000000e+00
7.689284e-02   1.771155e+02   2.000000e+00
7.760503e-02   1.772429e+02   2.000000e+00
7.832383e-02   1.773704e+02   2.000000e+00
7.904928e-02   1.774981e+02   2.000000e+00
7.978145e-02   1.776259e+02   2.000000e+00
8.052040e-02   1.777538e+02   2.000000e+00
8.126619e-02   1.778819e+02   2.000000e+00
8.201889e-02   1.780101e+02   2.000000e+00
8.277857e-02   1.781384e+02   2.000000e+00
8.354528e-02   1.782669e+02   2.000000e+00
8.431909e-02   1.783955e+02   2.000000e+00
8.510007e-02   1.785243e+02   2.000000e+00
8.588829e-02   1.786532e+02   2.000000e+00
8.668380e-02   1.787822e+02   2.000000e+00
8.748668e-02   1.789114e+02   2.000000e+00
8.829700e-02   1.790407e+02   2.000000e+00
8.911482e-02   1.791702e+02   2.000000e+00
8.994022e-02   1.792998e+02   2.000000e+00
9.077327e-02   1.794295e+02   2.000000e+00
9.161402e-02   1.795594e+02   2.000000e+00
9.246257e-02   1.796894e+02   2.000000e+00
9.331898e-02   1.798196e+02   2.000000e+00
9.418332e-02   1.799499e+02   2.000000e+00
9.505566e-02   1.800804e+02   2.000000e+00
9.593608e-02   1.802110e+02   2.000000e+00
9.682466e-02   1.803418e+02   2.000000e+00
9.772147e-02   1.804727e+02   2.000000e+00
9.862658e-02   1.806037e+02   2.000000e+00
9.954008e-02   1.807349e+02   2.000000e+00
1.004620e-01   1.808663e+02   2.000000e+00
1.013925e-01   1.809977e+02   2.000000e+00
1.023317e-01   1.811294e+02   2.000000e+00
1.032795e-01   1.812612e+02   2.000000e+00
1.042361e-01   1.813931e+02   2.000000e+00
1.052015e-01   1.815252e+02   2.000000e+00
1.061759e-01   1.816575e+02   2.000000e+00
1.071593e-01   1.817899e+02   2.000000e+00
1.081519e-01   1.819225e+02   2.000000e+00
1.091536e-01   1.820552e+02   2.000000e+00
1.101646e-01   1.821880e+02   2.000000e+00
1.111850e-01   1.823211e+02   2.000000e+00
1.122148e-01   1.824542e+02   2.000000e+00
1.132541e-01   1.825876e+02   2.000000e+00
1.143031e-01   1.827211e+02   2.000000e+00
1.153618e-01   1.828547e+02   2.000000e+00
1.164303e-01   1.829886e+02   2.000000e+00
1.175087e-01   1.831225e+02   2.000000e+00
1.185971e-01   1.832567e+02   2.000000e+00
1.196956e-01   1.833910e+02   2.000000e+00
1.208042e-01   1.835254e+02   2.000000e+00
1.219231e-01   1.836601e+02   2.000000e+00
1.230524e-01   1.837949e+02   2.000000e+00
1.241921e-01   1.839298e+02   2.000000e+00
1.253424e-01   1.840649e+02   2.000000e+00
1.265034e-01   1.842002e+02   2.000000e+00
1.276751e-01   1.843357e+02   2.000000e+00
1.288576e-01   1.844713e+02   2.000000e+00
1.300511e-01   1.846071e+02   2.000000e+00
1.312557e-01   1.847431e+02   2.000000e+00
1.324714e-01   1.848792e+02   2.000000e+00
1.336984e-01   1.850155e+02   2.000000e+00
1.349367e-01   1.851520e+02   2.000000e+00
1.361865e-01   1.852886e+02   2.000000e+00
1.374479e-01   1.854255e+02   2.000000e+00
1.387210e-01   1.855625e+02   2.000000e+00
1.400058e-01   1.856997e+02   2.000000e+00
1.413026e-01   1.858370e+02   2.000000e+00
1.426114e-01   1.859745e+02   2.000000e+00
1.439323e-01   1.861122e+02   2.000000e+00
1.452654e-01   1.862501e+02   2.000000e+00
1.466109e-01   1.863882e+02   2.000000e+00
1.479688e-01   1.865265e+02   2.000000e+00
1.493393e-01   1.866649e+02   2.000000e+00
1.507225e-01   1.868035e+02   2.000000e+00
1.521186e-01   1.869423e+02   2.000000e+00
1.535275e-01   1.870813e+02   2.000000e+00
1.549495e-01   1.872204e+02   2.000000e+00
1.563847e-01   1.873598e+02   2.000000e+00
1.578331e-01   1.874993e+02   2.000000e+00
1.592950e-01   1.876391e+02   2.000000e+00
1.607704e-01   1.877790e+02   2.000000e+00
1.622595e-01   1.879191e+02   2.000000e+00
1.637624e-01   1.880594e+02   2.000000e+00
1.652792e-01   1.881999e+02   2.000000e+00
1.668101e-01   1.883406e+02   2.000000e+00
1.683551e-01   1.884815e+02   2.000000e+00
1.699144e-01   1.886226e+02   2.000000e+00
1.714882e-01   1.887638e+02   2.000000e+00
1.730766e-01   1.889053e+02   2.000000e+00
1.746796e-01   1.890470e+02   2.000000e+00
1.762975e-01   1.891889e+02   2.000000e+00
1.779304e-01   1.893309e+02   2.000000e+00
1.795785e-01   1.894732e+02   2.000000e+00
1.812418e-01   1.896157e+02   2.000000e+00
1.829205e-01   1.897584e+02   2.000000e+00
1.846147e-01   1.899013e+02   2.000000e+00
1.863246e-01   1.900444e+02   2.000000e+00
1.880504e-01   1.901877e+02   2.000000e+00
1.897922e-01   1.903312e+02   2.000000e+00
1.915501e-01   1.904749e+02   2.000000e+00
1.933242e-01   1.906188e+02   2.000000e+00
1.951148e-01   1.907630e+02   2.000000e+00
1.969220e-01   1.909073e+02   2.000000e+00
1.987460e-01   1.910519e+02   2.000000e+00
2.005868e-01   1.911967e+02   2.000000e+00
2.024447e-01   1.913417e+02   2.000000e+00
2.043197e-01   1.914869e+02   2.000000e+00
2.062122e-01   1.916324e+02   2.000000e+00
2.081222e-01   1.917781e+02   2.000000e+00
2.100498e-01   1.919239e+02   2.000000e+00
2.119953e-01   1.920701e+02   2.000000e+00
2.139589e-01   1.922164e+02   2.000000e+00
2.159406e-01   1.923630e+02   2.000000e+00
2.179407e-01   1.925097e+02   2.000000e+00
2.199593e-01   1.926568e+02   2.000000e+00
2.219966e-01   1.928040e+02   2.000000e+00
2.240528e-01   1.929515e+02   2.000000e+00
2.261280e-01   1.930992e+02   2.000000e+00
2.282224e-01   1.932472e+02   2.000000e+00
2.303363e-01   1.933953e+02   2.000000e+00
2.324697e-01   1.935438e+02   2.000000e+00
2.346229e-01   1.936924e+02   2.000000e+00
2.367960e-01   1.938413e+02   2.000000e+00
2.389893e-01   1.939905e+02   2.000000e+00
2.412028e-01   1.941398e+02   2.000000e+00
2.434369e-01   1.942895e+02   2.000000e+00
2.456916e-01   1.944393e+02   2.000000e+00
2.479673e-01   1.945895e+02   2.000000e+00
2.502640e-01   1.947398e+02   2.000000e+00
2.525820e-01   1.948904e+02   2.000000e+00
2.549215e-01   1.950413e+02   2.000000e+00
2.572826e-01   1.951924e+02   2.000000e+00
2.596656e-01   1.953438e+02   2.000000e+00
2.620707e-01   1.954954e+02   2.000000e+00
2.644980e-01   1.956473e+02   2.000000e+00
2.669478e-01   1.957995e+02   2.000000e+00
2.694204e-01   1.959519e+02   2.000000e+00
2.719158e-01   1.961046e+02   2.000000e+00
2.744343e-01   1.962575e+02   2.000000e+00
2.769762e-01   1.964107e+02   2.000000e+00
2.795416e-01   1.965642e+02   2.000000e+00
2.821308e-01   1.967179e+02   2.000000e+00
2.847439e-01   1.968719e+02   2.000000e+00
2.873813e-01   1.970262e+02   2.000000e+00
2.900430e-01   1.971808e+02   2.000000e+00
2.927295e-01   1.973356e+02   2.000000e+00
2.954408e-01   1.974907e+02   2.000000e+00
2.981772e-01   1.976461e+02   2.000000e+00
3.009390e-01   1.978018e+02   2.000000e+00
3.037264e-01   1.979578e+02   2.000000e+00
3.065395e-01   1.981140e+02   2.000000e+00
3.093788e-01   1.982705e+02   2.000000e+00
3.122443e-01   1.984274e+02   2.000000e+00
3.151363e-01   1.985845e+02   2.000000e+00
3.180552e-01   1.987419e+02   2.000000e+00
3.210011e-01   1.988996e+02   2.000000e+00
3.239743e-01   1.990576e+02   2.000000e+00
3.269750e-01   1.992159e+02   2.000000e+00
3.300035e-01   1.993744e+02   2.000000e+00
3.330600e-01   1.995333e+02   2.000000e+00
3.361449e-01   1.996925e+02   2.000000e+00
3.392583e-01   1.998520e+02   2.000000e+00
3.424006e-01   2.000119e+02   2.000000e+00
3.455720e-01   2.001720e+02   2.000000e+00
3.487727e-01   2.003324e+02   2.000000e+00
3.520031e-01   2.004932e+02   2.000000e+00
3.552635e-01   2.006542e+02   2.000000e+00
3.585540e-01   2.008156e+02   2.000000e+00
3.618750e-01   2.009773e+02   2.000000e+00
3.652267e-01   2.011394e+02   2.000000e+00
3.686095e-01   2.013017e+02   2.000000e+00
3.720237e-01   2.014644e+02   2.000000e+00
3.754694e-01   2.016274e+02   2.000000e+00
3.789471e-01   2.017908e+02   2.000000e+00
3.824570e-01   2.019544e+02   2.000000e+00
3.859994e-01   2.021184e+02   2.000000e+00
3.895746e-01   2.022828e+02   2.000000e+00
3.931829e-01   2.024475e+02   2.000000e+00
3.968246e-01   2.026125e+02   2.000000e+00
4.005001e-01   2.027779e+02   2.000000e+00
4.042096e-01   2.029436e+02   2.000000e+00
4.079535e-01   2.031097e+02   2.000000e+00
4.117320e-01   2.032762e+02   2.000000e+00
4.155455e-01   2.034430e+02   2.000000e+00
4.193944e-01   2.036101e+02   2.000000e+00
4.232789e-01   2.037776e+02   2.000000e+00
4.271994e-01   2.039455e+02   2.000000e+00
4.311562e-01   2.041137e+02   2.000000e+00
4.351497e-01   2.042823e+02   2.000000e+00
4.391801e-01   2.044513e+02   2.000000e+00
4.432479e-01   2.046207e+02   2.000000e+00
4.473533e-01   2.047904e+02   2.000000e+00
4.514968e-01   2.049605e+02   2.000000e+00
4.556786e-01   2.051310e+02   2.000000e+00
4.598992e-01   2.053018e+02   2.000000e+00
4.641589e-01   2.054731e+02   2.000000e+00
4.684580e-01   2.056447e+02   2.000000e+00
4.727970e-01   2.058168e+02   2.000000e+00
4.771761e-01   2.059892e+02   2.000000e+00
4.815958e-01   2.061620e+02   2.000000e+00
4.860564e-01   2.063353e+02   2.000000e+00
4.905584e-01   2.065089e+02   2.000000e+00
4.951020e-01   2.066829e+02   2.000000e+00
4.996877e-01   2.068574e+02   2.000000e+00
5.043159e-01   2.070322e+02   2.000000e+00
5.089870e-01   2.072075e+02   2.000000e+00
5.137014e-01   2.073832e+02   2.000000e+00
5.184594e-01   2.075593e+02   2.000000e+00
5.232614e-01   2.077359e+02   2.000000e+00
5.281080e-01   2.079128e+02   2.000000e+00
5.329994e-01   2.080902e+02   2.000000e+00
5.379362e-01   2.082681e+02   2.000000e+00
5.429186e-01   2.084463e+02   2.000000e+00
5.479472e-01   2.086250e+02   2.000000e+00
5.530224e-01   2.088042e+02   2.000000e+00
5.581446e-01   2.089838e+02   2.000000e+00
5.633143e-01   2.091638e+02   2.000000e+00
5.685318e-01   2.093443e+02   2.000000e+00
5.737976e-01   2.095253e+02   2.000000e+00
5.791123e-01   2.097067e+02   2.000000e+00
5.844761e-01   2.098886e+02   2.000000e+00
5.898896e-01   2.100710e+02   2.000000e+00
5.953533e-01   2.102538e+02   2.000000e+00
6.008676e-01   2.104371e+02   2.000000e+00
6.064329e-01   2.106208e+02   2.000000e+00
6.120498e-01   2.108051e+02   2.000000e+00
6.177188e-01   2.109898e+02   2.000000e+00
6.234402e-01   2.111751e+02   2.000000e+00
6.292146e-01   2.113608e+02   2.000000e+00
6.350425e-01   2.115470e+02   2.000000e+00
6.409244e-01   2.117337e+02   2.000000e+00
6.468608e-01   2.119209e+02   2.000000e+00
6.528521e-01   2.121086e+02   2.000000e+00
6.588990e-01   2.122969e+02   2.000000e+00
6.650018e-01   2.124856e+02   2.000000e+00
6.711612e-01   2.126749e+02   2.000000e+00
6.773776e-01   2.128647e+02   2.000000e+00
6.836516e-01   2.130550e+02   2.000000e+00
6.899837e-01   2.132458e+02   2.000000e+00
6.963745e-01   2.134372e+02   2.000000e+00
7.028244e-01   2.136291e+02   2.000000e+00
7.093341e-01   2.138216e+02   2.000000e+00
7.159041e-01   2.140146e+02   2.000000e+00
7.225349e-01   2.142082e+02   2.000000e+00
7.292272e-01   2.144023e+02   2.000000e+00
7.359814e-01   2.145970e+02   2.000000e+00
7.427982e-01   2.147922e+02   2.000000e+00
7.496782e-01   2.149880e+02   2.000000e+00
7.566219e-01   2.151844e+02   2.000000e+00
7.636298e-01   2.153814e+02   2.000000e+00
7.707027e-01   2.155789e+02   2.000000e+00
7.778411e-01   2.157770e+02   2.000000e+00
7.850456e-01   2.159758e+02   2.000000e+00
7.923169e-01   2.161751e+02   2.000000e+00
7.996555e-01   2.163750e+02   2.000000e+00
8.070620e-01   2.165755e+02   2.000000e+00
8.145372e-01   2.167766e+02   2.000000e+00
8.220816e-01   2.169784e+02   2.000000e+00
8.296959e-01   2.171808e+02   2.000000e+00
8.373807e-01   2.173837e+02   2.000000e+00
8.451366e-01   2.175874e+02   2.000000e+00
8.529644e-01   2.177916e+02   2.000000e+00
8.608648e-01   2.179965e+02   2.000000e+00
8.688383e-01   2.182020e+02   2.000000e+00
8.768856e-01   2.184082e+02   2.000000e+00
8.850075e-01   2.186151e+02   2.000000e+00
8.932046e-01   2.188226e+02   2.000000e+00
9.014776e-01   2.190307e+02   2.000000e+00
9.098273e-01   2.192395e+02   2.000000e+00
9.182543e-01   2.194491e+02   2.000000e+00
9.267593e-01   2.196592e+02   2.000000e+00
9.353432e-01   2.198701e+02   2.000000e+00
9.440065e-01   2.200817e+02   2.000000e+00
9.527500e-01   2.202940e+02   2.000000e+00
9.615746e-01   2.205069e+02   2.000000e+00
9.704809e-01   2.207206e+02   2.000000e+00
9.794697e-01   2.209350e+02   2.000000e+00
9.885417e-01   2.211501e+02   2.000000e+00
9.976978e-01   2.213659e+02   2.000000e+00
1.006939e+00   2.215825e+02   2.000000e+00
1.016265e+00   2.217998e+02   2.000000e+00
1.025678e+00   2.220178e+02   2.000000e+00
1.035178e+00   2.222366e+02   2.000000e+00
1.044766e+00   2.224562e+02   2.000000e+00
1.054443e+00   2.226765e+02   2.000000e+00
1.064209e+00   2.228976e+02   2.000000e+00
1.074066e+00   2.231194e+02   2.000000e+00
1.084014e+00   2.233421e+02   2.000000e+00
1.094055e+00   2.235655e+02   2.000000e+00
1.104188e+00   2.237897e+02   2.000000e+00
1.114415e+00   2.240147e+02   2.000000e+00
1.124737e+00   2.242406e+02   2.000000e+00
1.135155e+00   2.244672e+02   2.000000e+00
1.145669e+00   2.246946e+02   2.000000e+00
1.156280e+00   2.249229e+02   2.000000e+00
1.166990e+00   2.251520e+02   2.000000e+00
1.177799e+00   2.253820e+02   2.000000e+00
1.188708e+00   2.256128e+02   2.000000e+00
1.199718e+00   2.258444e+02   2.000000e+00
1.210830e+00   2.260769e+02   2.000000e+00
1.222045e+00   2.263103e+02   2.000000e+00
1.233363e+00   2.265446e+02   2.000000e+00
1.244787e+00   2.267797e+02   2.000000e+00
1.256317e+00   2.270157e+02   2.000000e+00
1.267953e+00   2.272527e+02   2.000000e+00
1.279697e+00   2.274905e+02   2.000000e+00
1.291550e+00   2.277292e+02   2.000000e+00
1.303512e+00   2.279689e+02   2.000000e+00
1.315586e+00   2.282095e+02   2.000000e+00
1.327771e+00   2.284510e+02   2.000000e+00
1.340069e+00   2.286934e+02   2.000000e+00
1.352481e+00   2.289368e+02   2.000000e+00
1.365008e+00   2.291812e+02   2.000000e+00
1.377651e+00   2.294265e+02   2.000000e+00
1.390411e+00   2.296728e+02   2.000000e+00
1.403289e+00   2.299201e+02   2.000000e+00
1.416287e+00   2.301684e+02   2.000000e+00
1.429405e+00   2.304177e+02   2.000000e+00
1.442644e+00   2.306680e+02   2.000000e+00
1.456006e+00   2.309193e+02   2.000000e+00
1.469492e+00   2.311716e+02   2.000000e+00
1.483103e+00   2.314249e+02   2.000000e+00
1.496839e+00   2.316793e+02   2.000000e+00
1.510703e+00   2.319348e+02   2.000000e+00
1.524696e+00   2.321913e+02   2.000000e+00
1.538818e+00   2.324488e+02   2.000000e+00
1.553071e+00   2.327075e+02   2.000000e+00
1.567455e+00   2.329672e+02   2.000000e+00
1.581973e+00   2.332280e+02   2.000000e+00
1.596626e+00   2.334900e+02   2.000000e+00
1.611414e+00   2.337530e+02   2.000000e+00
1.626340e+00   2.340172e+02   2.000000e+00
1.641403e+00   2.342825e+02   2.000000e+00
1.656606e+00   2.345489e+02   2.000000e+00
1.671950e+00   2.348165e+02   2.000000e+00
1.687436e+00   2.350852e+02   2.000000e+00
1.703065e+00   2.353552e+02   2.000000e+00
1.718839e+00   2.356263e+02   2.000000e+00
1.734759e+00   2.358985e+02   2.000000e+00
1.750827e+00   2.361720e+02   2.000000e+00
1.767044e+00   2.364467e+02   2.000000e+00
1.783410e+00   2.367227e+02   2.000000e+00
1.799929e+00   2.369998e+02   2.000000e+00
1.816600e+00   2.372782e+02   2.000000e+00
1.833425e+00   2.375579e+02   2.000000e+00
1.850407e+00   2.378388e+02   2.000000e+00
1.867546e+00   2.381210e+02   2.000000e+00
1.884843e+00   2.384044e+02   2.000000e+00
1.902301e+00   2.386892e+02   2.000000e+00
1.919921e+00   2.389753e+02   2.000000e+00
1.937703e+00   2.392627e+02   2.000000e+00
1.955651e+00   2.395514e+02   2.000000e+00
1.973764e+00   2.398415e+02   2.000000e+00
1.992046e+00   2.401329e+02   2.000000e+00
2.010496e+00   2.404257e+02   2.000000e+00
2.029118e+00   2.407198e+02   2.000000e+00
2.047912e+00   2.410154e+02   2.000000e+00
2.066880e+00   2.413123e+02   2.000000e+00
2.086024e+00   2.416107e+02   2.000000e+00
2.105345e+00   2.419104e+02   2.000000e+00
2.124845e+00   2.422117e+02   2.000000e+00
2.144526e+00   2.425143e+02   2.000000e+00
2.164389e+00   2.428184e+02   2.000000e+00
2.184436e+00   2.431240e+02   2.000000e+00
2.204669e+00   2.434311e+02   2.000000e+00
2.225089e+00   2.437397e+02   2.000000e+00
2.245698e+00   2.440498e+02   2.000000e+00
2.266498e+00   2.443614e+02   2.000000e+00
2.287491e+00   2.446746e+02   2.000000e+00
2.308678e+00   2.449893e+02   2.000000e+00
2.330061e+00   2.453056e+02   2.000000e+00
2.351643e+00   2.456234e+02   2.000000e+00
2.373424e+00   2.459429e+02   2.000000e+00
2.395407e+00   2.462639e+02   2.000000e+00
2.417594e+00   2.465866e+02   2.000000e+00
2.439986e+00   2.469109e+02   2.000000e+00
2.462586e+00   2.472369e+02   2.000000e+00
2.485395e+00   2.475645e+02   2.000000e+00
2.508415e+00   2.478938e+02   2.000000e+00
2.531648e+00   2.482248e+02   2.000000e+00
2.555097e+00   2.485575e+02   2.000000e+00
2.578763e+00   2.488919e+02   2.000000e+00
2.602648e+00   2.492280e+02   2.000000e+00
2.626754e+00   2.495659e+02   2.000000e+00
2.651084e+00   2.499056e+02   2.000000e+00
2.675638e+00   2.502471e+02   2.000000e+00
2.700421e+00   2.505903e+02   2.000000e+00
2.725433e+00   2.509354e+02   2.000000e+00
2.750676e+00   2.512823e+02   2.000000e+00
2.776153e+00   2.516310e+02   2.000000e+00
2.801867e+00   2.519816e+02   2.000000e+00
2.827818e+00   2.523341e+02   2.000000e+00
2.854010e+00   2.526884e+02   2.000000e+00
2.880444e+00   2.530447e+02   2.000000e+00
2.907123e+00   2.534029e+02   2.000000e+00
2.934050e+00   2.537631e+02   2.000000e+00
2.961225e+00   2.541252e+02   2.000000e+00
2.988653e+00   2.544893e+02   2.000000e+00
3.016334e+00   2.548554e+02   2.000000e+00
3.044272e+00   2.552235e+02   2.000000e+00
3.072469e+00   2.555936e+02   2.000000e+00
3.100927e+00   2.559658e+02   2.000000e+00
3.129648e+00   2.563401e+02   2.000000e+00
3.158635e+00   2.567164e+02   2.000000e+00
3.187891e+00   2.570948e+02   2.000000e+00
3.217418e+00   2.574754e+02   2.000000e+00
3.247218e+00   2.578581e+02   2.000000e+00
3.277295e+00   2.582430e+02   2.000000e+00
3.307650e+00   2.586300e+02   2.000000e+00
3.338286e+00   2.590192e+02   2.000000e+00
3.369206e+00   2.594107e+02   2.000000e+00
3.400412e+00   2.598044e+02   2.000000e+00
3.431907e+00   2.602003e+02   2.000000e+00
3.463694e+00   2.605986e+02   2.000000e+00
3.495776e+00   2.609991e+02   2.000000e+00
3.528154e+00   2.614019e+02   2.000000e+00
3.560833e+00   2.618071e+02   2.000000e+00
3.593814e+00   2.622147e+02   2.000000e+00
3.627100e+00   2.626246e+02   2.000000e+00
3.660695e+00   2.630369e+02   2.000000e+00
3.694601e+00   2.634516e+02   2.000000e+00
3.728821e+00   2.638688e+02   2.000000e+00
3.763358e+00   2.642885e+02   2.000000e+00
3.798215e+00   2.647106e+02   2.000000e+00
3.833395e+00   2.651352e+02   2.000000e+00
3.868901e+00   2.655624e+02   2.000000e+00
3.904735e+00   2.659921e+02   2.000000e+00
3.940902e+00   2.664244e+02   2.000000e+00
3.977403e+00   2.668593e+02   2.000000e+00
4.014242e+00   2.672969e+02   2.000000e+00
4.051423e+00   2.677370e+02   2.000000e+00
4.088948e+00   2.681799e+02   2.000000e+00
4.126821e+00   2.686254e+02   2.000000e+00
4.165044e+00   2.690736e+02   2.000000e+00
4.203622e+00   2.695246e+02   2.000000e+00
4.242556e+00   2.699784e+02   2.000000e+00
4.281852e+00   2.704349e+02   2.000000e+00
4.321511e+00   2.708943e+02   2.000000e+00
4.361538e+00   2.713565e+02   2.000000e+00
4.401935e+00   2.718215e+02   2.000000e+00
4.442707e+00   2.722895e+02   2.000000e+00
4.483856e+00   2.727604e+02   2.000000e+00
4.525386e+00   2.732342e+02   2.000000e+00
4.567301e+00   2.737109e+02   2.000000e+00
4.609604e+00   2.741907e+02   2.000000e+00
4.652300e+00   2.746735e+02   2.000000e+00
4.695390e+00   2.751594e+02   2.000000e+00
4.738880e+00   2.756483e+02   2.000000e+00
4.782772e+00   2.761403e+02   2.000000e+00
4.827071e+00   2.766355e+02   2.000000e+00
4.871780e+00   2.771338e+02   2.000000e+00
4.916904e+00   2.776353e+02   2.000000e+00
4.962445e+00   2.781400e+02   2.000000e+00
5.008408e+00   2.786480e+02   2.000000e+00
5.054797e+00   2.791592e+02   2.000000e+00
5.101615e+00   2.796738e+02   2.000000e+00
5.148867e+00   2.801917e+02   2.000000e+00
5.196557e+00   2.807129e+02   2.000000e+00
5.244689e+00   2.812375e+02   2.000000e+00
5.293266e+00   2.817656e+02   2.000000e+00
5.342293e+00   2.822971e+02   2.000000e+00
5.391775e+00   2.828321e+02   2.000000e+00
5.441714e+00   2.833706e+02   2.000000e+00
5.492116e+00   2.839127e+02   2.000000e+00
5.542986e+00   2.844583e+02   2.000000e+00
5.594326e+00   2.850076e+02   2.000000e+00
5.646141e+00   2.855605e+02   2.000000e+00
5.698437e+00   2.861171e+02   2.000000e+00
5.751217e+00   2.866774e+02   2.000000e+00
5.804486e+00   2.872414e+02   2.000000e+00
5.858248e+00   2.878092e+02   2.000000e+00
5.912508e+00   2.883808e+02   2.000000e+00
5.967271e+00   2.889563e+02   2.000000e+00
6.022541e+00   2.895356e+02   2.000000e+00
6.078323e+00   2.901189e+02   2.000000e+00
6.134622e+00   2.907061e+02   2.000000e+00
6.191442e+00   2.912973e+02   2.000000e+00
6.248788e+00   2.918926e+02   2.000000e+00
6.306666e+00   2.924918e+02   2.000000e+00
6.365079e+00   2.930952e+02   2.000000e+00
6.424034e+00   2.937027e+02   2.000000e+00
6.483534e+00   2.943144e+02   2.000000e+00
6.543586e+00   2.949303e+02   2.000000e+00
6.604194e+00   2.955504e+02   2.000000e+00
6.665363e+00   2.961748e+02   2.000000e+00
6.727099e+00   2.968036e+02   2.000000e+00
6.789407e+00   2.974367e+02   2.000000e+00
6.852292e+00   2.980742e+02   2.000000e+00
6.915759e+00   2.987161e+02   2.000000e+00
6.979814e+00   2.993625e+02   2.000000e+00
7.044462e+00   3.000135e+02   2.000000e+00
7.109709e+00   3.006690e+02   2.000000e+00
7.175561e+00   3.013291e+02   2.000000e+00
7.242022e+00   3.019938e+02   2.000000e+00
7.309099e+00   3.026632e+02   2.000000e+00
7.376798e+00   3.033374e+02   2.000000e+00
7.445123e+00   3.040163e+02   2.000000e+00
7.514081e+00   3.047001e+02   2.000000e+00
7.583678e+00   3.053887e+02   2.000000e+00
7.653919e+00   3.060822e+02   2.000000e+00
7.724811e+00   3.067807e+02   2.000000e+00
7.796360e+00   3.074841e+02   2.000000e+00
7.868572e+00   3.081926e+02   2.000000e+00
7.941452e+00   3.089061e+02   2.000000e+00
8.015007e+00   3.096248e+02   2.000000e+00
8.089243e+00   3.103487e+02   2.000000e+00
8.164168e+00   3.110778e+02   2.000000e+00
8.239786e+00   3.118122e+02   2.000000e+00
8.316104e+00   3.125518e+02   2.000000e+00
8.393129e+00   3.132969e+02   2.000000e+00
8.470868e+00   3.140473e+02   2.000000e+00
8.549327e+00   3.148032e+02   2.000000e+00
8.628513e+00   3.155647e+02   2.000000e+00
8.708431e+00   3.163317e+02   2.000000e+00
8.789091e+00   3.171043e+02   2.000000e+00
8.870497e+00   3.178825e+02   2.000000e+00
8.952657e+00   3.186665e+02   2.000000e+00
9.035578e+00   3.194563e+02   2.000000e+00
9.119268e+00   3.202518e+02   2.000000e+00
9.203732e+00   3.210533e+02   2.000000e+00
9.288979e+00   3.218606e+02   2.000000e+00
9.375015e+00   3.226740e+02   2.000000e+00
9.461848e+00   3.234934e+02   2.000000e+00
9.549486e+00   3.243188e+02   2.000000e+00
9.637935e+00   3.251505e+02   2.000000e+00
9.727203e+00   3.259883e+02   2.000000e+00
9.817298e+00   3.268323e+02   2.000000e+00
9.908228e+00   3.276827e+02   2.000000e+00
1.000000e+01   3.285395e+02   2.000000e+00
