# Li7 + He3 > a + a + n + p   [Li7_He3__a_a_n_p]   ref=Caughlan& Fowler 1988 & Malaney& Fowler 1989
# forward[T9] = With[{T923=T9^(2/3),T913=T9^(1/3)},1.11*^+13/T923*Exp[-17.989/T913]]   uncertainty factor f = 3
# T9                 rate                error
1.000000e-03   8.319335e-64   3.000000e+00
1.009262e-03   1.435966e-63   3.000000e+00
1.018610e-03   2.474367e-63   3.000000e+00
1.028045e-03   4.256481e-63   3.000000e+00
1.037567e-03   7.309813e-63   3.000000e+00
1.047177e-03   1.253236e-62   3.000000e+00
1.056876e-03   2.145029e-62   3.000000e+00
1.066665e-03   3.665294e-62   3.000000e+00
1.076545e-03   6.252625e-62   3.000000e+00
1.086516e-03   1.064869e-61   3.000000e+00
1.096579e-03   1.810556e-61   3.000000e+00
1.106736e-03   3.073353e-61   3.000000e+00
1.116987e-03   5.208342e-61   3.000000e+00
1.127333e-03   8.812018e-61   3.000000e+00
1.137774e-03   1.488478e-60   3.000000e+00
1.148312e-03   2.510167e-60   3.000000e+00
1.158948e-03   4.226279e-60   3.000000e+00
1.169683e-03   7.104137e-60   3.000000e+00
1.180517e-03   1.192241e-59   3.000000e+00
1.191451e-03   1.997648e-59   3.000000e+00
1.202486e-03   3.341778e-59   3.000000e+00
1.213624e-03   5.581391e-59   3.000000e+00
1.224865e-03   9.307124e-59   3.000000e+00
1.236210e-03   1.549526e-58   3.000000e+00
1.247660e-03   2.575698e-58   3.000000e+00
1.259216e-03   4.274699e-58   3.000000e+00
1.270879e-03   7.083255e-58   3.000000e+00
1.282650e-03   1.171869e-57   3.000000e+00
1.294530e-03   1.935735e-57   3.000000e+00
1.306520e-03   3.192538e-57   3.000000e+00
1.318621e-03   5.257159e-57   3.000000e+00
1.330835e-03   8.643572e-57   3.000000e+00
1.343161e-03   1.418942e-56   3.000000e+00
1.355602e-03   2.325773e-56   3.000000e+00
1.368158e-03   3.806302e-56   3.000000e+00
1.380830e-03   6.219774e-56   3.000000e+00
1.393619e-03   1.014807e-55   3.000000e+00
1.406527e-03   1.653223e-55   3.000000e+00
1.419555e-03   2.689187e-55   3.000000e+00
1.432703e-03   4.367713e-55   3.000000e+00
1.445973e-03   7.083250e-55   3.000000e+00
1.459366e-03   1.146987e-54   3.000000e+00
1.472883e-03   1.854531e-54   3.000000e+00
1.486525e-03   2.994065e-54   3.000000e+00
1.500293e-03   4.826605e-54   3.000000e+00
1.514189e-03   7.769225e-54   3.000000e+00
1.528214e-03   1.248737e-53   3.000000e+00
1.542369e-03   2.004121e-53   3.000000e+00
1.556654e-03   3.211724e-53   3.000000e+00
1.571072e-03   5.139440e-53   3.000000e+00
1.585624e-03   8.212184e-53   3.000000e+00
1.600310e-03   1.310294e-52   3.000000e+00
1.615133e-03   2.087604e-52   3.000000e+00
1.630092e-03   3.321227e-52   3.000000e+00
1.645191e-03   5.276209e-52   3.000000e+00
1.660429e-03   8.369903e-52   3.000000e+00
1.675808e-03   1.325854e-51   3.000000e+00
1.691330e-03   2.097249e-51   3.000000e+00
1.706995e-03   3.312720e-51   3.000000e+00
1.722805e-03   5.225192e-51   3.000000e+00
1.738762e-03   8.230083e-51   3.000000e+00
1.754867e-03   1.294472e-50   3.000000e+00
1.771121e-03   2.033149e-50   3.000000e+00
1.787526e-03   3.188864e-50   3.000000e+00
1.804082e-03   4.994533e-50   3.000000e+00
1.820792e-03   7.811737e-50   3.000000e+00
1.837656e-03   1.220102e-49   3.000000e+00
1.854677e-03   1.903015e-49   3.000000e+00
1.871855e-03   2.964065e-49   3.000000e+00
1.889193e-03   4.610356e-49   3.000000e+00
1.906691e-03   7.161177e-49   3.000000e+00
1.924351e-03   1.110809e-48   3.000000e+00
1.942175e-03   1.720684e-48   3.000000e+00
1.960163e-03   2.661775e-48   3.000000e+00
1.978319e-03   4.111991e-48   3.000000e+00
1.996642e-03   6.343736e-48   3.000000e+00
2.015136e-03   9.773545e-48   3.000000e+00
2.033800e-03   1.503748e-47   3.000000e+00
2.052638e-03   2.310551e-47   3.000000e+00
2.071650e-03   3.545483e-47   3.000000e+00
2.090838e-03   5.433210e-47   3.000000e+00
2.110203e-03   8.314967e-47   3.000000e+00
2.129749e-03   1.270836e-46   3.000000e+00
2.149475e-03   1.939745e-46   3.000000e+00
2.169384e-03   2.956843e-46   3.000000e+00
2.189477e-03   4.501341e-46   3.000000e+00
2.209756e-03   6.843642e-46   3.000000e+00
2.230223e-03   1.039121e-45   3.000000e+00
2.250880e-03   1.575725e-45   3.000000e+00
2.271728e-03   2.386335e-45   3.000000e+00
2.292769e-03   3.609286e-45   3.000000e+00
2.314005e-03   5.451947e-45   3.000000e+00
2.335438e-03   8.224775e-45   3.000000e+00
2.357069e-03   1.239197e-44   3.000000e+00
2.378901e-03   1.864671e-44   3.000000e+00
2.400935e-03   2.802279e-44   3.000000e+00
2.423173e-03   4.206002e-44   3.000000e+00
2.445617e-03   6.304901e-44   3.000000e+00
2.468268e-03   9.439292e-44   3.000000e+00
2.491130e-03   1.411414e-43   3.000000e+00
2.514203e-03   2.107781e-43   3.000000e+00
2.537490e-03   3.143791e-43   3.000000e+00
2.560993e-03   4.683181e-43   3.000000e+00
2.584714e-03   6.967691e-43   3.000000e+00
2.608654e-03   1.035379e-42   3.000000e+00
2.632815e-03   1.536645e-42   3.000000e+00
2.657201e-03   2.277789e-42   3.000000e+00
2.681813e-03   3.372257e-42   3.000000e+00
2.706652e-03   4.986512e-42   3.000000e+00
2.731722e-03   7.364505e-42   3.000000e+00
2.757023e-03   1.086332e-41   3.000000e+00
2.782559e-03   1.600498e-41   3.000000e+00
2.808332e-03   2.355175e-41   3.000000e+00
2.834343e-03   3.461532e-41   3.000000e+00
2.860596e-03   5.081501e-41   3.000000e+00
2.887091e-03   7.450681e-41   3.000000e+00
2.913832e-03   1.091143e-40   3.000000e+00
2.940820e-03   1.596066e-40   3.000000e+00
2.968059e-03   2.331874e-40   3.000000e+00
2.995549e-03   3.402874e-40   3.000000e+00
3.023295e-03   4.959921e-40   3.000000e+00
3.051297e-03   7.220934e-40   3.000000e+00
3.079559e-03   1.050034e-39   3.000000e+00
3.108082e-03   1.525127e-39   3.000000e+00
3.136870e-03   2.212601e-39   3.000000e+00
3.165924e-03   3.206241e-39   3.000000e+00
3.195248e-03   4.640735e-39   3.000000e+00
3.224842e-03   6.709288e-39   3.000000e+00
3.254712e-03   9.688726e-39   3.000000e+00
3.284857e-03   1.397523e-38   3.000000e+00
3.315282e-03   2.013515e-38   3.000000e+00
3.345989e-03   2.897718e-38   3.000000e+00
3.376980e-03   4.165469e-38   3.000000e+00
3.408259e-03   5.981084e-38   3.000000e+00
3.439826e-03   8.578386e-38   3.000000e+00
3.471687e-03   1.228974e-37   3.000000e+00
3.503842e-03   1.758702e-37   3.000000e+00
3.536296e-03   2.513946e-37   3.000000e+00
3.569049e-03   3.589513e-37   3.000000e+00
3.602107e-03   5.119555e-37   3.000000e+00
3.635470e-03   7.293694e-37   3.000000e+00
3.669142e-03   1.037966e-36   3.000000e+00
3.703127e-03   1.475503e-36   3.000000e+00
3.737426e-03   2.095175e-36   3.000000e+00
3.772042e-03   2.971838e-36   3.000000e+00
3.806980e-03   4.210715e-36   3.000000e+00
3.842241e-03   5.959557e-36   3.000000e+00
3.877828e-03   8.425605e-36   3.000000e+00
3.913746e-03   1.189922e-35   3.000000e+00
3.949995e-03   1.678679e-35   3.000000e+00
3.986581e-03   2.365649e-35   3.000000e+00
4.023506e-03   3.330177e-35   3.000000e+00
4.060772e-03   4.682962e-35   3.000000e+00
4.098384e-03   6.578264e-35   3.000000e+00
4.136344e-03   9.230835e-35   3.000000e+00
4.174655e-03   1.293931e-34   3.000000e+00
4.213322e-03   1.811852e-34   3.000000e+00
4.252346e-03   2.534415e-34   3.000000e+00
4.291732e-03   3.541418e-34   3.000000e+00
4.331483e-03   4.943364e-34   3.000000e+00
4.371602e-03   6.893113e-34   3.000000e+00
4.412093e-03   9.601896e-34   3.000000e+00
4.452959e-03   1.336130e-33   3.000000e+00
4.494203e-03   1.857342e-33   3.000000e+00
4.535829e-03   2.579217e-33   3.000000e+00
4.577841e-03   3.577983e-33   3.000000e+00
4.620241e-03   4.958430e-33   3.000000e+00
4.663035e-03   6.864473e-33   3.000000e+00
4.706225e-03   9.493546e-33   3.000000e+00
4.749815e-03   1.311624e-32   3.000000e+00
4.793808e-03   1.810304e-32   3.000000e+00
4.838210e-03   2.496066e-32   3.000000e+00
4.883022e-03   3.438145e-32   3.000000e+00
4.928250e-03   4.731049e-32   3.000000e+00
4.973896e-03   6.503650e-32   3.000000e+00
5.019965e-03   8.931504e-32   3.000000e+00
5.066461e-03   1.225353e-31   3.000000e+00
5.113388e-03   1.679454e-31   3.000000e+00
5.160749e-03   2.299570e-31   3.000000e+00
5.208549e-03   3.145563e-31   3.000000e+00
5.256791e-03   4.298573e-31   3.000000e+00
5.305481e-03   5.868485e-31   3.000000e+00
5.354621e-03   8.003954e-31   3.000000e+00
5.404216e-03   1.090590e-30   3.000000e+00
5.454271e-03   1.484560e-30   3.000000e+00
5.504790e-03   2.018901e-30   3.000000e+00
5.555776e-03   2.742927e-30   3.000000e+00
5.607235e-03   3.723034e-30   3.000000e+00
5.659170e-03   5.048524e-30   3.000000e+00
5.711586e-03   6.839397e-30   3.000000e+00
5.764488e-03   9.256746e-30   3.000000e+00
5.817880e-03   1.251663e-29   3.000000e+00
5.871766e-03   1.690854e-29   3.000000e+00
5.926152e-03   2.282002e-29   3.000000e+00
5.981041e-03   3.076934e-29   3.000000e+00
6.036439e-03   4.144897e-29   3.000000e+00
6.092349e-03   5.578328e-29   3.000000e+00
6.148778e-03   7.500504e-29   3.000000e+00
6.205729e-03   1.007567e-28   3.000000e+00
6.263207e-03   1.352247e-28   3.000000e+00
6.321218e-03   1.813168e-28   3.000000e+00
6.379767e-03   2.428962e-28   3.000000e+00
6.438857e-03   3.250915e-28   3.000000e+00
6.498495e-03   4.347043e-28   3.000000e+00
6.558686e-03   5.807468e-28   3.000000e+00
6.619433e-03   7.751497e-28   3.000000e+00
6.680744e-03   1.033692e-27   3.000000e+00
6.742622e-03   1.377226e-27   3.000000e+00
6.805074e-03   1.833280e-27   3.000000e+00
6.868104e-03   2.438163e-27   3.000000e+00
6.931717e-03   3.239729e-27   3.000000e+00
6.995920e-03   4.300981e-27   3.000000e+00
7.060718e-03   5.704803e-27   3.000000e+00
7.126115e-03   7.560128e-27   3.000000e+00
7.192119e-03   1.001000e-26   3.000000e+00
7.258734e-03   1.324211e-26   3.000000e+00
7.325965e-03   1.750245e-26   3.000000e+00
7.393820e-03   2.311323e-26   3.000000e+00
7.462303e-03   3.049606e-26   3.000000e+00
7.531420e-03   4.020214e-26   3.000000e+00
7.601178e-03   5.295150e-26   3.000000e+00
7.671581e-03   6.968384e-26   3.000000e+00
7.742637e-03   9.162453e-26   3.000000e+00
7.814351e-03   1.203701e-25   3.000000e+00
7.886729e-03   1.579986e-25   3.000000e+00
7.959777e-03   2.072133e-25   3.000000e+00
8.033502e-03   2.715265e-25   3.000000e+00
8.107910e-03   3.554991e-25   3.000000e+00
8.183007e-03   4.650477e-25   3.000000e+00
8.258799e-03   6.078414e-25   3.000000e+00
8.335294e-03   7.938127e-25   3.000000e+00
8.412497e-03   1.035814e-24   3.000000e+00
8.490415e-03   1.350464e-24   3.000000e+00
8.569055e-03   1.759229e-24   3.000000e+00
8.648423e-03   2.289819e-24   3.000000e+00
8.728527e-03   2.977972e-24   3.000000e+00
8.809372e-03   3.869738e-24   3.000000e+00
8.890966e-03   5.024413e-24   3.000000e+00
8.973316e-03   6.518278e-24   3.000000e+00
9.056428e-03   8.449390e-24   3.000000e+00
9.140311e-03   1.094369e-23   3.000000e+00
9.224970e-03   1.416281e-23   3.000000e+00
9.310413e-03   1.831400e-23   3.000000e+00
9.396648e-03   2.366281e-23   3.000000e+00
9.483682e-03   3.054919e-23   3.000000e+00
9.571522e-03   3.940801e-23   3.000000e+00
9.660175e-03   5.079510e-23   3.000000e+00
9.749649e-03   6.542032e-23   3.000000e+00
9.839952e-03   8.418954e-23   3.000000e+00
9.931092e-03   1.082578e-22   3.000000e+00
1.002308e-02   1.390968e-22   3.000000e+00
1.011591e-02   1.785800e-22   3.000000e+00
1.020961e-02   2.290906e-22   3.000000e+00
1.030417e-02   2.936578e-22   3.000000e+00
1.039961e-02   3.761290e-22   3.000000e+00
1.049593e-02   4.813867e-22   3.000000e+00
1.059315e-02   6.156223e-22   3.000000e+00
1.069126e-02   7.866809e-22   3.000000e+00
1.079029e-02   1.004495e-21   3.000000e+00
1.089023e-02   1.281632e-21   3.000000e+00
1.099110e-02   1.633977e-21   3.000000e+00
1.109290e-02   2.081597e-21   3.000000e+00
1.119564e-02   2.649820e-21   3.000000e+00
1.129934e-02   3.370594e-21   3.000000e+00
1.140400e-02   4.284180e-21   3.000000e+00
1.150962e-02   5.441280e-21   3.000000e+00
1.161623e-02   6.905699e-21   3.000000e+00
1.172382e-02   8.757668e-21   3.000000e+00
1.183241e-02   1.109799e-20   3.000000e+00
1.194200e-02   1.405325e-20   3.000000e+00
1.205261e-02   1.778222e-20   3.000000e+00
1.216424e-02   2.248400e-20   3.000000e+00
1.227691e-02   2.840798e-20   3.000000e+00
1.239062e-02   3.586636e-20   3.000000e+00
1.250539e-02   4.524966e-20   3.000000e+00
1.262121e-02   5.704604e-20   3.000000e+00
1.273811e-02   7.186521e-20   3.000000e+00
1.285610e-02   9.046822e-20   3.000000e+00
1.297517e-02   1.138042e-19   3.000000e+00
1.309535e-02   1.430562e-19   3.000000e+00
1.321664e-02   1.796975e-19   3.000000e+00
1.333906e-02   2.255616e-19   3.000000e+00
1.346261e-02   2.829289e-19   3.000000e+00
1.358730e-02   3.546331e-19   3.000000e+00
1.371315e-02   4.441933e-19   3.000000e+00
1.384016e-02   5.559765e-19   3.000000e+00
1.396835e-02   6.953982e-19   3.000000e+00
1.409773e-02   8.691692e-19   3.000000e+00
1.422830e-02   1.085600e-18   3.000000e+00
1.436009e-02   1.354972e-18   3.000000e+00
1.449310e-02   1.690004e-18   3.000000e+00
1.462733e-02   2.106407e-18   3.000000e+00
1.476281e-02   2.623586e-18   3.000000e+00
1.489955e-02   3.265483e-18   3.000000e+00
1.503755e-02   4.061624e-18   3.000000e+00
1.517683e-02   5.048392e-18   3.000000e+00
1.531740e-02   6.270590e-18   3.000000e+00
1.545928e-02   7.783352e-18   3.000000e+00
1.560246e-02   9.654476e-18   3.000000e+00
1.574698e-02   1.196728e-17   3.000000e+00
1.589283e-02   1.482408e-17   3.000000e+00
1.604003e-02   1.835045e-17   3.000000e+00
1.618860e-02   2.270038e-17   3.000000e+00
1.633854e-02   2.806259e-17   3.000000e+00
1.648987e-02   3.466823e-17   3.000000e+00
1.664260e-02   4.280018e-17   3.000000e+00
1.679675e-02   5.280446e-17   3.000000e+00
1.695232e-02   6.510397e-17   3.000000e+00
1.710934e-02   8.021529e-17   3.000000e+00
1.726781e-02   9.876896e-17   3.000000e+00
1.742775e-02   1.215341e-16   3.000000e+00
1.758917e-02   1.494485e-16   3.000000e+00
1.775208e-02   1.836543e-16   3.000000e+00
1.791650e-02   2.255422e-16   3.000000e+00
1.808245e-02   2.768041e-16   3.000000e+00
1.824993e-02   3.394971e-16   3.000000e+00
1.841897e-02   4.161208e-16   3.000000e+00
1.858957e-02   5.097102e-16   3.000000e+00
1.876175e-02   6.239485e-16   3.000000e+00
1.893552e-02   7.633021e-16   3.000000e+00
1.911091e-02   9.331842e-16   3.000000e+00
1.928792e-02   1.140151e-15   3.000000e+00
1.946656e-02   1.392137e-15   3.000000e+00
1.964687e-02   1.698743e-15   3.000000e+00
1.982884e-02   2.071570e-15   3.000000e+00
2.001250e-02   2.524638e-15   3.000000e+00
2.019786e-02   3.074870e-15   3.000000e+00
2.038493e-02   3.742687e-15   3.000000e+00
2.057374e-02   4.552711e-15   3.000000e+00
2.076430e-02   5.534616e-15   3.000000e+00
2.095662e-02   6.724134e-15   3.000000e+00
2.115073e-02   8.164276e-15   3.000000e+00
2.134663e-02   9.906771e-15   3.000000e+00
2.154435e-02   1.201381e-14   3.000000e+00
2.174389e-02   1.456009e-14   3.000000e+00
2.194529e-02   1.763530e-14   3.000000e+00
2.214855e-02   2.134707e-14   3.000000e+00
2.235370e-02   2.582444e-14   3.000000e+00
2.256074e-02   3.122207e-14   3.000000e+00
2.276970e-02   3.772518e-14   3.000000e+00
2.298060e-02   4.555548e-14   3.000000e+00
2.319345e-02   5.497819e-14   3.000000e+00
2.340827e-02   6.631037e-14   3.000000e+00
2.362508e-02   7.993088e-14   3.000000e+00
2.384390e-02   9.629207e-14   3.000000e+00
2.406475e-02   1.159338e-13   3.000000e+00
2.428764e-02   1.395000e-13   3.000000e+00
2.451260e-02   1.677581e-13   3.000000e+00
2.473964e-02   2.016223e-13   3.000000e+00
2.496878e-02   2.421813e-13   3.000000e+00
2.520005e-02   2.907303e-13   3.000000e+00
2.543346e-02   3.488094e-13   3.000000e+00
2.566903e-02   4.182492e-13   3.000000e+00
2.590678e-02   5.012242e-13   3.000000e+00
2.614673e-02   6.003154e-13   3.000000e+00
2.638891e-02   7.185854e-13   3.000000e+00
2.663333e-02   8.596655e-13   3.000000e+00
2.688001e-02   1.027859e-12   3.000000e+00
2.712898e-02   1.228262e-12   3.000000e+00
2.738025e-02   1.466909e-12   3.000000e+00
2.763385e-02   1.750937e-12   3.000000e+00
2.788980e-02   2.088786e-12   3.000000e+00
2.814812e-02   2.490427e-12   3.000000e+00
2.840884e-02   2.967640e-12   3.000000e+00
2.867196e-02   3.534327e-12   3.000000e+00
2.893753e-02   4.206891e-12   3.000000e+00
2.920556e-02   5.004670e-12   3.000000e+00
2.947606e-02   5.950453e-12   3.000000e+00
2.974908e-02   7.071079e-12   3.000000e+00
3.002462e-02   8.398144e-12   3.000000e+00
3.030271e-02   9.968814e-12   3.000000e+00
3.058338e-02   1.182679e-11   3.000000e+00
3.086665e-02   1.402344e-11   3.000000e+00
3.115254e-02   1.661908e-11   3.000000e+00
3.144108e-02   1.968452e-11   3.000000e+00
3.173230e-02   2.330284e-11   3.000000e+00
3.202621e-02   2.757146e-11   3.000000e+00
3.232284e-02   3.260457e-11   3.000000e+00
3.262222e-02   3.853590e-11   3.000000e+00
3.292437e-02   4.552203e-11   3.000000e+00
3.322933e-02   5.374617e-11   3.000000e+00
3.353710e-02   6.342259e-11   3.000000e+00
3.384773e-02   7.480171e-11   3.000000e+00
3.416123e-02   8.817613e-11   3.000000e+00
3.447764e-02   1.038875e-10   3.000000e+00
3.479698e-02   1.223344e-10   3.000000e+00
3.511928e-02   1.439819e-10   3.000000e+00
3.544456e-02   1.693721e-10   3.000000e+00
3.577285e-02   1.991367e-10   3.000000e+00
3.610419e-02   2.340113e-10   3.000000e+00
3.643859e-02   2.748522e-10   3.000000e+00
3.677609e-02   3.226553e-10   3.000000e+00
3.711672e-02   3.785791e-10   3.000000e+00
3.746050e-02   4.439697e-10   3.000000e+00
3.780747e-02   5.203906e-10   3.000000e+00
3.815765e-02   6.096572e-10   3.000000e+00
3.851107e-02   7.138760e-10   3.000000e+00
3.886777e-02   8.354903e-10   3.000000e+00
3.922777e-02   9.773321e-10   3.000000e+00
3.959110e-02   1.142683e-09   3.000000e+00
3.995780e-02   1.335343e-09   3.000000e+00
4.032790e-02   1.559711e-09   3.000000e+00
4.070142e-02   1.820876e-09   3.000000e+00
4.107841e-02   2.124722e-09   3.000000e+00
4.145888e-02   2.478049e-09   3.000000e+00
4.184289e-02   2.888713e-09   3.000000e+00
4.223044e-02   3.365786e-09   3.000000e+00
4.262159e-02   3.919735e-09   3.000000e+00
4.301636e-02   4.562634e-09   3.000000e+00
4.341478e-02   5.308405e-09   3.000000e+00
4.381690e-02   6.173088e-09   3.000000e+00
4.422274e-02   7.175161e-09   3.000000e+00
4.463234e-02   8.335893e-09   3.000000e+00
4.504573e-02   9.679761e-09   3.000000e+00
4.546295e-02   1.123491e-08   3.000000e+00
4.588404e-02   1.303371e-08   3.000000e+00
4.630903e-02   1.511334e-08   3.000000e+00
4.673795e-02   1.751649e-08   3.000000e+00
4.717085e-02   2.029220e-08   3.000000e+00
4.760775e-02   2.349670e-08   3.000000e+00
4.804870e-02   2.719450e-08   3.000000e+00
4.849374e-02   3.145953e-08   3.000000e+00
4.894290e-02   3.637652e-08   3.000000e+00
4.939622e-02   4.204248e-08   3.000000e+00
4.985373e-02   4.856847e-08   3.000000e+00
5.031549e-02   5.608155e-08   3.000000e+00
5.078152e-02   6.472703e-08   3.000000e+00
5.125187e-02   7.467103e-08   3.000000e+00
5.172657e-02   8.610334e-08   3.000000e+00
5.220568e-02   9.924069e-08   3.000000e+00
5.268921e-02   1.143305e-07   3.000000e+00
5.317723e-02   1.316551e-07   3.000000e+00
5.366977e-02   1.515364e-07   3.000000e+00
5.416687e-02   1.743415e-07   3.000000e+00
5.466857e-02   2.004885e-07   3.000000e+00
5.517492e-02   2.304538e-07   3.000000e+00
5.568596e-02   2.647795e-07   3.000000e+00
5.620174e-02   3.040826e-07   3.000000e+00
5.672229e-02   3.490649e-07   3.000000e+00
5.724766e-02   4.005243e-07   3.000000e+00
5.777790e-02   4.593672e-07   3.000000e+00
5.831305e-02   5.266236e-07   3.000000e+00
5.885316e-02   6.034626e-07   3.000000e+00
5.939827e-02   6.912110e-07   3.000000e+00
5.994843e-02   7.913742e-07   3.000000e+00
6.050368e-02   9.056588e-07   3.000000e+00
6.106408e-02   1.035999e-06   3.000000e+00
6.162966e-02   1.184586e-06   3.000000e+00
6.220049e-02   1.353902e-06   3.000000e+00
6.277660e-02   1.546755e-06   3.000000e+00
6.335805e-02   1.766324e-06   3.000000e+00
6.394488e-02   2.016202e-06   3.000000e+00
6.453715e-02   2.300451e-06   3.000000e+00
6.513491e-02   2.623664e-06   3.000000e+00
6.573820e-02   2.991024e-06   3.000000e+00
6.634708e-02   3.408387e-06   3.000000e+00
6.696160e-02   3.882358e-06   3.000000e+00
6.758181e-02   4.420390e-06   3.000000e+00
6.820777e-02   5.030885e-06   3.000000e+00
6.883952e-02   5.723315e-06   3.000000e+00
6.947713e-02   6.508349e-06   3.000000e+00
7.012064e-02   7.398004e-06   3.000000e+00
7.077011e-02   8.405806e-06   3.000000e+00
7.142559e-02   9.546974e-06   3.000000e+00
7.208715e-02   1.083863e-05   3.000000e+00
7.275484e-02   1.230001e-05   3.000000e+00
7.342870e-02   1.395276e-05   3.000000e+00
7.410882e-02   1.582117e-05   3.000000e+00
7.479523e-02   1.793251e-05   3.000000e+00
7.548799e-02   2.031743e-05   3.000000e+00
7.618718e-02   2.301027e-05   3.000000e+00
7.689284e-02   2.604957e-05   3.000000e+00
7.760503e-02   2.947854e-05   3.000000e+00
7.832383e-02   3.334559e-05   3.000000e+00
7.904928e-02   3.770495e-05   3.000000e+00
7.978145e-02   4.261734e-05   3.000000e+00
8.052040e-02   4.815074e-05   3.000000e+00
8.126619e-02   5.438120e-05   3.000000e+00
8.201889e-02   6.139375e-05   3.000000e+00
8.277857e-02   6.928349e-05   3.000000e+00
8.354528e-02   7.815668e-05   3.000000e+00
8.431909e-02   8.813199e-05   3.000000e+00
8.510007e-02   9.934199e-05   3.000000e+00
8.588829e-02   1.119346e-04   3.000000e+00
8.668380e-02   1.260749e-04   3.000000e+00
8.748668e-02   1.419470e-04   3.000000e+00
8.829700e-02   1.597561e-04   3.000000e+00
8.911482e-02   1.797310e-04   3.000000e+00
8.994022e-02   2.021266e-04   3.000000e+00
9.077327e-02   2.272267e-04   3.000000e+00
9.161402e-02   2.553471e-04   3.000000e+00
9.246257e-02   2.868394e-04   3.000000e+00
9.331898e-02   3.220946e-04   3.000000e+00
9.418332e-02   3.615477e-04   3.000000e+00
9.505566e-02   4.056817e-04   3.000000e+00
9.593608e-02   4.550338e-04   3.000000e+00
9.682466e-02   5.102003e-04   3.000000e+00
9.772147e-02   5.718433e-04   3.000000e+00
9.862658e-02   6.406977e-04   3.000000e+00
9.954008e-02   7.175789e-04   3.000000e+00
1.004620e-01   8.033909e-04   3.000000e+00
1.013925e-01   8.991361e-04   3.000000e+00
1.023317e-01   1.005925e-03   3.000000e+00
1.032795e-01   1.124989e-03   3.000000e+00
1.042361e-01   1.257690e-03   3.000000e+00
1.052015e-01   1.405536e-03   3.000000e+00
1.061759e-01   1.570197e-03   3.000000e+00
1.071593e-01   1.753519e-03   3.000000e+00
1.081519e-01   1.957544e-03   3.000000e+00
1.091536e-01   2.184529e-03   3.000000e+00
1.101646e-01   2.436966e-03   3.000000e+00
1.111850e-01   2.717612e-03   3.000000e+00
1.122148e-01   3.029506e-03   3.000000e+00
1.132541e-01   3.376006e-03   3.000000e+00
1.143031e-01   3.760817e-03   3.000000e+00
1.153618e-01   4.188023e-03   3.000000e+00
1.164303e-01   4.662130e-03   3.000000e+00
1.175087e-01   5.188103e-03   3.000000e+00
1.185971e-01   5.771413e-03   3.000000e+00
1.196956e-01   6.418086e-03   3.000000e+00
1.208042e-01   7.134757e-03   3.000000e+00
1.219231e-01   7.928730e-03   3.000000e+00
1.230524e-01   8.808039e-03   3.000000e+00
1.241921e-01   9.781523e-03   3.000000e+00
1.253424e-01   1.085890e-02   3.000000e+00
1.265034e-01   1.205085e-02   3.000000e+00
1.276751e-01   1.336912e-02   3.000000e+00
1.288576e-01   1.482659e-02   3.000000e+00
1.300511e-01   1.643741e-02   3.000000e+00
1.312557e-01   1.821714e-02   3.000000e+00
1.324714e-01   2.018281e-02   3.000000e+00
1.336984e-01   2.235314e-02   3.000000e+00
1.349367e-01   2.474862e-02   3.000000e+00
1.361865e-01   2.739174e-02   3.000000e+00
1.374479e-01   3.030713e-02   3.000000e+00
1.387210e-01   3.352178e-02   3.000000e+00
1.400058e-01   3.706523e-02   3.000000e+00
1.413026e-01   4.096985e-02   3.000000e+00
1.426114e-01   4.527102e-02   3.000000e+00
1.439323e-01   5.000748e-02   3.000000e+00
1.452654e-01   5.522159e-02   3.000000e+00
1.466109e-01   6.095965e-02   3.000000e+00
1.479688e-01   6.727227e-02   3.000000e+00
1.493393e-01   7.421475e-02   3.000000e+00
1.507225e-01   8.184747e-02   3.000000e+00
1.521186e-01   9.023638e-02   3.000000e+00
1.535275e-01   9.945345e-02   3.000000e+00
1.549495e-01   1.095772e-01   3.000000e+00
1.563847e-01   1.206933e-01   3.000000e+00
1.578331e-01   1.328952e-01   3.000000e+00
1.592950e-01   1.462847e-01   3.000000e+00
1.607704e-01   1.609727e-01   3.000000e+00
1.622595e-01   1.770802e-01   3.000000e+00
1.637624e-01   1.947388e-01   3.000000e+00
1.652792e-01   2.140918e-01   3.000000e+00
1.668101e-01   2.352952e-01   3.000000e+00
1.683551e-01   2.585188e-01   3.000000e+00
1.699144e-01   2.839472e-01   3.000000e+00
1.714882e-01   3.117811e-01   3.000000e+00
1.730766e-01   3.422388e-01   3.000000e+00
1.746796e-01   3.755574e-01   3.000000e+00
1.762975e-01   4.119944e-01   3.000000e+00
1.779304e-01   4.518297e-01   3.000000e+00
1.795785e-01   4.953670e-01   3.000000e+00
1.812418e-01   5.429358e-01   3.000000e+00
1.829205e-01   5.948940e-01   3.000000e+00
1.846147e-01   6.516295e-01   3.000000e+00
1.863246e-01   7.135629e-01   3.000000e+00
1.880504e-01   7.811503e-01   3.000000e+00
1.897922e-01   8.548859e-01   3.000000e+00
1.915501e-01   9.353051e-01   3.000000e+00
1.933242e-01   1.022988e+00   3.000000e+00
1.951148e-01   1.118562e+00   3.000000e+00
1.969220e-01   1.222707e+00   3.000000e+00
1.987460e-01   1.336158e+00   3.000000e+00
2.005868e-01   1.459711e+00   3.000000e+00
2.024447e-01   1.594226e+00   3.000000e+00
2.043197e-01   1.740634e+00   3.000000e+00
2.062122e-01   1.899938e+00   3.000000e+00
2.081222e-01   2.073226e+00   3.000000e+00
2.100498e-01   2.261671e+00   3.000000e+00
2.119953e-01   2.466539e+00   3.000000e+00
2.139589e-01   2.689198e+00   3.000000e+00
2.159406e-01   2.931124e+00   3.000000e+00
2.179407e-01   3.193910e+00   3.000000e+00
2.199593e-01   3.479273e+00   3.000000e+00
2.219966e-01   3.789066e+00   3.000000e+00
2.240528e-01   4.125285e+00   3.000000e+00
2.261280e-01   4.490082e+00   3.000000e+00
2.282224e-01   4.885774e+00   3.000000e+00
2.303363e-01   5.314860e+00   3.000000e+00
2.324697e-01   5.780028e+00   3.000000e+00
2.346229e-01   6.284171e+00   3.000000e+00
2.367960e-01   6.830404e+00   3.000000e+00
2.389893e-01   7.422079e+00   3.000000e+00
2.412028e-01   8.062800e+00   3.000000e+00
2.434369e-01   8.756441e+00   3.000000e+00
2.456916e-01   9.507168e+00   3.000000e+00
2.479673e-01   1.031946e+01   3.000000e+00
2.502640e-01   1.119812e+01   3.000000e+00
2.525820e-01   1.214833e+01   3.000000e+00
2.549215e-01   1.317562e+01   3.000000e+00
2.572826e-01   1.428595e+01   3.000000e+00
2.596656e-01   1.548571e+01   3.000000e+00
2.620707e-01   1.678177e+01   3.000000e+00
2.644980e-01   1.818147e+01   3.000000e+00
2.669478e-01   1.969269e+01   3.000000e+00
2.694204e-01   2.132390e+01   3.000000e+00
2.719158e-01   2.308416e+01   3.000000e+00
2.744343e-01   2.498317e+01   3.000000e+00
2.769762e-01   2.703134e+01   3.000000e+00
2.795416e-01   2.923980e+01   3.000000e+00
2.821308e-01   3.162046e+01   3.000000e+00
2.847439e-01   3.418611e+01   3.000000e+00
2.873813e-01   3.695038e+01   3.000000e+00
2.900430e-01   3.992789e+01   3.000000e+00
2.927295e-01   4.313426e+01   3.000000e+00
2.954408e-01   4.658619e+01   3.000000e+00
2.981772e-01   5.030154e+01   3.000000e+00
3.009390e-01   5.429938e+01   3.000000e+00
3.037264e-01   5.860011e+01   3.000000e+00
3.065395e-01   6.322549e+01   3.000000e+00
3.093788e-01   6.819876e+01   3.000000e+00
3.122443e-01   7.354476e+01   3.000000e+00
3.151363e-01   7.928996e+01   3.000000e+00
3.180552e-01   8.546262e+01   3.000000e+00
3.210011e-01   9.209290e+01   3.000000e+00
3.239743e-01   9.921295e+01   3.000000e+00
3.269750e-01   1.068570e+02   3.000000e+00
3.300035e-01   1.150617e+02   3.000000e+00
3.330600e-01   1.238659e+02   3.000000e+00
3.361449e-01   1.333110e+02   3.000000e+00
3.392583e-01   1.434413e+02   3.000000e+00
3.424006e-01   1.543039e+02   3.000000e+00
3.455720e-01   1.659487e+02   3.000000e+00
3.487727e-01   1.784292e+02   3.000000e+00
3.520031e-01   1.918019e+02   3.000000e+00
3.552635e-01   2.061273e+02   3.000000e+00
3.585540e-01   2.214695e+02   3.000000e+00
3.618750e-01   2.378967e+02   3.000000e+00
3.652267e-01   2.554815e+02   3.000000e+00
3.686095e-01   2.743009e+02   3.000000e+00
3.720237e-01   2.944368e+02   3.000000e+00
3.754694e-01   3.159762e+02   3.000000e+00
3.789471e-01   3.390114e+02   3.000000e+00
3.824570e-01   3.636406e+02   3.000000e+00
3.859994e-01   3.899678e+02   3.000000e+00
3.895746e-01   4.181035e+02   3.000000e+00
3.931829e-01   4.481648e+02   3.000000e+00
3.968246e-01   4.802762e+02   3.000000e+00
4.005001e-01   5.145694e+02   3.000000e+00
4.042096e-01   5.511842e+02   3.000000e+00
4.079535e-01   5.902687e+02   3.000000e+00
4.117320e-01   6.319799e+02   3.000000e+00
4.155455e-01   6.764841e+02   3.000000e+00
4.193944e-01   7.239574e+02   3.000000e+00
4.232789e-01   7.745865e+02   3.000000e+00
4.271994e-01   8.285687e+02   3.000000e+00
4.311562e-01   8.861131e+02   3.000000e+00
4.351497e-01   9.474408e+02   3.000000e+00
4.391801e-01   1.012786e+03   3.000000e+00
4.432479e-01   1.082396e+03   3.000000e+00
4.473533e-01   1.156533e+03   3.000000e+00
4.514968e-01   1.235473e+03   3.000000e+00
4.556786e-01   1.319509e+03   3.000000e+00
4.598992e-01   1.408950e+03   3.000000e+00
4.641589e-01   1.504122e+03   3.000000e+00
4.684580e-01   1.605371e+03   3.000000e+00
4.727970e-01   1.713061e+03   3.000000e+00
4.771761e-01   1.827576e+03   3.000000e+00
4.815958e-01   1.949322e+03   3.000000e+00
4.860564e-01   2.078728e+03   3.000000e+00
4.905584e-01   2.216245e+03   3.000000e+00
4.951020e-01   2.362351e+03   3.000000e+00
4.996877e-01   2.517549e+03   3.000000e+00
5.043159e-01   2.682367e+03   3.000000e+00
5.089870e-01   2.857367e+03   3.000000e+00
5.137014e-01   3.043135e+03   3.000000e+00
5.184594e-01   3.240294e+03   3.000000e+00
5.232614e-01   3.449497e+03   3.000000e+00
5.281080e-01   3.671432e+03   3.000000e+00
5.329994e-01   3.906825e+03   3.000000e+00
5.379362e-01   4.156439e+03   3.000000e+00
5.429186e-01   4.421077e+03   3.000000e+00
5.479472e-01   4.701586e+03   3.000000e+00
5.530224e-01   4.998855e+03   3.000000e+00
5.581446e-01   5.313819e+03   3.000000e+00
5.633143e-01   5.647462e+03   3.000000e+00
5.685318e-01   6.000820e+03   3.000000e+00
5.737976e-01   6.374980e+03   3.000000e+00
5.791123e-01   6.771084e+03   3.000000e+00
5.844761e-01   7.190335e+03   3.000000e+00
5.898896e-01   7.633993e+03   3.000000e+00
5.953533e-01   8.103383e+03   3.000000e+00
6.008676e-01   8.599899e+03   3.000000e+00
6.064329e-01   9.124999e+03   3.000000e+00
6.120498e-01   9.680219e+03   3.000000e+00
6.177188e-01   1.026717e+04   3.000000e+00
6.234402e-01   1.088753e+04   3.000000e+00
6.292146e-01   1.154308e+04   3.000000e+00
6.350425e-01   1.223568e+04   3.000000e+00
6.409244e-01   1.296727e+04   3.000000e+00
6.468608e-01   1.373990e+04   3.000000e+00
6.528521e-01   1.455570e+04   3.000000e+00
6.588990e-01   1.541692e+04   3.000000e+00
6.650018e-01   1.632591e+04   3.000000e+00
6.711612e-01   1.728512e+04   3.000000e+00
6.773776e-01   1.829715e+04   3.000000e+00
6.836516e-01   1.936468e+04   3.000000e+00
6.899837e-01   2.049054e+04   3.000000e+00
6.963745e-01   2.167770e+04   3.000000e+00
7.028244e-01   2.292923e+04   3.000000e+00
7.093341e-01   2.424839e+04   3.000000e+00
7.159041e-01   2.563856e+04   3.000000e+00
7.225349e-01   2.710328e+04   3.000000e+00
7.292272e-01   2.864625e+04   3.000000e+00
7.359814e-01   3.027135e+04   3.000000e+00
7.427982e-01   3.198262e+04   3.000000e+00
7.496782e-01   3.378429e+04   3.000000e+00
7.566219e-01   3.568079e+04   3.000000e+00
7.636298e-01   3.767671e+04   3.000000e+00
7.707027e-01   3.977690e+04   3.000000e+00
7.778411e-01   4.198637e+04   3.000000e+00
7.850456e-01   4.431038e+04   3.000000e+00
7.923169e-01   4.675442e+04   3.000000e+00
7.996555e-01   4.932421e+04   3.000000e+00
8.070620e-01   5.202571e+04   3.000000e+00
8.145372e-01   5.486517e+04   3.000000e+00
8.220816e-01   5.784908e+04   3.000000e+00
8.296959e-01   6.098421e+04   3.000000e+00
8.373807e-01   6.427762e+04   3.000000e+00
8.451366e-01   6.773668e+04   3.000000e+00
8.529644e-01   7.136906e+04   3.000000e+00
8.608648e-01   7.518276e+04   3.000000e+00
8.688383e-01   7.918611e+04   3.000000e+00
8.768856e-01   8.338777e+04   3.000000e+00
8.850075e-01   8.779680e+04   3.000000e+00
8.932046e-01   9.242259e+04   3.000000e+00
9.014776e-01   9.727494e+04   3.000000e+00
9.098273e-01   1.023640e+05   3.000000e+00
9.182543e-01   1.077005e+05   3.000000e+00
9.267593e-01   1.132954e+05   3.000000e+00
9.353432e-01   1.191601e+05   3.000000e+00
9.440065e-01   1.253066e+05   3.000000e+00
9.527500e-01   1.317474e+05   3.000000e+00
9.615746e-01   1.384954e+05   3.000000e+00
9.704809e-01   1.455639e+05   3.000000e+00
9.794697e-01   1.529669e+05   3.000000e+00
9.885417e-01   1.607189e+05   3.000000e+00
9.976978e-01   1.688349e+05   3.000000e+00
1.006939e+00   1.773307e+05   3.000000e+00
1.016265e+00   1.862223e+05   3.000000e+00
1.025678e+00   1.955268e+05   3.000000e+00
1.035178e+00   2.052616e+05   3.000000e+00
1.044766e+00   2.154449e+05   3.000000e+00
1.054443e+00   2.260955e+05   3.000000e+00
1.064209e+00   2.372331e+05   3.000000e+00
1.074066e+00   2.488778e+05   3.000000e+00
1.084014e+00   2.610509e+05   3.000000e+00
1.094055e+00   2.737740e+05   3.000000e+00
1.104188e+00   2.870700e+05   3.000000e+00
1.114415e+00   3.009622e+05   3.000000e+00
1.124737e+00   3.154749e+05   3.000000e+00
1.135155e+00   3.306335e+05   3.000000e+00
1.145669e+00   3.464640e+05   3.000000e+00
1.156280e+00   3.629935e+05   3.000000e+00
1.166990e+00   3.802501e+05   3.000000e+00
1.177799e+00   3.982627e+05   3.000000e+00
1.188708e+00   4.170616e+05   3.000000e+00
1.199718e+00   4.366777e+05   3.000000e+00
1.210830e+00   4.571434e+05   3.000000e+00
1.222045e+00   4.784919e+05   3.000000e+00
1.233363e+00   5.007579e+05   3.000000e+00
1.244787e+00   5.239769e+05   3.000000e+00
1.256317e+00   5.481860e+05   3.000000e+00
1.267953e+00   5.734233e+05   3.000000e+00
1.279697e+00   5.997283e+05   3.000000e+00
1.291550e+00   6.271419e+05   3.000000e+00
1.303512e+00   6.557062e+05   3.000000e+00
1.315586e+00   6.854650e+05   3.000000e+00
1.327771e+00   7.164632e+05   3.000000e+00
1.340069e+00   7.487475e+05   3.000000e+00
1.352481e+00   7.823659e+05   3.000000e+00
1.365008e+00   8.173683e+05   3.000000e+00
1.377651e+00   8.538058e+05   3.000000e+00
1.390411e+00   8.917315e+05   3.000000e+00
1.403289e+00   9.312001e+05   3.000000e+00
1.416287e+00   9.722680e+05   3.000000e+00
1.429405e+00   1.014994e+06   3.000000e+00
1.442644e+00   1.059437e+06   3.000000e+00
1.456006e+00   1.105660e+06   3.000000e+00
1.469492e+00   1.153727e+06   3.000000e+00
1.483103e+00   1.203703e+06   3.000000e+00
1.496839e+00   1.255658e+06   3.000000e+00
1.510703e+00   1.309660e+06   3.000000e+00
1.524696e+00   1.365783e+06   3.000000e+00
1.538818e+00   1.424100e+06   3.000000e+00
1.553071e+00   1.484689e+06   3.000000e+00
1.567455e+00   1.547628e+06   3.000000e+00
1.581973e+00   1.613000e+06   3.000000e+00
1.596626e+00   1.680888e+06   3.000000e+00
1.611414e+00   1.751379e+06   3.000000e+00
1.626340e+00   1.824561e+06   3.000000e+00
1.641403e+00   1.900527e+06   3.000000e+00
1.656606e+00   1.979370e+06   3.000000e+00
1.671950e+00   2.061189e+06   3.000000e+00
1.687436e+00   2.146082e+06   3.000000e+00
1.703065e+00   2.234153e+06   3.000000e+00
1.718839e+00   2.325507e+06   3.000000e+00
1.734759e+00   2.420253e+06   3.000000e+00
1.750827e+00   2.518503e+06   3.000000e+00
1.767044e+00   2.620373e+06   3.000000e+00
1.783410e+00   2.725979e+06   3.000000e+00
1.799929e+00   2.835445e+06   3.000000e+00
1.816600e+00   2.948895e+06   3.000000e+00
1.833425e+00   3.066456e+06   3.000000e+00
1.850407e+00   3.188262e+06   3.000000e+00
1.867546e+00   3.314448e+06   3.000000e+00
1.884843e+00   3.445152e+06   3.000000e+00
1.902301e+00   3.580518e+06   3.000000e+00
1.919921e+00   3.720693e+06   3.000000e+00
1.937703e+00   3.865827e+06   3.000000e+00
1.955651e+00   4.016075e+06   3.000000e+00
1.973764e+00   4.171596e+06   3.000000e+00
1.992046e+00   4.332552e+06   3.000000e+00
2.010496e+00   4.499111e+06   3.000000e+00
2.029118e+00   4.671444e+06   3.000000e+00
2.047912e+00   4.849728e+06   3.000000e+00
2.066880e+00   5.034142e+06   3.000000e+00
2.086024e+00   5.224872e+06   3.000000e+00
2.105345e+00   5.422106e+06   3.000000e+00
2.124845e+00   5.626041e+06   3.000000e+00
2.144526e+00   5.836874e+06   3.000000e+00
2.164389e+00   6.054811e+06   3.000000e+00
2.184436e+00   6.280059e+06   3.000000e+00
2.204669e+00   6.512835e+06   3.000000e+00
2.225089e+00   6.753357e+06   3.000000e+00
2.245698e+00   7.001850e+06   3.000000e+00
2.266498e+00   7.258545e+06   3.000000e+00
2.287491e+00   7.523678e+06   3.000000e+00
2.308678e+00   7.797490e+06   3.000000e+00
2.330061e+00   8.080227e+06   3.000000e+00
2.351643e+00   8.372144e+06   3.000000e+00
2.373424e+00   8.673499e+06   3.000000e+00
2.395407e+00   8.984556e+06   3.000000e+00
2.417594e+00   9.305588e+06   3.000000e+00
2.439986e+00   9.636870e+06   3.000000e+00
2.462586e+00   9.978687e+06   3.000000e+00
2.485395e+00   1.033133e+07   3.000000e+00
2.508415e+00   1.069509e+07   3.000000e+00
2.531648e+00   1.107027e+07   3.000000e+00
2.555097e+00   1.145719e+07   3.000000e+00
2.578763e+00   1.185616e+07   3.000000e+00
2.602648e+00   1.226750e+07   3.000000e+00
2.626754e+00   1.269155e+07   3.000000e+00
2.651084e+00   1.312863e+07   3.000000e+00
2.675638e+00   1.357910e+07   3.000000e+00
2.700421e+00   1.404331e+07   3.000000e+00
2.725433e+00   1.452162e+07   3.000000e+00
2.750676e+00   1.501439e+07   3.000000e+00
2.776153e+00   1.552200e+07   3.000000e+00
2.801867e+00   1.604483e+07   3.000000e+00
2.827818e+00   1.658328e+07   3.000000e+00
2.854010e+00   1.713773e+07   3.000000e+00
2.880444e+00   1.770861e+07   3.000000e+00
2.907123e+00   1.829631e+07   3.000000e+00
2.934050e+00   1.890127e+07   3.000000e+00
2.961225e+00   1.952391e+07   3.000000e+00
2.988653e+00   2.016468e+07   3.000000e+00
3.016334e+00   2.082402e+07   3.000000e+00
3.044272e+00   2.150239e+07   3.000000e+00
3.072469e+00   2.220026e+07   3.000000e+00
3.100927e+00   2.291810e+07   3.000000e+00
3.129648e+00   2.365639e+07   3.000000e+00
3.158635e+00   2.441563e+07   3.000000e+00
3.187891e+00   2.519632e+07   3.000000e+00
3.217418e+00   2.599898e+07   3.000000e+00
3.247218e+00   2.682411e+07   3.000000e+00
3.277295e+00   2.767226e+07   3.000000e+00
3.307650e+00   2.854396e+07   3.000000e+00
3.338286e+00   2.943976e+07   3.000000e+00
3.369206e+00   3.036022e+07   3.000000e+00
3.400412e+00   3.130592e+07   3.000000e+00
3.431907e+00   3.227742e+07   3.000000e+00
3.463694e+00   3.327533e+07   3.000000e+00
3.495776e+00   3.430023e+07   3.000000e+00
3.528154e+00   3.535275e+07   3.000000e+00
3.560833e+00   3.643350e+07   3.000000e+00
3.593814e+00   3.754310e+07   3.000000e+00
3.627100e+00   3.868221e+07   3.000000e+00
3.660695e+00   3.985148e+07   3.000000e+00
3.694601e+00   4.105156e+07   3.000000e+00
3.728821e+00   4.228314e+07   3.000000e+00
3.763358e+00   4.354689e+07   3.000000e+00
3.798215e+00   4.484352e+07   3.000000e+00
3.833395e+00   4.617372e+07   3.000000e+00
3.868901e+00   4.753823e+07   3.000000e+00
3.904735e+00   4.893775e+07   3.000000e+00
3.940902e+00   5.037305e+07   3.000000e+00
3.977403e+00   5.184487e+07   3.000000e+00
4.014242e+00   5.335396e+07   3.000000e+00
4.051423e+00   5.490112e+07   3.000000e+00
4.088948e+00   5.648712e+07   3.000000e+00
4.126821e+00   5.811276e+07   3.000000e+00
4.165044e+00   5.977885e+07   3.000000e+00
4.203622e+00   6.148622e+07   3.000000e+00
4.242556e+00   6.323569e+07   3.000000e+00
4.281852e+00   6.502812e+07   3.000000e+00
4.321511e+00   6.686436e+07   3.000000e+00
4.361538e+00   6.874528e+07   3.000000e+00
4.401935e+00   7.067176e+07   3.000000e+00
4.442707e+00   7.264469e+07   3.000000e+00
4.483856e+00   7.466499e+07   3.000000e+00
4.525386e+00   7.673356e+07   3.000000e+00
4.567301e+00   7.885135e+07   3.000000e+00
4.609604e+00   8.101929e+07   3.000000e+00
4.652300e+00   8.323833e+07   3.000000e+00
4.695390e+00   8.550945e+07   3.000000e+00
4.738880e+00   8.783363e+07   3.000000e+00
4.782772e+00   9.021185e+07   3.000000e+00
4.827071e+00   9.264512e+07   3.000000e+00
4.871780e+00   9.513446e+07   3.000000e+00
4.916904e+00   9.768090e+07   3.000000e+00
4.962445e+00   1.002855e+08   3.000000e+00
5.008408e+00   1.029492e+08   3.000000e+00
5.054797e+00   1.056733e+08   3.000000e+00
5.101615e+00   1.084587e+08   3.000000e+00
5.148867e+00   1.113065e+08   3.000000e+00
5.196557e+00   1.142178e+08   3.000000e+00
5.244689e+00   1.171938e+08   3.000000e+00
5.293266e+00   1.202356e+08   3.000000e+00
5.342293e+00   1.233443e+08   3.000000e+00
5.391775e+00   1.265211e+08   3.000000e+00
5.441714e+00   1.297671e+08   3.000000e+00
5.492116e+00   1.330835e+08   3.000000e+00
5.542986e+00   1.364716e+08   3.000000e+00
5.594326e+00   1.399325e+08   3.000000e+00
5.646141e+00   1.434674e+08   3.000000e+00
5.698437e+00   1.470776e+08   3.000000e+00
5.751217e+00   1.507643e+08   3.000000e+00
5.804486e+00   1.545287e+08   3.000000e+00
5.858248e+00   1.583722e+08   3.000000e+00
5.912508e+00   1.622960e+08   3.000000e+00
5.967271e+00   1.663014e+08   3.000000e+00
6.022541e+00   1.703896e+08   3.000000e+00
6.078323e+00   1.745621e+08   3.000000e+00
6.134622e+00   1.788200e+08   3.000000e+00
6.191442e+00   1.831649e+08   3.000000e+00
6.248788e+00   1.875979e+08   3.000000e+00
6.306666e+00   1.921205e+08   3.000000e+00
6.365079e+00   1.967341e+08   3.000000e+00
6.424034e+00   2.014400e+08   3.000000e+00
6.483534e+00   2.062396e+08   3.000000e+00
6.543586e+00   2.111343e+08   3.000000e+00
6.604194e+00   2.161255e+08   3.000000e+00
6.665363e+00   2.212147e+08   3.000000e+00
6.727099e+00   2.264033e+08   3.000000e+00
6.789407e+00   2.316928e+08   3.000000e+00
6.852292e+00   2.370845e+08   3.000000e+00
6.915759e+00   2.425801e+08   3.000000e+00
6.979814e+00   2.481809e+08   3.000000e+00
7.044462e+00   2.538884e+08   3.000000e+00
7.109709e+00   2.597041e+08   3.000000e+00
7.175561e+00   2.656297e+08   3.000000e+00
7.242022e+00   2.716664e+08   3.000000e+00
7.309099e+00   2.778160e+08   3.000000e+00
7.376798e+00   2.840799e+08   3.000000e+00
7.445123e+00   2.904597e+08   3.000000e+00
7.514081e+00   2.969569e+08   3.000000e+00
7.583678e+00   3.035732e+08   3.000000e+00
7.653919e+00   3.103100e+08   3.000000e+00
7.724811e+00   3.171689e+08   3.000000e+00
7.796360e+00   3.241516e+08   3.000000e+00
7.868572e+00   3.312597e+08   3.000000e+00
7.941452e+00   3.384947e+08   3.000000e+00
8.015007e+00   3.458583e+08   3.000000e+00
8.089243e+00   3.533520e+08   3.000000e+00
8.164168e+00   3.609776e+08   3.000000e+00
8.239786e+00   3.687366e+08   3.000000e+00
8.316104e+00   3.766307e+08   3.000000e+00
8.393129e+00   3.846616e+08   3.000000e+00
8.470868e+00   3.928309e+08   3.000000e+00
8.549327e+00   4.011402e+08   3.000000e+00
8.628513e+00   4.095912e+08   3.000000e+00
8.708431e+00   4.181857e+08   3.000000e+00
8.789091e+00   4.269252e+08   3.000000e+00
8.870497e+00   4.358115e+08   3.000000e+00
8.952657e+00   4.448463e+08   3.000000e+00
9.035578e+00   4.540312e+08   3.000000e+00
9.119268e+00   4.633679e+08   3.000000e+00
9.203732e+00   4.728582e+08   3.000000e+00
9.288979e+00   4.825037e+08   3.000000e+00
9.375015e+00   4.923062e+08   3.000000e+00
9.461848e+00   5.022674e+08   3.000000e+00
9.549486e+00   5.123890e+08   3.000000e+00
9.637935e+00   5.226727e+08   3.000000e+00
9.727203e+00   5.331202e+08   3.000000e+00
9.817298e+00   5.437333e+08   3.000000e+00
9.908228e+00   5.545136e+08   3.000000e+00
1.000000e+01   5.654630e+08   3.000000e+00
