# C13 + p > N14 + g   [C13_p__N14_g]   ref=NACRE, Xu et al. 2010, 2011
# detailed balance: alpha=1.1913e+10 beta=1.5 gamma=-87.6206  Q=7.5506
# T9                 rate                error
1.000000e-03   1.000000e-35   1.000000e+00
1.009262e-03   9.380088e-36   9.998505e-01
1.018610e-03   8.823222e-36   9.997076e-01
1.028045e-03   8.322271e-36   9.995711e-01
1.037567e-03   7.871036e-36   9.994409e-01
1.047177e-03   7.464114e-36   9.993170e-01
1.056876e-03   7.096790e-36   9.991992e-01
1.066665e-03   6.764939e-36   9.990874e-01
1.076545e-03   6.464949e-36   9.989816e-01
1.086516e-03   6.193649e-36   9.988815e-01
1.096579e-03   5.948250e-36   9.987872e-01
1.106736e-03   5.726300e-36   9.986985e-01
1.116987e-03   5.525634e-36   9.986153e-01
1.127333e-03   5.344342e-36   9.985375e-01
1.137774e-03   5.180736e-36   9.984649e-01
1.148312e-03   5.033323e-36   9.983976e-01
1.158948e-03   4.900780e-36   9.983354e-01
1.169683e-03   4.781935e-36   9.982781e-01
1.180517e-03   4.675748e-36   9.982258e-01
1.191451e-03   4.581298e-36   9.981782e-01
1.202486e-03   4.497767e-36   9.981353e-01
1.213624e-03   4.424430e-36   9.980969e-01
1.224865e-03   4.360644e-36   9.980631e-01
1.236210e-03   4.305839e-36   9.980336e-01
1.247660e-03   4.259511e-36   9.980084e-01
1.259216e-03   4.221217e-36   9.979873e-01
1.270879e-03   4.190562e-36   9.979703e-01
1.282650e-03   4.167204e-36   9.979573e-01
1.294530e-03   4.150840e-36   9.979481e-01
1.306520e-03   4.141207e-36   9.979427e-01
1.318621e-03   4.138078e-36   9.979409e-01
1.330835e-03   4.141256e-36   9.979427e-01
1.343161e-03   4.150574e-36   9.979480e-01
1.355602e-03   4.165891e-36   9.979566e-01
1.368158e-03   4.187089e-36   9.979684e-01
1.380830e-03   4.214073e-36   9.979834e-01
1.393619e-03   4.246769e-36   9.980014e-01
1.406527e-03   4.285117e-36   9.980223e-01
1.419555e-03   4.329076e-36   9.980461e-01
1.432703e-03   4.378620e-36   9.980727e-01
1.445973e-03   4.433736e-36   9.981018e-01
1.459366e-03   4.494421e-36   9.981335e-01
1.472883e-03   4.560686e-36   9.981677e-01
1.486525e-03   4.632549e-36   9.982041e-01
1.500293e-03   4.710036e-36   9.982428e-01
1.514189e-03   4.793180e-36   9.982836e-01
1.528214e-03   4.882020e-36   9.983264e-01
1.542369e-03   4.976600e-36   9.983712e-01
1.556654e-03   5.076965e-36   9.984177e-01
1.571072e-03   5.183163e-36   9.984660e-01
1.585624e-03   5.295242e-36   9.985159e-01
1.600310e-03   5.413248e-36   9.985673e-01
1.615133e-03   5.537226e-36   9.986202e-01
1.630092e-03   5.667215e-36   9.986743e-01
1.645191e-03   5.803250e-36   9.987296e-01
1.660429e-03   5.945357e-36   9.987861e-01
1.675808e-03   6.093555e-36   9.988435e-01
1.691330e-03   6.247850e-36   9.989019e-01
1.706995e-03   6.408235e-36   9.989610e-01
1.722805e-03   6.574690e-36   9.990209e-01
1.738762e-03   6.747178e-36   9.990813e-01
1.754867e-03   6.925641e-36   9.991422e-01
1.771121e-03   7.110002e-36   9.992035e-01
1.787526e-03   7.300160e-36   9.992652e-01
1.804082e-03   7.495988e-36   9.993269e-01
1.820792e-03   7.697333e-36   9.993888e-01
1.837656e-03   7.904011e-36   9.994507e-01
1.854677e-03   8.115804e-36   9.995124e-01
1.871855e-03   8.332463e-36   9.995739e-01
1.889193e-03   8.553699e-36   9.996351e-01
1.906691e-03   8.779187e-36   9.996959e-01
1.924351e-03   9.008559e-36   9.997561e-01
1.942175e-03   9.241406e-36   9.998157e-01
1.960163e-03   9.477275e-36   9.998746e-01
1.978319e-03   9.715664e-36   9.999326e-01
1.996642e-03   9.956029e-36   9.999897e-01
2.015136e-03   1.019777e-35   1.000046e+00
2.033800e-03   1.044026e-35   1.000101e+00
2.052638e-03   1.068279e-35   1.000154e+00
2.071650e-03   1.092462e-35   1.000207e+00
2.090838e-03   1.116497e-35   1.000257e+00
2.110203e-03   1.140301e-35   1.000307e+00
2.129749e-03   1.163785e-35   1.000354e+00
2.149475e-03   1.186857e-35   1.000400e+00
2.169384e-03   1.209421e-35   1.000444e+00
2.189477e-03   1.231377e-35   1.000486e+00
2.209756e-03   1.252621e-35   1.000526e+00
2.230223e-03   1.273048e-35   1.000564e+00
2.250880e-03   1.292550e-35   1.000600e+00
2.271728e-03   1.311016e-35   1.000633e+00
2.292769e-03   1.328336e-35   1.000663e+00
2.314005e-03   1.344398e-35   1.000692e+00
2.335438e-03   1.359094e-35   1.000717e+00
2.357069e-03   1.372312e-35   1.000740e+00
2.378901e-03   1.383947e-35   1.000759e+00
2.400935e-03   1.393896e-35   1.000776e+00
2.423173e-03   1.402059e-35   1.000790e+00
2.445617e-03   1.408342e-35   1.000800e+00
2.468268e-03   1.412658e-35   1.000807e+00
2.491130e-03   1.414927e-35   1.000811e+00
2.514203e-03   1.415077e-35   1.000811e+00
2.537490e-03   1.413046e-35   1.000808e+00
2.560993e-03   1.408780e-35   1.000801e+00
2.584714e-03   1.402239e-35   1.000790e+00
2.608654e-03   1.393394e-35   1.000775e+00
2.632815e-03   1.382228e-35   1.000756e+00
2.657201e-03   1.368737e-35   1.000734e+00
2.681813e-03   1.352933e-35   1.000706e+00
2.706652e-03   1.334841e-35   1.000675e+00
2.731722e-03   1.314500e-35   1.000639e+00
2.757023e-03   1.291963e-35   1.000599e+00
2.782559e-03   1.267301e-35   1.000554e+00
2.808332e-03   1.240594e-35   1.000504e+00
2.834343e-03   1.211941e-35   1.000449e+00
2.860596e-03   1.181452e-35   1.000390e+00
2.887091e-03   1.149249e-35   1.000325e+00
2.913832e-03   1.115467e-35   1.000255e+00
2.940820e-03   1.080252e-35   1.000180e+00
2.968059e-03   1.043758e-35   1.000100e+00
2.995549e-03   1.006149e-35   1.000014e+00
3.023295e-03   9.676428e-36   9.999232e-01
3.051297e-03   9.287582e-36   9.998274e-01
3.079559e-03   8.900756e-36   9.997280e-01
3.108082e-03   8.520983e-36   9.996262e-01
3.136870e-03   8.152539e-36   9.995230e-01
3.165924e-03   7.798989e-36   9.994195e-01
3.195248e-03   7.463248e-36   9.993167e-01
3.224842e-03   7.147651e-36   9.992159e-01
3.254712e-03   6.854041e-36   9.991180e-01
3.284857e-03   6.583848e-36   9.990241e-01
3.315282e-03   6.338177e-36   9.989354e-01
3.345989e-03   6.117901e-36   9.988528e-01
3.376980e-03   5.923737e-36   9.987776e-01
3.408259e-03   5.756337e-36   9.987107e-01
3.439826e-03   5.616370e-36   9.986533e-01
3.471687e-03   5.504603e-36   9.986064e-01
3.503842e-03   5.421995e-36   9.985711e-01
3.536296e-03   5.369784e-36   9.985485e-01
3.569049e-03   5.349595e-36   9.985397e-01
3.602107e-03   5.363563e-36   9.985458e-01
3.635470e-03   5.414471e-36   9.985679e-01
3.669142e-03   5.505930e-36   9.986069e-01
3.703127e-03   5.642601e-36   9.986641e-01
3.737426e-03   5.830471e-36   9.987405e-01
3.772042e-03   6.077230e-36   9.988373e-01
3.806980e-03   6.392741e-36   9.989554e-01
3.842241e-03   6.789690e-36   9.990960e-01
3.877828e-03   7.284438e-36   9.992601e-01
3.913746e-03   7.898182e-36   9.994490e-01
3.949995e-03   8.658551e-36   9.996636e-01
3.986581e-03   9.601788e-36   9.999051e-01
4.023506e-03   1.077436e-35   1.000174e+00
4.060772e-03   1.221653e-35   1.000468e+00
4.098384e-03   1.395965e-35   1.000780e+00
4.136344e-03   1.603293e-35   1.001103e+00
4.174655e-03   1.845885e-35   1.001433e+00
4.213322e-03   2.124672e-35   1.001762e+00
4.252346e-03   2.438462e-35   1.002084e+00
4.291732e-03   2.783039e-35   1.002394e+00
4.331483e-03   3.150236e-35   1.002684e+00
4.371602e-03   3.527195e-35   1.002949e+00
4.412093e-03   3.896010e-35   1.003182e+00
4.452959e-03   4.234057e-35   1.003377e+00
4.494203e-03   4.515244e-35   1.003528e+00
4.535829e-03   4.712327e-35   1.003628e+00
4.577841e-03   4.800218e-35   1.003671e+00
4.620241e-03   4.759921e-35   1.003651e+00
4.663035e-03   4.582406e-35   1.003562e+00
4.706225e-03   4.271536e-35   1.003398e+00
4.749815e-03   3.845150e-35   1.003151e+00
4.793808e-03   3.333671e-35   1.002817e+00
4.838210e-03   2.776223e-35   1.002388e+00
4.883022e-03   2.214879e-35   1.001859e+00
4.928250e-03   1.688307e-35   1.001224e+00
4.973896e-03   1.226310e-35   1.000477e+00
5.019965e-03   8.467084e-36   9.996114e-01
5.066461e-03   5.583241e-36   9.986395e-01
5.113388e-03   3.562766e-36   9.975920e-01
5.160749e-03   2.230403e-36   9.965012e-01
5.208549e-03   1.388739e-36   9.953989e-01
5.256791e-03   8.718578e-37   9.943170e-01
5.305481e-03   5.595064e-37   9.932873e-01
5.354621e-03   3.720876e-37   9.923412e-01
5.404216e-03   2.599636e-37   9.915103e-01
5.454271e-03   1.934432e-37   9.908260e-01
5.504790e-03   1.554228e-37   9.903196e-01
5.555776e-03   1.366917e-37   9.900225e-01
5.607235e-03   1.334083e-37   9.899663e-01
5.659170e-03   1.464816e-37   9.901825e-01
5.711586e-03   1.834379e-37   9.907030e-01
5.764488e-03   2.656119e-37   9.915601e-01
5.817880e-03   4.508216e-37   9.927862e-01
5.871766e-03   9.093001e-37   9.944147e-01
5.926152e-03   2.209538e-36   9.964793e-01
5.981041e-03   6.557434e-36   9.990147e-01
6.036439e-03   2.405028e-35   1.002052e+00
6.092349e-03   1.077851e-34   1.005567e+00
6.148778e-03   5.747955e-34   1.009499e+00
6.205729e-03   3.550813e-33   1.013786e+00
6.263207e-03   2.473698e-32   1.018365e+00
6.321218e-03   1.891970e-31   1.023173e+00
6.379767e-03   1.546589e-30   1.028145e+00
6.438857e-03   1.315445e-29   1.033214e+00
6.498495e-03   1.133320e-28   1.038315e+00
6.558686e-03   9.628488e-28   1.043377e+00
6.619433e-03   7.852975e-27   1.048333e+00
6.680744e-03   5.985838e-26   1.053109e+00
6.742622e-03   4.151211e-25   1.057634e+00
6.805074e-03   2.549929e-24   1.061835e+00
6.868104e-03   1.350607e-23   1.065636e+00
6.931717e-03   6.005126e-23   1.068965e+00
6.995920e-03   2.181984e-22   1.071744e+00
7.060718e-03   6.348498e-22   1.073918e+00
7.126115e-03   1.495284e-21   1.075514e+00
7.192119e-03   2.909759e-21   1.076587e+00
7.258734e-03   4.774405e-21   1.077195e+00
7.325965e-03   6.741533e-21   1.077394e+00
7.393820e-03   8.360332e-21   1.077243e+00
7.462303e-03   9.293129e-21   1.076799e+00
7.531420e-03   9.449794e-21   1.076121e+00
7.601178e-03   8.971248e-21   1.075268e+00
7.671581e-03   8.115248e-21   1.074297e+00
7.742637e-03   7.138671e-21   1.073267e+00
7.814351e-03   6.232292e-21   1.072236e+00
7.886729e-03   5.511139e-21   1.071262e+00
7.959777e-03   5.037863e-21   1.070401e+00
8.033502e-03   4.856567e-21   1.069712e+00
8.107910e-03   4.976224e-21   1.069213e+00
8.183007e-03   5.388008e-21   1.068886e+00
8.258799e-03   6.124432e-21   1.068709e+00
8.335294e-03   7.260466e-21   1.068663e+00
8.412497e-03   8.918171e-21   1.068725e+00
8.490415e-03   1.127590e-20   1.068874e+00
8.569055e-03   1.457951e-20   1.069091e+00
8.648423e-03   1.915147e-20   1.069353e+00
8.728527e-03   2.539103e-20   1.069639e+00
8.809372e-03   3.375433e-20   1.069929e+00
8.890966e-03   4.469934e-20   1.070202e+00
8.973316e-03   5.857968e-20   1.070436e+00
9.056428e-03   7.551152e-20   1.070612e+00
9.140311e-03   9.563560e-20   1.070727e+00
9.224970e-03   1.192466e-19   1.070786e+00
9.310413e-03   1.466876e-19   1.070798e+00
9.396648e-03   1.783868e-19   1.070768e+00
9.483682e-03   2.149092e-19   1.070703e+00
9.571522e-03   2.570224e-19   1.070610e+00
9.660175e-03   3.057817e-19   1.070497e+00
9.749649e-03   3.626417e-19   1.070369e+00
9.839952e-03   4.296061e-19   1.070234e+00
9.931092e-03   5.094370e-19   1.070098e+00
1.002308e-02   6.059486e-19   1.069969e+00
1.011591e-02   7.238216e-19   1.069851e+00
1.020961e-02   8.679186e-19   1.069749e+00
1.030417e-02   1.043990e-18   1.069668e+00
1.039961e-02   1.258931e-18   1.069610e+00
1.049593e-02   1.520946e-18   1.069580e+00
1.059315e-02   1.839713e-18   1.069582e+00
1.069126e-02   2.226533e-18   1.069619e+00
1.079029e-02   2.694443e-18   1.069696e+00
1.089023e-02   3.258276e-18   1.069816e+00
1.099110e-02   3.934631e-18   1.069983e+00
1.109290e-02   4.742227e-18   1.070199e+00
1.119564e-02   5.704676e-18   1.070456e+00
1.129934e-02   6.850736e-18   1.070740e+00
1.140400e-02   8.214640e-18   1.071039e+00
1.150962e-02   9.837214e-18   1.071341e+00
1.161623e-02   1.176726e-17   1.071633e+00
1.172382e-02   1.406324e-17   1.071903e+00
1.183241e-02   1.679538e-17   1.072138e+00
1.194200e-02   2.004822e-17   1.072325e+00
1.205261e-02   2.392374e-17   1.072452e+00
1.216424e-02   2.854233e-17   1.072517e+00
1.227691e-02   3.404459e-17   1.072525e+00
1.239062e-02   4.059702e-17   1.072482e+00
1.250539e-02   4.839676e-17   1.072395e+00
1.262121e-02   5.767710e-17   1.072272e+00
1.273811e-02   6.871388e-17   1.072117e+00
1.285610e-02   8.183296e-17   1.071938e+00
1.297517e-02   9.741901e-17   1.071742e+00
1.309535e-02   1.159255e-16   1.071536e+00
1.321664e-02   1.378845e-16   1.071330e+00
1.333906e-02   1.639202e-16   1.071139e+00
1.346261e-02   1.947640e-16   1.070975e+00
1.358730e-02   2.312721e-16   1.070853e+00
1.371315e-02   2.744449e-16   1.070785e+00
1.384016e-02   3.254490e-16   1.070785e+00
1.396835e-02   3.856433e-16   1.070866e+00
1.409773e-02   4.566109e-16   1.071039e+00
1.422830e-02   5.402295e-16   1.071283e+00
1.436009e-02   6.387222e-16   1.071566e+00
1.449310e-02   7.547054e-16   1.071855e+00
1.462733e-02   8.912606e-16   1.072113e+00
1.476281e-02   1.052020e-15   1.072309e+00
1.489955e-02   1.241268e-15   1.072408e+00
1.503755e-02   1.464060e-15   1.072377e+00
1.517683e-02   1.726304e-15   1.072205e+00
1.531740e-02   2.034802e-15   1.071925e+00
1.545928e-02   2.397462e-15   1.071576e+00
1.560246e-02   2.823478e-15   1.071195e+00
1.574698e-02   3.323519e-15   1.070821e+00
1.589283e-02   3.909951e-15   1.070491e+00
1.604003e-02   4.597082e-15   1.070243e+00
1.618860e-02   5.401559e-15   1.070096e+00
1.633854e-02   6.342910e-15   1.070041e+00
1.648987e-02   7.443872e-15   1.070062e+00
1.664260e-02   8.730894e-15   1.070145e+00
1.679675e-02   1.023473e-14   1.070275e+00
1.695232e-02   1.199114e-14   1.070438e+00
1.710934e-02   1.404170e-14   1.070620e+00
1.726781e-02   1.643470e-14   1.070805e+00
1.742775e-02   1.922631e-14   1.070980e+00
1.758917e-02   2.248176e-14   1.071130e+00
1.775208e-02   2.627685e-14   1.071240e+00
1.791650e-02   3.069966e-14   1.071297e+00
1.808245e-02   3.585248e-14   1.071285e+00
1.824993e-02   4.185350e-14   1.071203e+00
1.841897e-02   4.883893e-14   1.071059e+00
1.858957e-02   5.696616e-14   1.070865e+00
1.876175e-02   6.641692e-14   1.070630e+00
1.893552e-02   7.740091e-14   1.070365e+00
1.911091e-02   9.015993e-14   1.070078e+00
1.928792e-02   1.049726e-13   1.069781e+00
1.946656e-02   1.221595e-13   1.069483e+00
1.964687e-02   1.420897e-13   1.069194e+00
1.982884e-02   1.651872e-13   1.068925e+00
2.001250e-02   1.919390e-13   1.068685e+00
2.019786e-02   2.229047e-13   1.068482e+00
2.038493e-02   2.587292e-13   1.068315e+00
2.057374e-02   3.001538e-13   1.068183e+00
2.076430e-02   3.480299e-13   1.068085e+00
2.095662e-02   4.033347e-13   1.068017e+00
2.115073e-02   4.671895e-13   1.067979e+00
2.134663e-02   5.408801e-13   1.067968e+00
2.154435e-02   6.258806e-13   1.067984e+00
2.174389e-02   7.238800e-13   1.068023e+00
2.194529e-02   8.368128e-13   1.068084e+00
2.214855e-02   9.668938e-13   1.068166e+00
2.235370e-02   1.116658e-12   1.068267e+00
2.256074e-02   1.289004e-12   1.068384e+00
2.276970e-02   1.487247e-12   1.068517e+00
2.298060e-02   1.715177e-12   1.068663e+00
2.319345e-02   1.977124e-12   1.068820e+00
2.340827e-02   2.278033e-12   1.068987e+00
2.362508e-02   2.623549e-12   1.069162e+00
2.384390e-02   3.020116e-12   1.069342e+00
2.406475e-02   3.475083e-12   1.069528e+00
2.428764e-02   3.996835e-12   1.069715e+00
2.451260e-02   4.594926e-12   1.069904e+00
2.473964e-02   5.280248e-12   1.070091e+00
2.496878e-02   6.065207e-12   1.070275e+00
2.520005e-02   6.963927e-12   1.070455e+00
2.543346e-02   7.992466e-12   1.070630e+00
2.566903e-02   9.169071e-12   1.070799e+00
2.590678e-02   1.051448e-11   1.070962e+00
2.614673e-02   1.205227e-11   1.071119e+00
2.638891e-02   1.380918e-11   1.071269e+00
2.663333e-02   1.581558e-11   1.071413e+00
2.688001e-02   1.810594e-11   1.071549e+00
2.712898e-02   2.071931e-11   1.071678e+00
2.738025e-02   2.370000e-11   1.071799e+00
2.763385e-02   2.709817e-11   1.071912e+00
2.788980e-02   3.097065e-11   1.072016e+00
2.814812e-02   3.538177e-11   1.072111e+00
2.840884e-02   4.040432e-11   1.072197e+00
2.867196e-02   4.612060e-11   1.072274e+00
2.893753e-02   5.262369e-11   1.072340e+00
2.920556e-02   6.001873e-11   1.072397e+00
2.947606e-02   6.842450e-11   1.072443e+00
2.974908e-02   7.797508e-11   1.072478e+00
3.002462e-02   8.882178e-11   1.072502e+00
3.030271e-02   1.011353e-10   1.072514e+00
3.058338e-02   1.151082e-10   1.072516e+00
3.086665e-02   1.309575e-10   1.072507e+00
3.115254e-02   1.489278e-10   1.072489e+00
3.144108e-02   1.692946e-10   1.072462e+00
3.173230e-02   1.923680e-10   1.072426e+00
3.202621e-02   2.184970e-10   1.072383e+00
3.232284e-02   2.480743e-10   1.072332e+00
3.262222e-02   2.815413e-10   1.072274e+00
3.292437e-02   3.193944e-10   1.072210e+00
3.322933e-02   3.621909e-10   1.072141e+00
3.353710e-02   4.105572e-10   1.072067e+00
3.384773e-02   4.651963e-10   1.071988e+00
3.416123e-02   5.268970e-10   1.071906e+00
3.447764e-02   5.965444e-10   1.071821e+00
3.479698e-02   6.751307e-10   1.071733e+00
3.511928e-02   7.637683e-10   1.071643e+00
3.544456e-02   8.637034e-10   1.071551e+00
3.577285e-02   9.763318e-10   1.071459e+00
3.610419e-02   1.103216e-09   1.071367e+00
3.643859e-02   1.246105e-09   1.071275e+00
3.677609e-02   1.406955e-09   1.071184e+00
3.711672e-02   1.587954e-09   1.071094e+00
3.746050e-02   1.791547e-09   1.071007e+00
3.780747e-02   2.020466e-09   1.070922e+00
3.815765e-02   2.277764e-09   1.070841e+00
3.851107e-02   2.566849e-09   1.070764e+00
3.886777e-02   2.891524e-09   1.070691e+00
3.922777e-02   3.256032e-09   1.070624e+00
3.959110e-02   3.665107e-09   1.070562e+00
3.995780e-02   4.124024e-09   1.070506e+00
4.032790e-02   4.638664e-09   1.070457e+00
4.070142e-02   5.215576e-09   1.070415e+00
4.107841e-02   5.862053e-09   1.070379e+00
4.145888e-02   6.586213e-09   1.070350e+00
4.184289e-02   7.397091e-09   1.070326e+00
4.223044e-02   8.304733e-09   1.070308e+00
4.262159e-02   9.320311e-09   1.070296e+00
4.301636e-02   1.045624e-08   1.070289e+00
4.341478e-02   1.172632e-08   1.070287e+00
4.381690e-02   1.314588e-08   1.070289e+00
4.422274e-02   1.473191e-08   1.070297e+00
4.463234e-02   1.650332e-08   1.070308e+00
4.504573e-02   1.848103e-08   1.070323e+00
4.546295e-02   2.068828e-08   1.070342e+00
4.588404e-02   2.315082e-08   1.070365e+00
4.630903e-02   2.589720e-08   1.070391e+00
4.673795e-02   2.895903e-08   1.070420e+00
4.717085e-02   3.237133e-08   1.070452e+00
4.760775e-02   3.617284e-08   1.070486e+00
4.804870e-02   4.040648e-08   1.070522e+00
4.849374e-02   4.511969e-08   1.070561e+00
4.894290e-02   5.036495e-08   1.070601e+00
4.939622e-02   5.620025e-08   1.070643e+00
4.985373e-02   6.268971e-08   1.070686e+00
5.031549e-02   6.990413e-08   1.070730e+00
5.078152e-02   7.792180e-08   1.070775e+00
5.125187e-02   8.682918e-08   1.070819e+00
5.172657e-02   9.672175e-08   1.070862e+00
5.220568e-02   1.077049e-07   1.070904e+00
5.268921e-02   1.198949e-07   1.070943e+00
5.317723e-02   1.334200e-07   1.070979e+00
5.366977e-02   1.484217e-07   1.071010e+00
5.416687e-02   1.650560e-07   1.071037e+00
5.466857e-02   1.834947e-07   1.071059e+00
5.517492e-02   2.039272e-07   1.071074e+00
5.568596e-02   2.265622e-07   1.071082e+00
5.620174e-02   2.516295e-07   1.071083e+00
5.672229e-02   2.793820e-07   1.071075e+00
5.724766e-02   3.100983e-07   1.071058e+00
5.777790e-02   3.440847e-07   1.071030e+00
5.831305e-02   3.816783e-07   1.070993e+00
5.885316e-02   4.232500e-07   1.070943e+00
5.939827e-02   4.692075e-07   1.070882e+00
5.994843e-02   5.199988e-07   1.070808e+00
6.050368e-02   5.761162e-07   1.070720e+00
6.106408e-02   6.380971e-07   1.070621e+00
6.162966e-02   7.065297e-07   1.070512e+00
6.220049e-02   7.820582e-07   1.070397e+00
6.277660e-02   8.653878e-07   1.070276e+00
6.335805e-02   9.572900e-07   1.070153e+00
6.394488e-02   1.058608e-06   1.070031e+00
6.453715e-02   1.170265e-06   1.069910e+00
6.513491e-02   1.293268e-06   1.069794e+00
6.573820e-02   1.428715e-06   1.069684e+00
6.634708e-02   1.577808e-06   1.069584e+00
6.696160e-02   1.741853e-06   1.069495e+00
6.758181e-02   1.922279e-06   1.069420e+00
6.820777e-02   2.120638e-06   1.069361e+00
6.883952e-02   2.338621e-06   1.069320e+00
6.947713e-02   2.578069e-06   1.069300e+00
7.012064e-02   2.840982e-06   1.069302e+00
7.077011e-02   3.129550e-06   1.069329e+00
7.142559e-02   3.446191e-06   1.069375e+00
7.208715e-02   3.793553e-06   1.069439e+00
7.275484e-02   4.174533e-06   1.069517e+00
7.342870e-02   4.592295e-06   1.069606e+00
7.410882e-02   5.050301e-06   1.069701e+00
7.479523e-02   5.552334e-06   1.069799e+00
7.548799e-02   6.102534e-06   1.069898e+00
7.618718e-02   6.705427e-06   1.069993e+00
7.689284e-02   7.365967e-06   1.070081e+00
7.760503e-02   8.089570e-06   1.070159e+00
7.832383e-02   8.882165e-06   1.070224e+00
7.904928e-02   9.750241e-06   1.070270e+00
7.978145e-02   1.070090e-05   1.070297e+00
8.052040e-02   1.174190e-05   1.070299e+00
8.126619e-02   1.288155e-05   1.070280e+00
8.201889e-02   1.412873e-05   1.070242e+00
8.277857e-02   1.549308e-05   1.070190e+00
8.354528e-02   1.698504e-05   1.070129e+00
8.431909e-02   1.861587e-05   1.070063e+00
8.510007e-02   2.039776e-05   1.069995e+00
8.588829e-02   2.234385e-05   1.069930e+00
8.668380e-02   2.446832e-05   1.069873e+00
8.748668e-02   2.678645e-05   1.069827e+00
8.829700e-02   2.931469e-05   1.069796e+00
8.911482e-02   3.207072e-05   1.069785e+00
8.994022e-02   3.507353e-05   1.069798e+00
9.077327e-02   3.834366e-05   1.069838e+00
9.161402e-02   4.190396e-05   1.069900e+00
9.246257e-02   4.577947e-05   1.069979e+00
9.331898e-02   4.999740e-05   1.070067e+00
9.418332e-02   5.458732e-05   1.070159e+00
9.505566e-02   5.958138e-05   1.070248e+00
9.593608e-02   6.501455e-05   1.070327e+00
9.682466e-02   7.092486e-05   1.070391e+00
9.772147e-02   7.735370e-05   1.070433e+00
9.862658e-02   8.434613e-05   1.070447e+00
9.954008e-02   9.195121e-05   1.070426e+00
1.004620e-01   1.002223e-04   1.070364e+00
1.013925e-01   1.092161e-04   1.070262e+00
1.023317e-01   1.189924e-04   1.070129e+00
1.032795e-01   1.296153e-04   1.069974e+00
1.042361e-01   1.411538e-04   1.069805e+00
1.052015e-01   1.536820e-04   1.069631e+00
1.061759e-01   1.672791e-04   1.069461e+00
1.071593e-01   1.820303e-04   1.069303e+00
1.081519e-01   1.980263e-04   1.069167e+00
1.091536e-01   2.153647e-04   1.069060e+00
1.101646e-01   2.341492e-04   1.068992e+00
1.111850e-01   2.544917e-04   1.068969e+00
1.122148e-01   2.765140e-04   1.068990e+00
1.132541e-01   3.003471e-04   1.069055e+00
1.143031e-01   3.261315e-04   1.069163e+00
1.153618e-01   3.540180e-04   1.069313e+00
1.164303e-01   3.841682e-04   1.069503e+00
1.175087e-01   4.167556e-04   1.069733e+00
1.185971e-01   4.519658e-04   1.070002e+00
1.196956e-01   4.899977e-04   1.070309e+00
1.208042e-01   5.310655e-04   1.070651e+00
1.219231e-01   5.754097e-04   1.071015e+00
1.230524e-01   6.232973e-04   1.071379e+00
1.241921e-01   6.750199e-04   1.071722e+00
1.253424e-01   7.308953e-04   1.072024e+00
1.265034e-01   7.912708e-04   1.072263e+00
1.276751e-01   8.565261e-04   1.072419e+00
1.288576e-01   9.270768e-04   1.072469e+00
1.300511e-01   1.003378e-03   1.072394e+00
1.312557e-01   1.085914e-03   1.072182e+00
1.324714e-01   1.175157e-03   1.071858e+00
1.336984e-01   1.271595e-03   1.071456e+00
1.349367e-01   1.375743e-03   1.071007e+00
1.361865e-01   1.488144e-03   1.070544e+00
1.374479e-01   1.609363e-03   1.070100e+00
1.387210e-01   1.739996e-03   1.069707e+00
1.400058e-01   1.880660e-03   1.069399e+00
1.413026e-01   2.032015e-03   1.069199e+00
1.426114e-01   2.194823e-03   1.069098e+00
1.439323e-01   2.369915e-03   1.069081e+00
1.452654e-01   2.558183e-03   1.069132e+00
1.466109e-01   2.760583e-03   1.069233e+00
1.479688e-01   2.978140e-03   1.069369e+00
1.493393e-01   3.211954e-03   1.069524e+00
1.507225e-01   3.463206e-03   1.069681e+00
1.521186e-01   3.733165e-03   1.069834e+00
1.535275e-01   4.023195e-03   1.069982e+00
1.549495e-01   4.334763e-03   1.070125e+00
1.563847e-01   4.669445e-03   1.070265e+00
1.578331e-01   5.028936e-03   1.070402e+00
1.592950e-01   5.415059e-03   1.070536e+00
1.607704e-01   5.829774e-03   1.070669e+00
1.622595e-01   6.275151e-03   1.070798e+00
1.637624e-01   6.753378e-03   1.070923e+00
1.652792e-01   7.266789e-03   1.071040e+00
1.668101e-01   7.817876e-03   1.071148e+00
1.683551e-01   8.409304e-03   1.071245e+00
1.699144e-01   9.043917e-03   1.071328e+00
1.714882e-01   9.724752e-03   1.071395e+00
1.730766e-01   1.045505e-02   1.071444e+00
1.746796e-01   1.123827e-02   1.071473e+00
1.762975e-01   1.207812e-02   1.071479e+00
1.779304e-01   1.297852e-02   1.071461e+00
1.795785e-01   1.394369e-02   1.071416e+00
1.812418e-01   1.497810e-02   1.071343e+00
1.829205e-01   1.608649e-02   1.071243e+00
1.846147e-01   1.727386e-02   1.071123e+00
1.863246e-01   1.854553e-02   1.070986e+00
1.880504e-01   1.990715e-02   1.070838e+00
1.897922e-01   2.136471e-02   1.070683e+00
1.915501e-01   2.292456e-02   1.070525e+00
1.933242e-01   2.459345e-02   1.070370e+00
1.951148e-01   2.637851e-02   1.070223e+00
1.969220e-01   2.828733e-02   1.070087e+00
1.987460e-01   3.032790e-02   1.069969e+00
2.005868e-01   3.250871e-02   1.069872e+00
2.024447e-01   3.483888e-02   1.069799e+00
2.043197e-01   3.732835e-02   1.069748e+00
2.062122e-01   3.998773e-02   1.069719e+00
2.081222e-01   4.282837e-02   1.069709e+00
2.100498e-01   4.586237e-02   1.069717e+00
2.119953e-01   4.910264e-02   1.069741e+00
2.139589e-01   5.256299e-02   1.069780e+00
2.159406e-01   5.625814e-02   1.069831e+00
2.179407e-01   6.020383e-02   1.069894e+00
2.199593e-01   6.441687e-02   1.069967e+00
2.219966e-01   6.891525e-02   1.070048e+00
2.240528e-01   7.371815e-02   1.070135e+00
2.261280e-01   7.884613e-02   1.070227e+00
2.282224e-01   8.432114e-02   1.070323e+00
2.303363e-01   9.016667e-02   1.070420e+00
2.324697e-01   9.640785e-02   1.070517e+00
2.346229e-01   1.030716e-01   1.070613e+00
2.367960e-01   1.101866e-01   1.070706e+00
2.389893e-01   1.177838e-01   1.070794e+00
2.412028e-01   1.258962e-01   1.070875e+00
2.434369e-01   1.345591e-01   1.070948e+00
2.456916e-01   1.438104e-01   1.071012e+00
2.479673e-01   1.536908e-01   1.071064e+00
2.502640e-01   1.642437e-01   1.071104e+00
2.525820e-01   1.755160e-01   1.071129e+00
2.549215e-01   1.875585e-01   1.071142e+00
2.572826e-01   2.004257e-01   1.071143e+00
2.596656e-01   2.141764e-01   1.071132e+00
2.620707e-01   2.288740e-01   1.071112e+00
2.644980e-01   2.445865e-01   1.071083e+00
2.669478e-01   2.613875e-01   1.071047e+00
2.694204e-01   2.793561e-01   1.071004e+00
2.719158e-01   2.985777e-01   1.070956e+00
2.744343e-01   3.191445e-01   1.070904e+00
2.769762e-01   3.411561e-01   1.070848e+00
2.795416e-01   3.647198e-01   1.070791e+00
2.821308e-01   3.899518e-01   1.070732e+00
2.847439e-01   4.169777e-01   1.070674e+00
2.873813e-01   4.459332e-01   1.070617e+00
2.900430e-01   4.769653e-01   1.070562e+00
2.927295e-01   5.102331e-01   1.070511e+00
2.954408e-01   5.459089e-01   1.070464e+00
2.981772e-01   5.841794e-01   1.070423e+00
3.009390e-01   6.252473e-01   1.070389e+00
3.037264e-01   6.693335e-01   1.070363e+00
3.065395e-01   7.166803e-01   1.070343e+00
3.093788e-01   7.675516e-01   1.070330e+00
3.122443e-01   8.222351e-01   1.070324e+00
3.151363e-01   8.810445e-01   1.070325e+00
3.180552e-01   9.443222e-01   1.070331e+00
3.210011e-01   1.012442e+00   1.070344e+00
3.239743e-01   1.085812e+00   1.070362e+00
3.269750e-01   1.164880e+00   1.070385e+00
3.300035e-01   1.250133e+00   1.070414e+00
3.330600e-01   1.342107e+00   1.070447e+00
3.361449e-01   1.441389e+00   1.070485e+00
3.392583e-01   1.548622e+00   1.070528e+00
3.424006e-01   1.664512e+00   1.070574e+00
3.455720e-01   1.789833e+00   1.070625e+00
3.487727e-01   1.925437e+00   1.070679e+00
3.520031e-01   2.072260e+00   1.070736e+00
3.552635e-01   2.231298e+00   1.070796e+00
3.585540e-01   2.403615e+00   1.070859e+00
3.618750e-01   2.590369e+00   1.070924e+00
3.652267e-01   2.792825e+00   1.070992e+00
3.686095e-01   3.012358e+00   1.071061e+00
3.720237e-01   3.250468e+00   1.071131e+00
3.754694e-01   3.508788e+00   1.071203e+00
3.789471e-01   3.789099e+00   1.071276e+00
3.824570e-01   4.093342e+00   1.071349e+00
3.859994e-01   4.423630e+00   1.071422e+00
3.895746e-01   4.782270e+00   1.071495e+00
3.931829e-01   5.171771e+00   1.071567e+00
3.968246e-01   5.594871e+00   1.071639e+00
4.005001e-01   6.054553e+00   1.071709e+00
4.042096e-01   6.554034e+00   1.071779e+00
4.079535e-01   7.096716e+00   1.071845e+00
4.117320e-01   7.686257e+00   1.071909e+00
4.155455e-01   8.326601e+00   1.071968e+00
4.193944e-01   9.021994e+00   1.072023e+00
4.232789e-01   9.777005e+00   1.072073e+00
4.271994e-01   1.059654e+01   1.072116e+00
4.311562e-01   1.148588e+01   1.072151e+00
4.351497e-01   1.245067e+01   1.072179e+00
4.391801e-01   1.349697e+01   1.072198e+00
4.432479e-01   1.463124e+01   1.072208e+00
4.473533e-01   1.586039e+01   1.072207e+00
4.514968e-01   1.719181e+01   1.072194e+00
4.556786e-01   1.863339e+01   1.072172e+00
4.598992e-01   2.019365e+01   1.072142e+00
4.641589e-01   2.188166e+01   1.072108e+00
4.684580e-01   2.370710e+01   1.072074e+00
4.727970e-01   2.568026e+01   1.072042e+00
4.771761e-01   2.781206e+01   1.072016e+00
4.815958e-01   3.011409e+01   1.072000e+00
4.860564e-01   3.259863e+01   1.071997e+00
4.905584e-01   3.527865e+01   1.072009e+00
4.951020e-01   3.816783e+01   1.072041e+00
4.996877e-01   4.128062e+01   1.072095e+00
5.043159e-01   4.463225e+01   1.072175e+00
5.089870e-01   4.823917e+01   1.072278e+00
5.137014e-01   5.211886e+01   1.072403e+00
5.184594e-01   5.628979e+01   1.072545e+00
5.232614e-01   6.077145e+01   1.072702e+00
5.281080e-01   6.558438e+01   1.072872e+00
5.329994e-01   7.075022e+01   1.073052e+00
5.379362e-01   7.629169e+01   1.073239e+00
5.429186e-01   8.223268e+01   1.073430e+00
5.479472e-01   8.859823e+01   1.073622e+00
5.530224e-01   9.541454e+01   1.073813e+00
5.581446e-01   1.027091e+02   1.073999e+00
5.633143e-01   1.105104e+02   1.074179e+00
5.685318e-01   1.188484e+02   1.074349e+00
5.737976e-01   1.277541e+02   1.074506e+00
5.791123e-01   1.372599e+02   1.074648e+00
5.844761e-01   1.473992e+02   1.074772e+00
5.898896e-01   1.582067e+02   1.074875e+00
5.953533e-01   1.697182e+02   1.074954e+00
6.008676e-01   1.819708e+02   1.075006e+00
6.064329e-01   1.950030e+02   1.075031e+00
6.120498e-01   2.088560e+02   1.075028e+00
6.177188e-01   2.235727e+02   1.075001e+00
6.234402e-01   2.391979e+02   1.074952e+00
6.292146e-01   2.557777e+02   1.074881e+00
6.350425e-01   2.733599e+02   1.074792e+00
6.409244e-01   2.919942e+02   1.074685e+00
6.468608e-01   3.117317e+02   1.074564e+00
6.528521e-01   3.326254e+02   1.074430e+00
6.588990e-01   3.547297e+02   1.074285e+00
6.650018e-01   3.781010e+02   1.074131e+00
6.711612e-01   4.027970e+02   1.073970e+00
6.773776e-01   4.288774e+02   1.073804e+00
6.836516e-01   4.564033e+02   1.073635e+00
6.899837e-01   4.854375e+02   1.073464e+00
6.963745e-01   5.160442e+02   1.073295e+00
7.028244e-01   5.482893e+02   1.073128e+00
7.093341e-01   5.822380e+02   1.072965e+00
7.159041e-01   6.179542e+02   1.072808e+00
7.225349e-01   6.555014e+02   1.072658e+00
7.292272e-01   6.949436e+02   1.072515e+00
7.359814e-01   7.363440e+02   1.072382e+00
7.427982e-01   7.797658e+02   1.072260e+00
7.496782e-01   8.252709e+02   1.072149e+00
7.566219e-01   8.729205e+02   1.072050e+00
7.636298e-01   9.227742e+02   1.071966e+00
7.707027e-01   9.748902e+02   1.071897e+00
7.778411e-01   1.029324e+03   1.071845e+00
7.850456e-01   1.086130e+03   1.071811e+00
7.923169e-01   1.145358e+03   1.071795e+00
7.996555e-01   1.207056e+03   1.071799e+00
8.070620e-01   1.271273e+03   1.071825e+00
8.145372e-01   1.338077e+03   1.071869e+00
8.220816e-01   1.407547e+03   1.071930e+00
8.296959e-01   1.479760e+03   1.072005e+00
8.373807e-01   1.554802e+03   1.072092e+00
8.451366e-01   1.632759e+03   1.072188e+00
8.529644e-01   1.713722e+03   1.072291e+00
8.608648e-01   1.797786e+03   1.072398e+00
8.688383e-01   1.885049e+03   1.072508e+00
8.768856e-01   1.975617e+03   1.072617e+00
8.850075e-01   2.069599e+03   1.072723e+00
8.932046e-01   2.167110e+03   1.072823e+00
9.014776e-01   2.268273e+03   1.072916e+00
9.098273e-01   2.373198e+03   1.072999e+00
9.182543e-01   2.481962e+03   1.073073e+00
9.267593e-01   2.594631e+03   1.073138e+00
9.353432e-01   2.711267e+03   1.073195e+00
9.440065e-01   2.831929e+03   1.073243e+00
9.527500e-01   2.956668e+03   1.073285e+00
9.615746e-01   3.085530e+03   1.073319e+00
9.704809e-01   3.218557e+03   1.073348e+00
9.794697e-01   3.355780e+03   1.073370e+00
9.885417e-01   3.497227e+03   1.073386e+00
9.976978e-01   3.642914e+03   1.073398e+00
1.006939e+00   3.792855e+03   1.073405e+00
1.016265e+00   3.947085e+03   1.073408e+00
1.025678e+00   4.105649e+03   1.073406e+00
1.035178e+00   4.268594e+03   1.073401e+00
1.044766e+00   4.435962e+03   1.073393e+00
1.054443e+00   4.607794e+03   1.073380e+00
1.064209e+00   4.784132e+03   1.073365e+00
1.074066e+00   4.965012e+03   1.073347e+00
1.084014e+00   5.150470e+03   1.073326e+00
1.094055e+00   5.340543e+03   1.073302e+00
1.104188e+00   5.535262e+03   1.073276e+00
1.114415e+00   5.734659e+03   1.073247e+00
1.124737e+00   5.938763e+03   1.073217e+00
1.135155e+00   6.147603e+03   1.073185e+00
1.145669e+00   6.361205e+03   1.073152e+00
1.156280e+00   6.579594e+03   1.073117e+00
1.166990e+00   6.802795e+03   1.073081e+00
1.177799e+00   7.030830e+03   1.073044e+00
1.188708e+00   7.263719e+03   1.073007e+00
1.199718e+00   7.501485e+03   1.072969e+00
1.210830e+00   7.744144e+03   1.072931e+00
1.222045e+00   7.991717e+03   1.072893e+00
1.233363e+00   8.244220e+03   1.072855e+00
1.244787e+00   8.501670e+03   1.072817e+00
1.256317e+00   8.764082e+03   1.072780e+00
1.267953e+00   9.031447e+03   1.072743e+00
1.279697e+00   9.303731e+03   1.072708e+00
1.291550e+00   9.580892e+03   1.072672e+00
1.303512e+00   9.862883e+03   1.072638e+00
1.315586e+00   1.014965e+04   1.072604e+00
1.327771e+00   1.044114e+04   1.072571e+00
1.340069e+00   1.073728e+04   1.072539e+00
1.352481e+00   1.103800e+04   1.072507e+00
1.365008e+00   1.134321e+04   1.072476e+00
1.377651e+00   1.165285e+04   1.072446e+00
1.390411e+00   1.196680e+04   1.072416e+00
1.403289e+00   1.228498e+04   1.072388e+00
1.416287e+00   1.260728e+04   1.072359e+00
1.429405e+00   1.293358e+04   1.072332e+00
1.442644e+00   1.326377e+04   1.072305e+00
1.456006e+00   1.359772e+04   1.072279e+00
1.469492e+00   1.393529e+04   1.072254e+00
1.483103e+00   1.427635e+04   1.072229e+00
1.496839e+00   1.462075e+04   1.072205e+00
1.510703e+00   1.496835e+04   1.072182e+00
1.524696e+00   1.531905e+04   1.072159e+00
1.538818e+00   1.567279e+04   1.072137e+00
1.553071e+00   1.602952e+04   1.072114e+00
1.567455e+00   1.638919e+04   1.072090e+00
1.581973e+00   1.675175e+04   1.072065e+00
1.596626e+00   1.711714e+04   1.072038e+00
1.611414e+00   1.748533e+04   1.072009e+00
1.626340e+00   1.785628e+04   1.071978e+00
1.641403e+00   1.822995e+04   1.071944e+00
1.656606e+00   1.860632e+04   1.071907e+00
1.671950e+00   1.898536e+04   1.071867e+00
1.687436e+00   1.936706e+04   1.071822e+00
1.703065e+00   1.975139e+04   1.071773e+00
1.718839e+00   2.013835e+04   1.071720e+00
1.734759e+00   2.052794e+04   1.071661e+00
1.750827e+00   2.092016e+04   1.071597e+00
1.767044e+00   2.131500e+04   1.071526e+00
1.783410e+00   2.171233e+04   1.071451e+00
1.799929e+00   2.211203e+04   1.071371e+00
1.816600e+00   2.251394e+04   1.071286e+00
1.833425e+00   2.291792e+04   1.071198e+00
1.850407e+00   2.332381e+04   1.071107e+00
1.867546e+00   2.373147e+04   1.071014e+00
1.884843e+00   2.414072e+04   1.070918e+00
1.902301e+00   2.455141e+04   1.070822e+00
1.919921e+00   2.496337e+04   1.070724e+00
1.937703e+00   2.537643e+04   1.070627e+00
1.955651e+00   2.579040e+04   1.070530e+00
1.973764e+00   2.620511e+04   1.070434e+00
1.992046e+00   2.662038e+04   1.070340e+00
2.010496e+00   2.703602e+04   1.070248e+00
2.029118e+00   2.745188e+04   1.070158e+00
2.047912e+00   2.786786e+04   1.070071e+00
2.066880e+00   2.828383e+04   1.069986e+00
2.086024e+00   2.869969e+04   1.069902e+00
2.105345e+00   2.911532e+04   1.069821e+00
2.124845e+00   2.953064e+04   1.069742e+00
2.144526e+00   2.994552e+04   1.069664e+00
2.164389e+00   3.035986e+04   1.069587e+00
2.184436e+00   3.077358e+04   1.069512e+00
2.204669e+00   3.118656e+04   1.069439e+00
2.225089e+00   3.159872e+04   1.069366e+00
2.245698e+00   3.200996e+04   1.069295e+00
2.266498e+00   3.242019e+04   1.069224e+00
2.287491e+00   3.282933e+04   1.069154e+00
2.308678e+00   3.323728e+04   1.069085e+00
2.330061e+00   3.364398e+04   1.069017e+00
2.351643e+00   3.404933e+04   1.068949e+00
2.373424e+00   3.445328e+04   1.068881e+00
2.395407e+00   3.485573e+04   1.068814e+00
2.417594e+00   3.525663e+04   1.068746e+00
2.439986e+00   3.565591e+04   1.068679e+00
2.462586e+00   3.605351e+04   1.068611e+00
2.485395e+00   3.644936e+04   1.068543e+00
2.508415e+00   3.684341e+04   1.068475e+00
2.531648e+00   3.723560e+04   1.068406e+00
2.555097e+00   3.762580e+04   1.068337e+00
2.578763e+00   3.801393e+04   1.068267e+00
2.602648e+00   3.839986e+04   1.068197e+00
2.626754e+00   3.878351e+04   1.068127e+00
2.651084e+00   3.916477e+04   1.068057e+00
2.675638e+00   3.954354e+04   1.067986e+00
2.700421e+00   3.991972e+04   1.067915e+00
2.725433e+00   4.029322e+04   1.067843e+00
2.750676e+00   4.066394e+04   1.067772e+00
2.776153e+00   4.103179e+04   1.067701e+00
2.801867e+00   4.139667e+04   1.067629e+00
2.827818e+00   4.175850e+04   1.067557e+00
2.854010e+00   4.211719e+04   1.067486e+00
2.880444e+00   4.247265e+04   1.067414e+00
2.907123e+00   4.282481e+04   1.067343e+00
2.934050e+00   4.317356e+04   1.067271e+00
2.961225e+00   4.351885e+04   1.067200e+00
2.988653e+00   4.386058e+04   1.067129e+00
3.016334e+00   4.419870e+04   1.067058e+00
3.044272e+00   4.453318e+04   1.066988e+00
3.072469e+00   4.486408e+04   1.066917e+00
3.100927e+00   4.519146e+04   1.066847e+00
3.129648e+00   4.551539e+04   1.066776e+00
3.158635e+00   4.583591e+04   1.066706e+00
3.187891e+00   4.615312e+04   1.066635e+00
3.217418e+00   4.646708e+04   1.066564e+00
3.247218e+00   4.677788e+04   1.066493e+00
3.277295e+00   4.708562e+04   1.066422e+00
3.307650e+00   4.739037e+04   1.066350e+00
3.338286e+00   4.769225e+04   1.066278e+00
3.369206e+00   4.799135e+04   1.066206e+00
3.400412e+00   4.828779e+04   1.066133e+00
3.431907e+00   4.858168e+04   1.066059e+00
3.463694e+00   4.887314e+04   1.065985e+00
3.495776e+00   4.916229e+04   1.065910e+00
3.528154e+00   4.944923e+04   1.065834e+00
3.560833e+00   4.973394e+04   1.065758e+00
3.593814e+00   5.001634e+04   1.065681e+00
3.627100e+00   5.029634e+04   1.065604e+00
3.660695e+00   5.057388e+04   1.065526e+00
3.694601e+00   5.084885e+04   1.065449e+00
3.728821e+00   5.112119e+04   1.065371e+00
3.763358e+00   5.139082e+04   1.065294e+00
3.798215e+00   5.165765e+04   1.065217e+00
3.833395e+00   5.192160e+04   1.065141e+00
3.868901e+00   5.218259e+04   1.065065e+00
3.904735e+00   5.244055e+04   1.064990e+00
3.940902e+00   5.269538e+04   1.064917e+00
3.977403e+00   5.294700e+04   1.064844e+00
4.014242e+00   5.319535e+04   1.064773e+00
4.051423e+00   5.344039e+04   1.064703e+00
4.088948e+00   5.368218e+04   1.064634e+00
4.126821e+00   5.392078e+04   1.064566e+00
4.165044e+00   5.415627e+04   1.064499e+00
4.203622e+00   5.438871e+04   1.064433e+00
4.242556e+00   5.461816e+04   1.064368e+00
4.281852e+00   5.484472e+04   1.064304e+00
4.321511e+00   5.506844e+04   1.064239e+00
4.361538e+00   5.528942e+04   1.064176e+00
4.401935e+00   5.550773e+04   1.064112e+00
4.442707e+00   5.572346e+04   1.064049e+00
4.483856e+00   5.593669e+04   1.063986e+00
4.525386e+00   5.614750e+04   1.063923e+00
4.567301e+00   5.635600e+04   1.063859e+00
4.609604e+00   5.656227e+04   1.063795e+00
4.652300e+00   5.676641e+04   1.063731e+00
4.695390e+00   5.696851e+04   1.063666e+00
4.738880e+00   5.716867e+04   1.063601e+00
4.782772e+00   5.736699e+04   1.063534e+00
4.827071e+00   5.756358e+04   1.063467e+00
4.871780e+00   5.775853e+04   1.063399e+00
4.916904e+00   5.795196e+04   1.063329e+00
4.962445e+00   5.814396e+04   1.063259e+00
5.008408e+00   5.833466e+04   1.063187e+00
5.054797e+00   5.852412e+04   1.063113e+00
5.101615e+00   5.871234e+04   1.063039e+00
5.148867e+00   5.889930e+04   1.062964e+00
5.196557e+00   5.908498e+04   1.062889e+00
5.244689e+00   5.926936e+04   1.062814e+00
5.293266e+00   5.945241e+04   1.062740e+00
5.342293e+00   5.963413e+04   1.062667e+00
5.391775e+00   5.981449e+04   1.062595e+00
5.441714e+00   5.999348e+04   1.062525e+00
5.492116e+00   6.017106e+04   1.062457e+00
5.542986e+00   6.034723e+04   1.062392e+00
5.594326e+00   6.052197e+04   1.062330e+00
5.646141e+00   6.069525e+04   1.062271e+00
5.698437e+00   6.086706e+04   1.062217e+00
5.751217e+00   6.103738e+04   1.062166e+00
5.804486e+00   6.120619e+04   1.062120e+00
5.858248e+00   6.137346e+04   1.062079e+00
5.912508e+00   6.153919e+04   1.062044e+00
5.967271e+00   6.170335e+04   1.062015e+00
6.022541e+00   6.186593e+04   1.061991e+00
6.078323e+00   6.202692e+04   1.061974e+00
6.134622e+00   6.218632e+04   1.061963e+00
6.191442e+00   6.234414e+04   1.061955e+00
6.248788e+00   6.250040e+04   1.061952e+00
6.306666e+00   6.265510e+04   1.061951e+00
6.365079e+00   6.280825e+04   1.061953e+00
6.424034e+00   6.295986e+04   1.061956e+00
6.483534e+00   6.310995e+04   1.061960e+00
6.543586e+00   6.325852e+04   1.061963e+00
6.604194e+00   6.340558e+04   1.061965e+00
6.665363e+00   6.355115e+04   1.061965e+00
6.727099e+00   6.369523e+04   1.061962e+00
6.789407e+00   6.383784e+04   1.061956e+00
6.852292e+00   6.397900e+04   1.061946e+00
6.915759e+00   6.411871e+04   1.061930e+00
6.979814e+00   6.425698e+04   1.061908e+00
7.044462e+00   6.439383e+04   1.061880e+00
7.109709e+00   6.452921e+04   1.061846e+00
7.175561e+00   6.466306e+04   1.061807e+00
7.242022e+00   6.479529e+04   1.061766e+00
7.309099e+00   6.492584e+04   1.061724e+00
7.376798e+00   6.505462e+04   1.061682e+00
7.445123e+00   6.518157e+04   1.061643e+00
7.514081e+00   6.530661e+04   1.061608e+00
7.583678e+00   6.542967e+04   1.061578e+00
7.653919e+00   6.555066e+04   1.061556e+00
7.724811e+00   6.566952e+04   1.061542e+00
7.796360e+00   6.578617e+04   1.061539e+00
7.868572e+00   6.590053e+04   1.061548e+00
7.941452e+00   6.601252e+04   1.061571e+00
8.015007e+00   6.612207e+04   1.061609e+00
8.089243e+00   6.622913e+04   1.061663e+00
8.164168e+00   6.633374e+04   1.061731e+00
8.239786e+00   6.643593e+04   1.061811e+00
8.316104e+00   6.653575e+04   1.061900e+00
8.393129e+00   6.663323e+04   1.061995e+00
8.470868e+00   6.672842e+04   1.062095e+00
8.549327e+00   6.682136e+04   1.062198e+00
8.628513e+00   6.691209e+04   1.062300e+00
8.708431e+00   6.700066e+04   1.062400e+00
8.789091e+00   6.708710e+04   1.062495e+00
8.870497e+00   6.717146e+04   1.062582e+00
8.952657e+00   6.725380e+04   1.062660e+00
9.035578e+00   6.733414e+04   1.062727e+00
9.119268e+00   6.741254e+04   1.062779e+00
9.203732e+00   6.748905e+04   1.062814e+00
9.288979e+00   6.756370e+04   1.062831e+00
9.375015e+00   6.763656e+04   1.062826e+00
9.461848e+00   6.770765e+04   1.062798e+00
9.549486e+00   6.777703e+04   1.062743e+00
9.637935e+00   6.784476e+04   1.062661e+00
9.727203e+00   6.791087e+04   1.062547e+00
9.817298e+00   6.797541e+04   1.062401e+00
9.908228e+00   6.803844e+04   1.062219e+00
1.000000e+01   6.810000e+04   1.062000e+00
