# O14 + a > F17 + p   [O14_a__F17_p]   ref=Bardayan& Smith 1997
# forward[T9] = With[{T932=T9^(3/2),T923=T9^(2/3),T913=T9^(1/3),T943=T9^(4/3),T953=T9^(5/3)}, With[{offset=1.330*^5/T932*Exp[-11.86/T9]+8.42*^-47*T932*Exp[-0.453/T9]+6.74*^4/T932*Exp[-13.60/T9]+1.21*^7/T932*Exp[-22.51/T9]+1.26*^8/T932*Exp[-26.00/T9]}, (offset+If[T9<1, 7.906*^15/T923*Exp[-40.33/T913]*(1.-1.884*^1*T913+2.446*^2*T923-7.735*^2*T9+9.485*^2*T943-3.961*^2*T953),0])]]   uncertainty factor f = 3
# T9                 rate                error
1.000000e-03   4.911038e-158   3.000000e+00
1.009262e-03   1.688656e-157   3.000000e+00
1.018610e-03   5.784487e-157   3.000000e+00
1.028045e-03   1.974012e-156   3.000000e+00
1.037567e-03   6.711205e-156   3.000000e+00
1.047177e-03   2.273120e-155   3.000000e+00
1.056876e-03   7.670437e-155   3.000000e+00
1.066665e-03   2.578688e-154   3.000000e+00
1.076545e-03   8.637010e-154   3.000000e+00
1.086516e-03   2.882165e-153   3.000000e+00
1.096579e-03   9.582302e-153   3.000000e+00
1.106736e-03   3.174106e-152   3.000000e+00
1.116987e-03   1.047559e-151   3.000000e+00
1.127333e-03   3.444657e-151   3.000000e+00
1.137774e-03   1.128570e-150   3.000000e+00
1.148312e-03   3.684098e-150   3.000000e+00
1.158948e-03   1.198281e-149   3.000000e+00
1.169683e-03   3.883430e-149   3.000000e+00
1.180517e-03   1.254027e-148   3.000000e+00
1.191451e-03   4.034944e-148   3.000000e+00
1.202486e-03   1.293636e-147   3.000000e+00
1.213624e-03   4.132712e-147   3.000000e+00
1.224865e-03   1.315563e-146   3.000000e+00
1.236210e-03   4.172981e-146   3.000000e+00
1.247660e-03   1.318997e-145   3.000000e+00
1.259216e-03   4.154404e-145   3.000000e+00
1.270879e-03   1.303905e-144   3.000000e+00
1.282650e-03   4.078118e-144   3.000000e+00
1.294530e-03   1.271028e-143   3.000000e+00
1.306520e-03   3.947631e-143   3.000000e+00
1.318621e-03   1.221824e-142   3.000000e+00
1.330835e-03   3.768565e-142   3.000000e+00
1.343161e-03   1.158359e-141   3.000000e+00
1.355602e-03   3.548255e-141   3.000000e+00
1.368158e-03   1.083167e-140   3.000000e+00
1.380830e-03   3.295259e-140   3.000000e+00
1.393619e-03   9.990832e-140   3.000000e+00
1.406527e-03   3.018814e-139   3.000000e+00
1.419555e-03   9.090716e-139   3.000000e+00
1.432703e-03   2.728295e-138   3.000000e+00
1.445973e-03   8.160572e-138   3.000000e+00
1.459366e-03   2.432710e-137   3.000000e+00
1.472883e-03   7.227779e-137   3.000000e+00
1.486525e-03   2.140271e-136   3.000000e+00
1.500293e-03   6.316644e-136   3.000000e+00
1.514189e-03   1.858070e-135   3.000000e+00
1.528214e-03   5.447539e-135   3.000000e+00
1.542369e-03   1.591862e-134   3.000000e+00
1.556654e-03   4.636411e-134   3.000000e+00
1.571072e-03   1.345965e-133   3.000000e+00
1.585624e-03   3.894626e-133   3.000000e+00
1.600310e-03   1.123264e-132   3.000000e+00
1.615133e-03   3.229137e-132   3.000000e+00
1.630092e-03   9.253031e-132   3.000000e+00
1.645191e-03   2.642887e-131   3.000000e+00
1.660429e-03   7.524447e-131   3.000000e+00
1.675808e-03   2.135385e-130   3.000000e+00
1.691330e-03   6.040706e-130   3.000000e+00
1.706995e-03   1.703387e-129   3.000000e+00
1.722805e-03   4.788033e-129   3.000000e+00
1.738762e-03   1.341601e-128   3.000000e+00
1.754867e-03   3.747283e-128   3.000000e+00
1.771121e-03   1.043375e-127   3.000000e+00
1.787526e-03   2.896005e-127   3.000000e+00
1.804082e-03   8.013043e-127   3.000000e+00
1.820792e-03   2.210237e-126   3.000000e+00
1.837656e-03   6.077538e-126   3.000000e+00
1.854677e-03   1.665973e-125   3.000000e+00
1.871855e-03   4.552648e-125   3.000000e+00
1.889193e-03   1.240280e-124   3.000000e+00
1.906691e-03   3.368521e-124   3.000000e+00
1.924351e-03   9.120666e-124   3.000000e+00
1.942175e-03   2.461987e-123   3.000000e+00
1.960163e-03   6.625535e-123   3.000000e+00
1.978319e-03   1.777608e-122   3.000000e+00
1.996642e-03   4.754831e-122   3.000000e+00
2.015136e-03   1.268008e-121   3.000000e+00
2.033800e-03   3.371328e-121   3.000000e+00
2.052638e-03   8.936671e-121   3.000000e+00
2.071650e-03   2.361840e-120   3.000000e+00
2.090838e-03   6.223417e-120   3.000000e+00
2.110203e-03   1.634990e-119   3.000000e+00
2.129749e-03   4.282655e-119   3.000000e+00
2.149475e-03   1.118476e-118   3.000000e+00
2.169384e-03   2.912457e-118   3.000000e+00
2.189477e-03   7.561637e-118   3.000000e+00
2.209756e-03   1.957489e-117   3.000000e+00
2.230223e-03   5.052590e-117   3.000000e+00
2.250880e-03   1.300360e-116   3.000000e+00
2.271728e-03   3.336968e-116   3.000000e+00
2.292769e-03   8.538528e-116   3.000000e+00
2.314005e-03   2.178514e-115   3.000000e+00
2.335438e-03   5.542276e-115   3.000000e+00
2.357069e-03   1.405950e-114   3.000000e+00
2.378901e-03   3.556390e-114   3.000000e+00
2.400935e-03   8.970371e-114   3.000000e+00
2.423173e-03   2.256196e-113   3.000000e+00
2.445617e-03   5.658643e-113   3.000000e+00
2.468268e-03   1.415209e-112   3.000000e+00
2.491130e-03   3.529437e-112   3.000000e+00
2.514203e-03   8.777493e-112   3.000000e+00
2.537490e-03   2.176805e-111   3.000000e+00
2.560993e-03   5.383394e-111   3.000000e+00
2.584714e-03   1.327652e-110   3.000000e+00
2.608654e-03   3.265179e-110   3.000000e+00
2.632815e-03   8.008083e-110   3.000000e+00
2.657201e-03   1.958630e-109   3.000000e+00
2.681813e-03   4.777295e-109   3.000000e+00
2.706652e-03   1.162041e-108   3.000000e+00
2.731722e-03   2.818861e-108   3.000000e+00
2.757023e-03   6.819347e-108   3.000000e+00
2.782559e-03   1.645251e-107   3.000000e+00
2.808332e-03   3.958635e-107   3.000000e+00
2.834343e-03   9.499182e-107   3.000000e+00
2.860596e-03   2.273306e-106   3.000000e+00
2.887091e-03   5.425806e-106   3.000000e+00
2.913832e-03   1.291542e-105   3.000000e+00
2.940820e-03   3.066159e-105   3.000000e+00
2.968059e-03   7.259819e-105   3.000000e+00
2.995549e-03   1.714374e-104   3.000000e+00
3.023295e-03   4.037730e-104   3.000000e+00
3.051297e-03   9.484725e-104   3.000000e+00
3.079559e-03   2.222139e-103   3.000000e+00
3.108082e-03   5.192544e-103   3.000000e+00
3.136870e-03   1.210194e-102   3.000000e+00
3.165924e-03   2.813192e-102   3.000000e+00
3.195248e-03   6.522536e-102   3.000000e+00
3.224842e-03   1.508377e-101   3.000000e+00
3.254712e-03   3.479227e-101   3.000000e+00
3.284857e-03   8.004584e-101   3.000000e+00
3.315282e-03   1.836882e-100   3.000000e+00
3.345989e-03   4.204490e-100   3.000000e+00
3.376980e-03   9.599280e-100   3.000000e+00
3.408259e-03   2.186052e-99   3.000000e+00
3.439826e-03   4.965719e-99   3.000000e+00
3.471687e-03   1.125141e-98   3.000000e+00
3.503842e-03   2.542952e-98   3.000000e+00
3.536296e-03   5.732965e-98   3.000000e+00
3.569049e-03   1.289239e-97   3.000000e+00
3.602107e-03   2.892039e-97   3.000000e+00
3.635470e-03   6.471342e-97   3.000000e+00
3.669142e-03   1.444467e-96   3.000000e+00
3.703127e-03   3.216229e-96   3.000000e+00
3.737426e-03   7.143578e-96   3.000000e+00
3.772042e-03   1.582768e-95   3.000000e+00
3.806980e-03   3.498282e-95   3.000000e+00
3.842241e-03   7.713143e-95   3.000000e+00
3.877828e-03   1.696486e-94   3.000000e+00
3.913746e-03   3.722330e-94   3.000000e+00
3.949995e-03   8.147570e-94   3.000000e+00
3.986581e-03   1.779071e-93   3.000000e+00
4.023506e-03   3.875374e-93   3.000000e+00
4.060772e-03   8.421553e-93   3.000000e+00
4.098384e-03   1.825712e-92   3.000000e+00
4.136344e-03   3.948542e-92   3.000000e+00
4.174655e-03   8.519402e-92   3.000000e+00
4.213322e-03   1.833801e-91   3.000000e+00
4.252346e-03   3.937943e-91   3.000000e+00
4.291732e-03   8.436525e-91   3.000000e+00
4.331483e-03   1.803176e-90   3.000000e+00
4.371602e-03   3.844994e-90   3.000000e+00
4.412093e-03   8.179745e-90   3.000000e+00
4.452959e-03   1.736094e-89   3.000000e+00
4.494203e-03   3.676202e-89   3.000000e+00
4.535829e-03   7.766422e-89   3.000000e+00
4.577841e-03   1.636972e-88   3.000000e+00
4.620241e-03   3.442415e-88   3.000000e+00
4.663035e-03   7.222541e-88   3.000000e+00
4.706225e-03   1.511905e-87   3.000000e+00
4.749815e-03   3.157692e-87   3.000000e+00
4.793808e-03   6.580045e-87   3.000000e+00
4.838210e-03   1.368059e-86   3.000000e+00
4.883022e-03   2.837921e-86   3.000000e+00
4.928250e-03   5.873794e-86   3.000000e+00
4.973896e-03   1.213006e-85   3.000000e+00
5.019965e-03   2.499399e-85   3.000000e+00
5.066461e-03   5.138543e-85   3.000000e+00
5.113388e-03   1.054093e-84   3.000000e+00
5.160749e-03   2.157522e-84   3.000000e+00
5.208549e-03   4.406278e-84   3.000000e+00
5.256791e-03   8.979078e-84   3.000000e+00
5.305481e-03   1.825735e-83   3.000000e+00
5.354621e-03   3.704183e-83   3.000000e+00
5.404216e-03   7.498926e-83   3.000000e+00
5.454271e-03   1.514817e-82   3.000000e+00
5.504790e-03   3.053365e-82   3.000000e+00
5.555776e-03   6.141259e-82   3.000000e+00
5.607235e-03   1.232534e-81   3.000000e+00
5.659170e-03   2.468348e-81   3.000000e+00
5.711586e-03   4.932673e-81   3.000000e+00
5.764488e-03   9.836245e-81   3.000000e+00
5.817880e-03   1.957268e-80   3.000000e+00
5.871766e-03   3.886406e-80   3.000000e+00
5.926152e-03   7.700614e-80   3.000000e+00
5.981041e-03   1.522596e-79   3.000000e+00
6.036439e-03   3.004200e-79   3.000000e+00
6.092349e-03   5.915081e-79   3.000000e+00
6.148778e-03   1.162205e-78   3.000000e+00
6.205729e-03   2.278757e-78   3.000000e+00
6.263207e-03   4.458706e-78   3.000000e+00
6.321218e-03   8.705990e-78   3.000000e+00
6.379767e-03   1.696401e-77   3.000000e+00
6.438857e-03   3.298701e-77   3.000000e+00
6.498495e-03   6.401235e-77   3.000000e+00
6.558686e-03   1.239635e-76   3.000000e+00
6.619433e-03   2.395720e-76   3.000000e+00
6.680744e-03   4.620541e-76   3.000000e+00
6.742622e-03   8.893383e-76   3.000000e+00
6.805074e-03   1.708289e-75   3.000000e+00
6.868104e-03   3.274751e-75   3.000000e+00
6.931717e-03   6.264994e-75   3.000000e+00
6.995920e-03   1.196166e-74   3.000000e+00
7.060718e-03   2.279254e-74   3.000000e+00
7.126115e-03   4.334385e-74   3.000000e+00
7.192119e-03   8.226186e-74   3.000000e+00
7.258734e-03   1.558147e-73   3.000000e+00
7.325965e-03   2.945503e-73   3.000000e+00
7.393820e-03   5.557184e-73   3.000000e+00
7.462303e-03   1.046398e-72   3.000000e+00
7.531420e-03   1.966473e-72   3.000000e+00
7.601178e-03   3.688341e-72   3.000000e+00
7.671581e-03   6.904444e-72   3.000000e+00
7.742637e-03   1.289981e-71   3.000000e+00
7.814351e-03   2.405457e-71   3.000000e+00
7.886729e-03   4.476865e-71   3.000000e+00
7.959777e-03   8.316013e-71   3.000000e+00
8.033502e-03   1.541784e-70   3.000000e+00
8.107910e-03   2.852999e-70   3.000000e+00
8.183007e-03   5.269290e-70   3.000000e+00
8.258799e-03   9.713533e-70   3.000000e+00
8.335294e-03   1.787227e-69   3.000000e+00
8.412497e-03   3.282175e-69   3.000000e+00
8.490415e-03   6.016252e-69   3.000000e+00
8.569055e-03   1.100715e-68   3.000000e+00
8.648423e-03   2.010069e-68   3.000000e+00
8.728527e-03   3.663840e-68   3.000000e+00
8.809372e-03   6.665827e-68   3.000000e+00
8.890966e-03   1.210503e-67   3.000000e+00
8.973316e-03   2.194192e-67   3.000000e+00
9.056428e-03   3.969926e-67   3.000000e+00
9.140311e-03   7.169549e-67   3.000000e+00
9.224970e-03   1.292425e-66   3.000000e+00
9.310413e-03   2.325546e-66   3.000000e+00
9.396648e-03   4.176894e-66   3.000000e+00
9.483682e-03   7.488469e-66   3.000000e+00
9.571522e-03   1.340127e-65   3.000000e+00
9.660175e-03   2.393949e-65   3.000000e+00
9.749649e-03   4.268760e-65   3.000000e+00
9.839952e-03   7.598173e-65   3.000000e+00
9.931092e-03   1.350018e-64   3.000000e+00
1.002308e-02   2.394390e-64   3.000000e+00
1.011591e-02   4.239139e-64   3.000000e+00
1.020961e-02   7.491871e-64   3.000000e+00
1.030417e-02   1.321706e-63   3.000000e+00
1.039961e-02   2.327630e-63   3.000000e+00
1.049593e-02   4.091944e-63   3.000000e+00
1.059315e-02   7.180990e-63   3.000000e+00
1.069126e-02   1.257999e-62   3.000000e+00
1.079029e-02   2.199984e-62   3.000000e+00
1.089023e-02   3.840649e-62   3.000000e+00
1.099110e-02   6.693261e-62   3.000000e+00
1.109290e-02   1.164451e-61   3.000000e+00
1.119564e-02   2.022353e-61   3.000000e+00
1.129934e-02   3.506289e-61   3.000000e+00
1.140400e-02   6.068695e-61   3.000000e+00
1.150962e-02   1.048581e-60   3.000000e+00
1.161623e-02   1.808716e-60   3.000000e+00
1.172382e-02   3.114599e-60   3.000000e+00
1.183241e-02   5.354264e-60   3.000000e+00
1.194200e-02   9.188940e-60   3.000000e+00
1.205261e-02   1.574350e-59   3.000000e+00
1.216424e-02   2.692834e-59   3.000000e+00
1.227691e-02   4.598248e-59   3.000000e+00
1.239062e-02   7.838843e-59   3.000000e+00
1.250539e-02   1.334106e-58   3.000000e+00
1.262121e-02   2.266783e-58   3.000000e+00
1.273811e-02   3.845145e-58   3.000000e+00
1.285610e-02   6.511795e-58   3.000000e+00
1.297517e-02   1.100972e-57   3.000000e+00
1.309535e-02   1.858410e-57   3.000000e+00
1.321664e-02   3.131831e-57   3.000000e+00
1.333906e-02   5.269253e-57   3.000000e+00
1.346261e-02   8.851070e-57   3.000000e+00
1.358730e-02   1.484364e-56   3.000000e+00
1.371315e-02   2.485338e-56   3.000000e+00
1.384016e-02   4.154632e-56   3.000000e+00
1.396835e-02   6.934002e-56   3.000000e+00
1.409773e-02   1.155425e-55   3.000000e+00
1.422830e-02   1.922242e-55   3.000000e+00
1.436009e-02   3.192898e-55   3.000000e+00
1.449310e-02   5.295103e-55   3.000000e+00
1.462733e-02   8.767554e-55   3.000000e+00
1.476281e-02   1.449437e-54   3.000000e+00
1.489955e-02   2.392427e-54   3.000000e+00
1.503755e-02   3.942747e-54   3.000000e+00
1.517683e-02   6.487567e-54   3.000000e+00
1.531740e-02   1.065834e-53   3.000000e+00
1.545928e-02   1.748333e-53   3.000000e+00
1.560246e-02   2.863436e-53   3.000000e+00
1.574698e-02   4.682542e-53   3.000000e+00
1.589283e-02   7.645548e-53   3.000000e+00
1.604003e-02   1.246437e-52   3.000000e+00
1.618860e-02   2.028938e-52   3.000000e+00
1.633854e-02   3.297661e-52   3.000000e+00
1.648987e-02   5.351603e-52   3.000000e+00
1.664260e-02   8.671704e-52   3.000000e+00
1.679675e-02   1.403039e-51   3.000000e+00
1.695232e-02   2.266634e-51   3.000000e+00
1.710934e-02   3.656298e-51   3.000000e+00
1.726781e-02   5.889145e-51   3.000000e+00
1.742775e-02   9.471424e-51   3.000000e+00
1.758917e-02   1.521012e-50   3.000000e+00
1.775208e-02   2.438968e-50   3.000000e+00
1.791650e-02   3.905151e-50   3.000000e+00
1.808245e-02   6.243519e-50   3.000000e+00
1.824993e-02   9.967427e-50   3.000000e+00
1.841897e-02   1.588914e-49   3.000000e+00
1.858957e-02   2.529202e-49   3.000000e+00
1.876175e-02   4.020076e-49   3.000000e+00
1.893552e-02   6.380496e-49   3.000000e+00
1.911091e-02   1.011221e-48   3.000000e+00
1.928792e-02   1.600334e-48   3.000000e+00
1.946656e-02   2.529009e-48   3.000000e+00
1.964687e-02   3.990864e-48   3.000000e+00
1.982884e-02   6.288721e-48   3.000000e+00
2.001250e-02   9.895513e-48   3.000000e+00
2.019786e-02   1.554879e-47   3.000000e+00
2.038493e-02   2.439716e-47   3.000000e+00
2.057374e-02   3.822681e-47   3.000000e+00
2.076430e-02   5.981149e-47   3.000000e+00
2.095662e-02   9.345250e-47   3.000000e+00
2.115073e-02   1.458105e-46   3.000000e+00
2.134663e-02   2.271851e-46   3.000000e+00
2.154435e-02   3.534809e-46   3.000000e+00
2.174389e-02   5.492234e-46   3.000000e+00
2.194529e-02   8.521789e-46   3.000000e+00
2.214855e-02   1.320423e-45   3.000000e+00
2.235370e-02   2.043136e-45   3.000000e+00
2.256074e-02   3.157081e-45   3.000000e+00
2.276970e-02   4.871692e-45   3.000000e+00
2.298060e-02   7.507260e-45   3.000000e+00
2.319345e-02   1.155293e-44   3.000000e+00
2.340827e-02   1.775473e-44   3.000000e+00
2.362508e-02   2.724888e-44   3.000000e+00
2.384390e-02   4.176357e-44   3.000000e+00
2.406475e-02   6.392383e-44   3.000000e+00
2.428764e-02   9.771155e-44   3.000000e+00
2.451260e-02   1.491587e-43   3.000000e+00
2.473964e-02   2.273906e-43   3.000000e+00
2.496878e-02   3.461941e-43   3.000000e+00
2.520005e-02   5.263703e-43   3.000000e+00
2.543346e-02   7.992628e-43   3.000000e+00
2.566903e-02   1.212037e-42   3.000000e+00
2.590678e-02   1.835574e-42   3.000000e+00
2.614673e-02   2.776257e-42   3.000000e+00
2.638891e-02   4.193535e-42   3.000000e+00
2.663333e-02   6.326097e-42   3.000000e+00
2.688001e-02   9.530767e-42   3.000000e+00
2.712898e-02   1.434029e-41   3.000000e+00
2.738025e-02   2.154904e-41   3.000000e+00
2.763385e-02   3.233994e-41   3.000000e+00
2.788980e-02   4.847231e-41   3.000000e+00
2.814812e-02   7.255925e-41   3.000000e+00
2.840884e-02   1.084772e-40   3.000000e+00
2.867196e-02   1.619689e-40   3.000000e+00
2.893753e-02   2.415320e-40   3.000000e+00
2.920556e-02   3.597236e-40   3.000000e+00
2.947606e-02   5.350766e-40   3.000000e+00
2.974908e-02   7.949090e-40   3.000000e+00
3.002462e-02   1.179437e-39   3.000000e+00
3.030271e-02   1.747793e-39   3.000000e+00
3.058338e-02   2.586808e-39   3.000000e+00
3.086665e-02   3.823836e-39   3.000000e+00
3.115254e-02   5.645426e-39   3.000000e+00
3.144108e-02   8.324500e-39   3.000000e+00
3.173230e-02   1.225985e-38   3.000000e+00
3.202621e-02   1.803346e-38   3.000000e+00
3.232284e-02   2.649364e-38   3.000000e+00
3.262222e-02   3.887537e-38   3.000000e+00
3.292437e-02   5.697432e-38   3.000000e+00
3.322933e-02   8.339827e-38   3.000000e+00
3.353710e-02   1.219298e-37   3.000000e+00
3.384773e-02   1.780487e-37   3.000000e+00
3.416123e-02   2.596845e-37   3.000000e+00
3.447764e-02   3.782966e-37   3.000000e+00
3.479698e-02   5.504273e-37   3.000000e+00
3.511928e-02   7.999261e-37   3.000000e+00
3.544456e-02   1.161138e-36   3.000000e+00
3.577285e-02   1.683462e-36   3.000000e+00
3.610419e-02   2.437866e-36   3.000000e+00
3.643859e-02   3.526183e-36   3.000000e+00
3.677609e-02   5.094363e-36   3.000000e+00
3.711672e-02   7.351338e-36   3.000000e+00
3.746050e-02   1.059585e-35   3.000000e+00
3.780747e-02   1.525457e-35   3.000000e+00
3.815765e-02   2.193613e-35   3.000000e+00
3.851107e-02   3.150775e-35   3.000000e+00
3.886777e-02   4.520368e-35   3.000000e+00
3.922777e-02   6.477844e-35   3.000000e+00
3.959110e-02   9.272333e-35   3.000000e+00
3.995780e-02   1.325717e-34   3.000000e+00
4.032790e-02   1.893291e-34   3.000000e+00
4.070142e-02   2.700786e-34   3.000000e+00
4.107841e-02   3.848316e-34   3.000000e+00
4.145888e-02   5.477220e-34   3.000000e+00
4.184289e-02   7.786822e-34   3.000000e+00
4.223044e-02   1.105789e-33   3.000000e+00
4.262159e-02   1.568547e-33   3.000000e+00
4.301636e-02   2.222480e-33   3.000000e+00
4.341478e-02   3.145534e-33   3.000000e+00
4.381690e-02   4.447013e-33   3.000000e+00
4.422274e-02   6.280028e-33   3.000000e+00
4.463234e-02   8.858807e-33   3.000000e+00
4.504573e-02   1.248277e-32   3.000000e+00
4.546295e-02   1.756991e-32   3.000000e+00
4.588404e-02   2.470320e-32   3.000000e+00
4.630903e-02   3.469467e-32   3.000000e+00
4.673795e-02   4.867432e-32   3.000000e+00
4.717085e-02   6.821279e-32   3.000000e+00
4.760775e-02   9.549091e-32   3.000000e+00
4.804870e-02   1.335334e-31   3.000000e+00
4.849374e-02   1.865309e-31   3.000000e+00
4.894290e-02   2.602831e-31   3.000000e+00
4.939622e-02   3.628081e-31   3.000000e+00
4.985373e-02   5.051788e-31   3.000000e+00
5.031549e-02   7.026706e-31   3.000000e+00
5.078152e-02   9.763336e-31   3.000000e+00
5.125187e-02   1.355146e-30   3.000000e+00
5.172657e-02   1.878954e-30   3.000000e+00
5.220568e-02   2.602498e-30   3.000000e+00
5.268921e-02   3.600891e-30   3.000000e+00
5.317723e-02   4.977097e-30   3.000000e+00
5.366977e-02   6.872111e-30   3.000000e+00
5.416687e-02   9.478804e-30   3.000000e+00
5.466857e-02   1.306073e-29   3.000000e+00
5.517492e-02   1.797768e-29   3.000000e+00
5.568596e-02   2.472026e-29   3.000000e+00
5.620174e-02   3.395682e-29   3.000000e+00
5.672229e-02   4.659690e-29   3.000000e+00
5.724766e-02   6.387697e-29   3.000000e+00
5.777790e-02   8.747627e-29   3.000000e+00
5.831305e-02   1.196730e-28   3.000000e+00
5.885316e-02   1.635548e-28   3.000000e+00
5.939827e-02   2.233022e-28   3.000000e+00
5.994843e-02   3.045697e-28   3.000000e+00
6.050368e-02   4.149977e-28   3.000000e+00
6.106408e-02   5.648994e-28   3.000000e+00
6.162966e-02   7.681824e-28   3.000000e+00
6.220049e-02   1.043582e-27   3.000000e+00
6.277660e-02   1.416314e-27   3.000000e+00
6.335805e-02   1.920279e-27   3.000000e+00
6.394488e-02   2.601010e-27   3.000000e+00
6.453715e-02   3.519606e-27   3.000000e+00
6.513491e-02   4.757971e-27   3.000000e+00
6.573820e-02   6.425790e-27   3.000000e+00
6.634708e-02   8.669808e-27   3.000000e+00
6.696160e-02   1.168616e-26   3.000000e+00
6.758181e-02   1.573676e-26   3.000000e+00
6.820777e-02   2.117098e-26   3.000000e+00
6.883952e-02   2.845443e-26   3.000000e+00
6.947713e-02   3.820706e-26   3.000000e+00
7.012064e-02   5.125349e-26   3.000000e+00
7.077011e-02   6.868952e-26   3.000000e+00
7.142559e-02   9.197000e-26   3.000000e+00
7.208715e-02   1.230246e-25   3.000000e+00
7.275484e-02   1.644101e-25   3.000000e+00
7.342870e-02   2.195118e-25   3.000000e+00
7.410882e-02   2.928067e-25   3.000000e+00
7.479523e-02   3.902106e-25   3.000000e+00
7.548799e-02   5.195336e-25   3.000000e+00
7.618718e-02   6.910759e-25   3.000000e+00
7.689284e-02   9.184106e-25   3.000000e+00
7.760503e-02   1.219406e-24   3.000000e+00
7.832383e-02   1.617563e-24   3.000000e+00
7.904928e-02   2.143763e-24   3.000000e+00
7.978145e-02   2.838551e-24   3.000000e+00
8.052040e-02   3.755104e-24   3.000000e+00
8.126619e-02   4.963110e-24   3.000000e+00
8.201889e-02   6.553811e-24   3.000000e+00
8.277857e-02   8.646557e-24   3.000000e+00
8.354528e-02   1.139733e-23   3.000000e+00
8.431909e-02   1.500980e-23   3.000000e+00
8.510007e-02   1.974968e-23   3.000000e+00
8.588829e-02   2.596329e-23   3.000000e+00
8.668380e-02   3.410164e-23   3.000000e+00
8.748668e-02   4.475153e-23   3.000000e+00
8.829700e-02   5.867579e-23   3.000000e+00
8.911482e-02   7.686522e-23   3.000000e+00
8.994022e-02   1.006055e-22   3.000000e+00
9.077327e-02   1.315638e-22   3.000000e+00
9.161402e-02   1.718995e-22   3.000000e+00
9.246257e-02   2.244078e-22   3.000000e+00
9.331898e-02   2.927033e-22   3.000000e+00
9.418332e-02   3.814566e-22   3.000000e+00
9.505566e-02   4.966973e-22   3.000000e+00
9.593608e-02   6.462029e-22   3.000000e+00
9.682466e-02   8.399970e-22   3.000000e+00
9.772147e-02   1.090988e-21   3.000000e+00
9.862658e-02   1.415782e-21   3.000000e+00
9.954008e-02   1.835730e-21   3.000000e+00
1.004620e-01   2.378255e-21   3.000000e+00
1.013925e-01   3.078553e-21   3.000000e+00
1.023317e-01   3.981759e-21   3.000000e+00
1.032795e-01   5.145701e-21   3.000000e+00
1.042361e-01   6.644418e-21   3.000000e+00
1.052015e-01   8.572618e-21   3.000000e+00
1.061759e-01   1.105136e-20   3.000000e+00
1.071593e-01   1.423523e-20   3.000000e+00
1.081519e-01   1.832154e-20   3.000000e+00
1.091536e-01   2.356184e-20   3.000000e+00
1.101646e-01   3.027664e-20   3.000000e+00
1.111850e-01   3.887395e-20   3.000000e+00
1.122148e-01   4.987281e-20   3.000000e+00
1.132541e-01   6.393291e-20   3.000000e+00
1.143031e-01   8.189212e-20   3.000000e+00
1.153618e-01   1.048137e-19   3.000000e+00
1.164303e-01   1.340461e-19   3.000000e+00
1.175087e-01   1.712977e-19   3.000000e+00
1.185971e-01   2.187317e-19   3.000000e+00
1.196956e-01   2.790848e-19   3.000000e+00
1.208042e-01   3.558169e-19   3.000000e+00
1.219231e-01   4.532985e-19   3.000000e+00
1.230524e-01   5.770465e-19   3.000000e+00
1.241921e-01   7.340198e-19   3.000000e+00
1.253424e-01   9.329892e-19   3.000000e+00
1.265034e-01   1.185002e-18   3.000000e+00
1.276751e-01   1.503960e-18   3.000000e+00
1.288576e-01   1.907349e-18   3.000000e+00
1.300511e-01   2.417141e-18   3.000000e+00
1.312557e-01   3.060932e-18   3.000000e+00
1.324714e-01   3.873349e-18   3.000000e+00
1.336984e-01   4.897815e-18   3.000000e+00
1.349367e-01   6.188745e-18   3.000000e+00
1.361865e-01   7.814278e-18   3.000000e+00
1.374479e-01   9.859680e-18   3.000000e+00
1.387210e-01   1.243157e-17   3.000000e+00
1.400058e-01   1.566319e-17   3.000000e+00
1.413026e-01   1.972092e-17   3.000000e+00
1.426114e-01   2.481237e-17   3.000000e+00
1.439323e-01   3.119645e-17   3.000000e+00
1.452654e-01   3.919581e-17   3.000000e+00
1.466109e-01   4.921226e-17   3.000000e+00
1.479688e-01   6.174588e-17   3.000000e+00
1.493393e-01   7.741860e-17   3.000000e+00
1.507225e-01   9.700339e-17   3.000000e+00
1.521186e-01   1.214603e-16   3.000000e+00
1.535275e-01   1.519812e-16   3.000000e+00
1.549495e-01   1.900442e-16   3.000000e+00
1.563847e-01   2.374820e-16   3.000000e+00
1.578331e-01   2.965649e-16   3.000000e+00
1.592950e-01   3.701036e-16   3.000000e+00
1.607704e-01   4.615762e-16   3.000000e+00
1.622595e-01   5.752831e-16   3.000000e+00
1.637624e-01   7.165388e-16   3.000000e+00
1.652792e-01   8.919070e-16   3.000000e+00
1.668101e-01   1.109489e-15   3.000000e+00
1.683551e-01   1.379277e-15   3.000000e+00
1.699144e-01   1.713590e-15   3.000000e+00
1.714882e-01   2.127606e-15   3.000000e+00
1.730766e-01   2.640013e-15   3.000000e+00
1.746796e-01   3.273808e-15   3.000000e+00
1.762975e-01   4.057275e-15   3.000000e+00
1.779304e-01   5.025179e-15   3.000000e+00
1.795785e-01   6.220229e-15   3.000000e+00
1.812418e-01   7.694858e-15   3.000000e+00
1.829205e-01   9.513406e-15   3.000000e+00
1.846147e-01   1.175478e-14   3.000000e+00
1.863246e-01   1.451569e-14   3.000000e+00
1.880504e-01   1.791461e-14   3.000000e+00
1.897922e-01   2.209659e-14   3.000000e+00
1.915501e-01   2.723913e-14   3.000000e+00
1.933242e-01   3.355930e-14   3.000000e+00
1.951148e-01   4.132246e-14   3.000000e+00
1.969220e-01   5.085276e-14   3.000000e+00
1.987460e-01   6.254605e-14   3.000000e+00
2.005868e-01   7.688539e-14   3.000000e+00
2.024447e-01   9.446004e-14   3.000000e+00
2.043197e-01   1.159884e-13   3.000000e+00
2.062122e-01   1.423457e-13   3.000000e+00
2.081222e-01   1.745982e-13   3.000000e+00
2.100498e-01   2.140434e-13   3.000000e+00
2.119953e-01   2.622604e-13   3.000000e+00
2.139589e-01   3.211692e-13   3.000000e+00
2.159406e-01   3.931033e-13   3.000000e+00
2.179407e-01   4.808980e-13   3.000000e+00
2.199593e-01   5.879957e-13   3.000000e+00
2.219966e-01   7.185747e-13   3.000000e+00
2.240528e-01   8.777034e-13   3.000000e+00
2.261280e-01   1.071527e-12   3.000000e+00
2.282224e-01   1.307495e-12   3.000000e+00
2.303363e-01   1.594628e-12   3.000000e+00
2.324697e-01   1.943851e-12   3.000000e+00
2.346229e-01   2.368387e-12   3.000000e+00
2.367960e-01   2.884229e-12   3.000000e+00
2.389893e-01   3.510718e-12   3.000000e+00
2.412028e-01   4.271231e-12   3.000000e+00
2.434369e-01   5.194008e-12   3.000000e+00
2.456916e-01   6.313158e-12   3.000000e+00
2.479673e-01   7.669852e-12   3.000000e+00
2.502640e-01   9.313775e-12   3.000000e+00
2.525820e-01   1.130486e-11   3.000000e+00
2.549215e-01   1.371537e-11   3.000000e+00
2.572826e-01   1.663242e-11   3.000000e+00
2.596656e-01   2.016100e-11   3.000000e+00
2.620707e-01   2.442756e-11   3.000000e+00
2.644980e-01   2.958446e-11   3.000000e+00
2.669478e-01   3.581511e-11   3.000000e+00
2.694204e-01   4.334036e-11   3.000000e+00
2.719158e-01   5.242607e-11   3.000000e+00
2.744343e-01   6.339227e-11   3.000000e+00
2.769762e-01   7.662418e-11   3.000000e+00
2.795416e-01   9.258546e-11   3.000000e+00
2.821308e-01   1.118344e-10   3.000000e+00
2.847439e-01   1.350430e-10   3.000000e+00
2.873813e-01   1.630208e-10   3.000000e+00
2.900430e-01   1.967430e-10   3.000000e+00
2.927295e-01   2.373850e-10   3.000000e+00
2.954408e-01   2.863640e-10   3.000000e+00
2.981772e-01   3.453902e-10   3.000000e+00
3.009390e-01   4.165282e-10   3.000000e+00
3.037264e-01   5.022730e-10   3.000000e+00
3.065395e-01   6.056419e-10   3.000000e+00
3.093788e-01   7.302879e-10   3.000000e+00
3.122443e-01   8.806376e-10   3.000000e+00
3.151363e-01   1.062062e-09   3.000000e+00
3.180552e-01   1.281086e-09   3.000000e+00
3.210011e-01   1.545646e-09   3.000000e+00
3.239743e-01   1.865407e-09   3.000000e+00
3.269750e-01   2.252159e-09   3.000000e+00
3.300035e-01   2.720301e-09   3.000000e+00
3.330600e-01   3.287446e-09   3.000000e+00
3.361449e-01   3.975166e-09   3.000000e+00
3.392583e-01   4.809921e-09   3.000000e+00
3.424006e-01   5.824209e-09   3.000000e+00
3.455720e-01   7.057993e-09   3.000000e+00
3.487727e-01   8.560480e-09   3.000000e+00
3.520031e-01   1.039232e-08   3.000000e+00
3.552635e-01   1.262834e-08   3.000000e+00
3.585540e-01   1.536096e-08   3.000000e+00
3.618750e-01   1.870438e-08   3.000000e+00
3.652267e-01   2.279983e-08   3.000000e+00
3.686095e-01   2.782204e-08   3.000000e+00
3.720237e-01   3.398724e-08   3.000000e+00
3.754694e-01   4.156313e-08   3.000000e+00
3.789471e-01   5.088106e-08   3.000000e+00
3.824570e-01   6.235119e-08   3.000000e+00
3.859994e-01   7.648107e-08   3.000000e+00
3.895746e-01   9.389860e-08   3.000000e+00
3.931829e-01   1.153801e-07   3.000000e+00
3.968246e-01   1.418848e-07   3.000000e+00
4.005001e-01   1.745971e-07   3.000000e+00
4.042096e-01   2.149784e-07   3.000000e+00
4.079535e-01   2.648297e-07   3.000000e+00
4.117320e-01   3.263685e-07   3.000000e+00
4.155455e-01   4.023221e-07   3.000000e+00
4.193944e-01   4.960407e-07   3.000000e+00
4.232789e-01   6.116344e-07   3.000000e+00
4.271994e-01   7.541385e-07   3.000000e+00
4.311562e-01   9.297137e-07   3.000000e+00
4.351497e-01   1.145886e-06   3.000000e+00
4.391801e-01   1.411836e-06   3.000000e+00
4.432479e-01   1.738743e-06   3.000000e+00
4.473533e-01   2.140205e-06   3.000000e+00
4.514968e-01   2.632726e-06   3.000000e+00
4.556786e-01   3.236310e-06   3.000000e+00
4.598992e-01   3.975160e-06   3.000000e+00
4.641589e-01   4.878514e-06   3.000000e+00
4.684580e-01   5.981623e-06   3.000000e+00
4.727970e-01   7.326923e-06   3.000000e+00
4.771761e-01   8.965403e-06   3.000000e+00
4.815958e-01   1.095822e-05   3.000000e+00
4.860564e-01   1.337862e-05   3.000000e+00
4.905584e-01   1.631413e-05   3.000000e+00
4.951020e-01   1.986918e-05   3.000000e+00
4.996877e-01   2.416815e-05   3.000000e+00
5.043159e-01   2.935892e-05   3.000000e+00
5.089870e-01   3.561697e-05   3.000000e+00
5.137014e-01   4.315019e-05   3.000000e+00
5.184594e-01   5.220440e-05   3.000000e+00
5.232614e-01   6.306979e-05   3.000000e+00
5.281080e-01   7.608828e-05   3.000000e+00
5.329994e-01   9.166205e-05   3.000000e+00
5.379362e-01   1.102634e-04   3.000000e+00
5.429186e-01   1.324457e-04   3.000000e+00
5.479472e-01   1.588568e-04   3.000000e+00
5.530224e-01   1.902531e-04   3.000000e+00
5.581446e-01   2.275168e-04   3.000000e+00
5.633143e-01   2.716747e-04   3.000000e+00
5.685318e-01   3.239199e-04   3.000000e+00
5.737976e-01   3.856367e-04   3.000000e+00
5.791123e-01   4.584283e-04   3.000000e+00
5.844761e-01   5.441480e-04   3.000000e+00
5.898896e-01   6.449353e-04   3.000000e+00
5.953533e-01   7.632554e-04   3.000000e+00
6.008676e-01   9.019446e-04   3.000000e+00
6.064329e-01   1.064261e-03   3.000000e+00
6.120498e-01   1.253939e-03   3.000000e+00
6.177188e-01   1.475257e-03   3.000000e+00
6.234402e-01   1.733103e-03   3.000000e+00
6.292146e-01   2.033057e-03   3.000000e+00
6.350425e-01   2.381476e-03   3.000000e+00
6.409244e-01   2.785592e-03   3.000000e+00
6.468608e-01   3.253622e-03   3.000000e+00
6.528521e-01   3.794884e-03   3.000000e+00
6.588990e-01   4.419931e-03   3.000000e+00
6.650018e-01   5.140694e-03   3.000000e+00
6.711612e-01   5.970646e-03   3.000000e+00
6.773776e-01   6.924975e-03   3.000000e+00
6.836516e-01   8.020777e-03   3.000000e+00
6.899837e-01   9.277270e-03   3.000000e+00
6.963745e-01   1.071603e-02   3.000000e+00
7.028244e-01   1.236122e-02   3.000000e+00
7.093341e-01   1.423991e-02   3.000000e+00
7.159041e-01   1.638233e-02   3.000000e+00
7.225349e-01   1.882223e-02   3.000000e+00
7.292272e-01   2.159722e-02   3.000000e+00
7.359814e-01   2.474915e-02   3.000000e+00
7.427982e-01   2.832454e-02   3.000000e+00
7.496782e-01   3.237500e-02   3.000000e+00
7.566219e-01   3.695774e-02   3.000000e+00
7.636298e-01   4.213608e-02   3.000000e+00
7.707027e-01   4.798000e-02   3.000000e+00
7.778411e-01   5.456672e-02   3.000000e+00
7.850456e-01   6.198139e-02   3.000000e+00
7.923169e-01   7.031771e-02   3.000000e+00
7.996555e-01   7.967869e-02   3.000000e+00
8.070620e-01   9.017741e-02   3.000000e+00
8.145372e-01   1.019378e-01   3.000000e+00
8.220816e-01   1.150957e-01   3.000000e+00
8.296959e-01   1.297993e-01   3.000000e+00
8.373807e-01   1.462107e-01   3.000000e+00
8.451366e-01   1.645065e-01   3.000000e+00
8.529644e-01   1.848790e-01   3.000000e+00
8.608648e-01   2.075372e-01   3.000000e+00
8.688383e-01   2.327081e-01   3.000000e+00
8.768856e-01   2.606376e-01   3.000000e+00
8.850075e-01   2.915922e-01   3.000000e+00
8.932046e-01   3.258596e-01   3.000000e+00
9.014776e-01   3.637504e-01   3.000000e+00
9.098273e-01   4.055993e-01   3.000000e+00
9.182543e-01   4.517660e-01   3.000000e+00
9.267593e-01   5.026372e-01   3.000000e+00
9.353432e-01   5.586269e-01   3.000000e+00
9.440065e-01   6.201783e-01   3.000000e+00
9.527500e-01   6.877642e-01   3.000000e+00
9.615746e-01   7.618889e-01   3.000000e+00
9.704809e-01   8.430879e-01   3.000000e+00
9.794697e-01   9.319295e-01   3.000000e+00
9.885417e-01   1.029015e+00   3.000000e+00
9.976978e-01   1.134977e+00   3.000000e+00
1.006939e+00   1.103483e+00   3.000000e+00
1.016265e+00   1.214534e+00   3.000000e+00
1.025678e+00   1.335485e+00   3.000000e+00
1.035178e+00   1.467098e+00   3.000000e+00
1.044766e+00   1.610182e+00   3.000000e+00
1.054443e+00   1.765598e+00   3.000000e+00
1.064209e+00   1.934260e+00   3.000000e+00
1.074066e+00   2.117141e+00   3.000000e+00
1.084014e+00   2.315270e+00   3.000000e+00
1.094055e+00   2.529741e+00   3.000000e+00
1.104188e+00   2.761715e+00   3.000000e+00
1.114415e+00   3.012421e+00   3.000000e+00
1.124737e+00   3.283162e+00   3.000000e+00
1.135155e+00   3.575321e+00   3.000000e+00
1.145669e+00   3.890359e+00   3.000000e+00
1.156280e+00   4.229829e+00   3.000000e+00
1.166990e+00   4.595371e+00   3.000000e+00
1.177799e+00   4.988727e+00   3.000000e+00
1.188708e+00   5.411741e+00   3.000000e+00
1.199718e+00   5.866369e+00   3.000000e+00
1.210830e+00   6.354684e+00   3.000000e+00
1.222045e+00   6.878885e+00   3.000000e+00
1.233363e+00   7.441305e+00   3.000000e+00
1.244787e+00   8.044425e+00   3.000000e+00
1.256317e+00   8.690876e+00   3.000000e+00
1.267953e+00   9.383460e+00   3.000000e+00
1.279697e+00   1.012516e+01   3.000000e+00
1.291550e+00   1.091914e+01   3.000000e+00
1.303512e+00   1.176878e+01   3.000000e+00
1.315586e+00   1.267770e+01   3.000000e+00
1.327771e+00   1.364975e+01   3.000000e+00
1.340069e+00   1.468904e+01   3.000000e+00
1.352481e+00   1.579999e+01   3.000000e+00
1.365008e+00   1.698730e+01   3.000000e+00
1.377651e+00   1.825603e+01   3.000000e+00
1.390411e+00   1.961162e+01   3.000000e+00
1.403289e+00   2.105988e+01   3.000000e+00
1.416287e+00   2.260710e+01   3.000000e+00
1.429405e+00   2.426000e+01   3.000000e+00
1.442644e+00   2.602586e+01   3.000000e+00
1.456006e+00   2.791250e+01   3.000000e+00
1.469492e+00   2.992835e+01   3.000000e+00
1.483103e+00   3.208255e+01   3.000000e+00
1.496839e+00   3.438491e+01   3.000000e+00
1.510703e+00   3.684609e+01   3.000000e+00
1.524696e+00   3.947758e+01   3.000000e+00
1.538818e+00   4.229181e+01   3.000000e+00
1.553071e+00   4.530223e+01   3.000000e+00
1.567455e+00   4.852342e+01   3.000000e+00
1.581973e+00   5.197112e+01   3.000000e+00
1.596626e+00   5.566239e+01   3.000000e+00
1.611414e+00   5.961570e+01   3.000000e+00
1.626340e+00   6.385103e+01   3.000000e+00
1.641403e+00   6.839002e+01   3.000000e+00
1.656606e+00   7.325607e+01   3.000000e+00
1.671950e+00   7.847450e+01   3.000000e+00
1.687436e+00   8.407271e+01   3.000000e+00
1.703065e+00   9.008029e+01   3.000000e+00
1.718839e+00   9.652925e+01   3.000000e+00
1.734759e+00   1.034541e+02   3.000000e+00
1.750827e+00   1.108923e+02   3.000000e+00
1.767044e+00   1.188839e+02   3.000000e+00
1.783410e+00   1.274724e+02   3.000000e+00
1.799929e+00   1.367045e+02   3.000000e+00
1.816600e+00   1.466307e+02   3.000000e+00
1.833425e+00   1.573052e+02   3.000000e+00
1.850407e+00   1.687862e+02   3.000000e+00
1.867546e+00   1.811363e+02   3.000000e+00
1.884843e+00   1.944227e+02   3.000000e+00
1.902301e+00   2.087177e+02   3.000000e+00
1.919921e+00   2.240985e+02   3.000000e+00
1.937703e+00   2.406478e+02   3.000000e+00
1.955651e+00   2.584543e+02   3.000000e+00
1.973764e+00   2.776127e+02   3.000000e+00
1.992046e+00   2.982240e+02   3.000000e+00
2.010496e+00   3.203961e+02   3.000000e+00
2.029118e+00   3.442442e+02   3.000000e+00
2.047912e+00   3.698906e+02   3.000000e+00
2.066880e+00   3.974658e+02   3.000000e+00
2.086024e+00   4.271082e+02   3.000000e+00
2.105345e+00   4.589651e+02   3.000000e+00
2.124845e+00   4.931925e+02   3.000000e+00
2.144526e+00   5.299558e+02   3.000000e+00
2.164389e+00   5.694303e+02   3.000000e+00
2.184436e+00   6.118011e+02   3.000000e+00
2.204669e+00   6.572642e+02   3.000000e+00
2.225089e+00   7.060261e+02   3.000000e+00
2.245698e+00   7.583049e+02   3.000000e+00
2.266498e+00   8.143301e+02   3.000000e+00
2.287491e+00   8.743435e+02   3.000000e+00
2.308678e+00   9.385992e+02   3.000000e+00
2.330061e+00   1.007364e+03   3.000000e+00
2.351643e+00   1.080918e+03   3.000000e+00
2.373424e+00   1.159554e+03   3.000000e+00
2.395407e+00   1.243581e+03   3.000000e+00
2.417594e+00   1.333319e+03   3.000000e+00
2.439986e+00   1.429105e+03   3.000000e+00
2.462586e+00   1.531288e+03   3.000000e+00
2.485395e+00   1.640236e+03   3.000000e+00
2.508415e+00   1.756329e+03   3.000000e+00
2.531648e+00   1.879964e+03   3.000000e+00
2.555097e+00   2.011552e+03   3.000000e+00
2.578763e+00   2.151523e+03   3.000000e+00
2.602648e+00   2.300320e+03   3.000000e+00
2.626754e+00   2.458404e+03   3.000000e+00
2.651084e+00   2.626252e+03   3.000000e+00
2.675638e+00   2.804357e+03   3.000000e+00
2.700421e+00   2.993229e+03   3.000000e+00
2.725433e+00   3.193393e+03   3.000000e+00
2.750676e+00   3.405392e+03   3.000000e+00
2.776153e+00   3.629784e+03   3.000000e+00
2.801867e+00   3.867145e+03   3.000000e+00
2.827818e+00   4.118066e+03   3.000000e+00
2.854010e+00   4.383152e+03   3.000000e+00
2.880444e+00   4.663027e+03   3.000000e+00
2.907123e+00   4.958327e+03   3.000000e+00
2.934050e+00   5.269707e+03   3.000000e+00
2.961225e+00   5.597832e+03   3.000000e+00
2.988653e+00   5.943386e+03   3.000000e+00
3.016334e+00   6.307062e+03   3.000000e+00
3.044272e+00   6.689569e+03   3.000000e+00
3.072469e+00   7.091630e+03   3.000000e+00
3.100927e+00   7.513977e+03   3.000000e+00
3.129648e+00   7.957356e+03   3.000000e+00
3.158635e+00   8.422521e+03   3.000000e+00
3.187891e+00   8.910240e+03   3.000000e+00
3.217418e+00   9.421287e+03   3.000000e+00
3.247218e+00   9.956447e+03   3.000000e+00
3.277295e+00   1.051651e+04   3.000000e+00
3.307650e+00   1.110227e+04   3.000000e+00
3.338286e+00   1.171454e+04   3.000000e+00
3.369206e+00   1.235413e+04   3.000000e+00
3.400412e+00   1.302184e+04   3.000000e+00
3.431907e+00   1.371849e+04   3.000000e+00
3.463694e+00   1.444490e+04   3.000000e+00
3.495776e+00   1.520189e+04   3.000000e+00
3.528154e+00   1.599027e+04   3.000000e+00
3.560833e+00   1.681086e+04   3.000000e+00
3.593814e+00   1.766447e+04   3.000000e+00
3.627100e+00   1.855190e+04   3.000000e+00
3.660695e+00   1.947396e+04   3.000000e+00
3.694601e+00   2.043145e+04   3.000000e+00
3.728821e+00   2.142515e+04   3.000000e+00
3.763358e+00   2.245583e+04   3.000000e+00
3.798215e+00   2.352428e+04   3.000000e+00
3.833395e+00   2.463123e+04   3.000000e+00
3.868901e+00   2.577743e+04   3.000000e+00
3.904735e+00   2.696360e+04   3.000000e+00
3.940902e+00   2.819047e+04   3.000000e+00
3.977403e+00   2.945871e+04   3.000000e+00
4.014242e+00   3.076900e+04   3.000000e+00
4.051423e+00   3.212200e+04   3.000000e+00
4.088948e+00   3.351833e+04   3.000000e+00
4.126821e+00   3.495862e+04   3.000000e+00
4.165044e+00   3.644343e+04   3.000000e+00
4.203622e+00   3.797333e+04   3.000000e+00
4.242556e+00   3.954885e+04   3.000000e+00
4.281852e+00   4.117050e+04   3.000000e+00
4.321511e+00   4.283875e+04   3.000000e+00
4.361538e+00   4.455404e+04   3.000000e+00
4.401935e+00   4.631680e+04   3.000000e+00
4.442707e+00   4.812739e+04   3.000000e+00
4.483856e+00   4.998617e+04   3.000000e+00
4.525386e+00   5.189346e+04   3.000000e+00
4.567301e+00   5.384951e+04   3.000000e+00
4.609604e+00   5.585459e+04   3.000000e+00
4.652300e+00   5.790888e+04   3.000000e+00
4.695390e+00   6.001256e+04   3.000000e+00
4.738880e+00   6.216575e+04   3.000000e+00
4.782772e+00   6.436853e+04   3.000000e+00
4.827071e+00   6.662095e+04   3.000000e+00
4.871780e+00   6.892301e+04   3.000000e+00
4.916904e+00   7.127468e+04   3.000000e+00
4.962445e+00   7.367587e+04   3.000000e+00
5.008408e+00   7.612646e+04   3.000000e+00
5.054797e+00   7.862628e+04   3.000000e+00
5.101615e+00   8.117513e+04   3.000000e+00
5.148867e+00   8.377275e+04   3.000000e+00
5.196557e+00   8.641885e+04   3.000000e+00
5.244689e+00   8.911308e+04   3.000000e+00
5.293266e+00   9.185506e+04   3.000000e+00
5.342293e+00   9.464435e+04   3.000000e+00
5.391775e+00   9.748049e+04   3.000000e+00
5.441714e+00   1.003630e+05   3.000000e+00
5.492116e+00   1.032912e+05   3.000000e+00
5.542986e+00   1.062646e+05   3.000000e+00
5.594326e+00   1.092825e+05   3.000000e+00
5.646141e+00   1.123443e+05   3.000000e+00
5.698437e+00   1.154491e+05   3.000000e+00
5.751217e+00   1.185962e+05   3.000000e+00
5.804486e+00   1.217849e+05   3.000000e+00
5.858248e+00   1.250142e+05   3.000000e+00
5.912508e+00   1.282832e+05   3.000000e+00
5.967271e+00   1.315911e+05   3.000000e+00
6.022541e+00   1.349367e+05   3.000000e+00
6.078323e+00   1.383193e+05   3.000000e+00
6.134622e+00   1.417375e+05   3.000000e+00
6.191442e+00   1.451905e+05   3.000000e+00
6.248788e+00   1.486771e+05   3.000000e+00
6.306666e+00   1.521960e+05   3.000000e+00
6.365079e+00   1.557462e+05   3.000000e+00
6.424034e+00   1.593264e+05   3.000000e+00
6.483534e+00   1.629354e+05   3.000000e+00
6.543586e+00   1.665719e+05   3.000000e+00
6.604194e+00   1.702345e+05   3.000000e+00
6.665363e+00   1.739220e+05   3.000000e+00
6.727099e+00   1.776329e+05   3.000000e+00
6.789407e+00   1.813660e+05   3.000000e+00
6.852292e+00   1.851197e+05   3.000000e+00
6.915759e+00   1.888928e+05   3.000000e+00
6.979814e+00   1.926836e+05   3.000000e+00
7.044462e+00   1.964908e+05   3.000000e+00
7.109709e+00   2.003128e+05   3.000000e+00
7.175561e+00   2.041482e+05   3.000000e+00
7.242022e+00   2.079955e+05   3.000000e+00
7.309099e+00   2.118530e+05   3.000000e+00
7.376798e+00   2.157194e+05   3.000000e+00
7.445123e+00   2.195929e+05   3.000000e+00
7.514081e+00   2.234721e+05   3.000000e+00
7.583678e+00   2.273555e+05   3.000000e+00
7.653919e+00   2.312413e+05   3.000000e+00
7.724811e+00   2.351281e+05   3.000000e+00
7.796360e+00   2.390142e+05   3.000000e+00
7.868572e+00   2.428981e+05   3.000000e+00
7.941452e+00   2.467782e+05   3.000000e+00
8.015007e+00   2.506529e+05   3.000000e+00
8.089243e+00   2.545206e+05   3.000000e+00
8.164168e+00   2.583798e+05   3.000000e+00
8.239786e+00   2.622289e+05   3.000000e+00
8.316104e+00   2.660662e+05   3.000000e+00
8.393129e+00   2.698904e+05   3.000000e+00
8.470868e+00   2.736997e+05   3.000000e+00
8.549327e+00   2.774927e+05   3.000000e+00
8.628513e+00   2.812679e+05   3.000000e+00
8.708431e+00   2.850237e+05   3.000000e+00
8.789091e+00   2.887587e+05   3.000000e+00
8.870497e+00   2.924713e+05   3.000000e+00
8.952657e+00   2.961601e+05   3.000000e+00
9.035578e+00   2.998236e+05   3.000000e+00
9.119268e+00   3.034605e+05   3.000000e+00
9.203732e+00   3.070692e+05   3.000000e+00
9.288979e+00   3.106485e+05   3.000000e+00
9.375015e+00   3.141969e+05   3.000000e+00
9.461848e+00   3.177131e+05   3.000000e+00
9.549486e+00   3.211957e+05   3.000000e+00
9.637935e+00   3.246436e+05   3.000000e+00
9.727203e+00   3.280553e+05   3.000000e+00
9.817298e+00   3.314298e+05   3.000000e+00
9.908228e+00   3.347656e+05   3.000000e+00
1.000000e+01   3.380617e+05   3.000000e+00
