# Be12 + d > B14 + g   [Be12_d__B14_g]   ref=TALYS2, Koning et al. 2023
# detailed balance: alpha=1.3439e+10 beta=1.5 gamma=-168.831  Q=14.5487
# T9                 rate                error
1.000000e-03   1.000000e-35   1.000000e+02
1.009262e-03   1.023021e-35   1.000000e+02
1.018610e-03   1.046723e-35   1.000000e+02
1.028045e-03   1.071140e-35   1.000000e+02
1.037567e-03   1.096308e-35   1.000000e+02
1.047177e-03   1.122264e-35   1.000000e+02
1.056876e-03   1.149049e-35   1.000000e+02
1.066665e-03   1.176704e-35   1.000000e+02
1.076545e-03   1.205274e-35   1.000000e+02
1.086516e-03   1.234807e-35   1.000000e+02
1.096579e-03   1.265351e-35   1.000000e+02
1.106736e-03   1.296960e-35   1.000000e+02
1.116987e-03   1.329689e-35   1.000000e+02
1.127333e-03   1.363598e-35   1.000000e+02
1.137774e-03   1.398749e-35   1.000000e+02
1.148312e-03   1.435208e-35   1.000000e+02
1.158948e-03   1.473044e-35   1.000000e+02
1.169683e-03   1.512334e-35   1.000000e+02
1.180517e-03   1.553155e-35   1.000000e+02
1.191451e-03   1.595592e-35   1.000000e+02
1.202486e-03   1.639733e-35   1.000000e+02
1.213624e-03   1.685673e-35   1.000000e+02
1.224865e-03   1.733512e-35   1.000000e+02
1.236210e-03   1.783357e-35   1.000000e+02
1.247660e-03   1.835322e-35   1.000000e+02
1.259216e-03   1.889527e-35   1.000000e+02
1.270879e-03   1.946102e-35   1.000000e+02
1.282650e-03   2.005184e-35   1.000000e+02
1.294530e-03   2.066919e-35   1.000000e+02
1.306520e-03   2.131463e-35   1.000000e+02
1.318621e-03   2.198983e-35   1.000000e+02
1.330835e-03   2.269656e-35   1.000000e+02
1.343161e-03   2.343673e-35   1.000000e+02
1.355602e-03   2.421237e-35   1.000000e+02
1.368158e-03   2.502566e-35   1.000000e+02
1.380830e-03   2.587891e-35   1.000000e+02
1.393619e-03   2.677463e-35   1.000000e+02
1.406527e-03   2.771547e-35   1.000000e+02
1.419555e-03   2.870431e-35   1.000000e+02
1.432703e-03   2.974421e-35   1.000000e+02
1.445973e-03   3.083847e-35   1.000000e+02
1.459366e-03   3.199062e-35   1.000000e+02
1.472883e-03   3.320449e-35   1.000000e+02
1.486525e-03   3.448415e-35   1.000000e+02
1.500293e-03   3.583401e-35   1.000000e+02
1.514189e-03   3.725881e-35   1.000000e+02
1.528214e-03   3.876367e-35   1.000000e+02
1.542369e-03   4.035409e-35   1.000000e+02
1.556654e-03   4.203601e-35   1.000000e+02
1.571072e-03   4.381587e-35   1.000000e+02
1.585624e-03   4.570057e-35   1.000000e+02
1.600310e-03   4.769763e-35   1.000000e+02
1.615133e-03   4.981516e-35   1.000000e+02
1.630092e-03   5.206192e-35   1.000000e+02
1.645191e-03   5.444743e-35   1.000000e+02
1.660429e-03   5.698200e-35   1.000000e+02
1.675808e-03   5.967681e-35   1.000000e+02
1.691330e-03   6.254400e-35   1.000000e+02
1.706995e-03   6.559676e-35   1.000000e+02
1.722805e-03   6.884943e-35   1.000000e+02
1.738762e-03   7.231761e-35   1.000000e+02
1.754867e-03   7.601828e-35   1.000000e+02
1.771121e-03   7.996996e-35   1.000000e+02
1.787526e-03   8.419282e-35   1.000000e+02
1.804082e-03   8.870889e-35   1.000000e+02
1.820792e-03   9.354222e-35   1.000000e+02
1.837656e-03   9.871910e-35   1.000000e+02
1.854677e-03   1.042683e-34   1.000000e+02
1.871855e-03   1.102212e-34   1.000000e+02
1.889193e-03   1.166124e-34   1.000000e+02
1.906691e-03   1.234797e-34   1.000000e+02
1.924351e-03   1.308645e-34   1.000000e+02
1.942175e-03   1.388125e-34   1.000000e+02
1.960163e-03   1.473736e-34   1.000000e+02
1.978319e-03   1.566031e-34   1.000000e+02
1.996642e-03   1.665615e-34   1.000000e+02
2.015136e-03   1.773157e-34   1.000000e+02
2.033800e-03   1.889395e-34   1.000000e+02
2.052638e-03   2.015142e-34   1.000000e+02
2.071650e-03   2.151298e-34   1.000000e+02
2.090838e-03   2.298856e-34   1.000000e+02
2.110203e-03   2.458919e-34   1.000000e+02
2.129749e-03   2.632704e-34   1.000000e+02
2.149475e-03   2.821564e-34   1.000000e+02
2.169384e-03   3.027000e-34   1.000000e+02
2.189477e-03   3.250679e-34   1.000000e+02
2.209756e-03   3.494455e-34   1.000000e+02
2.230223e-03   3.760392e-34   1.000000e+02
2.250880e-03   4.050787e-34   1.000000e+02
2.271728e-03   4.368205e-34   1.000000e+02
2.292769e-03   4.715508e-34   1.000000e+02
2.314005e-03   5.095893e-34   1.000000e+02
2.335438e-03   5.512937e-34   1.000000e+02
2.357069e-03   5.970643e-34   1.000000e+02
2.378901e-03   6.473501e-34   1.000000e+02
2.400935e-03   7.026545e-34   1.000000e+02
2.423173e-03   7.635430e-34   1.000000e+02
2.445617e-03   8.306512e-34   1.000000e+02
2.468268e-03   9.046946e-34   1.000000e+02
2.491130e-03   9.864793e-34   1.000000e+02
2.514203e-03   1.076914e-33   1.000000e+02
2.537490e-03   1.177026e-33   1.000000e+02
2.560993e-03   1.287974e-33   1.000000e+02
2.584714e-03   1.411072e-33   1.000000e+02
2.608654e-03   1.547805e-33   1.000000e+02
2.632815e-03   1.699861e-33   1.000000e+02
2.657201e-03   1.869153e-33   1.000000e+02
2.681813e-03   2.057857e-33   1.000000e+02
2.706652e-03   2.268449e-33   1.000000e+02
2.731722e-03   2.503750e-33   1.000000e+02
2.757023e-03   2.766976e-33   1.000000e+02
2.782559e-03   3.061800e-33   1.000000e+02
2.808332e-03   3.392423e-33   1.000000e+02
2.834343e-03   3.763650e-33   1.000000e+02
2.860596e-03   4.180990e-33   1.000000e+02
2.887091e-03   4.650764e-33   1.000000e+02
2.913832e-03   5.180231e-33   1.000000e+02
2.940820e-03   5.777744e-33   1.000000e+02
2.968059e-03   6.452920e-33   1.000000e+02
2.995549e-03   7.216849e-33   1.000000e+02
3.023295e-03   8.082412e-33   1.000000e+02
3.051297e-03   9.065078e-33   1.000000e+02
3.079559e-03   1.018323e-32   1.000000e+02
3.108082e-03   1.145852e-32   1.000000e+02
3.136870e-03   1.291656e-32   1.000000e+02
3.165924e-03   1.458769e-32   1.000000e+02
3.195248e-03   1.650796e-32   1.000000e+02
3.224842e-03   1.872033e-32   1.000000e+02
3.254712e-03   2.127615e-32   1.000000e+02
3.284857e-03   2.423695e-32   1.000000e+02
3.315282e-03   2.767670e-32   1.000000e+02
3.345989e-03   3.168458e-32   1.000000e+02
3.376980e-03   3.636846e-32   1.000000e+02
3.408259e-03   4.185924e-32   1.000000e+02
3.439826e-03   4.831624e-32   1.000000e+02
3.471687e-03   5.593406e-32   1.000000e+02
3.503842e-03   6.495117e-32   1.000000e+02
3.536296e-03   7.566083e-32   1.000000e+02
3.569049e-03   8.842492e-32   1.000000e+02
3.602107e-03   1.036916e-31   1.000000e+02
3.635470e-03   1.220181e-31   1.000000e+02
3.669142e-03   1.440994e-31   1.000000e+02
3.703127e-03   1.708063e-31   1.000000e+02
3.737426e-03   2.032334e-31   1.000000e+02
3.772042e-03   2.427625e-31   1.000000e+02
3.806980e-03   2.911453e-31   1.000000e+02
3.842241e-03   3.506111e-31   1.000000e+02
3.877828e-03   4.240089e-31   1.000000e+02
3.913746e-03   5.149962e-31   1.000000e+02
3.949995e-03   6.282877e-31   1.000000e+02
3.986581e-03   7.699895e-31   1.000000e+02
4.023506e-03   9.480279e-31   1.000000e+02
4.060772e-03   1.172485e-30   1.000000e+02
4.098384e-03   1.456174e-30   1.000000e+02
4.136344e-03   1.815552e-30   1.000000e+02
4.174655e-03   2.271758e-30   1.000000e+02
4.213322e-03   2.851954e-30   1.000000e+02
4.252346e-03   3.591031e-30   1.000000e+02
4.291732e-03   4.533784e-30   1.000000e+02
4.331483e-03   5.737683e-30   1.000000e+02
4.371602e-03   7.276380e-30   1.000000e+02
4.412093e-03   9.244134e-30   1.000000e+02
4.452959e-03   1.176137e-29   1.000000e+02
4.494203e-03   1.498166e-29   1.000000e+02
4.535829e-03   1.910033e-29   1.000000e+02
4.577841e-03   2.436519e-29   1.000000e+02
4.620241e-03   3.108963e-29   1.000000e+02
4.663035e-03   3.966865e-29   1.000000e+02
4.706225e-03   5.059809e-29   1.000000e+02
4.749815e-03   6.449779e-29   1.000000e+02
4.793808e-03   8.213882e-29   1.000000e+02
4.838210e-03   1.044754e-28   1.000000e+02
4.883022e-03   1.326815e-28   1.000000e+02
4.928250e-03   1.681925e-28   1.000000e+02
4.973896e-03   2.127511e-28   1.000000e+02
5.019965e-03   2.684593e-28   1.000000e+02
5.066461e-03   3.379181e-28   1.000000e+02
5.113388e-03   4.244151e-28   1.000000e+02
5.160749e-03   5.320398e-28   1.000000e+02
5.208549e-03   6.658846e-28   1.000000e+02
5.256791e-03   8.323060e-28   1.000000e+02
5.305481e-03   1.039259e-27   1.000000e+02
5.354621e-03   1.296729e-27   1.000000e+02
5.404216e-03   1.617286e-27   1.000000e+02
5.454271e-03   2.016806e-27   1.000000e+02
5.504790e-03   2.515410e-27   1.000000e+02
5.555776e-03   3.138690e-27   1.000000e+02
5.607235e-03   3.919321e-27   1.000000e+02
5.659170e-03   4.899182e-27   1.000000e+02
5.711586e-03   6.132171e-27   1.000000e+02
5.764488e-03   7.687950e-27   1.000000e+02
5.817880e-03   9.656953e-27   1.000000e+02
5.871766e-03   1.215712e-26   1.000000e+02
5.926152e-03   1.534297e-26   1.000000e+02
5.981041e-03   1.941800e-26   1.000000e+02
6.036439e-03   2.465111e-26   1.000000e+02
6.092349e-03   3.139352e-26   1.000000e+02
6.148778e-03   4.010457e-26   1.000000e+02
6.205729e-03   5.138962e-26   1.000000e+02
6.263207e-03   6.604836e-26   1.000000e+02
6.321218e-03   8.513953e-26   1.000000e+02
6.379767e-03   1.100678e-25   1.000000e+02
6.438857e-03   1.427010e-25   1.000000e+02
6.498495e-03   1.855276e-25   1.000000e+02
6.558686e-03   2.418701e-25   1.000000e+02
6.619433e-03   3.161737e-25   1.000000e+02
6.680744e-03   4.143968e-25   1.000000e+02
6.742622e-03   5.445424e-25   1.000000e+02
6.805074e-03   7.173796e-25   1.000000e+02
6.868104e-03   9.474272e-25   1.000000e+02
6.931717e-03   1.254295e-24   1.000000e+02
6.995920e-03   1.664515e-24   1.000000e+02
7.060718e-03   2.214037e-24   1.000000e+02
7.126115e-03   2.951568e-24   1.000000e+02
7.192119e-03   3.943202e-24   1.000000e+02
7.258734e-03   5.278752e-24   1.000000e+02
7.325965e-03   7.080390e-24   1.000000e+02
7.393820e-03   9.514467e-24   1.000000e+02
7.462303e-03   1.280769e-23   1.000000e+02
7.531420e-03   1.726926e-23   1.000000e+02
7.601178e-03   2.332120e-23   1.000000e+02
7.671581e-03   3.153989e-23   1.000000e+02
7.742637e-03   4.271289e-23   1.000000e+02
7.814351e-03   5.791688e-23   1.000000e+02
7.886729e-03   7.862419e-23   1.000000e+02
7.959777e-03   1.068489e-22   1.000000e+02
8.033502e-03   1.453480e-22   1.000000e+02
8.107910e-03   1.979632e-22   1.000000e+02
8.183007e-03   2.701317e-22   1.000000e+02
8.258799e-03   3.695469e-22   1.000000e+02
8.335294e-03   5.071710e-22   1.000000e+02
8.412497e-03   6.987438e-22   1.000000e+02
8.490415e-03   9.670477e-22   1.000000e+02
8.569055e-03   1.345340e-21   1.000000e+02
8.648423e-03   1.882600e-21   1.000000e+02
8.728527e-03   2.651636e-21   1.000000e+02
8.809372e-03   3.761726e-21   1.000000e+02
8.890966e-03   5.378556e-21   1.000000e+02
8.973316e-03   7.755991e-21   1.000000e+02
9.056428e-03   1.128521e-20   1.000000e+02
9.140311e-03   1.654225e-20   1.000000e+02
9.224970e-03   2.435814e-20   1.000000e+02
9.310413e-03   3.592541e-20   1.000000e+02
9.396648e-03   5.291883e-20   1.000000e+02
9.483682e-03   7.762702e-20   1.000000e+02
9.571522e-03   1.130715e-19   1.000000e+02
9.660175e-03   1.630699e-19   1.000000e+02
9.749649e-03   2.321764e-19   1.000000e+02
9.839952e-03   3.254089e-19   1.000000e+02
9.931092e-03   4.476627e-19   1.000000e+02
1.002308e-02   6.027435e-19   1.000000e+02
1.011591e-02   7.934919e-19   1.000000e+02
1.020961e-02   1.024092e-18   1.000000e+02
1.030417e-02   1.299757e-18   1.000000e+02
1.039961e-02   1.627245e-18   1.000000e+02
1.049593e-02   2.015820e-18   1.000000e+02
1.059315e-02   2.478558e-18   1.000000e+02
1.069126e-02   3.034139e-18   1.000000e+02
1.079029e-02   3.709382e-18   1.000000e+02
1.089023e-02   4.542948e-18   1.000000e+02
1.099110e-02   5.590939e-18   1.000000e+02
1.109290e-02   6.932038e-18   1.000000e+02
1.119564e-02   8.658206e-18   1.000000e+02
1.129934e-02   1.088357e-17   1.000000e+02
1.140400e-02   1.375553e-17   1.000000e+02
1.150962e-02   1.746348e-17   1.000000e+02
1.161623e-02   2.224938e-17   1.000000e+02
1.172382e-02   2.841999e-17   1.000000e+02
1.183241e-02   3.636090e-17   1.000000e+02
1.194200e-02   4.655170e-17   1.000000e+02
1.205261e-02   5.958293e-17   1.000000e+02
1.216424e-02   7.621421e-17   1.000000e+02
1.227691e-02   9.745065e-17   1.000000e+02
1.239062e-02   1.245914e-16   1.000000e+02
1.250539e-02   1.593182e-16   1.000000e+02
1.262121e-02   2.038152e-16   1.000000e+02
1.273811e-02   2.609286e-16   1.000000e+02
1.285610e-02   3.343798e-16   1.000000e+02
1.297517e-02   4.290537e-16   1.000000e+02
1.309535e-02   5.513695e-16   1.000000e+02
1.321664e-02   7.096372e-16   1.000000e+02
1.333906e-02   9.146373e-16   1.000000e+02
1.346261e-02   1.180419e-15   1.000000e+02
1.358730e-02   1.525298e-15   1.000000e+02
1.371315e-02   1.973148e-15   1.000000e+02
1.384016e-02   2.555098e-15   1.000000e+02
1.396835e-02   3.311725e-15   1.000000e+02
1.409773e-02   4.295948e-15   1.000000e+02
1.422830e-02   5.577104e-15   1.000000e+02
1.436009e-02   7.246101e-15   1.000000e+02
1.449310e-02   9.422086e-15   1.000000e+02
1.462733e-02   1.226134e-14   1.000000e+02
1.476281e-02   1.596902e-14   1.000000e+02
1.489955e-02   2.081465e-14   1.000000e+02
1.503755e-02   2.715260e-14   1.000000e+02
1.517683e-02   3.544887e-14   1.000000e+02
1.531740e-02   4.631612e-14   1.000000e+02
1.545928e-02   6.056055e-14   1.000000e+02
1.560246e-02   7.924365e-14   1.000000e+02
1.574698e-02   1.037637e-13   1.000000e+02
1.589283e-02   1.359633e-13   1.000000e+02
1.604003e-02   1.782719e-13   1.000000e+02
1.618860e-02   2.338915e-13   1.000000e+02
1.633854e-02   3.070408e-13   1.000000e+02
1.648987e-02   4.032805e-13   1.000000e+02
1.664260e-02   5.299400e-13   1.000000e+02
1.679675e-02   6.966807e-13   1.000000e+02
1.695232e-02   9.162363e-13   1.000000e+02
1.710934e-02   1.205388e-12   1.000000e+02
1.726781e-02   1.586249e-12   1.000000e+02
1.742775e-02   2.087948e-12   1.000000e+02
1.758917e-02   2.748851e-12   1.000000e+02
1.775208e-02   3.619469e-12   1.000000e+02
1.791650e-02   4.766283e-12   1.000000e+02
1.808245e-02   6.276763e-12   1.000000e+02
1.824993e-02   8.266136e-12   1.000000e+02
1.841897e-02   1.088632e-11   1.000000e+02
1.858957e-02   1.433748e-11   1.000000e+02
1.876175e-02   1.888335e-11   1.000000e+02
1.893552e-02   2.487142e-11   1.000000e+02
1.911091e-02   3.275963e-11   1.000000e+02
1.928792e-02   4.315148e-11   1.000000e+02
1.946656e-02   5.684230e-11   1.000000e+02
1.964687e-02   7.488043e-11   1.000000e+02
1.982884e-02   9.864770e-11   1.000000e+02
2.001250e-02   1.299657e-10   1.000000e+02
2.019786e-02   1.712307e-10   1.000000e+02
2.038493e-02   2.255745e-10   1.000000e+02
2.057374e-02   2.970908e-10   1.000000e+02
2.076430e-02   3.911239e-10   1.000000e+02
2.095662e-02   5.146372e-10   1.000000e+02
2.115073e-02   6.766822e-10   1.000000e+02
2.134663e-02   8.889977e-10   1.000000e+02
2.154435e-02   1.166767e-09   1.000000e+02
2.174389e-02   1.529575e-09   1.000000e+02
2.194529e-02   2.002607e-09   1.000000e+02
2.214855e-02   2.618149e-09   1.000000e+02
2.235370e-02   3.417450e-09   1.000000e+02
2.256074e-02   4.453019e-09   1.000000e+02
2.276970e-02   5.791443e-09   1.000000e+02
2.298060e-02   7.516823e-09   1.000000e+02
2.319345e-02   9.734922e-09   1.000000e+02
2.340827e-02   1.257815e-08   1.000000e+02
2.362508e-02   1.621146e-08   1.000000e+02
2.384390e-02   2.083937e-08   1.000000e+02
2.406475e-02   2.671400e-08   1.000000e+02
2.428764e-02   3.414452e-08   1.000000e+02
2.451260e-02   4.350767e-08   1.000000e+02
2.473964e-02   5.525976e-08   1.000000e+02
2.496878e-02   6.994968e-08   1.000000e+02
2.520005e-02   8.823618e-08   1.000000e+02
2.543346e-02   1.109261e-07   1.000000e+02
2.566903e-02   1.390025e-07   1.000000e+02
2.590678e-02   1.736558e-07   1.000000e+02
2.614673e-02   2.163267e-07   1.000000e+02
2.638891e-02   2.687577e-07   1.000000e+02
2.663333e-02   3.330562e-07   1.000000e+02
2.688001e-02   4.117712e-07   1.000000e+02
2.712898e-02   5.079867e-07   1.000000e+02
2.738025e-02   6.254357e-07   1.000000e+02
2.763385e-02   7.686397e-07   1.000000e+02
2.788980e-02   9.430806e-07   1.000000e+02
2.814812e-02   1.155412e-06   1.000000e+02
2.840884e-02   1.413717e-06   1.000000e+02
2.867196e-02   1.727834e-06   1.000000e+02
2.893753e-02   2.109752e-06   1.000000e+02
2.920556e-02   2.574107e-06   1.000000e+02
2.947606e-02   3.138800e-06   1.000000e+02
2.974908e-02   3.825767e-06   1.000000e+02
3.002462e-02   4.661945e-06   1.000000e+02
3.030271e-02   5.679214e-06   1.000000e+02
3.058338e-02   6.911341e-06   1.000000e+02
3.086665e-02   8.394850e-06   1.000000e+02
3.115254e-02   1.016865e-05   1.000000e+02
3.144108e-02   1.227263e-05   1.000000e+02
3.173230e-02   1.474547e-05   1.000000e+02
3.202621e-02   1.762178e-05   1.000000e+02
3.232284e-02   2.092836e-05   1.000000e+02
3.262222e-02   2.467958e-05   1.000000e+02
3.292437e-02   2.887230e-05   1.000000e+02
3.322933e-02   3.348029e-05   1.000000e+02
3.353710e-02   3.844899e-05   1.000000e+02
3.384773e-02   4.369099e-05   1.000000e+02
3.416123e-02   4.908329e-05   1.000000e+02
3.447764e-02   5.446703e-05   1.000000e+02
3.479698e-02   5.965069e-05   1.000000e+02
3.511928e-02   6.441730e-05   1.000000e+02
3.544456e-02   6.853592e-05   1.000000e+02
3.577285e-02   7.177714e-05   1.000000e+02
3.610419e-02   7.393154e-05   1.000000e+02
3.643859e-02   7.482944e-05   1.000000e+02
3.677609e-02   7.435975e-05   1.000000e+02
3.711672e-02   7.248521e-05   1.000000e+02
3.746050e-02   6.925171e-05   1.000000e+02
3.780747e-02   6.478951e-05   1.000000e+02
3.815765e-02   5.930556e-05   1.000000e+02
3.851107e-02   5.306720e-05   1.000000e+02
3.886777e-02   4.637890e-05   1.000000e+02
3.922777e-02   3.955504e-05   1.000000e+02
3.959110e-02   3.289225e-05   1.000000e+02
3.995780e-02   2.664522e-05   1.000000e+02
4.032790e-02   2.101758e-05   1.000000e+02
4.070142e-02   1.617360e-05   1.000000e+02
4.107841e-02   1.217509e-05   1.000000e+02
4.145888e-02   8.990000e-06   1.000000e+02
4.184289e-02   6.529061e-06   1.000000e+02
4.223044e-02   4.676557e-06   1.000000e+02
4.262159e-02   3.312586e-06   1.000000e+02
4.301636e-02   2.326777e-06   1.000000e+02
4.341478e-02   1.625062e-06   1.000000e+02
4.381690e-02   1.131603e-06   1.000000e+02
4.422274e-02   7.877852e-07   1.000000e+02
4.463234e-02   5.497844e-07   1.000000e+02
4.504573e-02   3.856817e-07   1.000000e+02
4.546295e-02   2.727084e-07   1.000000e+02
4.588404e-02   1.948867e-07   1.000000e+02
4.630903e-02   1.411435e-07   1.000000e+02
4.673795e-02   1.038761e-07   1.000000e+02
4.717085e-02   7.789828e-08   1.000000e+02
4.760775e-02   5.968680e-08   1.000000e+02
4.804870e-02   4.685416e-08   1.000000e+02
4.849374e-02   3.778492e-08   1.000000e+02
4.894290e-02   3.138848e-08   1.000000e+02
4.939622e-02   2.693300e-08   1.000000e+02
4.985373e-02   2.393551e-08   1.000000e+02
5.031549e-02   2.208535e-08   1.000000e+02
5.078152e-02   2.114447e-08   1.000000e+02
5.125187e-02   2.095188e-08   1.000000e+02
5.172657e-02   2.143255e-08   1.000000e+02
5.220568e-02   2.257562e-08   1.000000e+02
5.268921e-02   2.442371e-08   1.000000e+02
5.317723e-02   2.706947e-08   1.000000e+02
5.366977e-02   3.065739e-08   1.000000e+02
5.416687e-02   3.538901e-08   1.000000e+02
5.466857e-02   4.153078e-08   1.000000e+02
5.517492e-02   4.942320e-08   1.000000e+02
5.568596e-02   5.948966e-08   1.000000e+02
5.620174e-02   7.224246e-08   1.000000e+02
5.672229e-02   8.828251e-08   1.000000e+02
5.724766e-02   1.082876e-07   1.000000e+02
5.777790e-02   1.329827e-07   1.000000e+02
5.831305e-02   1.630852e-07   1.000000e+02
5.885316e-02   1.992176e-07   1.000000e+02
5.939827e-02   2.417828e-07   1.000000e+02
5.994843e-02   2.908025e-07   1.000000e+02
6.050368e-02   3.458735e-07   1.000000e+02
6.106408e-02   4.068290e-07   1.000000e+02
6.162966e-02   4.736162e-07   1.000000e+02
6.220049e-02   5.461431e-07   1.000000e+02
6.277660e-02   6.243047e-07   1.000000e+02
6.335805e-02   7.080142e-07   1.000000e+02
6.394488e-02   7.972375e-07   1.000000e+02
6.453715e-02   8.920287e-07   1.000000e+02
6.513491e-02   9.925681e-07   1.000000e+02
6.573820e-02   1.099201e-06   1.000000e+02
6.634708e-02   1.212480e-06   1.000000e+02
6.696160e-02   1.333207e-06   1.000000e+02
6.758181e-02   1.462483e-06   1.000000e+02
6.820777e-02   1.601769e-06   1.000000e+02
6.883952e-02   1.752950e-06   1.000000e+02
6.947713e-02   1.918425e-06   1.000000e+02
7.012064e-02   2.101214e-06   1.000000e+02
7.077011e-02   2.304437e-06   1.000000e+02
7.142559e-02   2.530207e-06   1.000000e+02
7.208715e-02   2.780552e-06   1.000000e+02
7.275484e-02   3.057568e-06   1.000000e+02
7.342870e-02   3.363397e-06   1.000000e+02
7.410882e-02   3.700189e-06   1.000000e+02
7.479523e-02   4.070052e-06   1.000000e+02
7.548799e-02   4.475001e-06   1.000000e+02
7.618718e-02   4.916885e-06   1.000000e+02
7.689284e-02   5.397311e-06   1.000000e+02
7.760503e-02   5.917551e-06   1.000000e+02
7.832383e-02   6.478440e-06   1.000000e+02
7.904928e-02   7.080265e-06   1.000000e+02
7.978145e-02   7.722641e-06   1.000000e+02
8.052040e-02   8.404302e-06   1.000000e+02
8.126619e-02   9.122063e-06   1.000000e+02
8.201889e-02   9.870731e-06   1.000000e+02
8.277857e-02   1.064337e-05   1.000000e+02
8.354528e-02   1.143119e-05   1.000000e+02
8.431909e-02   1.222349e-05   1.000000e+02
8.510007e-02   1.300766e-05   1.000000e+02
8.588829e-02   1.376930e-05   1.000000e+02
8.668380e-02   1.449248e-05   1.000000e+02
8.748668e-02   1.516004e-05   1.000000e+02
8.829700e-02   1.575409e-05   1.000000e+02
8.911482e-02   1.625664e-05   1.000000e+02
8.994022e-02   1.665028e-05   1.000000e+02
9.077327e-02   1.692397e-05   1.000000e+02
9.161402e-02   1.709409e-05   1.000000e+02
9.246257e-02   1.718790e-05   1.000000e+02
9.331898e-02   1.723464e-05   1.000000e+02
9.418332e-02   1.726453e-05   1.000000e+02
9.505566e-02   1.730812e-05   1.000000e+02
9.593608e-02   1.739636e-05   1.000000e+02
9.682466e-02   1.756101e-05   1.000000e+02
9.772147e-02   1.783584e-05   1.000000e+02
9.862658e-02   1.825832e-05   1.000000e+02
9.954008e-02   1.887213e-05   1.000000e+02
1.004620e-01   1.972941e-05   1.000000e+02
1.013925e-01   2.086360e-05   1.000000e+02
1.023317e-01   2.228459e-05   1.000000e+02
1.032795e-01   2.400426e-05   1.000000e+02
1.042361e-01   2.603564e-05   1.000000e+02
1.052015e-01   2.839049e-05   1.000000e+02
1.061759e-01   3.107635e-05   1.000000e+02
1.071593e-01   3.409320e-05   1.000000e+02
1.081519e-01   3.742953e-05   1.000000e+02
1.091536e-01   4.105802e-05   1.000000e+02
1.101646e-01   4.493112e-05   1.000000e+02
1.111850e-01   4.900202e-05   1.000000e+02
1.122148e-01   5.327269e-05   1.000000e+02
1.132541e-01   5.775769e-05   1.000000e+02
1.143031e-01   6.247703e-05   1.000000e+02
1.153618e-01   6.745699e-05   1.000000e+02
1.164303e-01   7.273115e-05   1.000000e+02
1.175087e-01   7.834145e-05   1.000000e+02
1.185971e-01   8.433951e-05   1.000000e+02
1.196956e-01   9.078828e-05   1.000000e+02
1.208042e-01   9.776028e-05   1.000000e+02
1.219231e-01   1.053060e-04   1.000000e+02
1.230524e-01   1.134599e-04   1.000000e+02
1.241921e-01   1.222558e-04   1.000000e+02
1.253424e-01   1.317270e-04   1.000000e+02
1.265034e-01   1.419050e-04   1.000000e+02
1.276751e-01   1.528193e-04   1.000000e+02
1.288576e-01   1.644960e-04   1.000000e+02
1.300511e-01   1.769577e-04   1.000000e+02
1.312557e-01   1.902223e-04   1.000000e+02
1.324714e-01   2.043035e-04   1.000000e+02
1.336984e-01   2.192091e-04   1.000000e+02
1.349367e-01   2.349393e-04   1.000000e+02
1.361865e-01   2.514855e-04   1.000000e+02
1.374479e-01   2.688291e-04   1.000000e+02
1.387210e-01   2.869403e-04   1.000000e+02
1.400058e-01   3.057768e-04   1.000000e+02
1.413026e-01   3.253170e-04   1.000000e+02
1.426114e-01   3.456771e-04   1.000000e+02
1.439323e-01   3.670395e-04   1.000000e+02
1.452654e-01   3.896278e-04   1.000000e+02
1.466109e-01   4.137128e-04   1.000000e+02
1.479688e-01   4.396190e-04   1.000000e+02
1.493393e-01   4.677344e-04   1.000000e+02
1.507225e-01   4.985117e-04   1.000000e+02
1.521186e-01   5.322672e-04   1.000000e+02
1.535275e-01   5.691339e-04   1.000000e+02
1.549495e-01   6.092208e-04   1.000000e+02
1.563847e-01   6.526132e-04   1.000000e+02
1.578331e-01   6.993634e-04   1.000000e+02
1.592950e-01   7.494820e-04   1.000000e+02
1.607704e-01   8.029335e-04   1.000000e+02
1.622595e-01   8.597731e-04   1.000000e+02
1.637624e-01   9.201794e-04   1.000000e+02
1.652792e-01   9.843439e-04   1.000000e+02
1.668101e-01   1.052467e-03   1.000000e+02
1.683551e-01   1.124756e-03   1.000000e+02
1.699144e-01   1.201429e-03   1.000000e+02
1.714882e-01   1.282711e-03   1.000000e+02
1.730766e-01   1.368839e-03   1.000000e+02
1.746796e-01   1.460057e-03   1.000000e+02
1.762975e-01   1.556620e-03   1.000000e+02
1.779304e-01   1.658792e-03   1.000000e+02
1.795785e-01   1.766848e-03   1.000000e+02
1.812418e-01   1.881078e-03   1.000000e+02
1.829205e-01   2.001826e-03   1.000000e+02
1.846147e-01   2.129480e-03   1.000000e+02
1.863246e-01   2.264461e-03   1.000000e+02
1.880504e-01   2.407222e-03   1.000000e+02
1.897922e-01   2.558254e-03   1.000000e+02
1.915501e-01   2.718088e-03   1.000000e+02
1.933242e-01   2.887298e-03   1.000000e+02
1.951148e-01   3.066510e-03   1.000000e+02
1.969220e-01   3.256400e-03   1.000000e+02
1.987460e-01   3.457704e-03   1.000000e+02
2.005868e-01   3.671222e-03   1.000000e+02
2.024447e-01   3.897760e-03   1.000000e+02
2.043197e-01   4.138074e-03   1.000000e+02
2.062122e-01   4.392952e-03   1.000000e+02
2.081222e-01   4.663218e-03   1.000000e+02
2.100498e-01   4.949738e-03   1.000000e+02
2.119953e-01   5.253421e-03   1.000000e+02
2.139589e-01   5.575217e-03   1.000000e+02
2.159406e-01   5.916121e-03   1.000000e+02
2.179407e-01   6.277176e-03   1.000000e+02
2.199593e-01   6.659468e-03   1.000000e+02
2.219966e-01   7.064137e-03   1.000000e+02
2.240528e-01   7.492366e-03   1.000000e+02
2.261280e-01   7.945394e-03   1.000000e+02
2.282224e-01   8.424510e-03   1.000000e+02
2.303363e-01   8.931053e-03   1.000000e+02
2.324697e-01   9.466420e-03   1.000000e+02
2.346229e-01   1.003206e-02   1.000000e+02
2.367960e-01   1.062947e-02   1.000000e+02
2.389893e-01   1.126022e-02   1.000000e+02
2.412028e-01   1.192591e-02   1.000000e+02
2.434369e-01   1.262822e-02   1.000000e+02
2.456916e-01   1.336887e-02   1.000000e+02
2.479673e-01   1.414965e-02   1.000000e+02
2.502640e-01   1.497237e-02   1.000000e+02
2.525820e-01   1.583900e-02   1.000000e+02
2.549215e-01   1.675166e-02   1.000000e+02
2.572826e-01   1.771266e-02   1.000000e+02
2.596656e-01   1.872439e-02   1.000000e+02
2.620707e-01   1.978934e-02   1.000000e+02
2.644980e-01   2.091016e-02   1.000000e+02
2.669478e-01   2.208960e-02   1.000000e+02
2.694204e-01   2.333055e-02   1.000000e+02
2.719158e-01   2.463604e-02   1.000000e+02
2.744343e-01   2.600926e-02   1.000000e+02
2.769762e-01   2.745355e-02   1.000000e+02
2.795416e-01   2.897239e-02   1.000000e+02
2.821308e-01   3.056948e-02   1.000000e+02
2.847439e-01   3.224866e-02   1.000000e+02
2.873813e-01   3.401399e-02   1.000000e+02
2.900430e-01   3.586970e-02   1.000000e+02
2.927295e-01   3.782027e-02   1.000000e+02
2.954408e-01   3.987036e-02   1.000000e+02
2.981772e-01   4.202492e-02   1.000000e+02
3.009390e-01   4.428909e-02   1.000000e+02
3.037264e-01   4.666814e-02   1.000000e+02
3.065395e-01   4.916727e-02   1.000000e+02
3.093788e-01   5.179189e-02   1.000000e+02
3.122443e-01   5.454755e-02   1.000000e+02
3.151363e-01   5.744001e-02   1.000000e+02
3.180552e-01   6.047524e-02   1.000000e+02
3.210011e-01   6.365939e-02   1.000000e+02
3.239743e-01   6.699880e-02   1.000000e+02
3.269750e-01   7.050001e-02   1.000000e+02
3.300035e-01   7.416978e-02   1.000000e+02
3.330600e-01   7.801504e-02   1.000000e+02
3.361449e-01   8.204294e-02   1.000000e+02
3.392583e-01   8.626081e-02   1.000000e+02
3.424006e-01   9.067619e-02   1.000000e+02
3.455720e-01   9.529681e-02   1.000000e+02
3.487727e-01   1.001306e-01   1.000000e+02
3.520031e-01   1.051857e-01   1.000000e+02
3.552635e-01   1.104714e-01   1.000000e+02
3.585540e-01   1.159979e-01   1.000000e+02
3.618750e-01   1.217762e-01   1.000000e+02
3.652267e-01   1.278174e-01   1.000000e+02
3.686095e-01   1.341336e-01   1.000000e+02
3.720237e-01   1.407374e-01   1.000000e+02
3.754694e-01   1.476420e-01   1.000000e+02
3.789471e-01   1.548612e-01   1.000000e+02
3.824570e-01   1.624098e-01   1.000000e+02
3.859994e-01   1.703033e-01   1.000000e+02
3.895746e-01   1.785579e-01   1.000000e+02
3.931829e-01   1.871907e-01   1.000000e+02
3.968246e-01   1.962201e-01   1.000000e+02
4.005001e-01   2.056650e-01   1.000000e+02
4.042096e-01   2.155445e-01   1.000000e+02
4.079535e-01   2.258750e-01   1.000000e+02
4.117320e-01   2.366724e-01   1.000000e+02
4.155455e-01   2.479531e-01   1.000000e+02
4.193944e-01   2.597333e-01   1.000000e+02
4.232789e-01   2.720294e-01   1.000000e+02
4.271994e-01   2.848577e-01   1.000000e+02
4.311562e-01   2.982345e-01   1.000000e+02
4.351497e-01   3.121761e-01   1.000000e+02
4.391801e-01   3.266983e-01   1.000000e+02
4.432479e-01   3.418169e-01   1.000000e+02
4.473533e-01   3.575474e-01   1.000000e+02
4.514968e-01   3.739047e-01   1.000000e+02
4.556786e-01   3.909078e-01   1.000000e+02
4.598992e-01   4.085822e-01   1.000000e+02
4.641589e-01   4.269553e-01   1.000000e+02
4.684580e-01   4.460561e-01   1.000000e+02
4.727970e-01   4.659151e-01   1.000000e+02
4.771761e-01   4.865647e-01   1.000000e+02
4.815958e-01   5.080390e-01   1.000000e+02
4.860564e-01   5.303742e-01   1.000000e+02
4.905584e-01   5.536084e-01   1.000000e+02
4.951020e-01   5.777823e-01   1.000000e+02
4.996877e-01   6.029388e-01   1.000000e+02
5.043159e-01   6.291218e-01   1.000000e+02
5.089870e-01   6.563706e-01   1.000000e+02
5.137014e-01   6.847231e-01   1.000000e+02
5.184594e-01   7.142184e-01   1.000000e+02
5.232614e-01   7.448966e-01   1.000000e+02
5.281080e-01   7.767988e-01   1.000000e+02
5.329994e-01   8.099672e-01   1.000000e+02
5.379362e-01   8.444448e-01   1.000000e+02
5.429186e-01   8.802759e-01   1.000000e+02
5.479472e-01   9.175057e-01   1.000000e+02
5.530224e-01   9.561803e-01   1.000000e+02
5.581446e-01   9.963470e-01   1.000000e+02
5.633143e-01   1.038054e+00   1.000000e+02
5.685318e-01   1.081350e+00   1.000000e+02
5.737976e-01   1.126286e+00   1.000000e+02
5.791123e-01   1.172913e+00   1.000000e+02
5.844761e-01   1.221282e+00   1.000000e+02
5.898896e-01   1.271447e+00   1.000000e+02
5.953533e-01   1.323461e+00   1.000000e+02
6.008676e-01   1.377378e+00   1.000000e+02
6.064329e-01   1.433257e+00   1.000000e+02
6.120498e-01   1.491159e+00   1.000000e+02
6.177188e-01   1.551149e+00   1.000000e+02
6.234402e-01   1.613293e+00   1.000000e+02
6.292146e-01   1.677661e+00   1.000000e+02
6.350425e-01   1.744322e+00   1.000000e+02
6.409244e-01   1.813349e+00   1.000000e+02
6.468608e-01   1.884817e+00   1.000000e+02
6.528521e-01   1.958801e+00   1.000000e+02
6.588990e-01   2.035382e+00   1.000000e+02
6.650018e-01   2.114640e+00   1.000000e+02
6.711612e-01   2.196657e+00   1.000000e+02
6.773776e-01   2.281521e+00   1.000000e+02
6.836516e-01   2.369319e+00   1.000000e+02
6.899837e-01   2.460141e+00   1.000000e+02
6.963745e-01   2.554081e+00   1.000000e+02
7.028244e-01   2.651235e+00   1.000000e+02
7.093341e-01   2.751698e+00   1.000000e+02
7.159041e-01   2.855568e+00   1.000000e+02
7.225349e-01   2.962942e+00   1.000000e+02
7.292272e-01   3.073923e+00   1.000000e+02
7.359814e-01   3.188613e+00   1.000000e+02
7.427982e-01   3.307116e+00   1.000000e+02
7.496782e-01   3.429541e+00   1.000000e+02
7.566219e-01   3.555998e+00   1.000000e+02
7.636298e-01   3.686598e+00   1.000000e+02
7.707027e-01   3.821455e+00   1.000000e+02
7.778411e-01   3.960687e+00   1.000000e+02
7.850456e-01   4.104412e+00   1.000000e+02
7.923169e-01   4.252752e+00   1.000000e+02
7.996555e-01   4.405830e+00   1.000000e+02
8.070620e-01   4.563772e+00   1.000000e+02
8.145372e-01   4.726710e+00   1.000000e+02
8.220816e-01   4.894778e+00   1.000000e+02
8.296959e-01   5.068112e+00   1.000000e+02
8.373807e-01   5.246852e+00   1.000000e+02
8.451366e-01   5.431141e+00   1.000000e+02
8.529644e-01   5.621125e+00   1.000000e+02
8.608648e-01   5.816952e+00   1.000000e+02
8.688383e-01   6.018774e+00   1.000000e+02
8.768856e-01   6.226745e+00   1.000000e+02
8.850075e-01   6.441024e+00   1.000000e+02
8.932046e-01   6.661771e+00   1.000000e+02
9.014776e-01   6.889151e+00   1.000000e+02
9.098273e-01   7.123329e+00   1.000000e+02
9.182543e-01   7.364472e+00   1.000000e+02
9.267593e-01   7.612748e+00   1.000000e+02
9.353432e-01   7.868328e+00   1.000000e+02
9.440065e-01   8.131386e+00   1.000000e+02
9.527500e-01   8.402097e+00   1.000000e+02
9.615746e-01   8.680642e+00   1.000000e+02
9.704809e-01   8.967200e+00   1.000000e+02
9.794697e-01   9.261956e+00   1.000000e+02
9.885417e-01   9.565096e+00   1.000000e+02
9.976978e-01   9.876810e+00   1.000000e+02
1.006939e+00   1.019729e+01   1.000000e+02
1.016265e+00   1.052673e+01   1.000000e+02
1.025678e+00   1.086533e+01   1.000000e+02
1.035178e+00   1.121331e+01   1.000000e+02
1.044766e+00   1.157086e+01   1.000000e+02
1.054443e+00   1.193821e+01   1.000000e+02
1.064209e+00   1.231555e+01   1.000000e+02
1.074066e+00   1.270312e+01   1.000000e+02
1.084014e+00   1.310113e+01   1.000000e+02
1.094055e+00   1.350981e+01   1.000000e+02
1.104188e+00   1.392938e+01   1.000000e+02
1.114415e+00   1.436007e+01   1.000000e+02
1.124737e+00   1.480212e+01   1.000000e+02
1.135155e+00   1.525577e+01   1.000000e+02
1.145669e+00   1.572124e+01   1.000000e+02
1.156280e+00   1.619879e+01   1.000000e+02
1.166990e+00   1.668865e+01   1.000000e+02
1.177799e+00   1.719109e+01   1.000000e+02
1.188708e+00   1.770634e+01   1.000000e+02
1.199718e+00   1.823467e+01   1.000000e+02
1.210830e+00   1.877633e+01   1.000000e+02
1.222045e+00   1.933158e+01   1.000000e+02
1.233363e+00   1.990068e+01   1.000000e+02
1.244787e+00   2.048391e+01   1.000000e+02
1.256317e+00   2.108153e+01   1.000000e+02
1.267953e+00   2.169385e+01   1.000000e+02
1.279697e+00   2.232120e+01   1.000000e+02
1.291550e+00   2.296392e+01   1.000000e+02
1.303512e+00   2.362237e+01   1.000000e+02
1.315586e+00   2.429691e+01   1.000000e+02
1.327771e+00   2.498793e+01   1.000000e+02
1.340069e+00   2.569580e+01   1.000000e+02
1.352481e+00   2.642093e+01   1.000000e+02
1.365008e+00   2.716373e+01   1.000000e+02
1.377651e+00   2.792462e+01   1.000000e+02
1.390411e+00   2.870404e+01   1.000000e+02
1.403289e+00   2.950243e+01   1.000000e+02
1.416287e+00   3.032027e+01   1.000000e+02
1.429405e+00   3.115803e+01   1.000000e+02
1.442644e+00   3.201621e+01   1.000000e+02
1.456006e+00   3.289531e+01   1.000000e+02
1.469492e+00   3.379587e+01   1.000000e+02
1.483103e+00   3.471842e+01   1.000000e+02
1.496839e+00   3.566353e+01   1.000000e+02
1.510703e+00   3.663176e+01   1.000000e+02
1.524696e+00   3.762338e+01   1.000000e+02
1.538818e+00   3.863854e+01   1.000000e+02
1.553071e+00   3.967735e+01   1.000000e+02
1.567455e+00   4.073989e+01   1.000000e+02
1.581973e+00   4.182622e+01   1.000000e+02
1.596626e+00   4.293634e+01   1.000000e+02
1.611414e+00   4.407023e+01   1.000000e+02
1.626340e+00   4.522783e+01   1.000000e+02
1.641403e+00   4.640902e+01   1.000000e+02
1.656606e+00   4.761365e+01   1.000000e+02
1.671950e+00   4.884154e+01   1.000000e+02
1.687436e+00   5.009242e+01   1.000000e+02
1.703065e+00   5.136600e+01   1.000000e+02
1.718839e+00   5.266193e+01   1.000000e+02
1.734759e+00   5.397981e+01   1.000000e+02
1.750827e+00   5.531915e+01   1.000000e+02
1.767044e+00   5.667967e+01   1.000000e+02
1.783410e+00   5.806178e+01   1.000000e+02
1.799929e+00   5.946612e+01   1.000000e+02
1.816600e+00   6.089337e+01   1.000000e+02
1.833425e+00   6.234428e+01   1.000000e+02
1.850407e+00   6.381963e+01   1.000000e+02
1.867546e+00   6.532027e+01   1.000000e+02
1.884843e+00   6.684711e+01   1.000000e+02
1.902301e+00   6.840113e+01   1.000000e+02
1.919921e+00   6.998336e+01   1.000000e+02
1.937703e+00   7.159490e+01   1.000000e+02
1.955651e+00   7.323695e+01   1.000000e+02
1.973764e+00   7.491074e+01   1.000000e+02
1.992046e+00   7.661762e+01   1.000000e+02
2.010496e+00   7.835897e+01   1.000000e+02
2.029118e+00   8.013565e+01   1.000000e+02
2.047912e+00   8.194809e+01   1.000000e+02
2.066880e+00   8.379665e+01   1.000000e+02
2.086024e+00   8.568173e+01   1.000000e+02
2.105345e+00   8.760366e+01   1.000000e+02
2.124845e+00   8.956280e+01   1.000000e+02
2.144526e+00   9.155947e+01   1.000000e+02
2.164389e+00   9.359399e+01   1.000000e+02
2.184436e+00   9.566664e+01   1.000000e+02
2.204669e+00   9.777771e+01   1.000000e+02
2.225089e+00   9.992744e+01   1.000000e+02
2.245698e+00   1.021161e+02   1.000000e+02
2.266498e+00   1.043438e+02   1.000000e+02
2.287491e+00   1.066109e+02   1.000000e+02
2.308678e+00   1.089174e+02   1.000000e+02
2.330061e+00   1.112635e+02   1.000000e+02
2.351643e+00   1.136494e+02   1.000000e+02
2.373424e+00   1.160750e+02   1.000000e+02
2.395407e+00   1.185406e+02   1.000000e+02
2.417594e+00   1.210460e+02   1.000000e+02
2.439986e+00   1.235912e+02   1.000000e+02
2.462586e+00   1.261764e+02   1.000000e+02
2.485395e+00   1.288012e+02   1.000000e+02
2.508415e+00   1.314658e+02   1.000000e+02
2.531648e+00   1.341700e+02   1.000000e+02
2.555097e+00   1.369144e+02   1.000000e+02
2.578763e+00   1.396993e+02   1.000000e+02
2.602648e+00   1.425251e+02   1.000000e+02
2.626754e+00   1.453922e+02   1.000000e+02
2.651084e+00   1.483011e+02   1.000000e+02
2.675638e+00   1.512522e+02   1.000000e+02
2.700421e+00   1.542460e+02   1.000000e+02
2.725433e+00   1.572828e+02   1.000000e+02
2.750676e+00   1.603633e+02   1.000000e+02
2.776153e+00   1.634877e+02   1.000000e+02
2.801867e+00   1.666567e+02   1.000000e+02
2.827818e+00   1.698707e+02   1.000000e+02
2.854010e+00   1.731303e+02   1.000000e+02
2.880444e+00   1.764358e+02   1.000000e+02
2.907123e+00   1.797880e+02   1.000000e+02
2.934050e+00   1.831872e+02   1.000000e+02
2.961225e+00   1.866341e+02   1.000000e+02
2.988653e+00   1.901293e+02   1.000000e+02
3.016334e+00   1.936732e+02   1.000000e+02
3.044272e+00   1.972664e+02   1.000000e+02
3.072469e+00   2.009091e+02   1.000000e+02
3.100927e+00   2.046017e+02   1.000000e+02
3.129648e+00   2.083445e+02   1.000000e+02
3.158635e+00   2.121378e+02   1.000000e+02
3.187891e+00   2.159818e+02   1.000000e+02
3.217418e+00   2.198769e+02   1.000000e+02
3.247218e+00   2.238233e+02   1.000000e+02
3.277295e+00   2.278213e+02   1.000000e+02
3.307650e+00   2.318712e+02   1.000000e+02
3.338286e+00   2.359733e+02   1.000000e+02
3.369206e+00   2.401277e+02   1.000000e+02
3.400412e+00   2.443348e+02   1.000000e+02
3.431907e+00   2.485947e+02   1.000000e+02
3.463694e+00   2.529077e+02   1.000000e+02
3.495776e+00   2.572741e+02   1.000000e+02
3.528154e+00   2.616940e+02   1.000000e+02
3.560833e+00   2.661677e+02   1.000000e+02
3.593814e+00   2.706956e+02   1.000000e+02
3.627100e+00   2.752779e+02   1.000000e+02
3.660695e+00   2.799151e+02   1.000000e+02
3.694601e+00   2.846075e+02   1.000000e+02
3.728821e+00   2.893552e+02   1.000000e+02
3.763358e+00   2.941588e+02   1.000000e+02
3.798215e+00   2.990185e+02   1.000000e+02
3.833395e+00   3.039345e+02   1.000000e+02
3.868901e+00   3.089074e+02   1.000000e+02
3.904735e+00   3.139373e+02   1.000000e+02
3.940902e+00   3.190246e+02   1.000000e+02
3.977403e+00   3.241697e+02   1.000000e+02
4.014242e+00   3.293728e+02   1.000000e+02
4.051423e+00   3.346342e+02   1.000000e+02
4.088948e+00   3.399541e+02   1.000000e+02
4.126821e+00   3.453326e+02   1.000000e+02
4.165044e+00   3.507698e+02   1.000000e+02
4.203622e+00   3.562659e+02   1.000000e+02
4.242556e+00   3.618210e+02   1.000000e+02
4.281852e+00   3.674352e+02   1.000000e+02
4.321511e+00   3.731085e+02   1.000000e+02
4.361538e+00   3.788411e+02   1.000000e+02
4.401935e+00   3.846331e+02   1.000000e+02
4.442707e+00   3.904844e+02   1.000000e+02
4.483856e+00   3.963952e+02   1.000000e+02
4.525386e+00   4.023654e+02   1.000000e+02
4.567301e+00   4.083952e+02   1.000000e+02
4.609604e+00   4.144844e+02   1.000000e+02
4.652300e+00   4.206332e+02   1.000000e+02
4.695390e+00   4.268414e+02   1.000000e+02
4.738880e+00   4.331092e+02   1.000000e+02
4.782772e+00   4.394363e+02   1.000000e+02
4.827071e+00   4.458229e+02   1.000000e+02
4.871780e+00   4.522687e+02   1.000000e+02
4.916904e+00   4.587738e+02   1.000000e+02
4.962445e+00   4.653381e+02   1.000000e+02
5.008408e+00   4.719614e+02   1.000000e+02
5.054797e+00   4.786436e+02   1.000000e+02
5.101615e+00   4.853841e+02   1.000000e+02
5.148867e+00   4.921825e+02   1.000000e+02
5.196557e+00   4.990381e+02   1.000000e+02
5.244689e+00   5.059504e+02   1.000000e+02
5.293266e+00   5.129187e+02   1.000000e+02
5.342293e+00   5.199423e+02   1.000000e+02
5.391775e+00   5.270204e+02   1.000000e+02
5.441714e+00   5.341525e+02   1.000000e+02
5.492116e+00   5.413375e+02   1.000000e+02
5.542986e+00   5.485748e+02   1.000000e+02
5.594326e+00   5.558634e+02   1.000000e+02
5.646141e+00   5.632024e+02   1.000000e+02
5.698437e+00   5.705909e+02   1.000000e+02
5.751217e+00   5.780278e+02   1.000000e+02
5.804486e+00   5.855122e+02   1.000000e+02
5.858248e+00   5.930429e+02   1.000000e+02
5.912508e+00   6.006189e+02   1.000000e+02
5.967271e+00   6.082389e+02   1.000000e+02
6.022541e+00   6.159018e+02   1.000000e+02
6.078323e+00   6.236061e+02   1.000000e+02
6.134622e+00   6.313503e+02   1.000000e+02
6.191442e+00   6.391327e+02   1.000000e+02
6.248788e+00   6.469514e+02   1.000000e+02
6.306666e+00   6.548048e+02   1.000000e+02
6.365079e+00   6.626908e+02   1.000000e+02
6.424034e+00   6.706076e+02   1.000000e+02
6.483534e+00   6.785531e+02   1.000000e+02
6.543586e+00   6.865254e+02   1.000000e+02
6.604194e+00   6.945222e+02   1.000000e+02
6.665363e+00   7.025414e+02   1.000000e+02
6.727099e+00   7.105807e+02   1.000000e+02
6.789407e+00   7.186379e+02   1.000000e+02
6.852292e+00   7.267105e+02   1.000000e+02
6.915759e+00   7.347961e+02   1.000000e+02
6.979814e+00   7.428922e+02   1.000000e+02
7.044462e+00   7.509963e+02   1.000000e+02
7.109709e+00   7.591058e+02   1.000000e+02
7.175561e+00   7.672178e+02   1.000000e+02
7.242022e+00   7.753297e+02   1.000000e+02
7.309099e+00   7.834387e+02   1.000000e+02
7.376798e+00   7.915419e+02   1.000000e+02
7.445123e+00   7.996363e+02   1.000000e+02
7.514081e+00   8.077189e+02   1.000000e+02
7.583678e+00   8.157868e+02   1.000000e+02
7.653919e+00   8.238367e+02   1.000000e+02
7.724811e+00   8.318656e+02   1.000000e+02
7.796360e+00   8.398702e+02   1.000000e+02
7.868572e+00   8.478472e+02   1.000000e+02
7.941452e+00   8.557934e+02   1.000000e+02
8.015007e+00   8.637054e+02   1.000000e+02
8.089243e+00   8.715797e+02   1.000000e+02
8.164168e+00   8.794133e+02   1.000000e+02
8.239786e+00   8.872030e+02   1.000000e+02
8.316104e+00   8.949455e+02   1.000000e+02
8.393129e+00   9.026375e+02   1.000000e+02
8.470868e+00   9.102758e+02   1.000000e+02
8.549327e+00   9.178571e+02   1.000000e+02
8.628513e+00   9.253779e+02   1.000000e+02
8.708431e+00   9.328350e+02   1.000000e+02
8.789091e+00   9.402250e+02   1.000000e+02
8.870497e+00   9.475444e+02   1.000000e+02
8.952657e+00   9.547898e+02   1.000000e+02
9.035578e+00   9.619577e+02   1.000000e+02
9.119268e+00   9.690448e+02   1.000000e+02
9.203732e+00   9.760475e+02   1.000000e+02
9.288979e+00   9.829623e+02   1.000000e+02
9.375015e+00   9.897858e+02   1.000000e+02
9.461848e+00   9.965145e+02   1.000000e+02
9.549486e+00   1.003145e+03   1.000000e+02
9.637935e+00   1.009673e+03   1.000000e+02
9.727203e+00   1.016097e+03   1.000000e+02
9.817298e+00   1.022411e+03   1.000000e+02
9.908228e+00   1.028613e+03   1.000000e+02
1.000000e+01   1.034700e+03   1.000000e+02
