# Li7 + n > Li8 + g   [Li7_n__Li8_g]   ref=Malaney& Fowler 1989 & Heil et al. 1998
# forward[T9] = With[{T932=T9^(3/2)},(6.015*^3 +1.141*^4/T932*Exp[-2.576/T9])]   uncertainty factor f = 3
# T9                 rate                error
1.000000e-03   6.015000e+03   3.000000e+00
1.009262e-03   6.015000e+03   3.000000e+00
1.018610e-03   6.015000e+03   3.000000e+00
1.028045e-03   6.015000e+03   3.000000e+00
1.037567e-03   6.015000e+03   3.000000e+00
1.047177e-03   6.015000e+03   3.000000e+00
1.056876e-03   6.015000e+03   3.000000e+00
1.066665e-03   6.015000e+03   3.000000e+00
1.076545e-03   6.015000e+03   3.000000e+00
1.086516e-03   6.015000e+03   3.000000e+00
1.096579e-03   6.015000e+03   3.000000e+00
1.106736e-03   6.015000e+03   3.000000e+00
1.116987e-03   6.015000e+03   3.000000e+00
1.127333e-03   6.015000e+03   3.000000e+00
1.137774e-03   6.015000e+03   3.000000e+00
1.148312e-03   6.015000e+03   3.000000e+00
1.158948e-03   6.015000e+03   3.000000e+00
1.169683e-03   6.015000e+03   3.000000e+00
1.180517e-03   6.015000e+03   3.000000e+00
1.191451e-03   6.015000e+03   3.000000e+00
1.202486e-03   6.015000e+03   3.000000e+00
1.213624e-03   6.015000e+03   3.000000e+00
1.224865e-03   6.015000e+03   3.000000e+00
1.236210e-03   6.015000e+03   3.000000e+00
1.247660e-03   6.015000e+03   3.000000e+00
1.259216e-03   6.015000e+03   3.000000e+00
1.270879e-03   6.015000e+03   3.000000e+00
1.282650e-03   6.015000e+03   3.000000e+00
1.294530e-03   6.015000e+03   3.000000e+00
1.306520e-03   6.015000e+03   3.000000e+00
1.318621e-03   6.015000e+03   3.000000e+00
1.330835e-03   6.015000e+03   3.000000e+00
1.343161e-03   6.015000e+03   3.000000e+00
1.355602e-03   6.015000e+03   3.000000e+00
1.368158e-03   6.015000e+03   3.000000e+00
1.380830e-03   6.015000e+03   3.000000e+00
1.393619e-03   6.015000e+03   3.000000e+00
1.406527e-03   6.015000e+03   3.000000e+00
1.419555e-03   6.015000e+03   3.000000e+00
1.432703e-03   6.015000e+03   3.000000e+00
1.445973e-03   6.015000e+03   3.000000e+00
1.459366e-03   6.015000e+03   3.000000e+00
1.472883e-03   6.015000e+03   3.000000e+00
1.486525e-03   6.015000e+03   3.000000e+00
1.500293e-03   6.015000e+03   3.000000e+00
1.514189e-03   6.015000e+03   3.000000e+00
1.528214e-03   6.015000e+03   3.000000e+00
1.542369e-03   6.015000e+03   3.000000e+00
1.556654e-03   6.015000e+03   3.000000e+00
1.571072e-03   6.015000e+03   3.000000e+00
1.585624e-03   6.015000e+03   3.000000e+00
1.600310e-03   6.015000e+03   3.000000e+00
1.615133e-03   6.015000e+03   3.000000e+00
1.630092e-03   6.015000e+03   3.000000e+00
1.645191e-03   6.015000e+03   3.000000e+00
1.660429e-03   6.015000e+03   3.000000e+00
1.675808e-03   6.015000e+03   3.000000e+00
1.691330e-03   6.015000e+03   3.000000e+00
1.706995e-03   6.015000e+03   3.000000e+00
1.722805e-03   6.015000e+03   3.000000e+00
1.738762e-03   6.015000e+03   3.000000e+00
1.754867e-03   6.015000e+03   3.000000e+00
1.771121e-03   6.015000e+03   3.000000e+00
1.787526e-03   6.015000e+03   3.000000e+00
1.804082e-03   6.015000e+03   3.000000e+00
1.820792e-03   6.015000e+03   3.000000e+00
1.837656e-03   6.015000e+03   3.000000e+00
1.854677e-03   6.015000e+03   3.000000e+00
1.871855e-03   6.015000e+03   3.000000e+00
1.889193e-03   6.015000e+03   3.000000e+00
1.906691e-03   6.015000e+03   3.000000e+00
1.924351e-03   6.015000e+03   3.000000e+00
1.942175e-03   6.015000e+03   3.000000e+00
1.960163e-03   6.015000e+03   3.000000e+00
1.978319e-03   6.015000e+03   3.000000e+00
1.996642e-03   6.015000e+03   3.000000e+00
2.015136e-03   6.015000e+03   3.000000e+00
2.033800e-03   6.015000e+03   3.000000e+00
2.052638e-03   6.015000e+03   3.000000e+00
2.071650e-03   6.015000e+03   3.000000e+00
2.090838e-03   6.015000e+03   3.000000e+00
2.110203e-03   6.015000e+03   3.000000e+00
2.129749e-03   6.015000e+03   3.000000e+00
2.149475e-03   6.015000e+03   3.000000e+00
2.169384e-03   6.015000e+03   3.000000e+00
2.189477e-03   6.015000e+03   3.000000e+00
2.209756e-03   6.015000e+03   3.000000e+00
2.230223e-03   6.015000e+03   3.000000e+00
2.250880e-03   6.015000e+03   3.000000e+00
2.271728e-03   6.015000e+03   3.000000e+00
2.292769e-03   6.015000e+03   3.000000e+00
2.314005e-03   6.015000e+03   3.000000e+00
2.335438e-03   6.015000e+03   3.000000e+00
2.357069e-03   6.015000e+03   3.000000e+00
2.378901e-03   6.015000e+03   3.000000e+00
2.400935e-03   6.015000e+03   3.000000e+00
2.423173e-03   6.015000e+03   3.000000e+00
2.445617e-03   6.015000e+03   3.000000e+00
2.468268e-03   6.015000e+03   3.000000e+00
2.491130e-03   6.015000e+03   3.000000e+00
2.514203e-03   6.015000e+03   3.000000e+00
2.537490e-03   6.015000e+03   3.000000e+00
2.560993e-03   6.015000e+03   3.000000e+00
2.584714e-03   6.015000e+03   3.000000e+00
2.608654e-03   6.015000e+03   3.000000e+00
2.632815e-03   6.015000e+03   3.000000e+00
2.657201e-03   6.015000e+03   3.000000e+00
2.681813e-03   6.015000e+03   3.000000e+00
2.706652e-03   6.015000e+03   3.000000e+00
2.731722e-03   6.015000e+03   3.000000e+00
2.757023e-03   6.015000e+03   3.000000e+00
2.782559e-03   6.015000e+03   3.000000e+00
2.808332e-03   6.015000e+03   3.000000e+00
2.834343e-03   6.015000e+03   3.000000e+00
2.860596e-03   6.015000e+03   3.000000e+00
2.887091e-03   6.015000e+03   3.000000e+00
2.913832e-03   6.015000e+03   3.000000e+00
2.940820e-03   6.015000e+03   3.000000e+00
2.968059e-03   6.015000e+03   3.000000e+00
2.995549e-03   6.015000e+03   3.000000e+00
3.023295e-03   6.015000e+03   3.000000e+00
3.051297e-03   6.015000e+03   3.000000e+00
3.079559e-03   6.015000e+03   3.000000e+00
3.108082e-03   6.015000e+03   3.000000e+00
3.136870e-03   6.015000e+03   3.000000e+00
3.165924e-03   6.015000e+03   3.000000e+00
3.195248e-03   6.015000e+03   3.000000e+00
3.224842e-03   6.015000e+03   3.000000e+00
3.254712e-03   6.015000e+03   3.000000e+00
3.284857e-03   6.015000e+03   3.000000e+00
3.315282e-03   6.015000e+03   3.000000e+00
3.345989e-03   6.015000e+03   3.000000e+00
3.376980e-03   6.015000e+03   3.000000e+00
3.408259e-03   6.015000e+03   3.000000e+00
3.439826e-03   6.015000e+03   3.000000e+00
3.471687e-03   6.015000e+03   3.000000e+00
3.503842e-03   6.015000e+03   3.000000e+00
3.536296e-03   6.015000e+03   3.000000e+00
3.569049e-03   6.015000e+03   3.000000e+00
3.602107e-03   6.015000e+03   3.000000e+00
3.635470e-03   6.015000e+03   3.000000e+00
3.669142e-03   6.015000e+03   3.000000e+00
3.703127e-03   6.015000e+03   3.000000e+00
3.737426e-03   6.015000e+03   3.000000e+00
3.772042e-03   6.015000e+03   3.000000e+00
3.806980e-03   6.015000e+03   3.000000e+00
3.842241e-03   6.015000e+03   3.000000e+00
3.877828e-03   6.015000e+03   3.000000e+00
3.913746e-03   6.015000e+03   3.000000e+00
3.949995e-03   6.015000e+03   3.000000e+00
3.986581e-03   6.015000e+03   3.000000e+00
4.023506e-03   6.015000e+03   3.000000e+00
4.060772e-03   6.015000e+03   3.000000e+00
4.098384e-03   6.015000e+03   3.000000e+00
4.136344e-03   6.015000e+03   3.000000e+00
4.174655e-03   6.015000e+03   3.000000e+00
4.213322e-03   6.015000e+03   3.000000e+00
4.252346e-03   6.015000e+03   3.000000e+00
4.291732e-03   6.015000e+03   3.000000e+00
4.331483e-03   6.015000e+03   3.000000e+00
4.371602e-03   6.015000e+03   3.000000e+00
4.412093e-03   6.015000e+03   3.000000e+00
4.452959e-03   6.015000e+03   3.000000e+00
4.494203e-03   6.015000e+03   3.000000e+00
4.535829e-03   6.015000e+03   3.000000e+00
4.577841e-03   6.015000e+03   3.000000e+00
4.620241e-03   6.015000e+03   3.000000e+00
4.663035e-03   6.015000e+03   3.000000e+00
4.706225e-03   6.015000e+03   3.000000e+00
4.749815e-03   6.015000e+03   3.000000e+00
4.793808e-03   6.015000e+03   3.000000e+00
4.838210e-03   6.015000e+03   3.000000e+00
4.883022e-03   6.015000e+03   3.000000e+00
4.928250e-03   6.015000e+03   3.000000e+00
4.973896e-03   6.015000e+03   3.000000e+00
5.019965e-03   6.015000e+03   3.000000e+00
5.066461e-03   6.015000e+03   3.000000e+00
5.113388e-03   6.015000e+03   3.000000e+00
5.160749e-03   6.015000e+03   3.000000e+00
5.208549e-03   6.015000e+03   3.000000e+00
5.256791e-03   6.015000e+03   3.000000e+00
5.305481e-03   6.015000e+03   3.000000e+00
5.354621e-03   6.015000e+03   3.000000e+00
5.404216e-03   6.015000e+03   3.000000e+00
5.454271e-03   6.015000e+03   3.000000e+00
5.504790e-03   6.015000e+03   3.000000e+00
5.555776e-03   6.015000e+03   3.000000e+00
5.607235e-03   6.015000e+03   3.000000e+00
5.659170e-03   6.015000e+03   3.000000e+00
5.711586e-03   6.015000e+03   3.000000e+00
5.764488e-03   6.015000e+03   3.000000e+00
5.817880e-03   6.015000e+03   3.000000e+00
5.871766e-03   6.015000e+03   3.000000e+00
5.926152e-03   6.015000e+03   3.000000e+00
5.981041e-03   6.015000e+03   3.000000e+00
6.036439e-03   6.015000e+03   3.000000e+00
6.092349e-03   6.015000e+03   3.000000e+00
6.148778e-03   6.015000e+03   3.000000e+00
6.205729e-03   6.015000e+03   3.000000e+00
6.263207e-03   6.015000e+03   3.000000e+00
6.321218e-03   6.015000e+03   3.000000e+00
6.379767e-03   6.015000e+03   3.000000e+00
6.438857e-03   6.015000e+03   3.000000e+00
6.498495e-03   6.015000e+03   3.000000e+00
6.558686e-03   6.015000e+03   3.000000e+00
6.619433e-03   6.015000e+03   3.000000e+00
6.680744e-03   6.015000e+03   3.000000e+00
6.742622e-03   6.015000e+03   3.000000e+00
6.805074e-03   6.015000e+03   3.000000e+00
6.868104e-03   6.015000e+03   3.000000e+00
6.931717e-03   6.015000e+03   3.000000e+00
6.995920e-03   6.015000e+03   3.000000e+00
7.060718e-03   6.015000e+03   3.000000e+00
7.126115e-03   6.015000e+03   3.000000e+00
7.192119e-03   6.015000e+03   3.000000e+00
7.258734e-03   6.015000e+03   3.000000e+00
7.325965e-03   6.015000e+03   3.000000e+00
7.393820e-03   6.015000e+03   3.000000e+00
7.462303e-03   6.015000e+03   3.000000e+00
7.531420e-03   6.015000e+03   3.000000e+00
7.601178e-03   6.015000e+03   3.000000e+00
7.671581e-03   6.015000e+03   3.000000e+00
7.742637e-03   6.015000e+03   3.000000e+00
7.814351e-03   6.015000e+03   3.000000e+00
7.886729e-03   6.015000e+03   3.000000e+00
7.959777e-03   6.015000e+03   3.000000e+00
8.033502e-03   6.015000e+03   3.000000e+00
8.107910e-03   6.015000e+03   3.000000e+00
8.183007e-03   6.015000e+03   3.000000e+00
8.258799e-03   6.015000e+03   3.000000e+00
8.335294e-03   6.015000e+03   3.000000e+00
8.412497e-03   6.015000e+03   3.000000e+00
8.490415e-03   6.015000e+03   3.000000e+00
8.569055e-03   6.015000e+03   3.000000e+00
8.648423e-03   6.015000e+03   3.000000e+00
8.728527e-03   6.015000e+03   3.000000e+00
8.809372e-03   6.015000e+03   3.000000e+00
8.890966e-03   6.015000e+03   3.000000e+00
8.973316e-03   6.015000e+03   3.000000e+00
9.056428e-03   6.015000e+03   3.000000e+00
9.140311e-03   6.015000e+03   3.000000e+00
9.224970e-03   6.015000e+03   3.000000e+00
9.310413e-03   6.015000e+03   3.000000e+00
9.396648e-03   6.015000e+03   3.000000e+00
9.483682e-03   6.015000e+03   3.000000e+00
9.571522e-03   6.015000e+03   3.000000e+00
9.660175e-03   6.015000e+03   3.000000e+00
9.749649e-03   6.015000e+03   3.000000e+00
9.839952e-03   6.015000e+03   3.000000e+00
9.931092e-03   6.015000e+03   3.000000e+00
1.002308e-02   6.015000e+03   3.000000e+00
1.011591e-02   6.015000e+03   3.000000e+00
1.020961e-02   6.015000e+03   3.000000e+00
1.030417e-02   6.015000e+03   3.000000e+00
1.039961e-02   6.015000e+03   3.000000e+00
1.049593e-02   6.015000e+03   3.000000e+00
1.059315e-02   6.015000e+03   3.000000e+00
1.069126e-02   6.015000e+03   3.000000e+00
1.079029e-02   6.015000e+03   3.000000e+00
1.089023e-02   6.015000e+03   3.000000e+00
1.099110e-02   6.015000e+03   3.000000e+00
1.109290e-02   6.015000e+03   3.000000e+00
1.119564e-02   6.015000e+03   3.000000e+00
1.129934e-02   6.015000e+03   3.000000e+00
1.140400e-02   6.015000e+03   3.000000e+00
1.150962e-02   6.015000e+03   3.000000e+00
1.161623e-02   6.015000e+03   3.000000e+00
1.172382e-02   6.015000e+03   3.000000e+00
1.183241e-02   6.015000e+03   3.000000e+00
1.194200e-02   6.015000e+03   3.000000e+00
1.205261e-02   6.015000e+03   3.000000e+00
1.216424e-02   6.015000e+03   3.000000e+00
1.227691e-02   6.015000e+03   3.000000e+00
1.239062e-02   6.015000e+03   3.000000e+00
1.250539e-02   6.015000e+03   3.000000e+00
1.262121e-02   6.015000e+03   3.000000e+00
1.273811e-02   6.015000e+03   3.000000e+00
1.285610e-02   6.015000e+03   3.000000e+00
1.297517e-02   6.015000e+03   3.000000e+00
1.309535e-02   6.015000e+03   3.000000e+00
1.321664e-02   6.015000e+03   3.000000e+00
1.333906e-02   6.015000e+03   3.000000e+00
1.346261e-02   6.015000e+03   3.000000e+00
1.358730e-02   6.015000e+03   3.000000e+00
1.371315e-02   6.015000e+03   3.000000e+00
1.384016e-02   6.015000e+03   3.000000e+00
1.396835e-02   6.015000e+03   3.000000e+00
1.409773e-02   6.015000e+03   3.000000e+00
1.422830e-02   6.015000e+03   3.000000e+00
1.436009e-02   6.015000e+03   3.000000e+00
1.449310e-02   6.015000e+03   3.000000e+00
1.462733e-02   6.015000e+03   3.000000e+00
1.476281e-02   6.015000e+03   3.000000e+00
1.489955e-02   6.015000e+03   3.000000e+00
1.503755e-02   6.015000e+03   3.000000e+00
1.517683e-02   6.015000e+03   3.000000e+00
1.531740e-02   6.015000e+03   3.000000e+00
1.545928e-02   6.015000e+03   3.000000e+00
1.560246e-02   6.015000e+03   3.000000e+00
1.574698e-02   6.015000e+03   3.000000e+00
1.589283e-02   6.015000e+03   3.000000e+00
1.604003e-02   6.015000e+03   3.000000e+00
1.618860e-02   6.015000e+03   3.000000e+00
1.633854e-02   6.015000e+03   3.000000e+00
1.648987e-02   6.015000e+03   3.000000e+00
1.664260e-02   6.015000e+03   3.000000e+00
1.679675e-02   6.015000e+03   3.000000e+00
1.695232e-02   6.015000e+03   3.000000e+00
1.710934e-02   6.015000e+03   3.000000e+00
1.726781e-02   6.015000e+03   3.000000e+00
1.742775e-02   6.015000e+03   3.000000e+00
1.758917e-02   6.015000e+03   3.000000e+00
1.775208e-02   6.015000e+03   3.000000e+00
1.791650e-02   6.015000e+03   3.000000e+00
1.808245e-02   6.015000e+03   3.000000e+00
1.824993e-02   6.015000e+03   3.000000e+00
1.841897e-02   6.015000e+03   3.000000e+00
1.858957e-02   6.015000e+03   3.000000e+00
1.876175e-02   6.015000e+03   3.000000e+00
1.893552e-02   6.015000e+03   3.000000e+00
1.911091e-02   6.015000e+03   3.000000e+00
1.928792e-02   6.015000e+03   3.000000e+00
1.946656e-02   6.015000e+03   3.000000e+00
1.964687e-02   6.015000e+03   3.000000e+00
1.982884e-02   6.015000e+03   3.000000e+00
2.001250e-02   6.015000e+03   3.000000e+00
2.019786e-02   6.015000e+03   3.000000e+00
2.038493e-02   6.015000e+03   3.000000e+00
2.057374e-02   6.015000e+03   3.000000e+00
2.076430e-02   6.015000e+03   3.000000e+00
2.095662e-02   6.015000e+03   3.000000e+00
2.115073e-02   6.015000e+03   3.000000e+00
2.134663e-02   6.015000e+03   3.000000e+00
2.154435e-02   6.015000e+03   3.000000e+00
2.174389e-02   6.015000e+03   3.000000e+00
2.194529e-02   6.015000e+03   3.000000e+00
2.214855e-02   6.015000e+03   3.000000e+00
2.235370e-02   6.015000e+03   3.000000e+00
2.256074e-02   6.015000e+03   3.000000e+00
2.276970e-02   6.015000e+03   3.000000e+00
2.298060e-02   6.015000e+03   3.000000e+00
2.319345e-02   6.015000e+03   3.000000e+00
2.340827e-02   6.015000e+03   3.000000e+00
2.362508e-02   6.015000e+03   3.000000e+00
2.384390e-02   6.015000e+03   3.000000e+00
2.406475e-02   6.015000e+03   3.000000e+00
2.428764e-02   6.015000e+03   3.000000e+00
2.451260e-02   6.015000e+03   3.000000e+00
2.473964e-02   6.015000e+03   3.000000e+00
2.496878e-02   6.015000e+03   3.000000e+00
2.520005e-02   6.015000e+03   3.000000e+00
2.543346e-02   6.015000e+03   3.000000e+00
2.566903e-02   6.015000e+03   3.000000e+00
2.590678e-02   6.015000e+03   3.000000e+00
2.614673e-02   6.015000e+03   3.000000e+00
2.638891e-02   6.015000e+03   3.000000e+00
2.663333e-02   6.015000e+03   3.000000e+00
2.688001e-02   6.015000e+03   3.000000e+00
2.712898e-02   6.015000e+03   3.000000e+00
2.738025e-02   6.015000e+03   3.000000e+00
2.763385e-02   6.015000e+03   3.000000e+00
2.788980e-02   6.015000e+03   3.000000e+00
2.814812e-02   6.015000e+03   3.000000e+00
2.840884e-02   6.015000e+03   3.000000e+00
2.867196e-02   6.015000e+03   3.000000e+00
2.893753e-02   6.015000e+03   3.000000e+00
2.920556e-02   6.015000e+03   3.000000e+00
2.947606e-02   6.015000e+03   3.000000e+00
2.974908e-02   6.015000e+03   3.000000e+00
3.002462e-02   6.015000e+03   3.000000e+00
3.030271e-02   6.015000e+03   3.000000e+00
3.058338e-02   6.015000e+03   3.000000e+00
3.086665e-02   6.015000e+03   3.000000e+00
3.115254e-02   6.015000e+03   3.000000e+00
3.144108e-02   6.015000e+03   3.000000e+00
3.173230e-02   6.015000e+03   3.000000e+00
3.202621e-02   6.015000e+03   3.000000e+00
3.232284e-02   6.015000e+03   3.000000e+00
3.262222e-02   6.015000e+03   3.000000e+00
3.292437e-02   6.015000e+03   3.000000e+00
3.322933e-02   6.015000e+03   3.000000e+00
3.353710e-02   6.015000e+03   3.000000e+00
3.384773e-02   6.015000e+03   3.000000e+00
3.416123e-02   6.015000e+03   3.000000e+00
3.447764e-02   6.015000e+03   3.000000e+00
3.479698e-02   6.015000e+03   3.000000e+00
3.511928e-02   6.015000e+03   3.000000e+00
3.544456e-02   6.015000e+03   3.000000e+00
3.577285e-02   6.015000e+03   3.000000e+00
3.610419e-02   6.015000e+03   3.000000e+00
3.643859e-02   6.015000e+03   3.000000e+00
3.677609e-02   6.015000e+03   3.000000e+00
3.711672e-02   6.015000e+03   3.000000e+00
3.746050e-02   6.015000e+03   3.000000e+00
3.780747e-02   6.015000e+03   3.000000e+00
3.815765e-02   6.015000e+03   3.000000e+00
3.851107e-02   6.015000e+03   3.000000e+00
3.886777e-02   6.015000e+03   3.000000e+00
3.922777e-02   6.015000e+03   3.000000e+00
3.959110e-02   6.015000e+03   3.000000e+00
3.995780e-02   6.015000e+03   3.000000e+00
4.032790e-02   6.015000e+03   3.000000e+00
4.070142e-02   6.015000e+03   3.000000e+00
4.107841e-02   6.015000e+03   3.000000e+00
4.145888e-02   6.015000e+03   3.000000e+00
4.184289e-02   6.015000e+03   3.000000e+00
4.223044e-02   6.015000e+03   3.000000e+00
4.262159e-02   6.015000e+03   3.000000e+00
4.301636e-02   6.015000e+03   3.000000e+00
4.341478e-02   6.015000e+03   3.000000e+00
4.381690e-02   6.015000e+03   3.000000e+00
4.422274e-02   6.015000e+03   3.000000e+00
4.463234e-02   6.015000e+03   3.000000e+00
4.504573e-02   6.015000e+03   3.000000e+00
4.546295e-02   6.015000e+03   3.000000e+00
4.588404e-02   6.015000e+03   3.000000e+00
4.630903e-02   6.015000e+03   3.000000e+00
4.673795e-02   6.015000e+03   3.000000e+00
4.717085e-02   6.015000e+03   3.000000e+00
4.760775e-02   6.015000e+03   3.000000e+00
4.804870e-02   6.015000e+03   3.000000e+00
4.849374e-02   6.015000e+03   3.000000e+00
4.894290e-02   6.015000e+03   3.000000e+00
4.939622e-02   6.015000e+03   3.000000e+00
4.985373e-02   6.015000e+03   3.000000e+00
5.031549e-02   6.015000e+03   3.000000e+00
5.078152e-02   6.015000e+03   3.000000e+00
5.125187e-02   6.015000e+03   3.000000e+00
5.172657e-02   6.015000e+03   3.000000e+00
5.220568e-02   6.015000e+03   3.000000e+00
5.268921e-02   6.015000e+03   3.000000e+00
5.317723e-02   6.015000e+03   3.000000e+00
5.366977e-02   6.015000e+03   3.000000e+00
5.416687e-02   6.015000e+03   3.000000e+00
5.466857e-02   6.015000e+03   3.000000e+00
5.517492e-02   6.015000e+03   3.000000e+00
5.568596e-02   6.015000e+03   3.000000e+00
5.620174e-02   6.015000e+03   3.000000e+00
5.672229e-02   6.015000e+03   3.000000e+00
5.724766e-02   6.015000e+03   3.000000e+00
5.777790e-02   6.015000e+03   3.000000e+00
5.831305e-02   6.015000e+03   3.000000e+00
5.885316e-02   6.015000e+03   3.000000e+00
5.939827e-02   6.015000e+03   3.000000e+00
5.994843e-02   6.015000e+03   3.000000e+00
6.050368e-02   6.015000e+03   3.000000e+00
6.106408e-02   6.015000e+03   3.000000e+00
6.162966e-02   6.015000e+03   3.000000e+00
6.220049e-02   6.015000e+03   3.000000e+00
6.277660e-02   6.015000e+03   3.000000e+00
6.335805e-02   6.015000e+03   3.000000e+00
6.394488e-02   6.015000e+03   3.000000e+00
6.453715e-02   6.015000e+03   3.000000e+00
6.513491e-02   6.015000e+03   3.000000e+00
6.573820e-02   6.015000e+03   3.000000e+00
6.634708e-02   6.015000e+03   3.000000e+00
6.696160e-02   6.015000e+03   3.000000e+00
6.758181e-02   6.015000e+03   3.000000e+00
6.820777e-02   6.015000e+03   3.000000e+00
6.883952e-02   6.015000e+03   3.000000e+00
6.947713e-02   6.015000e+03   3.000000e+00
7.012064e-02   6.015000e+03   3.000000e+00
7.077011e-02   6.015000e+03   3.000000e+00
7.142559e-02   6.015000e+03   3.000000e+00
7.208715e-02   6.015000e+03   3.000000e+00
7.275484e-02   6.015000e+03   3.000000e+00
7.342870e-02   6.015000e+03   3.000000e+00
7.410882e-02   6.015000e+03   3.000000e+00
7.479523e-02   6.015000e+03   3.000000e+00
7.548799e-02   6.015000e+03   3.000000e+00
7.618718e-02   6.015000e+03   3.000000e+00
7.689284e-02   6.015000e+03   3.000000e+00
7.760503e-02   6.015000e+03   3.000000e+00
7.832383e-02   6.015000e+03   3.000000e+00
7.904928e-02   6.015000e+03   3.000000e+00
7.978145e-02   6.015000e+03   3.000000e+00
8.052040e-02   6.015000e+03   3.000000e+00
8.126619e-02   6.015000e+03   3.000000e+00
8.201889e-02   6.015000e+03   3.000000e+00
8.277857e-02   6.015000e+03   3.000000e+00
8.354528e-02   6.015000e+03   3.000000e+00
8.431909e-02   6.015000e+03   3.000000e+00
8.510007e-02   6.015000e+03   3.000000e+00
8.588829e-02   6.015000e+03   3.000000e+00
8.668380e-02   6.015000e+03   3.000000e+00
8.748668e-02   6.015000e+03   3.000000e+00
8.829700e-02   6.015000e+03   3.000000e+00
8.911482e-02   6.015000e+03   3.000000e+00
8.994022e-02   6.015000e+03   3.000000e+00
9.077327e-02   6.015000e+03   3.000000e+00
9.161402e-02   6.015000e+03   3.000000e+00
9.246257e-02   6.015000e+03   3.000000e+00
9.331898e-02   6.015000e+03   3.000000e+00
9.418332e-02   6.015000e+03   3.000000e+00
9.505566e-02   6.015000e+03   3.000000e+00
9.593608e-02   6.015000e+03   3.000000e+00
9.682466e-02   6.015000e+03   3.000000e+00
9.772147e-02   6.015000e+03   3.000000e+00
9.862658e-02   6.015000e+03   3.000000e+00
9.954008e-02   6.015000e+03   3.000000e+00
1.004620e-01   6.015000e+03   3.000000e+00
1.013925e-01   6.015000e+03   3.000000e+00
1.023317e-01   6.015000e+03   3.000000e+00
1.032795e-01   6.015000e+03   3.000000e+00
1.042361e-01   6.015000e+03   3.000000e+00
1.052015e-01   6.015000e+03   3.000000e+00
1.061759e-01   6.015000e+03   3.000000e+00
1.071593e-01   6.015000e+03   3.000000e+00
1.081519e-01   6.015000e+03   3.000000e+00
1.091536e-01   6.015000e+03   3.000000e+00
1.101646e-01   6.015000e+03   3.000000e+00
1.111850e-01   6.015000e+03   3.000000e+00
1.122148e-01   6.015000e+03   3.000000e+00
1.132541e-01   6.015000e+03   3.000000e+00
1.143031e-01   6.015000e+03   3.000000e+00
1.153618e-01   6.015000e+03   3.000000e+00
1.164303e-01   6.015000e+03   3.000000e+00
1.175087e-01   6.015000e+03   3.000000e+00
1.185971e-01   6.015000e+03   3.000000e+00
1.196956e-01   6.015000e+03   3.000000e+00
1.208042e-01   6.015000e+03   3.000000e+00
1.219231e-01   6.015000e+03   3.000000e+00
1.230524e-01   6.015000e+03   3.000000e+00
1.241921e-01   6.015000e+03   3.000000e+00
1.253424e-01   6.015000e+03   3.000000e+00
1.265034e-01   6.015000e+03   3.000000e+00
1.276751e-01   6.015000e+03   3.000000e+00
1.288576e-01   6.015001e+03   3.000000e+00
1.300511e-01   6.015001e+03   3.000000e+00
1.312557e-01   6.015001e+03   3.000000e+00
1.324714e-01   6.015001e+03   3.000000e+00
1.336984e-01   6.015001e+03   3.000000e+00
1.349367e-01   6.015001e+03   3.000000e+00
1.361865e-01   6.015001e+03   3.000000e+00
1.374479e-01   6.015002e+03   3.000000e+00
1.387210e-01   6.015002e+03   3.000000e+00
1.400058e-01   6.015002e+03   3.000000e+00
1.413026e-01   6.015003e+03   3.000000e+00
1.426114e-01   6.015003e+03   3.000000e+00
1.439323e-01   6.015004e+03   3.000000e+00
1.452654e-01   6.015004e+03   3.000000e+00
1.466109e-01   6.015005e+03   3.000000e+00
1.479688e-01   6.015006e+03   3.000000e+00
1.493393e-01   6.015006e+03   3.000000e+00
1.507225e-01   6.015007e+03   3.000000e+00
1.521186e-01   6.015009e+03   3.000000e+00
1.535275e-01   6.015010e+03   3.000000e+00
1.549495e-01   6.015011e+03   3.000000e+00
1.563847e-01   6.015013e+03   3.000000e+00
1.578331e-01   6.015015e+03   3.000000e+00
1.592950e-01   6.015017e+03   3.000000e+00
1.607704e-01   6.015019e+03   3.000000e+00
1.622595e-01   6.015022e+03   3.000000e+00
1.637624e-01   6.015025e+03   3.000000e+00
1.652792e-01   6.015029e+03   3.000000e+00
1.668101e-01   6.015033e+03   3.000000e+00
1.683551e-01   6.015037e+03   3.000000e+00
1.699144e-01   6.015042e+03   3.000000e+00
1.714882e-01   6.015048e+03   3.000000e+00
1.730766e-01   6.015054e+03   3.000000e+00
1.746796e-01   6.015062e+03   3.000000e+00
1.762975e-01   6.015070e+03   3.000000e+00
1.779304e-01   6.015078e+03   3.000000e+00
1.795785e-01   6.015088e+03   3.000000e+00
1.812418e-01   6.015099e+03   3.000000e+00
1.829205e-01   6.015112e+03   3.000000e+00
1.846147e-01   6.015125e+03   3.000000e+00
1.863246e-01   6.015140e+03   3.000000e+00
1.880504e-01   6.015157e+03   3.000000e+00
1.897922e-01   6.015176e+03   3.000000e+00
1.915501e-01   6.015197e+03   3.000000e+00
1.933242e-01   6.015219e+03   3.000000e+00
1.951148e-01   6.015244e+03   3.000000e+00
1.969220e-01   6.015272e+03   3.000000e+00
1.987460e-01   6.015303e+03   3.000000e+00
2.005868e-01   6.015336e+03   3.000000e+00
2.024447e-01   6.015373e+03   3.000000e+00
2.043197e-01   6.015413e+03   3.000000e+00
2.062122e-01   6.015458e+03   3.000000e+00
2.081222e-01   6.015506e+03   3.000000e+00
2.100498e-01   6.015559e+03   3.000000e+00
2.119953e-01   6.015617e+03   3.000000e+00
2.139589e-01   6.015681e+03   3.000000e+00
2.159406e-01   6.015750e+03   3.000000e+00
2.179407e-01   6.015825e+03   3.000000e+00
2.199593e-01   6.015907e+03   3.000000e+00
2.219966e-01   6.015996e+03   3.000000e+00
2.240528e-01   6.016093e+03   3.000000e+00
2.261280e-01   6.016198e+03   3.000000e+00
2.282224e-01   6.016311e+03   3.000000e+00
2.303363e-01   6.016435e+03   3.000000e+00
2.324697e-01   6.016568e+03   3.000000e+00
2.346229e-01   6.016712e+03   3.000000e+00
2.367960e-01   6.016867e+03   3.000000e+00
2.389893e-01   6.017035e+03   3.000000e+00
2.412028e-01   6.017216e+03   3.000000e+00
2.434369e-01   6.017410e+03   3.000000e+00
2.456916e-01   6.017620e+03   3.000000e+00
2.479673e-01   6.017845e+03   3.000000e+00
2.502640e-01   6.018086e+03   3.000000e+00
2.525820e-01   6.018345e+03   3.000000e+00
2.549215e-01   6.018623e+03   3.000000e+00
2.572826e-01   6.018921e+03   3.000000e+00
2.596656e-01   6.019239e+03   3.000000e+00
2.620707e-01   6.019579e+03   3.000000e+00
2.644980e-01   6.019943e+03   3.000000e+00
2.669478e-01   6.020331e+03   3.000000e+00
2.694204e-01   6.020744e+03   3.000000e+00
2.719158e-01   6.021185e+03   3.000000e+00
2.744343e-01   6.021654e+03   3.000000e+00
2.769762e-01   6.022153e+03   3.000000e+00
2.795416e-01   6.022683e+03   3.000000e+00
2.821308e-01   6.023247e+03   3.000000e+00
2.847439e-01   6.023844e+03   3.000000e+00
2.873813e-01   6.024478e+03   3.000000e+00
2.900430e-01   6.025149e+03   3.000000e+00
2.927295e-01   6.025860e+03   3.000000e+00
2.954408e-01   6.026612e+03   3.000000e+00
2.981772e-01   6.027406e+03   3.000000e+00
3.009390e-01   6.028245e+03   3.000000e+00
3.037264e-01   6.029131e+03   3.000000e+00
3.065395e-01   6.030065e+03   3.000000e+00
3.093788e-01   6.031049e+03   3.000000e+00
3.122443e-01   6.032086e+03   3.000000e+00
3.151363e-01   6.033177e+03   3.000000e+00
3.180552e-01   6.034323e+03   3.000000e+00
3.210011e-01   6.035529e+03   3.000000e+00
3.239743e-01   6.036794e+03   3.000000e+00
3.269750e-01   6.038122e+03   3.000000e+00
3.300035e-01   6.039514e+03   3.000000e+00
3.330600e-01   6.040973e+03   3.000000e+00
3.361449e-01   6.042500e+03   3.000000e+00
3.392583e-01   6.044099e+03   3.000000e+00
3.424006e-01   6.045770e+03   3.000000e+00
3.455720e-01   6.047517e+03   3.000000e+00
3.487727e-01   6.049341e+03   3.000000e+00
3.520031e-01   6.051245e+03   3.000000e+00
3.552635e-01   6.053230e+03   3.000000e+00
3.585540e-01   6.055300e+03   3.000000e+00
3.618750e-01   6.057455e+03   3.000000e+00
3.652267e-01   6.059699e+03   3.000000e+00
3.686095e-01   6.062033e+03   3.000000e+00
3.720237e-01   6.064459e+03   3.000000e+00
3.754694e-01   6.066980e+03   3.000000e+00
3.789471e-01   6.069598e+03   3.000000e+00
3.824570e-01   6.072315e+03   3.000000e+00
3.859994e-01   6.075132e+03   3.000000e+00
3.895746e-01   6.078052e+03   3.000000e+00
3.931829e-01   6.081076e+03   3.000000e+00
3.968246e-01   6.084207e+03   3.000000e+00
4.005001e-01   6.087447e+03   3.000000e+00
4.042096e-01   6.090796e+03   3.000000e+00
4.079535e-01   6.094258e+03   3.000000e+00
4.117320e-01   6.097833e+03   3.000000e+00
4.155455e-01   6.101523e+03   3.000000e+00
4.193944e-01   6.105330e+03   3.000000e+00
4.232789e-01   6.109256e+03   3.000000e+00
4.271994e-01   6.113301e+03   3.000000e+00
4.311562e-01   6.117467e+03   3.000000e+00
4.351497e-01   6.121755e+03   3.000000e+00
4.391801e-01   6.126168e+03   3.000000e+00
4.432479e-01   6.130704e+03   3.000000e+00
4.473533e-01   6.135367e+03   3.000000e+00
4.514968e-01   6.140156e+03   3.000000e+00
4.556786e-01   6.145072e+03   3.000000e+00
4.598992e-01   6.150117e+03   3.000000e+00
4.641589e-01   6.155290e+03   3.000000e+00
4.684580e-01   6.160593e+03   3.000000e+00
4.727970e-01   6.166026e+03   3.000000e+00
4.771761e-01   6.171589e+03   3.000000e+00
4.815958e-01   6.177282e+03   3.000000e+00
4.860564e-01   6.183106e+03   3.000000e+00
4.905584e-01   6.189061e+03   3.000000e+00
4.951020e-01   6.195145e+03   3.000000e+00
4.996877e-01   6.201361e+03   3.000000e+00
5.043159e-01   6.207706e+03   3.000000e+00
5.089870e-01   6.214181e+03   3.000000e+00
5.137014e-01   6.220784e+03   3.000000e+00
5.184594e-01   6.227516e+03   3.000000e+00
5.232614e-01   6.234376e+03   3.000000e+00
5.281080e-01   6.241362e+03   3.000000e+00
5.329994e-01   6.248474e+03   3.000000e+00
5.379362e-01   6.255711e+03   3.000000e+00
5.429186e-01   6.263071e+03   3.000000e+00
5.479472e-01   6.270552e+03   3.000000e+00
5.530224e-01   6.278155e+03   3.000000e+00
5.581446e-01   6.285876e+03   3.000000e+00
5.633143e-01   6.293714e+03   3.000000e+00
5.685318e-01   6.301668e+03   3.000000e+00
5.737976e-01   6.309735e+03   3.000000e+00
5.791123e-01   6.317913e+03   3.000000e+00
5.844761e-01   6.326201e+03   3.000000e+00
5.898896e-01   6.334596e+03   3.000000e+00
5.953533e-01   6.343095e+03   3.000000e+00
6.008676e-01   6.351697e+03   3.000000e+00
6.064329e-01   6.360398e+03   3.000000e+00
6.120498e-01   6.369196e+03   3.000000e+00
6.177188e-01   6.378088e+03   3.000000e+00
6.234402e-01   6.387072e+03   3.000000e+00
6.292146e-01   6.396144e+03   3.000000e+00
6.350425e-01   6.405301e+03   3.000000e+00
6.409244e-01   6.414541e+03   3.000000e+00
6.468608e-01   6.423860e+03   3.000000e+00
6.528521e-01   6.433254e+03   3.000000e+00
6.588990e-01   6.442721e+03   3.000000e+00
6.650018e-01   6.452257e+03   3.000000e+00
6.711612e-01   6.461858e+03   3.000000e+00
6.773776e-01   6.471521e+03   3.000000e+00
6.836516e-01   6.481242e+03   3.000000e+00
6.899837e-01   6.491018e+03   3.000000e+00
6.963745e-01   6.500844e+03   3.000000e+00
7.028244e-01   6.510718e+03   3.000000e+00
7.093341e-01   6.520634e+03   3.000000e+00
7.159041e-01   6.530590e+03   3.000000e+00
7.225349e-01   6.540581e+03   3.000000e+00
7.292272e-01   6.550603e+03   3.000000e+00
7.359814e-01   6.560653e+03   3.000000e+00
7.427982e-01   6.570725e+03   3.000000e+00
7.496782e-01   6.580817e+03   3.000000e+00
7.566219e-01   6.590924e+03   3.000000e+00
7.636298e-01   6.601042e+03   3.000000e+00
7.707027e-01   6.611167e+03   3.000000e+00
7.778411e-01   6.621294e+03   3.000000e+00
7.850456e-01   6.631419e+03   3.000000e+00
7.923169e-01   6.641539e+03   3.000000e+00
7.996555e-01   6.651650e+03   3.000000e+00
8.070620e-01   6.661746e+03   3.000000e+00
8.145372e-01   6.671824e+03   3.000000e+00
8.220816e-01   6.681880e+03   3.000000e+00
8.296959e-01   6.691909e+03   3.000000e+00
8.373807e-01   6.701908e+03   3.000000e+00
8.451366e-01   6.711873e+03   3.000000e+00
8.529644e-01   6.721799e+03   3.000000e+00
8.608648e-01   6.731682e+03   3.000000e+00
8.688383e-01   6.741519e+03   3.000000e+00
8.768856e-01   6.751305e+03   3.000000e+00
8.850075e-01   6.761036e+03   3.000000e+00
8.932046e-01   6.770710e+03   3.000000e+00
9.014776e-01   6.780321e+03   3.000000e+00
9.098273e-01   6.789866e+03   3.000000e+00
9.182543e-01   6.799341e+03   3.000000e+00
9.267593e-01   6.808743e+03   3.000000e+00
9.353432e-01   6.818067e+03   3.000000e+00
9.440065e-01   6.827312e+03   3.000000e+00
9.527500e-01   6.836472e+03   3.000000e+00
9.615746e-01   6.845544e+03   3.000000e+00
9.704809e-01   6.854525e+03   3.000000e+00
9.794697e-01   6.863412e+03   3.000000e+00
9.885417e-01   6.872202e+03   3.000000e+00
9.976978e-01   6.880891e+03   3.000000e+00
1.006939e+00   6.889475e+03   3.000000e+00
1.016265e+00   6.897953e+03   3.000000e+00
1.025678e+00   6.906321e+03   3.000000e+00
1.035178e+00   6.914577e+03   3.000000e+00
1.044766e+00   6.922717e+03   3.000000e+00
1.054443e+00   6.930738e+03   3.000000e+00
1.064209e+00   6.938639e+03   3.000000e+00
1.074066e+00   6.946416e+03   3.000000e+00
1.084014e+00   6.954067e+03   3.000000e+00
1.094055e+00   6.961589e+03   3.000000e+00
1.104188e+00   6.968981e+03   3.000000e+00
1.114415e+00   6.976240e+03   3.000000e+00
1.124737e+00   6.983364e+03   3.000000e+00
1.135155e+00   6.990351e+03   3.000000e+00
1.145669e+00   6.997199e+03   3.000000e+00
1.156280e+00   7.003906e+03   3.000000e+00
1.166990e+00   7.010470e+03   3.000000e+00
1.177799e+00   7.016890e+03   3.000000e+00
1.188708e+00   7.023164e+03   3.000000e+00
1.199718e+00   7.029290e+03   3.000000e+00
1.210830e+00   7.035267e+03   3.000000e+00
1.222045e+00   7.041094e+03   3.000000e+00
1.233363e+00   7.046769e+03   3.000000e+00
1.244787e+00   7.052292e+03   3.000000e+00
1.256317e+00   7.057660e+03   3.000000e+00
1.267953e+00   7.062874e+03   3.000000e+00
1.279697e+00   7.067932e+03   3.000000e+00
1.291550e+00   7.072833e+03   3.000000e+00
1.303512e+00   7.077577e+03   3.000000e+00
1.315586e+00   7.082163e+03   3.000000e+00
1.327771e+00   7.086591e+03   3.000000e+00
1.340069e+00   7.090859e+03   3.000000e+00
1.352481e+00   7.094968e+03   3.000000e+00
1.365008e+00   7.098917e+03   3.000000e+00
1.377651e+00   7.102706e+03   3.000000e+00
1.390411e+00   7.106335e+03   3.000000e+00
1.403289e+00   7.109803e+03   3.000000e+00
1.416287e+00   7.113111e+03   3.000000e+00
1.429405e+00   7.116259e+03   3.000000e+00
1.442644e+00   7.119247e+03   3.000000e+00
1.456006e+00   7.122075e+03   3.000000e+00
1.469492e+00   7.124743e+03   3.000000e+00
1.483103e+00   7.127252e+03   3.000000e+00
1.496839e+00   7.129601e+03   3.000000e+00
1.510703e+00   7.131793e+03   3.000000e+00
1.524696e+00   7.133827e+03   3.000000e+00
1.538818e+00   7.135703e+03   3.000000e+00
1.553071e+00   7.137423e+03   3.000000e+00
1.567455e+00   7.138987e+03   3.000000e+00
1.581973e+00   7.140396e+03   3.000000e+00
1.596626e+00   7.141650e+03   3.000000e+00
1.611414e+00   7.142752e+03   3.000000e+00
1.626340e+00   7.143701e+03   3.000000e+00
1.641403e+00   7.144499e+03   3.000000e+00
1.656606e+00   7.145146e+03   3.000000e+00
1.671950e+00   7.145645e+03   3.000000e+00
1.687436e+00   7.145996e+03   3.000000e+00
1.703065e+00   7.146200e+03   3.000000e+00
1.718839e+00   7.146258e+03   3.000000e+00
1.734759e+00   7.146173e+03   3.000000e+00
1.750827e+00   7.145944e+03   3.000000e+00
1.767044e+00   7.145575e+03   3.000000e+00
1.783410e+00   7.145065e+03   3.000000e+00
1.799929e+00   7.144417e+03   3.000000e+00
1.816600e+00   7.143632e+03   3.000000e+00
1.833425e+00   7.142712e+03   3.000000e+00
1.850407e+00   7.141658e+03   3.000000e+00
1.867546e+00   7.140471e+03   3.000000e+00
1.884843e+00   7.139155e+03   3.000000e+00
1.902301e+00   7.137709e+03   3.000000e+00
1.919921e+00   7.136136e+03   3.000000e+00
1.937703e+00   7.134437e+03   3.000000e+00
1.955651e+00   7.132615e+03   3.000000e+00
1.973764e+00   7.130671e+03   3.000000e+00
1.992046e+00   7.128607e+03   3.000000e+00
2.010496e+00   7.126424e+03   3.000000e+00
2.029118e+00   7.124125e+03   3.000000e+00
2.047912e+00   7.121711e+03   3.000000e+00
2.066880e+00   7.119184e+03   3.000000e+00
2.086024e+00   7.116547e+03   3.000000e+00
2.105345e+00   7.113800e+03   3.000000e+00
2.124845e+00   7.110946e+03   3.000000e+00
2.144526e+00   7.107987e+03   3.000000e+00
2.164389e+00   7.104925e+03   3.000000e+00
2.184436e+00   7.101761e+03   3.000000e+00
2.204669e+00   7.098498e+03   3.000000e+00
2.225089e+00   7.095137e+03   3.000000e+00
2.245698e+00   7.091681e+03   3.000000e+00
2.266498e+00   7.088132e+03   3.000000e+00
2.287491e+00   7.084490e+03   3.000000e+00
2.308678e+00   7.080759e+03   3.000000e+00
2.330061e+00   7.076941e+03   3.000000e+00
2.351643e+00   7.073036e+03   3.000000e+00
2.373424e+00   7.069048e+03   3.000000e+00
2.395407e+00   7.064978e+03   3.000000e+00
2.417594e+00   7.060828e+03   3.000000e+00
2.439986e+00   7.056600e+03   3.000000e+00
2.462586e+00   7.052296e+03   3.000000e+00
2.485395e+00   7.047918e+03   3.000000e+00
2.508415e+00   7.043468e+03   3.000000e+00
2.531648e+00   7.038948e+03   3.000000e+00
2.555097e+00   7.034359e+03   3.000000e+00
2.578763e+00   7.029704e+03   3.000000e+00
2.602648e+00   7.024984e+03   3.000000e+00
2.626754e+00   7.020202e+03   3.000000e+00
2.651084e+00   7.015359e+03   3.000000e+00
2.675638e+00   7.010458e+03   3.000000e+00
2.700421e+00   7.005499e+03   3.000000e+00
2.725433e+00   7.000485e+03   3.000000e+00
2.750676e+00   6.995417e+03   3.000000e+00
2.776153e+00   6.990298e+03   3.000000e+00
2.801867e+00   6.985130e+03   3.000000e+00
2.827818e+00   6.979913e+03   3.000000e+00
2.854010e+00   6.974650e+03   3.000000e+00
2.880444e+00   6.969342e+03   3.000000e+00
2.907123e+00   6.963992e+03   3.000000e+00
2.934050e+00   6.958600e+03   3.000000e+00
2.961225e+00   6.953169e+03   3.000000e+00
2.988653e+00   6.947701e+03   3.000000e+00
3.016334e+00   6.942196e+03   3.000000e+00
3.044272e+00   6.936657e+03   3.000000e+00
3.072469e+00   6.931085e+03   3.000000e+00
3.100927e+00   6.925482e+03   3.000000e+00
3.129648e+00   6.919850e+03   3.000000e+00
3.158635e+00   6.914189e+03   3.000000e+00
3.187891e+00   6.908502e+03   3.000000e+00
3.217418e+00   6.902789e+03   3.000000e+00
3.247218e+00   6.897054e+03   3.000000e+00
3.277295e+00   6.891296e+03   3.000000e+00
3.307650e+00   6.885518e+03   3.000000e+00
3.338286e+00   6.879720e+03   3.000000e+00
3.369206e+00   6.873905e+03   3.000000e+00
3.400412e+00   6.868073e+03   3.000000e+00
3.431907e+00   6.862227e+03   3.000000e+00
3.463694e+00   6.856366e+03   3.000000e+00
3.495776e+00   6.850494e+03   3.000000e+00
3.528154e+00   6.844611e+03   3.000000e+00
3.560833e+00   6.838717e+03   3.000000e+00
3.593814e+00   6.832816e+03   3.000000e+00
3.627100e+00   6.826907e+03   3.000000e+00
3.660695e+00   6.820992e+03   3.000000e+00
3.694601e+00   6.815073e+03   3.000000e+00
3.728821e+00   6.809150e+03   3.000000e+00
3.763358e+00   6.803224e+03   3.000000e+00
3.798215e+00   6.797298e+03   3.000000e+00
3.833395e+00   6.791371e+03   3.000000e+00
3.868901e+00   6.785444e+03   3.000000e+00
3.904735e+00   6.779520e+03   3.000000e+00
3.940902e+00   6.773599e+03   3.000000e+00
3.977403e+00   6.767682e+03   3.000000e+00
4.014242e+00   6.761770e+03   3.000000e+00
4.051423e+00   6.755864e+03   3.000000e+00
4.088948e+00   6.749965e+03   3.000000e+00
4.126821e+00   6.744074e+03   3.000000e+00
4.165044e+00   6.738192e+03   3.000000e+00
4.203622e+00   6.732319e+03   3.000000e+00
4.242556e+00   6.726457e+03   3.000000e+00
4.281852e+00   6.720607e+03   3.000000e+00
4.321511e+00   6.714769e+03   3.000000e+00
4.361538e+00   6.708944e+03   3.000000e+00
4.401935e+00   6.703133e+03   3.000000e+00
4.442707e+00   6.697337e+03   3.000000e+00
4.483856e+00   6.691556e+03   3.000000e+00
4.525386e+00   6.685791e+03   3.000000e+00
4.567301e+00   6.680044e+03   3.000000e+00
4.609604e+00   6.674314e+03   3.000000e+00
4.652300e+00   6.668602e+03   3.000000e+00
4.695390e+00   6.662909e+03   3.000000e+00
4.738880e+00   6.657236e+03   3.000000e+00
4.782772e+00   6.651583e+03   3.000000e+00
4.827071e+00   6.645951e+03   3.000000e+00
4.871780e+00   6.640341e+03   3.000000e+00
4.916904e+00   6.634752e+03   3.000000e+00
4.962445e+00   6.629187e+03   3.000000e+00
5.008408e+00   6.623644e+03   3.000000e+00
5.054797e+00   6.618125e+03   3.000000e+00
5.101615e+00   6.612630e+03   3.000000e+00
5.148867e+00   6.607160e+03   3.000000e+00
5.196557e+00   6.601714e+03   3.000000e+00
5.244689e+00   6.596295e+03   3.000000e+00
5.293266e+00   6.590901e+03   3.000000e+00
5.342293e+00   6.585534e+03   3.000000e+00
5.391775e+00   6.580194e+03   3.000000e+00
5.441714e+00   6.574881e+03   3.000000e+00
5.492116e+00   6.569595e+03   3.000000e+00
5.542986e+00   6.564338e+03   3.000000e+00
5.594326e+00   6.559109e+03   3.000000e+00
5.646141e+00   6.553909e+03   3.000000e+00
5.698437e+00   6.548737e+03   3.000000e+00
5.751217e+00   6.543595e+03   3.000000e+00
5.804486e+00   6.538483e+03   3.000000e+00
5.858248e+00   6.533400e+03   3.000000e+00
5.912508e+00   6.528348e+03   3.000000e+00
5.967271e+00   6.523326e+03   3.000000e+00
6.022541e+00   6.518335e+03   3.000000e+00
6.078323e+00   6.513374e+03   3.000000e+00
6.134622e+00   6.508445e+03   3.000000e+00
6.191442e+00   6.503547e+03   3.000000e+00
6.248788e+00   6.498680e+03   3.000000e+00
6.306666e+00   6.493846e+03   3.000000e+00
6.365079e+00   6.489043e+03   3.000000e+00
6.424034e+00   6.484272e+03   3.000000e+00
6.483534e+00   6.479533e+03   3.000000e+00
6.543586e+00   6.474827e+03   3.000000e+00
6.604194e+00   6.470153e+03   3.000000e+00
6.665363e+00   6.465511e+03   3.000000e+00
6.727099e+00   6.460903e+03   3.000000e+00
6.789407e+00   6.456327e+03   3.000000e+00
6.852292e+00   6.451784e+03   3.000000e+00
6.915759e+00   6.447274e+03   3.000000e+00
6.979814e+00   6.442797e+03   3.000000e+00
7.044462e+00   6.438353e+03   3.000000e+00
7.109709e+00   6.433942e+03   3.000000e+00
7.175561e+00   6.429564e+03   3.000000e+00
7.242022e+00   6.425220e+03   3.000000e+00
7.309099e+00   6.420909e+03   3.000000e+00
7.376798e+00   6.416631e+03   3.000000e+00
7.445123e+00   6.412386e+03   3.000000e+00
7.514081e+00   6.408175e+03   3.000000e+00
7.583678e+00   6.403997e+03   3.000000e+00
7.653919e+00   6.399852e+03   3.000000e+00
7.724811e+00   6.395741e+03   3.000000e+00
7.796360e+00   6.391662e+03   3.000000e+00
7.868572e+00   6.387617e+03   3.000000e+00
7.941452e+00   6.383606e+03   3.000000e+00
8.015007e+00   6.379627e+03   3.000000e+00
8.089243e+00   6.375681e+03   3.000000e+00
8.164168e+00   6.371769e+03   3.000000e+00
8.239786e+00   6.367889e+03   3.000000e+00
8.316104e+00   6.364043e+03   3.000000e+00
8.393129e+00   6.360229e+03   3.000000e+00
8.470868e+00   6.356448e+03   3.000000e+00
8.549327e+00   6.352699e+03   3.000000e+00
8.628513e+00   6.348984e+03   3.000000e+00
8.708431e+00   6.345300e+03   3.000000e+00
8.789091e+00   6.341650e+03   3.000000e+00
8.870497e+00   6.338031e+03   3.000000e+00
8.952657e+00   6.334445e+03   3.000000e+00
9.035578e+00   6.330890e+03   3.000000e+00
9.119268e+00   6.327368e+03   3.000000e+00
9.203732e+00   6.323878e+03   3.000000e+00
9.288979e+00   6.320419e+03   3.000000e+00
9.375015e+00   6.316992e+03   3.000000e+00
9.461848e+00   6.313596e+03   3.000000e+00
9.549486e+00   6.310232e+03   3.000000e+00
9.637935e+00   6.306899e+03   3.000000e+00
9.727203e+00   6.303597e+03   3.000000e+00
9.817298e+00   6.300326e+03   3.000000e+00
9.908228e+00   6.297086e+03   3.000000e+00
1.000000e+01   6.293876e+03   3.000000e+00
