# Be7 + p > B8 + g   [Be7_p__B8_g]   ref=NACRE, Xu et al. 2010, 2011
# detailed balance: alpha=1.3063e+10 beta=1.5 gamma=-1.5825  Q=0.1375
# T9                 rate                error
1.000000e-03   1.000000e-35   1.000000e+00
1.009262e-03   3.329243e-36   1.000000e+00
1.018610e-03   1.155851e-36   1.000000e+00
1.028045e-03   4.182636e-37   1.000000e+00
1.037567e-03   1.576783e-37   1.000000e+00
1.047177e-03   6.189400e-38   1.000000e+00
1.056876e-03   2.528491e-38   1.000000e+00
1.066665e-03   1.074464e-38   1.000000e+00
1.076545e-03   4.747023e-39   1.000000e+00
1.086516e-03   2.179372e-39   1.000000e+00
1.096579e-03   1.039209e-39   1.000000e+00
1.106736e-03   5.144200e-40   1.000000e+00
1.116987e-03   2.642149e-40   1.000000e+00
1.127333e-03   1.407352e-40   1.000000e+00
1.137774e-03   7.770260e-41   1.000000e+00
1.148312e-03   4.444645e-41   1.000000e+00
1.158948e-03   2.632623e-41   1.000000e+00
1.169683e-03   1.613882e-41   1.000000e+00
1.180517e-03   1.023453e-41   1.000000e+00
1.191451e-03   6.710552e-42   1.000000e+00
1.202486e-03   4.546993e-42   1.000000e+00
1.213624e-03   3.182346e-42   1.000000e+00
1.224865e-03   2.299370e-42   1.000000e+00
1.236210e-03   1.714314e-42   1.000000e+00
1.247660e-03   1.318175e-42   1.000000e+00
1.259216e-03   1.044812e-42   1.000000e+00
1.270879e-03   8.532328e-43   1.000000e+00
1.282650e-03   7.175336e-43   1.000000e+00
1.294530e-03   6.210746e-43   1.000000e+00
1.306520e-03   5.530360e-43   1.000000e+00
1.318621e-03   5.063521e-43   1.000000e+00
1.330835e-03   4.764560e-43   1.000000e+00
1.343161e-03   4.605167e-43   1.000000e+00
1.355602e-03   4.569847e-43   1.000000e+00
1.368158e-03   4.653429e-43   1.000000e+00
1.380830e-03   4.860053e-43   1.000000e+00
1.393619e-03   5.203396e-43   1.000000e+00
1.406527e-03   5.708105e-43   1.000000e+00
1.419555e-03   6.412653e-43   1.000000e+00
1.432703e-03   7.374042e-43   1.000000e+00
1.445973e-03   8.675149e-43   1.000000e+00
1.459366e-03   1.043598e-42   1.000000e+00
1.472883e-03   1.283085e-42   1.000000e+00
1.486525e-03   1.611483e-42   1.000000e+00
1.500293e-03   2.066449e-42   1.000000e+00
1.514189e-03   2.704171e-42   1.000000e+00
1.528214e-03   3.609403e-42   1.000000e+00
1.542369e-03   4.911451e-42   1.000000e+00
1.556654e-03   6.809870e-42   1.000000e+00
1.571072e-03   9.616206e-42   1.000000e+00
1.585624e-03   1.382248e-41   1.000000e+00
1.600310e-03   2.021469e-41   1.000000e+00
1.615133e-03   3.006272e-41   1.000000e+00
1.630092e-03   4.544132e-41   1.000000e+00
1.645191e-03   6.977768e-41   1.000000e+00
1.660429e-03   1.087944e-40   1.000000e+00
1.675808e-03   1.721480e-40   1.000000e+00
1.691330e-03   2.763024e-40   1.000000e+00
1.706995e-03   4.496097e-40   1.000000e+00
1.722805e-03   7.413728e-40   1.000000e+00
1.738762e-03   1.238137e-39   1.000000e+00
1.754867e-03   2.093214e-39   1.000000e+00
1.771121e-03   3.580572e-39   1.000000e+00
1.787526e-03   6.193934e-39   1.000000e+00
1.804082e-03   1.083023e-38   1.000000e+00
1.820792e-03   1.913140e-38   1.000000e+00
1.837656e-03   3.412522e-38   1.000000e+00
1.854677e-03   6.143350e-38   1.000000e+00
1.871855e-03   1.115623e-37   1.000000e+00
1.889193e-03   2.042646e-37   1.000000e+00
1.906691e-03   3.768894e-37   1.000000e+00
1.924351e-03   7.004246e-37   1.000000e+00
1.942175e-03   1.310439e-36   1.000000e+00
1.960163e-03   2.466956e-36   1.000000e+00
1.978319e-03   4.670643e-36   1.000000e+00
1.996642e-03   8.888818e-36   1.000000e+00
2.015136e-03   1.699593e-35   1.000117e+00
2.033800e-03   3.263326e-35   1.000569e+00
2.052638e-03   6.288867e-35   1.001347e+00
2.071650e-03   1.215799e-34   1.002436e+00
2.090838e-03   2.356733e-34   1.003819e+00
2.110203e-03   4.578249e-34   1.005483e+00
2.129749e-03   8.908613e-34   1.007411e+00
2.149475e-03   1.735498e-33   1.009590e+00
2.169384e-03   3.383160e-33   1.012005e+00
2.189477e-03   6.596095e-33   1.014641e+00
2.209756e-03   1.285579e-32   1.017484e+00
2.230223e-03   2.503452e-32   1.020518e+00
2.250880e-03   4.868440e-32   1.023729e+00
2.271728e-03   9.450004e-32   1.027102e+00
2.292769e-03   1.829983e-31   1.030622e+00
2.314005e-03   3.533592e-31   1.034273e+00
2.335438e-03   6.800195e-31   1.038040e+00
2.357069e-03   1.303597e-30   1.041908e+00
2.378901e-03   2.488078e-30   1.045861e+00
2.400935e-03   4.725681e-30   1.049882e+00
2.423173e-03   8.927421e-30   1.053956e+00
2.445617e-03   1.676603e-29   1.058065e+00
2.468268e-03   3.128661e-29   1.062194e+00
2.491130e-03   5.798186e-29   1.066324e+00
2.514203e-03   1.066627e-28   1.070439e+00
2.537490e-03   1.946710e-28   1.074520e+00
2.560993e-03   3.523217e-28   1.078551e+00
2.584714e-03   6.319876e-28   1.082513e+00
2.608654e-03   1.123027e-27   1.086387e+00
2.632815e-03   1.975901e-27   1.090155e+00
2.657201e-03   3.440453e-27   1.093798e+00
2.681813e-03   5.925465e-27   1.097297e+00
2.706652e-03   1.008944e-26   1.100633e+00
2.731722e-03   1.697584e-26   1.103787e+00
2.757023e-03   2.820954e-26   1.106738e+00
2.782559e-03   4.627461e-26   1.109469e+00
2.808332e-03   7.489503e-26   1.111958e+00
2.834343e-03   1.195386e-25   1.114186e+00
2.860596e-03   1.880570e-25   1.116134e+00
2.887091e-03   2.914596e-25   1.117783e+00
2.913832e-03   4.447913e-25   1.119112e+00
2.940820e-03   6.680434e-25   1.120103e+00
2.968059e-03   9.869719e-25   1.120737e+00
2.995549e-03   1.433633e-24   1.120995e+00
3.023295e-03   2.046622e-24   1.120998e+00
3.051297e-03   2.872592e-24   1.120990e+00
3.079559e-03   3.966916e-24   1.120977e+00
3.108082e-03   5.393629e-24   1.120958e+00
3.136870e-03   7.225446e-24   1.120935e+00
3.165924e-03   9.543552e-24   1.120908e+00
3.195248e-03   1.243723e-23   1.120877e+00
3.224842e-03   1.600338e-23   1.120842e+00
3.254712e-03   2.034607e-23   1.120805e+00
3.284857e-03   2.557623e-23   1.120764e+00
3.315282e-03   3.181166e-23   1.120722e+00
3.345989e-03   3.917742e-23   1.120677e+00
3.376980e-03   4.780703e-23   1.120631e+00
3.408259e-03   5.784426e-23   1.120584e+00
3.439826e-03   6.944608e-23   1.120537e+00
3.471687e-03   8.278670e-23   1.120488e+00
3.503842e-03   9.806298e-23   1.120441e+00
3.536296e-03   1.155015e-22   1.120393e+00
3.569049e-03   1.353676e-22   1.120347e+00
3.602107e-03   1.579765e-22   1.120301e+00
3.635470e-03   1.837076e-22   1.120258e+00
3.669142e-03   2.130225e-22   1.120216e+00
3.703127e-03   2.464868e-22   1.120177e+00
3.737426e-03   2.847986e-22   1.120141e+00
3.772042e-03   3.288249e-22   1.120108e+00
3.806980e-03   3.796474e-22   1.120078e+00
3.842241e-03   4.386229e-22   1.120053e+00
3.877828e-03   5.074624e-22   1.120032e+00
3.913746e-03   5.883345e-22   1.120016e+00
3.949995e-03   6.840046e-22   1.120006e+00
3.986581e-03   7.980212e-22   1.120000e+00
4.023506e-03   9.349292e-22   1.120001e+00
4.060772e-03   1.100028e-21   1.120005e+00
4.098384e-03   1.299500e-21   1.120013e+00
4.136344e-03   1.540917e-21   1.120024e+00
4.174655e-03   1.833560e-21   1.120038e+00
4.213322e-03   2.188807e-21   1.120055e+00
4.252346e-03   2.620590e-21   1.120074e+00
4.291732e-03   3.145958e-21   1.120094e+00
4.331483e-03   3.785750e-21   1.120116e+00
4.371602e-03   4.565404e-21   1.120140e+00
4.412093e-03   5.515917e-21   1.120164e+00
4.452959e-03   6.674988e-21   1.120188e+00
4.494203e-03   8.088359e-21   1.120213e+00
4.535829e-03   9.811391e-21   1.120238e+00
4.577841e-03   1.191088e-20   1.120262e+00
4.620241e-03   1.446717e-20   1.120285e+00
4.663035e-03   1.757649e-20   1.120307e+00
4.706225e-03   2.135370e-20   1.120328e+00
4.749815e-03   2.593517e-20   1.120346e+00
4.793808e-03   3.148207e-20   1.120363e+00
4.838210e-03   3.818375e-20   1.120376e+00
4.883022e-03   4.626132e-20   1.120387e+00
4.928250e-03   5.597120e-20   1.120395e+00
4.973896e-03   6.760850e-20   1.120399e+00
5.019965e-03   8.151045e-20   1.120398e+00
5.066461e-03   9.807433e-20   1.120379e+00
5.113388e-03   1.177784e-19   1.120342e+00
5.160749e-03   1.411844e-19   1.120288e+00
5.208549e-03   1.689515e-19   1.120220e+00
5.256791e-03   2.018525e-19   1.120141e+00
5.305481e-03   2.407942e-19   1.120052e+00
5.354621e-03   2.868407e-19   1.119955e+00
5.404216e-03   3.412409e-19   1.119853e+00
5.454271e-03   4.054617e-19   1.119748e+00
5.504790e-03   4.812272e-19   1.119642e+00
5.555776e-03   5.705647e-19   1.119537e+00
5.607235e-03   6.758602e-19   1.119436e+00
5.659170e-03   7.999247e-19   1.119340e+00
5.711586e-03   9.460726e-19   1.119251e+00
5.764488e-03   1.118216e-18   1.119173e+00
5.817880e-03   1.320980e-18   1.119106e+00
5.871766e-03   1.559834e-18   1.119054e+00
5.926152e-03   1.841262e-18   1.119018e+00
5.981041e-03   2.172953e-18   1.119001e+00
6.036439e-03   2.564030e-18   1.119001e+00
6.092349e-03   3.025113e-18   1.119004e+00
6.148778e-03   3.568557e-18   1.119010e+00
6.205729e-03   4.208839e-18   1.119018e+00
6.263207e-03   4.962914e-18   1.119029e+00
6.321218e-03   5.850624e-18   1.119042e+00
6.379767e-03   6.895165e-18   1.119058e+00
6.438857e-03   8.123634e-18   1.119075e+00
6.498495e-03   9.567656e-18   1.119094e+00
6.558686e-03   1.126410e-17   1.119115e+00
6.619433e-03   1.325589e-17   1.119138e+00
6.680744e-03   1.559299e-17   1.119162e+00
6.742622e-03   1.833343e-17   1.119187e+00
6.805074e-03   2.154461e-17   1.119213e+00
6.868104e-03   2.530462e-17   1.119241e+00
6.931717e-03   2.970391e-17   1.119269e+00
6.995920e-03   3.484707e-17   1.119298e+00
7.060718e-03   4.085510e-17   1.119334e+00
7.126115e-03   4.786909e-17   1.119382e+00
7.192119e-03   5.605289e-17   1.119442e+00
7.258734e-03   6.559639e-17   1.119512e+00
7.325965e-03   7.671955e-17   1.119589e+00
7.393820e-03   8.967707e-17   1.119673e+00
7.462303e-03   1.047638e-16   1.119761e+00
7.531420e-03   1.223208e-16   1.119852e+00
7.601178e-03   1.427429e-16   1.119944e+00
7.671581e-03   1.664861e-16   1.120036e+00
7.742637e-03   1.940781e-16   1.120125e+00
7.814351e-03   2.261284e-16   1.120211e+00
7.886729e-03   2.633412e-16   1.120291e+00
7.959777e-03   3.065297e-16   1.120364e+00
8.033502e-03   3.566331e-16   1.120429e+00
8.107910e-03   4.147338e-16   1.120498e+00
8.183007e-03   4.820783e-16   1.120569e+00
8.258799e-03   5.601028e-16   1.120642e+00
8.335294e-03   6.504610e-16   1.120716e+00
8.412497e-03   7.550572e-16   1.120787e+00
8.490415e-03   8.760826e-16   1.120856e+00
8.569055e-03   1.016058e-15   1.120919e+00
8.648423e-03   1.177881e-15   1.120975e+00
8.728527e-03   1.364883e-15   1.121023e+00
8.809372e-03   1.580893e-15   1.121061e+00
8.890966e-03   1.830306e-15   1.121087e+00
8.973316e-03   2.118171e-15   1.121099e+00
9.056428e-03   2.450277e-15   1.121092e+00
9.140311e-03   2.833253e-15   1.121054e+00
9.224970e-03   3.274673e-15   1.120988e+00
9.310413e-03   3.783205e-15   1.120900e+00
9.396648e-03   4.368758e-15   1.120795e+00
9.483682e-03   5.042653e-15   1.120677e+00
9.571522e-03   5.817814e-15   1.120551e+00
9.660175e-03   6.708989e-15   1.120423e+00
9.749649e-03   7.732994e-15   1.120296e+00
9.839952e-03   8.908988e-15   1.120177e+00
9.931092e-03   1.025879e-14   1.120070e+00
1.002308e-02   1.180721e-14   1.119979e+00
1.011591e-02   1.358256e-14   1.119898e+00
1.020961e-02   1.561721e-14   1.119822e+00
1.030417e-02   1.794806e-14   1.119749e+00
1.039961e-02   2.061716e-14   1.119679e+00
1.049593e-02   2.367239e-14   1.119608e+00
1.059315e-02   2.716830e-14   1.119537e+00
1.069126e-02   3.116698e-14   1.119463e+00
1.079029e-02   3.573911e-14   1.119384e+00
1.089023e-02   4.096514e-14   1.119300e+00
1.099110e-02   4.693660e-14   1.119208e+00
1.109290e-02   5.375750e-14   1.119097e+00
1.119564e-02   6.154515e-14   1.118955e+00
1.129934e-02   7.043216e-14   1.118793e+00
1.140400e-02   8.056855e-14   1.118623e+00
1.150962e-02   9.212395e-14   1.118454e+00
1.161623e-02   1.052900e-13   1.118298e+00
1.172382e-02   1.202829e-13   1.118164e+00
1.183241e-02   1.373468e-13   1.118064e+00
1.194200e-02   1.567566e-13   1.118008e+00
1.205261e-02   1.788219e-13   1.118011e+00
1.216424e-02   2.038936e-13   1.118100e+00
1.227691e-02   2.323698e-13   1.118256e+00
1.239062e-02   2.647005e-13   1.118458e+00
1.250539e-02   3.013938e-13   1.118680e+00
1.262121e-02   3.430237e-13   1.118899e+00
1.273811e-02   3.902382e-13   1.119091e+00
1.285610e-02   4.437688e-13   1.119232e+00
1.297517e-02   5.044416e-13   1.119298e+00
1.309535e-02   5.731881e-13   1.119286e+00
1.321664e-02   6.510542e-13   1.119236e+00
1.333906e-02   7.392145e-13   1.119161e+00
1.346261e-02   8.389903e-13   1.119071e+00
1.358730e-02   9.518669e-13   1.118979e+00
1.371315e-02   1.079513e-12   1.118895e+00
1.384016e-02   1.223805e-12   1.118832e+00
1.396835e-02   1.386846e-12   1.118801e+00
1.409773e-02   1.571001e-12   1.118813e+00
1.422830e-02   1.778926e-12   1.118862e+00
1.436009e-02   2.013608e-12   1.118938e+00
1.449310e-02   2.278398e-12   1.119029e+00
1.462733e-02   2.577058e-12   1.119123e+00
1.476281e-02   2.913807e-12   1.119208e+00
1.489955e-02   3.293378e-12   1.119273e+00
1.503755e-02   3.721079e-12   1.119306e+00
1.517683e-02   4.202834e-12   1.119329e+00
1.531740e-02   4.745229e-12   1.119349e+00
1.545928e-02   5.355606e-12   1.119367e+00
1.560246e-02   6.042150e-12   1.119381e+00
1.574698e-02   6.813978e-12   1.119392e+00
1.589283e-02   7.681237e-12   1.119399e+00
1.604003e-02   8.655214e-12   1.119398e+00
1.618860e-02   9.748506e-12   1.119361e+00
1.633854e-02   1.097523e-11   1.119283e+00
1.648987e-02   1.235114e-11   1.119172e+00
1.664260e-02   1.389377e-11   1.119035e+00
1.679675e-02   1.562267e-11   1.118881e+00
1.695232e-02   1.755961e-11   1.118719e+00
1.710934e-02   1.972883e-11   1.118556e+00
1.726781e-02   2.215729e-11   1.118399e+00
1.742775e-02   2.487500e-11   1.118258e+00
1.758917e-02   2.791535e-11   1.118140e+00
1.775208e-02   3.131546e-11   1.118054e+00
1.791650e-02   3.511660e-11   1.118006e+00
1.808245e-02   3.936465e-11   1.118009e+00
1.824993e-02   4.411050e-11   1.118080e+00
1.841897e-02   4.941059e-11   1.118208e+00
1.858957e-02   5.532753e-11   1.118380e+00
1.876175e-02   6.193073e-11   1.118582e+00
1.893552e-02   6.929720e-11   1.118801e+00
1.911091e-02   7.751224e-11   1.119023e+00
1.928792e-02   8.667039e-11   1.119234e+00
1.946656e-02   9.687636e-11   1.119421e+00
1.964687e-02   1.082461e-10   1.119571e+00
1.982884e-02   1.209078e-10   1.119668e+00
2.001250e-02   1.350035e-10   1.119700e+00
2.019786e-02   1.506902e-10   1.119683e+00
2.038493e-02   1.681412e-10   1.119638e+00
2.057374e-02   1.875481e-10   1.119567e+00
2.076430e-02   2.091224e-10   1.119474e+00
2.095662e-02   2.330976e-10   1.119360e+00
2.115073e-02   2.597314e-10   1.119228e+00
2.134663e-02   2.893081e-10   1.119081e+00
2.154435e-02   3.221410e-10   1.118921e+00
2.174389e-02   3.585758e-10   1.118751e+00
2.194529e-02   3.989931e-10   1.118574e+00
2.214855e-02   4.438123e-10   1.118391e+00
2.235370e-02   4.934951e-10   1.118205e+00
2.256074e-02   5.485497e-10   1.118020e+00
2.276970e-02   6.095351e-10   1.117837e+00
2.298060e-02   6.770660e-10   1.117659e+00
2.319345e-02   7.518185e-10   1.117488e+00
2.340827e-02   8.345353e-10   1.117328e+00
2.362508e-02   9.260322e-10   1.117180e+00
2.384390e-02   1.027205e-09   1.117047e+00
2.406475e-02   1.139038e-09   1.116933e+00
2.428764e-02   1.262609e-09   1.116838e+00
2.451260e-02   1.399102e-09   1.116766e+00
2.473964e-02   1.549815e-09   1.116719e+00
2.496878e-02   1.716169e-09   1.116700e+00
2.520005e-02   1.899723e-09   1.116718e+00
2.543346e-02   2.102188e-09   1.116780e+00
2.566903e-02   2.325437e-09   1.116882e+00
2.590678e-02   2.571524e-09   1.117018e+00
2.614673e-02   2.842697e-09   1.117185e+00
2.638891e-02   3.141418e-09   1.117377e+00
2.663333e-02   3.470380e-09   1.117588e+00
2.688001e-02   3.832531e-09   1.117815e+00
2.712898e-02   4.231094e-09   1.118051e+00
2.738025e-02   4.669592e-09   1.118293e+00
2.763385e-02   5.151881e-09   1.118535e+00
2.788980e-02   5.682169e-09   1.118772e+00
2.814812e-02   6.265058e-09   1.119000e+00
2.840884e-02   6.905573e-09   1.119212e+00
2.867196e-02   7.609203e-09   1.119405e+00
2.893753e-02   8.381936e-09   1.119574e+00
2.920556e-02   9.230314e-09   1.119712e+00
2.947606e-02   1.016147e-08   1.119816e+00
2.974908e-02   1.118319e-08   1.119880e+00
3.002462e-02   1.230396e-08   1.119900e+00
3.030271e-02   1.353303e-08   1.119891e+00
3.058338e-02   1.488045e-08   1.119867e+00
3.086665e-02   1.635718e-08   1.119830e+00
3.115254e-02   1.797510e-08   1.119779e+00
3.144108e-02   1.974719e-08   1.119717e+00
3.173230e-02   2.168753e-08   1.119642e+00
3.202621e-02   2.381143e-08   1.119558e+00
3.232284e-02   2.613555e-08   1.119463e+00
3.262222e-02   2.867798e-08   1.119359e+00
3.292437e-02   3.145836e-08   1.119247e+00
3.322933e-02   3.449801e-08   1.119128e+00
3.353710e-02   3.782009e-08   1.119002e+00
3.384773e-02   4.144971e-08   1.118870e+00
3.416123e-02   4.541412e-08   1.118733e+00
3.447764e-02   4.974284e-08   1.118592e+00
3.479698e-02   5.446790e-08   1.118447e+00
3.511928e-02   5.962397e-08   1.118300e+00
3.544456e-02   6.524862e-08   1.118151e+00
3.577285e-02   7.138252e-08   1.118001e+00
3.610419e-02   7.806970e-08   1.117851e+00
3.643859e-02   8.535780e-08   1.117701e+00
3.677609e-02   9.329833e-08   1.117553e+00
3.711672e-02   1.019470e-07   1.117407e+00
3.746050e-02   1.113640e-07   1.117263e+00
3.780747e-02   1.216145e-07   1.117124e+00
3.815765e-02   1.327686e-07   1.116989e+00
3.851107e-02   1.449022e-07   1.116860e+00
3.886777e-02   1.580973e-07   1.116736e+00
3.922777e-02   1.724422e-07   1.116620e+00
3.959110e-02   1.880322e-07   1.116511e+00
3.995780e-02   2.049700e-07   1.116411e+00
4.032790e-02   2.233665e-07   1.116316e+00
4.070142e-02   2.433415e-07   1.116222e+00
4.107841e-02   2.650241e-07   1.116129e+00
4.145888e-02   2.885539e-07   1.116036e+00
4.184289e-02   3.140811e-07   1.115943e+00
4.223044e-02   3.417675e-07   1.115851e+00
4.262159e-02   3.717875e-07   1.115760e+00
4.301636e-02   4.043292e-07   1.115670e+00
4.341478e-02   4.395947e-07   1.115581e+00
4.381690e-02   4.778018e-07   1.115493e+00
4.422274e-02   5.191851e-07   1.115406e+00
4.463234e-02   5.639968e-07   1.115321e+00
4.504573e-02   6.125084e-07   1.115236e+00
4.546295e-02   6.650119e-07   1.115153e+00
4.588404e-02   7.218213e-07   1.115072e+00
4.630903e-02   7.832742e-07   1.114992e+00
4.673795e-02   8.497336e-07   1.114914e+00
4.717085e-02   9.215896e-07   1.114837e+00
4.760775e-02   9.992615e-07   1.114763e+00
4.804870e-02   1.083200e-06   1.114690e+00
4.849374e-02   1.173888e-06   1.114619e+00
4.894290e-02   1.271845e-06   1.114550e+00
4.939622e-02   1.377630e-06   1.114484e+00
4.985373e-02   1.491841e-06   1.114420e+00
5.031549e-02   1.615122e-06   1.114359e+00
5.078152e-02   1.748157e-06   1.114302e+00
5.125187e-02   1.891683e-06   1.114249e+00
5.172657e-02   2.046484e-06   1.114200e+00
5.220568e-02   2.213402e-06   1.114153e+00
5.268921e-02   2.393337e-06   1.114109e+00
5.317723e-02   2.587254e-06   1.114067e+00
5.366977e-02   2.796181e-06   1.114026e+00
5.416687e-02   3.021222e-06   1.113985e+00
5.466857e-02   3.263552e-06   1.113944e+00
5.517492e-02   3.524430e-06   1.113903e+00
5.568596e-02   3.805200e-06   1.113860e+00
5.620174e-02   4.107295e-06   1.113816e+00
5.672229e-02   4.432248e-06   1.113769e+00
5.724766e-02   4.781692e-06   1.113719e+00
5.777790e-02   5.157370e-06   1.113666e+00
5.831305e-02   5.561141e-06   1.113609e+00
5.885316e-02   5.994986e-06   1.113547e+00
5.939827e-02   6.461016e-06   1.113480e+00
5.994843e-02   6.961480e-06   1.113407e+00
6.050368e-02   7.498774e-06   1.113317e+00
6.106408e-02   8.075461e-06   1.113195e+00
6.162966e-02   8.694272e-06   1.113047e+00
6.220049e-02   9.358116e-06   1.112878e+00
6.277660e-02   1.007009e-05   1.112692e+00
6.335805e-02   1.083350e-05   1.112495e+00
6.394488e-02   1.165186e-05   1.112290e+00
6.453715e-02   1.252890e-05   1.112083e+00
6.513491e-02   1.346860e-05   1.111878e+00
6.573820e-02   1.447519e-05   1.111681e+00
6.634708e-02   1.555318e-05   1.111495e+00
6.696160e-02   1.670735e-05   1.111326e+00
6.758181e-02   1.794278e-05   1.111179e+00
6.820777e-02   1.926488e-05   1.111058e+00
6.883952e-02   2.067940e-05   1.110968e+00
6.947713e-02   2.219244e-05   1.110914e+00
7.012064e-02   2.381048e-05   1.110900e+00
7.077011e-02   2.554038e-05   1.110908e+00
7.142559e-02   2.738938e-05   1.110925e+00
7.208715e-02   2.936515e-05   1.110950e+00
7.275484e-02   3.147579e-05   1.110981e+00
7.342870e-02   3.372990e-05   1.111017e+00
7.410882e-02   3.613656e-05   1.111057e+00
7.479523e-02   3.870538e-05   1.111098e+00
7.548799e-02   4.144650e-05   1.111139e+00
7.618718e-02   4.437067e-05   1.111179e+00
7.689284e-02   4.748922e-05   1.111215e+00
7.760503e-02   5.081412e-05   1.111247e+00
7.832383e-02   5.435802e-05   1.111273e+00
7.904928e-02   5.813424e-05   1.111291e+00
7.978145e-02   6.215683e-05   1.111300e+00
8.052040e-02   6.644068e-05   1.111295e+00
8.126619e-02   7.100187e-05   1.111269e+00
8.201889e-02   7.585774e-05   1.111225e+00
8.277857e-02   8.102672e-05   1.111165e+00
8.354528e-02   8.652843e-05   1.111092e+00
8.431909e-02   9.238371e-05   1.111007e+00
8.510007e-02   9.861475e-05   1.110913e+00
8.588829e-02   1.052452e-04   1.110814e+00
8.668380e-02   1.123001e-04   1.110710e+00
8.748668e-02   1.198062e-04   1.110605e+00
8.829700e-02   1.277922e-04   1.110501e+00
8.911482e-02   1.362882e-04   1.110401e+00
8.994022e-02   1.453268e-04   1.110307e+00
9.077327e-02   1.549418e-04   1.110207e+00
9.161402e-02   1.651671e-04   1.110089e+00
9.246257e-02   1.760374e-04   1.109958e+00
9.331898e-02   1.875888e-04   1.109820e+00
9.418332e-02   1.998591e-04   1.109680e+00
9.505566e-02   2.128876e-04   1.109543e+00
9.593608e-02   2.267151e-04   1.109415e+00
9.682466e-02   2.413840e-04   1.109302e+00
9.772147e-02   2.569383e-04   1.109209e+00
9.862658e-02   2.734235e-04   1.109141e+00
9.954008e-02   2.908866e-04   1.109105e+00
1.004620e-01   3.093764e-04   1.109101e+00
1.013925e-01   3.289475e-04   1.109106e+00
1.023317e-01   3.496620e-04   1.109115e+00
1.032795e-01   3.715857e-04   1.109127e+00
1.042361e-01   3.947889e-04   1.109140e+00
1.052015e-01   4.193463e-04   1.109155e+00
1.061759e-01   4.453374e-04   1.109169e+00
1.071593e-01   4.728469e-04   1.109182e+00
1.081519e-01   5.019652e-04   1.109192e+00
1.091536e-01   5.327884e-04   1.109198e+00
1.101646e-01   5.654192e-04   1.109197e+00
1.111850e-01   5.999629e-04   1.109062e+00
1.122148e-01   6.365188e-04   1.108759e+00
1.132541e-01   6.751886e-04   1.108336e+00
1.143031e-01   7.160771e-04   1.107839e+00
1.153618e-01   7.592927e-04   1.107317e+00
1.164303e-01   8.049469e-04   1.106816e+00
1.175087e-01   8.531548e-04   1.106382e+00
1.185971e-01   9.040340e-04   1.106064e+00
1.196956e-01   9.577056e-04   1.105908e+00
1.208042e-01   1.014295e-03   1.105930e+00
1.219231e-01   1.073955e-03   1.106054e+00
1.230524e-01   1.136859e-03   1.106250e+00
1.241921e-01   1.203194e-03   1.106491e+00
1.253424e-01   1.273157e-03   1.106749e+00
1.265034e-01   1.346962e-03   1.106996e+00
1.276751e-01   1.424838e-03   1.107206e+00
1.288576e-01   1.507029e-03   1.107349e+00
1.300511e-01   1.593798e-03   1.107400e+00
1.312557e-01   1.685410e-03   1.107303e+00
1.324714e-01   1.782089e-03   1.107062e+00
1.336984e-01   1.884049e-03   1.106725e+00
1.349367e-01   1.991507e-03   1.106340e+00
1.361865e-01   2.104678e-03   1.105957e+00
1.374479e-01   2.223778e-03   1.105624e+00
1.387210e-01   2.349018e-03   1.105389e+00
1.400058e-01   2.480610e-03   1.105300e+00
1.413026e-01   2.618782e-03   1.105300e+00
1.426114e-01   2.763869e-03   1.105300e+00
1.439323e-01   2.916255e-03   1.105300e+00
1.452654e-01   3.076352e-03   1.105300e+00
1.466109e-01   3.244605e-03   1.105300e+00
1.479688e-01   3.421492e-03   1.105300e+00
1.493393e-01   3.607528e-03   1.105300e+00
1.507225e-01   3.803264e-03   1.105286e+00
1.521186e-01   4.009216e-03   1.105191e+00
1.535275e-01   4.225846e-03   1.105028e+00
1.549495e-01   4.453628e-03   1.104819e+00
1.563847e-01   4.693050e-03   1.104592e+00
1.578331e-01   4.944609e-03   1.104369e+00
1.592950e-01   5.208819e-03   1.104175e+00
1.607704e-01   5.486204e-03   1.104028e+00
1.622595e-01   5.777324e-03   1.103900e+00
1.637624e-01   6.082778e-03   1.103783e+00
1.652792e-01   6.403187e-03   1.103674e+00
1.668101e-01   6.739193e-03   1.103570e+00
1.683551e-01   7.091458e-03   1.103470e+00
1.699144e-01   7.460667e-03   1.103371e+00
1.714882e-01   7.847524e-03   1.103270e+00
1.730766e-01   8.252757e-03   1.103163e+00
1.746796e-01   8.677116e-03   1.103050e+00
1.762975e-01   9.121371e-03   1.102927e+00
1.779304e-01   9.586315e-03   1.102791e+00
1.795785e-01   1.007276e-02   1.102641e+00
1.812418e-01   1.058156e-02   1.102465e+00
1.829205e-01   1.111365e-02   1.102245e+00
1.846147e-01   1.167006e-02   1.101989e+00
1.863246e-01   1.225187e-02   1.101707e+00
1.880504e-01   1.286020e-02   1.101406e+00
1.897922e-01   1.349622e-02   1.101097e+00
1.915501e-01   1.416119e-02   1.100788e+00
1.933242e-01   1.485640e-02   1.100487e+00
1.951148e-01   1.558320e-02   1.100204e+00
1.969220e-01   1.634304e-02   1.099947e+00
1.987460e-01   1.713742e-02   1.099726e+00
2.005868e-01   1.796791e-02   1.099547e+00
2.024447e-01   1.883611e-02   1.099386e+00
2.043197e-01   1.974356e-02   1.099235e+00
2.062122e-01   2.069186e-02   1.099091e+00
2.081222e-01   2.168265e-02   1.098956e+00
2.100498e-01   2.271764e-02   1.098827e+00
2.119953e-01   2.379858e-02   1.098704e+00
2.139589e-01   2.492727e-02   1.098587e+00
2.159406e-01   2.610560e-02   1.098475e+00
2.179407e-01   2.733547e-02   1.098368e+00
2.199593e-01   2.861888e-02   1.098263e+00
2.219966e-01   2.995787e-02   1.098162e+00
2.240528e-01   3.135454e-02   1.098062e+00
2.261280e-01   3.281107e-02   1.097964e+00
2.282224e-01   3.432967e-02   1.097867e+00
2.303363e-01   3.591264e-02   1.097770e+00
2.324697e-01   3.756233e-02   1.097672e+00
2.346229e-01   3.928116e-02   1.097573e+00
2.367960e-01   4.107160e-02   1.097472e+00
2.389893e-01   4.293620e-02   1.097368e+00
2.412028e-01   4.487757e-02   1.097261e+00
2.434369e-01   4.689837e-02   1.097150e+00
2.456916e-01   4.900135e-02   1.097034e+00
2.479673e-01   5.118930e-02   1.096912e+00
2.502640e-01   5.346508e-02   1.096785e+00
2.525820e-01   5.583173e-02   1.096657e+00
2.549215e-01   5.829266e-02   1.096530e+00
2.572826e-01   6.085148e-02   1.096404e+00
2.596656e-01   6.351196e-02   1.096279e+00
2.620707e-01   6.627802e-02   1.096153e+00
2.644980e-01   6.915375e-02   1.096027e+00
2.669478e-01   7.214341e-02   1.095900e+00
2.694204e-01   7.525146e-02   1.095770e+00
2.719158e-01   7.848255e-02   1.095638e+00
2.744343e-01   8.184153e-02   1.095502e+00
2.769762e-01   8.533346e-02   1.095363e+00
2.795416e-01   8.896364e-02   1.095219e+00
2.821308e-01   9.273761e-02   1.095069e+00
2.847439e-01   9.666114e-02   1.094915e+00
2.873813e-01   1.007403e-01   1.094753e+00
2.900430e-01   1.049814e-01   1.094585e+00
2.927295e-01   1.093911e-01   1.094409e+00
2.954408e-01   1.139763e-01   1.094225e+00
2.981772e-01   1.187442e-01   1.094033e+00
3.009390e-01   1.237025e-01   1.093829e+00
3.037264e-01   1.288585e-01   1.093596e+00
3.065395e-01   1.342186e-01   1.093332e+00
3.093788e-01   1.397896e-01   1.093040e+00
3.122443e-01   1.455781e-01   1.092726e+00
3.151363e-01   1.515908e-01   1.092392e+00
3.180552e-01   1.578346e-01   1.092043e+00
3.210011e-01   1.643163e-01   1.091683e+00
3.239743e-01   1.710429e-01   1.091316e+00
3.269750e-01   1.780215e-01   1.090946e+00
3.300035e-01   1.852590e-01   1.090576e+00
3.330600e-01   1.927624e-01   1.090212e+00
3.361449e-01   2.005389e-01   1.089856e+00
3.392583e-01   2.085953e-01   1.089513e+00
3.424006e-01   2.169387e-01   1.089186e+00
3.455720e-01   2.255761e-01   1.088881e+00
3.487727e-01   2.345141e-01   1.088600e+00
3.520031e-01   2.437598e-01   1.088344e+00
3.552635e-01   2.533220e-01   1.088103e+00
3.585540e-01   2.632115e-01   1.087875e+00
3.618750e-01   2.734394e-01   1.087656e+00
3.652267e-01   2.840174e-01   1.087445e+00
3.686095e-01   2.949579e-01   1.087240e+00
3.720237e-01   3.062735e-01   1.087040e+00
3.754694e-01   3.179775e-01   1.086842e+00
3.789471e-01   3.300841e-01   1.086645e+00
3.824570e-01   3.426077e-01   1.086447e+00
3.859994e-01   3.555636e-01   1.086245e+00
3.895746e-01   3.689680e-01   1.086038e+00
3.931829e-01   3.828375e-01   1.085824e+00
3.968246e-01   3.971896e-01   1.085601e+00
4.005001e-01   4.120429e-01   1.085368e+00
4.042096e-01   4.274155e-01   1.085132e+00
4.079535e-01   4.433234e-01   1.084899e+00
4.117320e-01   4.597822e-01   1.084666e+00
4.155455e-01   4.768080e-01   1.084430e+00
4.193944e-01   4.944171e-01   1.084190e+00
4.232789e-01   5.126260e-01   1.083945e+00
4.271994e-01   5.314516e-01   1.083690e+00
4.311562e-01   5.509110e-01   1.083425e+00
4.351497e-01   5.710216e-01   1.083148e+00
4.391801e-01   5.918008e-01   1.082856e+00
4.432479e-01   6.132666e-01   1.082548e+00
4.473533e-01   6.354369e-01   1.082220e+00
4.514968e-01   6.583300e-01   1.081869e+00
4.556786e-01   6.819661e-01   1.081460e+00
4.598992e-01   7.063683e-01   1.080994e+00
4.641589e-01   7.315610e-01   1.080483e+00
4.684580e-01   7.575690e-01   1.079940e+00
4.727970e-01   7.844185e-01   1.079376e+00
4.771761e-01   8.121362e-01   1.078803e+00
4.815958e-01   8.407500e-01   1.078234e+00
4.860564e-01   8.702889e-01   1.077680e+00
4.905584e-01   9.007827e-01   1.077153e+00
4.951020e-01   9.322624e-01   1.076665e+00
4.996877e-01   9.647603e-01   1.076227e+00
5.043159e-01   9.983092e-01   1.075831e+00
5.089870e-01   1.032940e+00   1.075451e+00
5.137014e-01   1.068683e+00   1.075086e+00
5.184594e-01   1.105570e+00   1.074734e+00
5.232614e-01   1.143632e+00   1.074393e+00
5.281080e-01   1.182903e+00   1.074063e+00
5.329994e-01   1.223416e+00   1.073742e+00
5.379362e-01   1.265204e+00   1.073428e+00
5.429186e-01   1.308303e+00   1.073121e+00
5.479472e-01   1.352748e+00   1.072819e+00
5.530224e-01   1.398576e+00   1.072519e+00
5.581446e-01   1.445822e+00   1.072222e+00
5.633143e-01   1.494524e+00   1.071925e+00
5.685318e-01   1.544721e+00   1.071628e+00
5.737976e-01   1.596452e+00   1.071328e+00
5.791123e-01   1.649756e+00   1.071025e+00
5.844761e-01   1.704674e+00   1.070716e+00
5.898896e-01   1.761246e+00   1.070402e+00
5.953533e-01   1.819514e+00   1.070079e+00
6.008676e-01   1.879521e+00   1.069748e+00
6.064329e-01   1.941313e+00   1.069414e+00
6.120498e-01   2.004942e+00   1.069082e+00
6.177188e-01   2.070465e+00   1.068750e+00
6.234402e-01   2.137939e+00   1.068419e+00
6.292146e-01   2.207427e+00   1.068087e+00
6.350425e-01   2.278989e+00   1.067755e+00
6.409244e-01   2.352692e+00   1.067420e+00
6.468608e-01   2.428603e+00   1.067083e+00
6.528521e-01   2.506793e+00   1.066743e+00
6.588990e-01   2.587334e+00   1.066399e+00
6.650018e-01   2.670303e+00   1.066051e+00
6.711612e-01   2.755778e+00   1.065697e+00
6.773776e-01   2.843842e+00   1.065338e+00
6.836516e-01   2.934579e+00   1.064972e+00
6.899837e-01   3.028080e+00   1.064599e+00
6.963745e-01   3.124436e+00   1.064218e+00
7.028244e-01   3.223743e+00   1.063828e+00
7.093341e-01   3.326093e+00   1.063423e+00
7.159041e-01   3.431566e+00   1.063003e+00
7.225349e-01   3.540249e+00   1.062571e+00
7.292272e-01   3.652224e+00   1.062129e+00
7.359814e-01   3.767579e+00   1.061679e+00
7.427982e-01   3.886401e+00   1.061223e+00
7.496782e-01   4.008781e+00   1.060763e+00
7.566219e-01   4.134810e+00   1.060301e+00
7.636298e-01   4.264580e+00   1.059840e+00
7.707027e-01   4.398185e+00   1.059382e+00
7.778411e-01   4.535721e+00   1.058929e+00
7.850456e-01   4.677285e+00   1.058483e+00
7.923169e-01   4.822975e+00   1.058046e+00
7.996555e-01   4.972890e+00   1.057620e+00
8.070620e-01   5.127137e+00   1.057205e+00
8.145372e-01   5.285841e+00   1.056798e+00
8.220816e-01   5.449142e+00   1.056398e+00
8.296959e-01   5.617181e+00   1.056004e+00
8.373807e-01   5.790108e+00   1.055613e+00
8.451366e-01   5.968077e+00   1.055224e+00
8.529644e-01   6.151247e+00   1.054835e+00
8.608648e-01   6.339785e+00   1.054445e+00
8.688383e-01   6.533863e+00   1.054053e+00
8.768856e-01   6.733661e+00   1.053656e+00
8.850075e-01   6.939366e+00   1.053253e+00
8.932046e-01   7.151171e+00   1.052843e+00
9.014776e-01   7.369279e+00   1.052425e+00
9.098273e-01   7.593875e+00   1.051993e+00
9.182543e-01   7.825099e+00   1.051549e+00
9.267593e-01   8.063079e+00   1.051095e+00
9.353432e-01   8.307942e+00   1.050635e+00
9.440065e-01   8.559812e+00   1.050172e+00
9.527500e-01   8.818810e+00   1.049709e+00
9.615746e-01   9.085054e+00   1.049249e+00
9.704809e-01   9.358659e+00   1.048796e+00
9.794697e-01   9.639733e+00   1.048351e+00
9.885417e-01   9.928383e+00   1.047919e+00
9.976978e-01   1.022471e+01   1.047502e+00
1.006939e+00   1.052881e+01   1.047095e+00
1.016265e+00   1.084082e+01   1.046682e+00
1.025678e+00   1.116091e+01   1.046262e+00
1.035178e+00   1.148924e+01   1.045838e+00
1.044766e+00   1.182598e+01   1.045412e+00
1.054443e+00   1.217130e+01   1.044984e+00
1.064209e+00   1.252537e+01   1.044556e+00
1.074066e+00   1.288836e+01   1.044130e+00
1.084014e+00   1.326045e+01   1.043707e+00
1.094055e+00   1.364181e+01   1.043288e+00
1.104188e+00   1.403261e+01   1.042876e+00
1.114415e+00   1.443304e+01   1.042472e+00
1.124737e+00   1.484328e+01   1.042077e+00
1.135155e+00   1.526350e+01   1.041693e+00
1.145669e+00   1.569390e+01   1.041321e+00
1.156280e+00   1.613464e+01   1.040963e+00
1.166990e+00   1.658593e+01   1.040620e+00
1.177799e+00   1.704794e+01   1.040295e+00
1.188708e+00   1.752085e+01   1.039987e+00
1.199718e+00   1.800487e+01   1.039700e+00
1.210830e+00   1.850017e+01   1.039434e+00
1.222045e+00   1.900694e+01   1.039190e+00
1.233363e+00   1.952538e+01   1.038971e+00
1.244787e+00   2.005568e+01   1.038779e+00
1.256317e+00   2.059801e+01   1.038611e+00
1.267953e+00   2.115258e+01   1.038457e+00
1.279697e+00   2.171954e+01   1.038315e+00
1.291550e+00   2.229908e+01   1.038184e+00
1.303512e+00   2.289137e+01   1.038061e+00
1.315586e+00   2.349658e+01   1.037947e+00
1.327771e+00   2.411487e+01   1.037839e+00
1.340069e+00   2.474642e+01   1.037738e+00
1.352481e+00   2.539138e+01   1.037640e+00
1.365008e+00   2.604991e+01   1.037546e+00
1.377651e+00   2.672217e+01   1.037455e+00
1.390411e+00   2.740832e+01   1.037364e+00
1.403289e+00   2.810850e+01   1.037273e+00
1.416287e+00   2.882286e+01   1.037180e+00
1.429405e+00   2.955154e+01   1.037085e+00
1.442644e+00   3.029467e+01   1.036986e+00
1.456006e+00   3.105240e+01   1.036883e+00
1.469492e+00   3.182484e+01   1.036773e+00
1.483103e+00   3.261211e+01   1.036656e+00
1.496839e+00   3.341434e+01   1.036530e+00
1.510703e+00   3.423164e+01   1.036393e+00
1.524696e+00   3.506413e+01   1.036240e+00
1.538818e+00   3.591194e+01   1.036075e+00
1.553071e+00   3.677521e+01   1.035899e+00
1.567455e+00   3.765406e+01   1.035714e+00
1.581973e+00   3.854861e+01   1.035525e+00
1.596626e+00   3.945898e+01   1.035332e+00
1.611414e+00   4.038529e+01   1.035139e+00
1.626340e+00   4.132764e+01   1.034948e+00
1.641403e+00   4.228614e+01   1.034762e+00
1.656606e+00   4.326088e+01   1.034583e+00
1.671950e+00   4.425196e+01   1.034413e+00
1.687436e+00   4.525948e+01   1.034255e+00
1.703065e+00   4.628351e+01   1.034112e+00
1.718839e+00   4.732414e+01   1.033987e+00
1.734759e+00   4.838143e+01   1.033880e+00
1.750827e+00   4.945545e+01   1.033796e+00
1.767044e+00   5.054628e+01   1.033725e+00
1.783410e+00   5.165406e+01   1.033656e+00
1.799929e+00   5.277892e+01   1.033591e+00
1.816600e+00   5.392100e+01   1.033529e+00
1.833425e+00   5.508047e+01   1.033470e+00
1.850407e+00   5.625745e+01   1.033415e+00
1.867546e+00   5.745211e+01   1.033364e+00
1.884843e+00   5.866459e+01   1.033316e+00
1.902301e+00   5.989504e+01   1.033272e+00
1.919921e+00   6.114363e+01   1.033232e+00
1.937703e+00   6.241050e+01   1.033195e+00
1.955651e+00   6.369581e+01   1.033163e+00
1.973764e+00   6.499973e+01   1.033134e+00
1.992046e+00   6.632243e+01   1.033109e+00
2.010496e+00   6.766405e+01   1.033088e+00
2.029118e+00   6.902472e+01   1.033068e+00
2.047912e+00   7.040451e+01   1.033048e+00
2.066880e+00   7.180348e+01   1.033029e+00
2.086024e+00   7.322167e+01   1.033010e+00
2.105345e+00   7.465916e+01   1.032991e+00
2.124845e+00   7.611597e+01   1.032973e+00
2.144526e+00   7.759215e+01   1.032956e+00
2.164389e+00   7.908774e+01   1.032940e+00
2.184436e+00   8.060276e+01   1.032924e+00
2.204669e+00   8.213724e+01   1.032909e+00
2.225089e+00   8.369119e+01   1.032894e+00
2.245698e+00   8.526462e+01   1.032881e+00
2.266498e+00   8.685753e+01   1.032868e+00
2.287491e+00   8.846994e+01   1.032857e+00
2.308678e+00   9.010181e+01   1.032846e+00
2.330061e+00   9.175315e+01   1.032837e+00
2.351643e+00   9.342393e+01   1.032828e+00
2.373424e+00   9.511412e+01   1.032820e+00
2.395407e+00   9.682367e+01   1.032814e+00
2.417594e+00   9.855257e+01   1.032809e+00
2.439986e+00   1.003007e+02   1.032805e+00
2.462586e+00   1.020681e+02   1.032802e+00
2.485395e+00   1.038547e+02   1.032800e+00
2.508415e+00   1.056603e+02   1.032801e+00
2.531648e+00   1.074851e+02   1.032813e+00
2.555097e+00   1.093294e+02   1.032837e+00
2.578763e+00   1.111935e+02   1.032872e+00
2.602648e+00   1.130777e+02   1.032917e+00
2.626754e+00   1.149825e+02   1.032970e+00
2.651084e+00   1.169082e+02   1.033031e+00
2.675638e+00   1.188552e+02   1.033098e+00
2.700421e+00   1.208240e+02   1.033169e+00
2.725433e+00   1.228150e+02   1.033244e+00
2.750676e+00   1.248288e+02   1.033320e+00
2.776153e+00   1.268658e+02   1.033398e+00
2.801867e+00   1.289266e+02   1.033475e+00
2.827818e+00   1.310118e+02   1.033550e+00
2.854010e+00   1.331218e+02   1.033622e+00
2.880444e+00   1.352575e+02   1.033689e+00
2.907123e+00   1.374193e+02   1.033751e+00
2.934050e+00   1.396080e+02   1.033805e+00
2.961225e+00   1.418243e+02   1.033851e+00
2.988653e+00   1.440690e+02   1.033888e+00
3.016334e+00   1.463427e+02   1.033916e+00
3.044272e+00   1.486458e+02   1.033942e+00
3.072469e+00   1.509783e+02   1.033969e+00
3.100927e+00   1.533401e+02   1.033995e+00
3.129648e+00   1.557310e+02   1.034020e+00
3.158635e+00   1.581511e+02   1.034044e+00
3.187891e+00   1.606002e+02   1.034068e+00
3.217418e+00   1.630781e+02   1.034090e+00
3.247218e+00   1.655847e+02   1.034110e+00
3.277295e+00   1.681197e+02   1.034129e+00
3.307650e+00   1.706830e+02   1.034147e+00
3.338286e+00   1.732743e+02   1.034162e+00
3.369206e+00   1.758934e+02   1.034175e+00
3.400412e+00   1.785399e+02   1.034185e+00
3.431907e+00   1.812135e+02   1.034193e+00
3.463694e+00   1.839140e+02   1.034198e+00
3.495776e+00   1.866409e+02   1.034200e+00
3.528154e+00   1.893939e+02   1.034200e+00
3.560833e+00   1.921737e+02   1.034200e+00
3.593814e+00   1.949813e+02   1.034200e+00
3.627100e+00   1.978175e+02   1.034200e+00
3.660695e+00   2.006835e+02   1.034200e+00
3.694601e+00   2.035804e+02   1.034200e+00
3.728821e+00   2.065094e+02   1.034200e+00
3.763358e+00   2.094715e+02   1.034200e+00
3.798215e+00   2.124682e+02   1.034200e+00
3.833395e+00   2.155007e+02   1.034200e+00
3.868901e+00   2.185705e+02   1.034200e+00
3.904735e+00   2.216790e+02   1.034200e+00
3.940902e+00   2.248276e+02   1.034200e+00
3.977403e+00   2.280181e+02   1.034200e+00
4.014242e+00   2.312520e+02   1.034201e+00
4.051423e+00   2.345305e+02   1.034213e+00
4.088948e+00   2.378544e+02   1.034239e+00
4.126821e+00   2.412242e+02   1.034277e+00
4.165044e+00   2.446407e+02   1.034327e+00
4.203622e+00   2.481044e+02   1.034388e+00
4.242556e+00   2.516160e+02   1.034458e+00
4.281852e+00   2.551762e+02   1.034538e+00
4.321511e+00   2.587856e+02   1.034626e+00
4.361538e+00   2.624450e+02   1.034722e+00
4.401935e+00   2.661550e+02   1.034825e+00
4.442707e+00   2.699163e+02   1.034933e+00
4.483856e+00   2.737296e+02   1.035047e+00
4.525386e+00   2.775958e+02   1.035165e+00
4.567301e+00   2.815154e+02   1.035287e+00
4.609604e+00   2.854893e+02   1.035411e+00
4.652300e+00   2.895182e+02   1.035537e+00
4.695390e+00   2.936028e+02   1.035665e+00
4.738880e+00   2.977441e+02   1.035793e+00
4.782772e+00   3.019427e+02   1.035920e+00
4.827071e+00   3.061994e+02   1.036046e+00
4.871780e+00   3.105151e+02   1.036170e+00
4.916904e+00   3.148906e+02   1.036291e+00
4.962445e+00   3.193267e+02   1.036408e+00
5.008408e+00   3.238243e+02   1.036520e+00
5.054797e+00   3.283842e+02   1.036638e+00
5.101615e+00   3.330077e+02   1.036765e+00
5.148867e+00   3.376956e+02   1.036899e+00
5.196557e+00   3.424492e+02   1.037040e+00
5.244689e+00   3.472695e+02   1.037186e+00
5.293266e+00   3.521578e+02   1.037335e+00
5.342293e+00   3.571152e+02   1.037488e+00
5.391775e+00   3.621429e+02   1.037641e+00
5.441714e+00   3.672422e+02   1.037795e+00
5.492116e+00   3.724143e+02   1.037947e+00
5.542986e+00   3.776606e+02   1.038098e+00
5.594326e+00   3.829823e+02   1.038244e+00
5.646141e+00   3.883808e+02   1.038385e+00
5.698437e+00   3.938575e+02   1.038520e+00
5.751217e+00   3.994138e+02   1.038648e+00
5.804486e+00   4.050512e+02   1.038766e+00
5.858248e+00   4.107712e+02   1.038875e+00
5.912508e+00   4.165752e+02   1.038972e+00
5.967271e+00   4.224647e+02   1.039056e+00
6.022541e+00   4.284415e+02   1.039128e+00
6.078323e+00   4.345072e+02   1.039198e+00
6.134622e+00   4.406637e+02   1.039267e+00
6.191442e+00   4.469129e+02   1.039336e+00
6.248788e+00   4.532569e+02   1.039403e+00
6.306666e+00   4.596976e+02   1.039468e+00
6.365079e+00   4.662371e+02   1.039531e+00
6.424034e+00   4.728777e+02   1.039591e+00
6.483534e+00   4.796216e+02   1.039647e+00
6.543586e+00   4.864709e+02   1.039699e+00
6.604194e+00   4.934281e+02   1.039747e+00
6.665363e+00   5.004956e+02   1.039789e+00
6.727099e+00   5.076758e+02   1.039825e+00
6.789407e+00   5.149712e+02   1.039855e+00
6.852292e+00   5.223846e+02   1.039877e+00
6.915759e+00   5.299185e+02   1.039893e+00
6.979814e+00   5.375757e+02   1.039900e+00
7.044462e+00   5.453589e+02   1.039899e+00
7.109709e+00   5.532697e+02   1.039896e+00
7.175561e+00   5.613087e+02   1.039891e+00
7.242022e+00   5.694766e+02   1.039884e+00
7.309099e+00   5.777740e+02   1.039875e+00
7.376798e+00   5.862016e+02   1.039866e+00
7.445123e+00   5.947597e+02   1.039856e+00
7.514081e+00   6.034488e+02   1.039845e+00
7.583678e+00   6.122694e+02   1.039835e+00
7.653919e+00   6.212217e+02   1.039826e+00
7.724811e+00   6.303059e+02   1.039817e+00
7.796360e+00   6.395223e+02   1.039810e+00
7.868572e+00   6.488709e+02   1.039804e+00
7.941452e+00   6.583517e+02   1.039801e+00
8.015007e+00   6.679648e+02   1.039800e+00
8.089243e+00   6.777107e+02   1.039800e+00
8.164168e+00   6.875916e+02   1.039800e+00
8.239786e+00   6.976101e+02   1.039800e+00
8.316104e+00   7.077687e+02   1.039800e+00
8.393129e+00   7.180700e+02   1.039800e+00
8.470868e+00   7.285169e+02   1.039800e+00
8.549327e+00   7.391120e+02   1.039800e+00
8.628513e+00   7.498583e+02   1.039800e+00
8.708431e+00   7.607587e+02   1.039800e+00
8.789091e+00   7.718161e+02   1.039800e+00
8.870497e+00   7.830337e+02   1.039800e+00
8.952657e+00   7.944147e+02   1.039800e+00
9.035578e+00   8.059622e+02   1.039798e+00
9.119268e+00   8.176796e+02   1.039779e+00
9.203732e+00   8.295704e+02   1.039742e+00
9.288979e+00   8.416381e+02   1.039689e+00
9.375015e+00   8.538862e+02   1.039621e+00
9.461848e+00   8.663185e+02   1.039541e+00
9.549486e+00   8.789388e+02   1.039449e+00
9.637935e+00   8.917509e+02   1.039349e+00
9.727203e+00   9.047590e+02   1.039243e+00
9.817298e+00   9.179670e+02   1.039131e+00
9.908228e+00   9.313792e+02   1.039016e+00
1.000000e+01   9.450000e+02   1.038900e+00
