# B12 + t > Be11 + a   [B12_t__Be11_a]   ref=TALYS2, Koning et al. 2023
# detailed balance: alpha=2.2333 beta=0 gamma=-66.375  Q=5.7198
# T9                 rate                error
1.000000e-03   1.000000e-35   1.000000e+02
1.009262e-03   1.015742e-35   1.000000e+02
1.018610e-03   1.031356e-35   1.000000e+02
1.028045e-03   1.046842e-35   1.000000e+02
1.037567e-03   1.062201e-35   1.000000e+02
1.047177e-03   1.077434e-35   1.000000e+02
1.056876e-03   1.092545e-35   1.000000e+02
1.066665e-03   1.107538e-35   1.000000e+02
1.076545e-03   1.122415e-35   1.000000e+02
1.086516e-03   1.137181e-35   1.000000e+02
1.096579e-03   1.151844e-35   1.000000e+02
1.106736e-03   1.166408e-35   1.000000e+02
1.116987e-03   1.180881e-35   1.000000e+02
1.127333e-03   1.195270e-35   1.000000e+02
1.137774e-03   1.209585e-35   1.000000e+02
1.148312e-03   1.223834e-35   1.000000e+02
1.158948e-03   1.238027e-35   1.000000e+02
1.169683e-03   1.252176e-35   1.000000e+02
1.180517e-03   1.266291e-35   1.000000e+02
1.191451e-03   1.280384e-35   1.000000e+02
1.202486e-03   1.294469e-35   1.000000e+02
1.213624e-03   1.308558e-35   1.000000e+02
1.224865e-03   1.322667e-35   1.000000e+02
1.236210e-03   1.336809e-35   1.000000e+02
1.247660e-03   1.351001e-35   1.000000e+02
1.259216e-03   1.365259e-35   1.000000e+02
1.270879e-03   1.379599e-35   1.000000e+02
1.282650e-03   1.394041e-35   1.000000e+02
1.294530e-03   1.408601e-35   1.000000e+02
1.306520e-03   1.423300e-35   1.000000e+02
1.318621e-03   1.438158e-35   1.000000e+02
1.330835e-03   1.453196e-35   1.000000e+02
1.343161e-03   1.468434e-35   1.000000e+02
1.355602e-03   1.483896e-35   1.000000e+02
1.368158e-03   1.499606e-35   1.000000e+02
1.380830e-03   1.515587e-35   1.000000e+02
1.393619e-03   1.531865e-35   1.000000e+02
1.406527e-03   1.548466e-35   1.000000e+02
1.419555e-03   1.565417e-35   1.000000e+02
1.432703e-03   1.582747e-35   1.000000e+02
1.445973e-03   1.600485e-35   1.000000e+02
1.459366e-03   1.618662e-35   1.000000e+02
1.472883e-03   1.637310e-35   1.000000e+02
1.486525e-03   1.656462e-35   1.000000e+02
1.500293e-03   1.676152e-35   1.000000e+02
1.514189e-03   1.696418e-35   1.000000e+02
1.528214e-03   1.717296e-35   1.000000e+02
1.542369e-03   1.738827e-35   1.000000e+02
1.556654e-03   1.761050e-35   1.000000e+02
1.571072e-03   1.784011e-35   1.000000e+02
1.585624e-03   1.807752e-35   1.000000e+02
1.600310e-03   1.832322e-35   1.000000e+02
1.615133e-03   1.857771e-35   1.000000e+02
1.630092e-03   1.884150e-35   1.000000e+02
1.645191e-03   1.911513e-35   1.000000e+02
1.660429e-03   1.939919e-35   1.000000e+02
1.675808e-03   1.969428e-35   1.000000e+02
1.691330e-03   2.000103e-35   1.000000e+02
1.706995e-03   2.032012e-35   1.000000e+02
1.722805e-03   2.065224e-35   1.000000e+02
1.738762e-03   2.099816e-35   1.000000e+02
1.754867e-03   2.135866e-35   1.000000e+02
1.771121e-03   2.173457e-35   1.000000e+02
1.787526e-03   2.212678e-35   1.000000e+02
1.804082e-03   2.253623e-35   1.000000e+02
1.820792e-03   2.296391e-35   1.000000e+02
1.837656e-03   2.341088e-35   1.000000e+02
1.854677e-03   2.387825e-35   1.000000e+02
1.871855e-03   2.436721e-35   1.000000e+02
1.889193e-03   2.487904e-35   1.000000e+02
1.906691e-03   2.541508e-35   1.000000e+02
1.924351e-03   2.597677e-35   1.000000e+02
1.942175e-03   2.656565e-35   1.000000e+02
1.960163e-03   2.718334e-35   1.000000e+02
1.978319e-03   2.783160e-35   1.000000e+02
1.996642e-03   2.851230e-35   1.000000e+02
2.015136e-03   2.922743e-35   1.000000e+02
2.033800e-03   2.997914e-35   1.000000e+02
2.052638e-03   3.076971e-35   1.000000e+02
2.071650e-03   3.160161e-35   1.000000e+02
2.090838e-03   3.247747e-35   1.000000e+02
2.110203e-03   3.340013e-35   1.000000e+02
2.129749e-03   3.437263e-35   1.000000e+02
2.149475e-03   3.539824e-35   1.000000e+02
2.169384e-03   3.648049e-35   1.000000e+02
2.189477e-03   3.762317e-35   1.000000e+02
2.209756e-03   3.883039e-35   1.000000e+02
2.230223e-03   4.010654e-35   1.000000e+02
2.250880e-03   4.145640e-35   1.000000e+02
2.271728e-03   4.288512e-35   1.000000e+02
2.292769e-03   4.439827e-35   1.000000e+02
2.314005e-03   4.600187e-35   1.000000e+02
2.335438e-03   4.770245e-35   1.000000e+02
2.357069e-03   4.950709e-35   1.000000e+02
2.378901e-03   5.142346e-35   1.000000e+02
2.400935e-03   5.345989e-35   1.000000e+02
2.423173e-03   5.562544e-35   1.000000e+02
2.445617e-03   5.792996e-35   1.000000e+02
2.468268e-03   6.038416e-35   1.000000e+02
2.491130e-03   6.299972e-35   1.000000e+02
2.514203e-03   6.578936e-35   1.000000e+02
2.537490e-03   6.876696e-35   1.000000e+02
2.560993e-03   7.194771e-35   1.000000e+02
2.584714e-03   7.534817e-35   1.000000e+02
2.608654e-03   7.898648e-35   1.000000e+02
2.632815e-03   8.288250e-35   1.000000e+02
2.657201e-03   8.705800e-35   1.000000e+02
2.681813e-03   9.153685e-35   1.000000e+02
2.706652e-03   9.634528e-35   1.000000e+02
2.731722e-03   1.015121e-34   1.000000e+02
2.757023e-03   1.070690e-34   1.000000e+02
2.782559e-03   1.130509e-34   1.000000e+02
2.808332e-03   1.194963e-34   1.000000e+02
2.834343e-03   1.264475e-34   1.000000e+02
2.860596e-03   1.339516e-34   1.000000e+02
2.887091e-03   1.420602e-34   1.000000e+02
2.913832e-03   1.508308e-34   1.000000e+02
2.940820e-03   1.603268e-34   1.000000e+02
2.968059e-03   1.706186e-34   1.000000e+02
2.995549e-03   1.817845e-34   1.000000e+02
3.023295e-03   1.939113e-34   1.000000e+02
3.051297e-03   2.070961e-34   1.000000e+02
3.079559e-03   2.214474e-34   1.000000e+02
3.108082e-03   2.370860e-34   1.000000e+02
3.136870e-03   2.541472e-34   1.000000e+02
3.165924e-03   2.727820e-34   1.000000e+02
3.195248e-03   2.931596e-34   1.000000e+02
3.224842e-03   3.154698e-34   1.000000e+02
3.254712e-03   3.399255e-34   1.000000e+02
3.284857e-03   3.667661e-34   1.000000e+02
3.315282e-03   3.962608e-34   1.000000e+02
3.345989e-03   4.287131e-34   1.000000e+02
3.376980e-03   4.644651e-34   1.000000e+02
3.408259e-03   5.039033e-34   1.000000e+02
3.439826e-03   5.474650e-34   1.000000e+02
3.471687e-03   5.956450e-34   1.000000e+02
3.503842e-03   6.490046e-34   1.000000e+02
3.536296e-03   7.081811e-34   1.000000e+02
3.569049e-03   7.738990e-34   1.000000e+02
3.602107e-03   8.469829e-34   1.000000e+02
3.635470e-03   9.283732e-34   1.000000e+02
3.669142e-03   1.019143e-33   1.000000e+02
3.703127e-03   1.120520e-33   1.000000e+02
3.737426e-03   1.233908e-33   1.000000e+02
3.772042e-03   1.360918e-33   1.000000e+02
3.806980e-03   1.503399e-33   1.000000e+02
3.842241e-03   1.663477e-33   1.000000e+02
3.877828e-03   1.843599e-33   1.000000e+02
3.913746e-03   2.046589e-33   1.000000e+02
3.949995e-03   2.275706e-33   1.000000e+02
3.986581e-03   2.534723e-33   1.000000e+02
4.023506e-03   2.828021e-33   1.000000e+02
4.060772e-03   3.160908e-33   1.000000e+02
4.098384e-03   3.539795e-33   1.000000e+02
4.136344e-03   3.972295e-33   1.000000e+02
4.174655e-03   4.467480e-33   1.000000e+02
4.213322e-03   5.036184e-33   1.000000e+02
4.252346e-03   5.691397e-33   1.000000e+02
4.291732e-03   6.448739e-33   1.000000e+02
4.331483e-03   7.327057e-33   1.000000e+02
4.371602e-03   8.349176e-33   1.000000e+02
4.412093e-03   9.542832e-33   1.000000e+02
4.452959e-03   1.094185e-32   1.000000e+02
4.494203e-03   1.258765e-32   1.000000e+02
4.535829e-03   1.453112e-32   1.000000e+02
4.577841e-03   1.683504e-32   1.000000e+02
4.620241e-03   1.957721e-32   1.000000e+02
4.663035e-03   2.285434e-32   1.000000e+02
4.706225e-03   2.678728e-32   1.000000e+02
4.749815e-03   3.152759e-32   1.000000e+02
4.793808e-03   3.726623e-32   1.000000e+02
4.838210e-03   4.424488e-32   1.000000e+02
4.883022e-03   5.277081e-32   1.000000e+02
4.928250e-03   6.323654e-32   1.000000e+02
4.973896e-03   7.614584e-32   1.000000e+02
5.019965e-03   9.214819e-32   1.000000e+02
5.066461e-03   1.120711e-31   1.000000e+02
5.113388e-03   1.369634e-31   1.000000e+02
5.160749e-03   1.681722e-31   1.000000e+02
5.208549e-03   2.074324e-31   1.000000e+02
5.256791e-03   2.569839e-31   1.000000e+02
5.305481e-03   3.197250e-31   1.000000e+02
5.354621e-03   3.994134e-31   1.000000e+02
5.404216e-03   5.009317e-31   1.000000e+02
5.454271e-03   6.306354e-31   1.000000e+02
5.504790e-03   7.968131e-31   1.000000e+02
5.555776e-03   1.010292e-30   1.000000e+02
5.607235e-03   1.285240e-30   1.000000e+02
5.659170e-03   1.640222e-30   1.000000e+02
5.711586e-03   2.099598e-30   1.000000e+02
5.764488e-03   2.695376e-30   1.000000e+02
5.817880e-03   3.469653e-30   1.000000e+02
5.871766e-03   4.477863e-30   1.000000e+02
5.926152e-03   5.793057e-30   1.000000e+02
5.981041e-03   7.511579e-30   1.000000e+02
6.036439e-03   9.760717e-30   1.000000e+02
6.092349e-03   1.271087e-29   1.000000e+02
6.148778e-03   1.659124e-29   1.000000e+02
6.205729e-03   2.170996e-29   1.000000e+02
6.263207e-03   2.848286e-29   1.000000e+02
6.321218e-03   3.747311e-29   1.000000e+02
6.379767e-03   4.944640e-29   1.000000e+02
6.438857e-03   6.544791e-29   1.000000e+02
6.498495e-03   8.691011e-29   1.000000e+02
6.558686e-03   1.158045e-28   1.000000e+02
6.619433e-03   1.548563e-28   1.000000e+02
6.680744e-03   2.078489e-28   1.000000e+02
6.742622e-03   2.800586e-28   1.000000e+02
6.805074e-03   3.788788e-28   1.000000e+02
6.868104e-03   5.147174e-28   1.000000e+02
6.931717e-03   7.022988e-28   1.000000e+02
6.995920e-03   9.625579e-28   1.000000e+02
7.060718e-03   1.325349e-27   1.000000e+02
7.126115e-03   1.833065e-27   1.000000e+02
7.192119e-03   2.546159e-27   1.000000e+02
7.258734e-03   3.551149e-27   1.000000e+02
7.325965e-03   4.972142e-27   1.000000e+02
7.393820e-03   6.987551e-27   1.000000e+02
7.462303e-03   9.854373e-27   1.000000e+02
7.531420e-03   1.394348e-26   1.000000e+02
7.601178e-03   1.979098e-26   1.000000e+02
7.671581e-03   2.817297e-26   1.000000e+02
7.742637e-03   4.021454e-26   1.000000e+02
7.814351e-03   5.754854e-26   1.000000e+02
7.886729e-03   8.254711e-26   1.000000e+02
7.959777e-03   1.186592e-25   1.000000e+02
8.033502e-03   1.709060e-25   1.000000e+02
8.107910e-03   2.467469e-25   1.000000e+02
8.183007e-03   3.574846e-25   1.000000e+02
8.258799e-03   5.203106e-25   1.000000e+02
8.335294e-03   7.616511e-25   1.000000e+02
8.412497e-03   1.122602e-24   1.000000e+02
8.490415e-03   1.667864e-24   1.000000e+02
8.569055e-03   2.500626e-24   1.000000e+02
8.648423e-03   3.787726e-24   1.000000e+02
8.728527e-03   5.802811e-24   1.000000e+02
8.809372e-03   9.001541e-24   1.000000e+02
8.890966e-03   1.415475e-23   1.000000e+02
8.973316e-03   2.258826e-23   1.000000e+02
9.056428e-03   3.661163e-23   1.000000e+02
9.140311e-03   6.012301e-23   1.000000e+02
9.224970e-03   9.958228e-23   1.000000e+02
9.310413e-03   1.656013e-22   1.000000e+02
9.396648e-03   2.752366e-22   1.000000e+02
9.483682e-03   4.551243e-22   1.000000e+02
9.571522e-03   7.453424e-22   1.000000e+02
9.660175e-03   1.203384e-21   1.000000e+02
9.749649e-03   1.906759e-21   1.000000e+02
9.839952e-03   2.951556e-21   1.000000e+02
9.931092e-03   4.443146e-21   1.000000e+02
1.002308e-02   6.475083e-21   1.000000e+02
1.011591e-02   9.120174e-21   1.000000e+02
1.020961e-02   1.246502e-20   1.000000e+02
1.030417e-02   1.660825e-20   1.000000e+02
1.039961e-02   2.167233e-20   1.000000e+02
1.049593e-02   2.782577e-20   1.000000e+02
1.059315e-02   3.531490e-20   1.000000e+02
1.069126e-02   4.450896e-20   1.000000e+02
1.079029e-02   5.596606e-20   1.000000e+02
1.089023e-02   7.053414e-20   1.000000e+02
1.099110e-02   8.951184e-20   1.000000e+02
1.109290e-02   1.148273e-19   1.000000e+02
1.119564e-02   1.488801e-19   1.000000e+02
1.129934e-02   1.948212e-19   1.000000e+02
1.140400e-02   2.569357e-19   1.000000e+02
1.150962e-02   3.410216e-19   1.000000e+02
1.161623e-02   4.548720e-19   1.000000e+02
1.172382e-02   6.088733e-19   1.000000e+02
1.183241e-02   8.167247e-19   1.000000e+02
1.194200e-02   1.096267e-18   1.000000e+02
1.205261e-02   1.470426e-18   1.000000e+02
1.216424e-02   1.969802e-18   1.000000e+02
1.227691e-02   2.636429e-18   1.000000e+02
1.239062e-02   3.526999e-18   1.000000e+02
1.250539e-02   4.718149e-18   1.000000e+02
1.262121e-02   6.313883e-18   1.000000e+02
1.273811e-02   8.455929e-18   1.000000e+02
1.285610e-02   1.133829e-17   1.000000e+02
1.297517e-02   1.522777e-17   1.000000e+02
1.309535e-02   2.049222e-17   1.000000e+02
1.321664e-02   2.763204e-17   1.000000e+02
1.333906e-02   3.732892e-17   1.000000e+02
1.346261e-02   5.051531e-17   1.000000e+02
1.358730e-02   6.846721e-17   1.000000e+02
1.371315e-02   9.293109e-17   1.000000e+02
1.384016e-02   1.262976e-16   1.000000e+02
1.396835e-02   1.718388e-16   1.000000e+02
1.409773e-02   2.340354e-16   1.000000e+02
1.422830e-02   3.190509e-16   1.000000e+02
1.436009e-02   4.353734e-16   1.000000e+02
1.449310e-02   5.946931e-16   1.000000e+02
1.462733e-02   8.131276e-16   1.000000e+02
1.476281e-02   1.112923e-15   1.000000e+02
1.489955e-02   1.524815e-15   1.000000e+02
1.503755e-02   2.091324e-15   1.000000e+02
1.517683e-02   2.871285e-15   1.000000e+02
1.531740e-02   3.946122e-15   1.000000e+02
1.545928e-02   5.428638e-15   1.000000e+02
1.560246e-02   7.475226e-15   1.000000e+02
1.574698e-02   1.030286e-14   1.000000e+02
1.589283e-02   1.421274e-14   1.000000e+02
1.604003e-02   1.962330e-14   1.000000e+02
1.618860e-02   2.711586e-14   1.000000e+02
1.633854e-02   3.749812e-14   1.000000e+02
1.648987e-02   5.189282e-14   1.000000e+02
1.664260e-02   7.186102e-14   1.000000e+02
1.679675e-02   9.957371e-14   1.000000e+02
1.695232e-02   1.380505e-13   1.000000e+02
1.710934e-02   1.914918e-13   1.000000e+02
1.726781e-02   2.657406e-13   1.000000e+02
1.742775e-02   3.689249e-13   1.000000e+02
1.758917e-02   5.123506e-13   1.000000e+02
1.775208e-02   7.117420e-13   1.000000e+02
1.791650e-02   9.889645e-13   1.000000e+02
1.808245e-02   1.374418e-12   1.000000e+02
1.824993e-02   1.910409e-12   1.000000e+02
1.841897e-02   2.655850e-12   1.000000e+02
1.858957e-02   3.692770e-12   1.000000e+02
1.876175e-02   5.135392e-12   1.000000e+02
1.893552e-02   7.142810e-12   1.000000e+02
1.911091e-02   9.936650e-12   1.000000e+02
1.928792e-02   1.382572e-11   1.000000e+02
1.946656e-02   1.924038e-11   1.000000e+02
1.964687e-02   2.678053e-11   1.000000e+02
1.982884e-02   3.728255e-11   1.000000e+02
2.001250e-02   5.191279e-11   1.000000e+02
2.019786e-02   7.229559e-11   1.000000e+02
2.038493e-02   1.006828e-10   1.000000e+02
2.057374e-02   1.401949e-10   1.000000e+02
2.076430e-02   1.951505e-10   1.000000e+02
2.095662e-02   2.715158e-10   1.000000e+02
2.115073e-02   3.775166e-10   1.000000e+02
2.134663e-02   5.244688e-10   1.000000e+02
2.154435e-02   7.279027e-10   1.000000e+02
2.174389e-02   1.009077e-09   1.000000e+02
2.194529e-02   1.397012e-09   1.000000e+02
2.214855e-02   1.931203e-09   1.000000e+02
2.235370e-02   2.665233e-09   1.000000e+02
2.256074e-02   3.671547e-09   1.000000e+02
2.276970e-02   5.047741e-09   1.000000e+02
2.298060e-02   6.924787e-09   1.000000e+02
2.319345e-02   9.477736e-09   1.000000e+02
2.340827e-02   1.293954e-08   1.000000e+02
2.362508e-02   1.761881e-08   1.000000e+02
2.384390e-02   2.392241e-08   1.000000e+02
2.406475e-02   3.238407e-08   1.000000e+02
2.428764e-02   4.370019e-08   1.000000e+02
2.451260e-02   5.877438e-08   1.000000e+02
2.473964e-02   7.877218e-08   1.000000e+02
2.496878e-02   1.051877e-07   1.000000e+02
2.520005e-02   1.399294e-07   1.000000e+02
2.543346e-02   1.854603e-07   1.000000e+02
2.566903e-02   2.449488e-07   1.000000e+02
2.590678e-02   3.224531e-07   1.000000e+02
2.614673e-02   4.231643e-07   1.000000e+02
2.638891e-02   5.537162e-07   1.000000e+02
2.663333e-02   7.225794e-07   1.000000e+02
2.688001e-02   9.405644e-07   1.000000e+02
2.712898e-02   1.221464e-06   1.000000e+02
2.738025e-02   1.582873e-06   1.000000e+02
2.763385e-02   2.047244e-06   1.000000e+02
2.788980e-02   2.643233e-06   1.000000e+02
2.814812e-02   3.407440e-06   1.000000e+02
2.840884e-02   4.386643e-06   1.000000e+02
2.867196e-02   5.640687e-06   1.000000e+02
2.893753e-02   7.246228e-06   1.000000e+02
2.920556e-02   9.301577e-06   1.000000e+02
2.947606e-02   1.193302e-05   1.000000e+02
2.974908e-02   1.530303e-05   1.000000e+02
3.002462e-02   1.962106e-05   1.000000e+02
3.030271e-02   2.515133e-05   1.000000e+02
3.058338e-02   3.220572e-05   1.000000e+02
3.086665e-02   4.115434e-05   1.000000e+02
3.115254e-02   5.243065e-05   1.000000e+02
3.144108e-02   6.653015e-05   1.000000e+02
3.173230e-02   8.400244e-05   1.000000e+02
3.202621e-02   1.054344e-04   1.000000e+02
3.232284e-02   1.314213e-04   1.000000e+02
3.262222e-02   1.625247e-04   1.000000e+02
3.292437e-02   1.992139e-04   1.000000e+02
3.322933e-02   2.417927e-04   1.000000e+02
3.353710e-02   2.903129e-04   1.000000e+02
3.384773e-02   3.444816e-04   1.000000e+02
3.416123e-02   4.035697e-04   1.000000e+02
3.447764e-02   4.663379e-04   1.000000e+02
3.479698e-02   5.309933e-04   1.000000e+02
3.511928e-02   5.951961e-04   1.000000e+02
3.544456e-02   6.561310e-04   1.000000e+02
3.577285e-02   7.106520e-04   1.000000e+02
3.610419e-02   7.555025e-04   1.000000e+02
3.643859e-02   7.875969e-04   1.000000e+02
3.677609e-02   8.043366e-04   1.000000e+02
3.711672e-02   8.039222e-04   1.000000e+02
3.746050e-02   7.856139e-04   1.000000e+02
3.780747e-02   7.498938e-04   1.000000e+02
3.815765e-02   6.984938e-04   1.000000e+02
3.851107e-02   6.342698e-04   1.000000e+02
3.886777e-02   5.609328e-04   1.000000e+02
3.922777e-02   4.826691e-04   1.000000e+02
3.959110e-02   4.037074e-04   1.000000e+02
3.995780e-02   3.278982e-04   1.000000e+02
4.032790e-02   2.584906e-04   1.000000e+02
4.070142e-02   1.981993e-04   1.000000e+02
4.107841e-02   1.482619e-04   1.000000e+02
4.145888e-02   1.085292e-04   1.000000e+02
4.184289e-02   7.797793e-05   1.000000e+02
4.223044e-02   5.515999e-05   1.000000e+02
4.262159e-02   3.853213e-05   1.000000e+02
4.301636e-02   2.666166e-05   1.000000e+02
4.341478e-02   1.832887e-05   1.000000e+02
4.381690e-02   1.255705e-05   1.000000e+02
4.422274e-02   8.599278e-06   1.000000e+02
4.463234e-02   5.904427e-06   1.000000e+02
4.504573e-02   4.077124e-06   1.000000e+02
4.546295e-02   2.839943e-06   1.000000e+02
4.588404e-02   2.001537e-06   1.000000e+02
4.630903e-02   1.431645e-06   1.000000e+02
4.673795e-02   1.042422e-06   1.000000e+02
4.717085e-02   7.750099e-07   1.000000e+02
4.760775e-02   5.901270e-07   1.000000e+02
4.804870e-02   4.616122e-07   1.000000e+02
4.849374e-02   3.720675e-07   1.000000e+02
4.894290e-02   3.099544e-07   1.000000e+02
4.939622e-02   2.676852e-07   1.000000e+02
4.985373e-02   2.403924e-07   1.000000e+02
5.031549e-02   2.250974e-07   1.000000e+02
5.078152e-02   2.196193e-07   1.000000e+02
5.125187e-02   2.226373e-07   1.000000e+02
5.172657e-02   2.338384e-07   1.000000e+02
5.220568e-02   2.537392e-07   1.000000e+02
5.268921e-02   2.836457e-07   1.000000e+02
5.317723e-02   3.257207e-07   1.000000e+02
5.366977e-02   3.831404e-07   1.000000e+02
5.416687e-02   4.603386e-07   1.000000e+02
5.466857e-02   5.633351e-07   1.000000e+02
5.517492e-02   7.001477e-07   1.000000e+02
5.568596e-02   8.812700e-07   1.000000e+02
5.620174e-02   1.120181e-06   1.000000e+02
5.672229e-02   1.433806e-06   1.000000e+02
5.724766e-02   1.842803e-06   1.000000e+02
5.777790e-02   2.371467e-06   1.000000e+02
5.831305e-02   3.046970e-06   1.000000e+02
5.885316e-02   3.897581e-06   1.000000e+02
5.939827e-02   4.949503e-06   1.000000e+02
5.994843e-02   6.222008e-06   1.000000e+02
6.050368e-02   7.724426e-06   1.000000e+02
6.106408e-02   9.471016e-06   1.000000e+02
6.162966e-02   1.147891e-05   1.000000e+02
6.220049e-02   1.376443e-05   1.000000e+02
6.277660e-02   1.634363e-05   1.000000e+02
6.335805e-02   1.923318e-05   1.000000e+02
6.394488e-02   2.245147e-05   1.000000e+02
6.453715e-02   2.602014e-05   1.000000e+02
6.513491e-02   2.996572e-05   1.000000e+02
6.573820e-02   3.432176e-05   1.000000e+02
6.634708e-02   3.913123e-05   1.000000e+02
6.696160e-02   4.444940e-05   1.000000e+02
6.758181e-02   5.034731e-05   1.000000e+02
6.820777e-02   5.691594e-05   1.000000e+02
6.883952e-02   6.427149e-05   1.000000e+02
6.947713e-02   7.256194e-05   1.000000e+02
7.012064e-02   8.197556e-05   1.000000e+02
7.077011e-02   9.272256e-05   1.000000e+02
7.142559e-02   1.049862e-04   1.000000e+02
7.208715e-02   1.189598e-04   1.000000e+02
7.275484e-02   1.348541e-04   1.000000e+02
7.342870e-02   1.528972e-04   1.000000e+02
7.410882e-02   1.733330e-04   1.000000e+02
7.479523e-02   1.964193e-04   1.000000e+02
7.548799e-02   2.224252e-04   1.000000e+02
7.618718e-02   2.516259e-04   1.000000e+02
7.689284e-02   2.842978e-04   1.000000e+02
7.760503e-02   3.207109e-04   1.000000e+02
7.832383e-02   3.611196e-04   1.000000e+02
7.904928e-02   4.057519e-04   1.000000e+02
7.978145e-02   4.547967e-04   1.000000e+02
8.052040e-02   5.083812e-04   1.000000e+02
8.126619e-02   5.664644e-04   1.000000e+02
8.201889e-02   6.288110e-04   1.000000e+02
8.277857e-02   6.950001e-04   1.000000e+02
8.354528e-02   7.643980e-04   1.000000e+02
8.431909e-02   8.361363e-04   1.000000e+02
8.510007e-02   9.090969e-04   1.000000e+02
8.588829e-02   9.819101e-04   1.000000e+02
8.668380e-02   1.052966e-03   1.000000e+02
8.748668e-02   1.120447e-03   1.000000e+02
8.829700e-02   1.182375e-03   1.000000e+02
8.911482e-02   1.236684e-03   1.000000e+02
8.994022e-02   1.281311e-03   1.000000e+02
9.077327e-02   1.314795e-03   1.000000e+02
9.161402e-02   1.338414e-03   1.000000e+02
9.246257e-02   1.354637e-03   1.000000e+02
9.331898e-02   1.366239e-03   1.000000e+02
9.418332e-02   1.376173e-03   1.000000e+02
9.505566e-02   1.387500e-03   1.000000e+02
9.593608e-02   1.403389e-03   1.000000e+02
9.682466e-02   1.427183e-03   1.000000e+02
9.772147e-02   1.462543e-03   1.000000e+02
9.862658e-02   1.513689e-03   1.000000e+02
9.954008e-02   1.585750e-03   1.000000e+02
1.004620e-01   1.685142e-03   1.000000e+02
1.013925e-01   1.816789e-03   1.000000e+02
1.023317e-01   1.983496e-03   1.000000e+02
1.032795e-01   2.188626e-03   1.000000e+02
1.042361e-01   2.436013e-03   1.000000e+02
1.052015e-01   2.729669e-03   1.000000e+02
1.061759e-01   3.073387e-03   1.000000e+02
1.071593e-01   3.470211e-03   1.000000e+02
1.081519e-01   3.921755e-03   1.000000e+02
1.091536e-01   4.427367e-03   1.000000e+02
1.101646e-01   4.983177e-03   1.000000e+02
1.111850e-01   5.584687e-03   1.000000e+02
1.122148e-01   6.233844e-03   1.000000e+02
1.132541e-01   6.934528e-03   1.000000e+02
1.143031e-01   7.691675e-03   1.000000e+02
1.153618e-01   8.511520e-03   1.000000e+02
1.164303e-01   9.401883e-03   1.000000e+02
1.175087e-01   1.037249e-02   1.000000e+02
1.185971e-01   1.143540e-02   1.000000e+02
1.196956e-01   1.260546e-02   1.000000e+02
1.208042e-01   1.390031e-02   1.000000e+02
1.219231e-01   1.533480e-02   1.000000e+02
1.230524e-01   1.692176e-02   1.000000e+02
1.241921e-01   1.867457e-02   1.000000e+02
1.253424e-01   2.060715e-02   1.000000e+02
1.265034e-01   2.273376e-02   1.000000e+02
1.276751e-01   2.506889e-02   1.000000e+02
1.288576e-01   2.762699e-02   1.000000e+02
1.300511e-01   3.042224e-02   1.000000e+02
1.312557e-01   3.346821e-02   1.000000e+02
1.324714e-01   3.677775e-02   1.000000e+02
1.336984e-01   4.036242e-02   1.000000e+02
1.349367e-01   4.423200e-02   1.000000e+02
1.361865e-01   4.839398e-02   1.000000e+02
1.374479e-01   5.285298e-02   1.000000e+02
1.387210e-01   5.761014e-02   1.000000e+02
1.400058e-01   6.266251e-02   1.000000e+02
1.413026e-01   6.801179e-02   1.000000e+02
1.426114e-01   7.369771e-02   1.000000e+02
1.439323e-01   7.978139e-02   1.000000e+02
1.452654e-01   8.633986e-02   1.000000e+02
1.466109e-01   9.346900e-02   1.000000e+02
1.479688e-01   1.012873e-01   1.000000e+02
1.493393e-01   1.099404e-01   1.000000e+02
1.507225e-01   1.196046e-01   1.000000e+02
1.521186e-01   1.304247e-01   1.000000e+02
1.535275e-01   1.424948e-01   1.000000e+02
1.549495e-01   1.559058e-01   1.000000e+02
1.563847e-01   1.707445e-01   1.000000e+02
1.578331e-01   1.870897e-01   1.000000e+02
1.592950e-01   2.050069e-01   1.000000e+02
1.607704e-01   2.245455e-01   1.000000e+02
1.622595e-01   2.457879e-01   1.000000e+02
1.637624e-01   2.688652e-01   1.000000e+02
1.652792e-01   2.939196e-01   1.000000e+02
1.668101e-01   3.211029e-01   1.000000e+02
1.683551e-01   3.505770e-01   1.000000e+02
1.699144e-01   3.825144e-01   1.000000e+02
1.714882e-01   4.170989e-01   1.000000e+02
1.730766e-01   4.545265e-01   1.000000e+02
1.746796e-01   4.950054e-01   1.000000e+02
1.762975e-01   5.387571e-01   1.000000e+02
1.779304e-01   5.860169e-01   1.000000e+02
1.795785e-01   6.370349e-01   1.000000e+02
1.812418e-01   6.920784e-01   1.000000e+02
1.829205e-01   7.514521e-01   1.000000e+02
1.846147e-01   8.154968e-01   1.000000e+02
1.863246e-01   8.845842e-01   1.000000e+02
1.880504e-01   9.591206e-01   1.000000e+02
1.897922e-01   1.039550e+00   1.000000e+02
1.915501e-01   1.126359e+00   1.000000e+02
1.933242e-01   1.220081e+00   1.000000e+02
1.951148e-01   1.321301e+00   1.000000e+02
1.969220e-01   1.430662e+00   1.000000e+02
1.987460e-01   1.548875e+00   1.000000e+02
2.005868e-01   1.676717e+00   1.000000e+02
2.024447e-01   1.815012e+00   1.000000e+02
2.043197e-01   1.964587e+00   1.000000e+02
2.062122e-01   2.126330e+00   1.000000e+02
2.081222e-01   2.301189e+00   1.000000e+02
2.100498e-01   2.490182e+00   1.000000e+02
2.119953e-01   2.694402e+00   1.000000e+02
2.139589e-01   2.915015e+00   1.000000e+02
2.159406e-01   3.153272e+00   1.000000e+02
2.179407e-01   3.410509e+00   1.000000e+02
2.199593e-01   3.688155e+00   1.000000e+02
2.219966e-01   3.987736e+00   1.000000e+02
2.240528e-01   4.310877e+00   1.000000e+02
2.261280e-01   4.659314e+00   1.000000e+02
2.282224e-01   5.034895e+00   1.000000e+02
2.303363e-01   5.439587e+00   1.000000e+02
2.324697e-01   5.875481e+00   1.000000e+02
2.346229e-01   6.344800e+00   1.000000e+02
2.367960e-01   6.849902e+00   1.000000e+02
2.389893e-01   7.393291e+00   1.000000e+02
2.412028e-01   7.977617e+00   1.000000e+02
2.434369e-01   8.605684e+00   1.000000e+02
2.456916e-01   9.280461e+00   1.000000e+02
2.479673e-01   1.000508e+01   1.000000e+02
2.502640e-01   1.078284e+01   1.000000e+02
2.525820e-01   1.161729e+01   1.000000e+02
2.549215e-01   1.251229e+01   1.000000e+02
2.572826e-01   1.347200e+01   1.000000e+02
2.596656e-01   1.450087e+01   1.000000e+02
2.620707e-01   1.560361e+01   1.000000e+02
2.644980e-01   1.678526e+01   1.000000e+02
2.669478e-01   1.805120e+01   1.000000e+02
2.694204e-01   1.940716e+01   1.000000e+02
2.719158e-01   2.085924e+01   1.000000e+02
2.744343e-01   2.241396e+01   1.000000e+02
2.769762e-01   2.407827e+01   1.000000e+02
2.795416e-01   2.585956e+01   1.000000e+02
2.821308e-01   2.776574e+01   1.000000e+02
2.847439e-01   2.980523e+01   1.000000e+02
2.873813e-01   3.198701e+01   1.000000e+02
2.900430e-01   3.432066e+01   1.000000e+02
2.927295e-01   3.681640e+01   1.000000e+02
2.954408e-01   3.948512e+01   1.000000e+02
2.981772e-01   4.233847e+01   1.000000e+02
3.009390e-01   4.538885e+01   1.000000e+02
3.037264e-01   4.864926e+01   1.000000e+02
3.065395e-01   5.213313e+01   1.000000e+02
3.093788e-01   5.585463e+01   1.000000e+02
3.122443e-01   5.982872e+01   1.000000e+02
3.151363e-01   6.407117e+01   1.000000e+02
3.180552e-01   6.859859e+01   1.000000e+02
3.210011e-01   7.342850e+01   1.000000e+02
3.239743e-01   7.857932e+01   1.000000e+02
3.269750e-01   8.407045e+01   1.000000e+02
3.300035e-01   8.992225e+01   1.000000e+02
3.330600e-01   9.615613e+01   1.000000e+02
3.361449e-01   1.027945e+02   1.000000e+02
3.392583e-01   1.098610e+02   1.000000e+02
3.424006e-01   1.173803e+02   1.000000e+02
3.455720e-01   1.253780e+02   1.000000e+02
3.487727e-01   1.338814e+02   1.000000e+02
3.520031e-01   1.429187e+02   1.000000e+02
3.552635e-01   1.525210e+02   1.000000e+02
3.585540e-01   1.627226e+02   1.000000e+02
3.618750e-01   1.735597e+02   1.000000e+02
3.652267e-01   1.850708e+02   1.000000e+02
3.686095e-01   1.972972e+02   1.000000e+02
3.720237e-01   2.102824e+02   1.000000e+02
3.754694e-01   2.240731e+02   1.000000e+02
3.789471e-01   2.387187e+02   1.000000e+02
3.824570e-01   2.542721e+02   1.000000e+02
3.859994e-01   2.707896e+02   1.000000e+02
3.895746e-01   2.883311e+02   1.000000e+02
3.931829e-01   3.069608e+02   1.000000e+02
3.968246e-01   3.267471e+02   1.000000e+02
4.005001e-01   3.477628e+02   1.000000e+02
4.042096e-01   3.700833e+02   1.000000e+02
4.079535e-01   3.937803e+02   1.000000e+02
4.117320e-01   4.189273e+02   1.000000e+02
4.155455e-01   4.456003e+02   1.000000e+02
4.193944e-01   4.738775e+02   1.000000e+02
4.232789e-01   5.038400e+02   1.000000e+02
4.271994e-01   5.355708e+02   1.000000e+02
4.311562e-01   5.691553e+02   1.000000e+02
4.351497e-01   6.046809e+02   1.000000e+02
4.391801e-01   6.422367e+02   1.000000e+02
4.432479e-01   6.819135e+02   1.000000e+02
4.473533e-01   7.238036e+02   1.000000e+02
4.514968e-01   7.680004e+02   1.000000e+02
4.556786e-01   8.146100e+02   1.000000e+02
4.598992e-01   8.637597e+02   1.000000e+02
4.641589e-01   9.155861e+02   1.000000e+02
4.684580e-01   9.702343e+02   1.000000e+02
4.727970e-01   1.027858e+03   1.000000e+02
4.771761e-01   1.088622e+03   1.000000e+02
4.815958e-01   1.152700e+03   1.000000e+02
4.860564e-01   1.220279e+03   1.000000e+02
4.905584e-01   1.291557e+03   1.000000e+02
4.951020e-01   1.366745e+03   1.000000e+02
4.996877e-01   1.446070e+03   1.000000e+02
5.043159e-01   1.529767e+03   1.000000e+02
5.089870e-01   1.618066e+03   1.000000e+02
5.137014e-01   1.711197e+03   1.000000e+02
5.184594e-01   1.809401e+03   1.000000e+02
5.232614e-01   1.912930e+03   1.000000e+02
5.281080e-01   2.022045e+03   1.000000e+02
5.329994e-01   2.137018e+03   1.000000e+02
5.379362e-01   2.258132e+03   1.000000e+02
5.429186e-01   2.385683e+03   1.000000e+02
5.479472e-01   2.519977e+03   1.000000e+02
5.530224e-01   2.661330e+03   1.000000e+02
5.581446e-01   2.810074e+03   1.000000e+02
5.633143e-01   2.966550e+03   1.000000e+02
5.685318e-01   3.131112e+03   1.000000e+02
5.737976e-01   3.304129e+03   1.000000e+02
5.791123e-01   3.485980e+03   1.000000e+02
5.844761e-01   3.677058e+03   1.000000e+02
5.898896e-01   3.877770e+03   1.000000e+02
5.953533e-01   4.088535e+03   1.000000e+02
6.008676e-01   4.309787e+03   1.000000e+02
6.064329e-01   4.541978e+03   1.000000e+02
6.120498e-01   4.785597e+03   1.000000e+02
6.177188e-01   5.041152e+03   1.000000e+02
6.234402e-01   5.309173e+03   1.000000e+02
6.292146e-01   5.590212e+03   1.000000e+02
6.350425e-01   5.884841e+03   1.000000e+02
6.409244e-01   6.193657e+03   1.000000e+02
6.468608e-01   6.517278e+03   1.000000e+02
6.528521e-01   6.856350e+03   1.000000e+02
6.588990e-01   7.211541e+03   1.000000e+02
6.650018e-01   7.583548e+03   1.000000e+02
6.711612e-01   7.973093e+03   1.000000e+02
6.773776e-01   8.380928e+03   1.000000e+02
6.836516e-01   8.807833e+03   1.000000e+02
6.899837e-01   9.254620e+03   1.000000e+02
6.963745e-01   9.722130e+03   1.000000e+02
7.028244e-01   1.021124e+04   1.000000e+02
7.093341e-01   1.072285e+04   1.000000e+02
7.159041e-01   1.125787e+04   1.000000e+02
7.225349e-01   1.181726e+04   1.000000e+02
7.292272e-01   1.240200e+04   1.000000e+02
7.359814e-01   1.301309e+04   1.000000e+02
7.427982e-01   1.365161e+04   1.000000e+02
7.496782e-01   1.431861e+04   1.000000e+02
7.566219e-01   1.501523e+04   1.000000e+02
7.636298e-01   1.574261e+04   1.000000e+02
7.707027e-01   1.650195e+04   1.000000e+02
7.778411e-01   1.729447e+04   1.000000e+02
7.850456e-01   1.812145e+04   1.000000e+02
7.923169e-01   1.898419e+04   1.000000e+02
7.996555e-01   1.988403e+04   1.000000e+02
8.070620e-01   2.082236e+04   1.000000e+02
8.145372e-01   2.180062e+04   1.000000e+02
8.220816e-01   2.282031e+04   1.000000e+02
8.296959e-01   2.388296e+04   1.000000e+02
8.373807e-01   2.499016e+04   1.000000e+02
8.451366e-01   2.614353e+04   1.000000e+02
8.529644e-01   2.734477e+04   1.000000e+02
8.608648e-01   2.859560e+04   1.000000e+02
8.688383e-01   2.989781e+04   1.000000e+02
8.768856e-01   3.125324e+04   1.000000e+02
8.850075e-01   3.266379e+04   1.000000e+02
8.932046e-01   3.413139e+04   1.000000e+02
9.014776e-01   3.565806e+04   1.000000e+02
9.098273e-01   3.724584e+04   1.000000e+02
9.182543e-01   3.889683e+04   1.000000e+02
9.267593e-01   4.061317e+04   1.000000e+02
9.353432e-01   4.239706e+04   1.000000e+02
9.440065e-01   4.425074e+04   1.000000e+02
9.527500e-01   4.617652e+04   1.000000e+02
9.615746e-01   4.817678e+04   1.000000e+02
9.704809e-01   5.025392e+04   1.000000e+02
9.794697e-01   5.241043e+04   1.000000e+02
9.885417e-01   5.464885e+04   1.000000e+02
9.976978e-01   5.697176e+04   1.000000e+02
1.006939e+00   5.938182e+04   1.000000e+02
1.016265e+00   6.188178e+04   1.000000e+02
1.025678e+00   6.447446e+04   1.000000e+02
1.035178e+00   6.716276e+04   1.000000e+02
1.044766e+00   6.994962e+04   1.000000e+02
1.054443e+00   7.283809e+04   1.000000e+02
1.064209e+00   7.583126e+04   1.000000e+02
1.074066e+00   7.893231e+04   1.000000e+02
1.084014e+00   8.214446e+04   1.000000e+02
1.094055e+00   8.547105e+04   1.000000e+02
1.104188e+00   8.891545e+04   1.000000e+02
1.114415e+00   9.248113e+04   1.000000e+02
1.124737e+00   9.617162e+04   1.000000e+02
1.135155e+00   9.999054e+04   1.000000e+02
1.145669e+00   1.039416e+05   1.000000e+02
1.156280e+00   1.080285e+05   1.000000e+02
1.166990e+00   1.122551e+05   1.000000e+02
1.177799e+00   1.166253e+05   1.000000e+02
1.188708e+00   1.211432e+05   1.000000e+02
1.199718e+00   1.258128e+05   1.000000e+02
1.210830e+00   1.306382e+05   1.000000e+02
1.222045e+00   1.356237e+05   1.000000e+02
1.233363e+00   1.407737e+05   1.000000e+02
1.244787e+00   1.460924e+05   1.000000e+02
1.256317e+00   1.515843e+05   1.000000e+02
1.267953e+00   1.572545e+05   1.000000e+02
1.279697e+00   1.631080e+05   1.000000e+02
1.291550e+00   1.691503e+05   1.000000e+02
1.303512e+00   1.753871e+05   1.000000e+02
1.315586e+00   1.818241e+05   1.000000e+02
1.327771e+00   1.884674e+05   1.000000e+02
1.340069e+00   1.953231e+05   1.000000e+02
1.352481e+00   2.023976e+05   1.000000e+02
1.365008e+00   2.096975e+05   1.000000e+02
1.377651e+00   2.172298e+05   1.000000e+02
1.390411e+00   2.250015e+05   1.000000e+02
1.403289e+00   2.330200e+05   1.000000e+02
1.416287e+00   2.412928e+05   1.000000e+02
1.429405e+00   2.498279e+05   1.000000e+02
1.442644e+00   2.586334e+05   1.000000e+02
1.456006e+00   2.677178e+05   1.000000e+02
1.469492e+00   2.770899e+05   1.000000e+02
1.483103e+00   2.867587e+05   1.000000e+02
1.496839e+00   2.967337e+05   1.000000e+02
1.510703e+00   3.070244e+05   1.000000e+02
1.524696e+00   3.176374e+05   1.000000e+02
1.538818e+00   3.285775e+05   1.000000e+02
1.553071e+00   3.398494e+05   1.000000e+02
1.567455e+00   3.514574e+05   1.000000e+02
1.581973e+00   3.634051e+05   1.000000e+02
1.596626e+00   3.756961e+05   1.000000e+02
1.611414e+00   3.883331e+05   1.000000e+02
1.626340e+00   4.013184e+05   1.000000e+02
1.641403e+00   4.146539e+05   1.000000e+02
1.656606e+00   4.283406e+05   1.000000e+02
1.671950e+00   4.423789e+05   1.000000e+02
1.687436e+00   4.567685e+05   1.000000e+02
1.703065e+00   4.715085e+05   1.000000e+02
1.718839e+00   4.865968e+05   1.000000e+02
1.734759e+00   5.020308e+05   1.000000e+02
1.750827e+00   5.178067e+05   1.000000e+02
1.767044e+00   5.339228e+05   1.000000e+02
1.783410e+00   5.503866e+05   1.000000e+02
1.799929e+00   5.672085e+05   1.000000e+02
1.816600e+00   5.843995e+05   1.000000e+02
1.833425e+00   6.019717e+05   1.000000e+02
1.850407e+00   6.199380e+05   1.000000e+02
1.867546e+00   6.383124e+05   1.000000e+02
1.884843e+00   6.571098e+05   1.000000e+02
1.902301e+00   6.763462e+05   1.000000e+02
1.919921e+00   6.960390e+05   1.000000e+02
1.937703e+00   7.162064e+05   1.000000e+02
1.955651e+00   7.368683e+05   1.000000e+02
1.973764e+00   7.580457e+05   1.000000e+02
1.992046e+00   7.797611e+05   1.000000e+02
2.010496e+00   8.020383e+05   1.000000e+02
2.029118e+00   8.248939e+05   1.000000e+02
2.047912e+00   8.483385e+05   1.000000e+02
2.066880e+00   8.723823e+05   1.000000e+02
2.086024e+00   8.970353e+05   1.000000e+02
2.105345e+00   9.223075e+05   1.000000e+02
2.124845e+00   9.482086e+05   1.000000e+02
2.144526e+00   9.747483e+05   1.000000e+02
2.164389e+00   1.001936e+06   1.000000e+02
2.184436e+00   1.029781e+06   1.000000e+02
2.204669e+00   1.058292e+06   1.000000e+02
2.225089e+00   1.087478e+06   1.000000e+02
2.245698e+00   1.117348e+06   1.000000e+02
2.266498e+00   1.147909e+06   1.000000e+02
2.287491e+00   1.179169e+06   1.000000e+02
2.308678e+00   1.211136e+06   1.000000e+02
2.330061e+00   1.243817e+06   1.000000e+02
2.351643e+00   1.277218e+06   1.000000e+02
2.373424e+00   1.311346e+06   1.000000e+02
2.395407e+00   1.346206e+06   1.000000e+02
2.417594e+00   1.381804e+06   1.000000e+02
2.439986e+00   1.418143e+06   1.000000e+02
2.462586e+00   1.455229e+06   1.000000e+02
2.485395e+00   1.493064e+06   1.000000e+02
2.508415e+00   1.531652e+06   1.000000e+02
2.531648e+00   1.570997e+06   1.000000e+02
2.555097e+00   1.611111e+06   1.000000e+02
2.578763e+00   1.652004e+06   1.000000e+02
2.602648e+00   1.693686e+06   1.000000e+02
2.626754e+00   1.736170e+06   1.000000e+02
2.651084e+00   1.779466e+06   1.000000e+02
2.675638e+00   1.823586e+06   1.000000e+02
2.700421e+00   1.868542e+06   1.000000e+02
2.725433e+00   1.914345e+06   1.000000e+02
2.750676e+00   1.961009e+06   1.000000e+02
2.776153e+00   2.008544e+06   1.000000e+02
2.801867e+00   2.056965e+06   1.000000e+02
2.827818e+00   2.106283e+06   1.000000e+02
2.854010e+00   2.156513e+06   1.000000e+02
2.880444e+00   2.207667e+06   1.000000e+02
2.907123e+00   2.259759e+06   1.000000e+02
2.934050e+00   2.312804e+06   1.000000e+02
2.961225e+00   2.366815e+06   1.000000e+02
2.988653e+00   2.421808e+06   1.000000e+02
3.016334e+00   2.477797e+06   1.000000e+02
3.044272e+00   2.534795e+06   1.000000e+02
3.072469e+00   2.592812e+06   1.000000e+02
3.100927e+00   2.651858e+06   1.000000e+02
3.129648e+00   2.711943e+06   1.000000e+02
3.158635e+00   2.773077e+06   1.000000e+02
3.187891e+00   2.835269e+06   1.000000e+02
3.217418e+00   2.898529e+06   1.000000e+02
3.247218e+00   2.962866e+06   1.000000e+02
3.277295e+00   3.028290e+06   1.000000e+02
3.307650e+00   3.094810e+06   1.000000e+02
3.338286e+00   3.162434e+06   1.000000e+02
3.369206e+00   3.231171e+06   1.000000e+02
3.400412e+00   3.301030e+06   1.000000e+02
3.431907e+00   3.372018e+06   1.000000e+02
3.463694e+00   3.444144e+06   1.000000e+02
3.495776e+00   3.517417e+06   1.000000e+02
3.528154e+00   3.591842e+06   1.000000e+02
3.560833e+00   3.667430e+06   1.000000e+02
3.593814e+00   3.744190e+06   1.000000e+02
3.627100e+00   3.822132e+06   1.000000e+02
3.660695e+00   3.901264e+06   1.000000e+02
3.694601e+00   3.981595e+06   1.000000e+02
3.728821e+00   4.063135e+06   1.000000e+02
3.763358e+00   4.145893e+06   1.000000e+02
3.798215e+00   4.229878e+06   1.000000e+02
3.833395e+00   4.315098e+06   1.000000e+02
3.868901e+00   4.401563e+06   1.000000e+02
3.904735e+00   4.489281e+06   1.000000e+02
3.940902e+00   4.578260e+06   1.000000e+02
3.977403e+00   4.668510e+06   1.000000e+02
4.014242e+00   4.760038e+06   1.000000e+02
4.051423e+00   4.852852e+06   1.000000e+02
4.088948e+00   4.946960e+06   1.000000e+02
4.126821e+00   5.042368e+06   1.000000e+02
4.165044e+00   5.139083e+06   1.000000e+02
4.203622e+00   5.237111e+06   1.000000e+02
4.242556e+00   5.336459e+06   1.000000e+02
4.281852e+00   5.437132e+06   1.000000e+02
4.321511e+00   5.539136e+06   1.000000e+02
4.361538e+00   5.642476e+06   1.000000e+02
4.401935e+00   5.747159e+06   1.000000e+02
4.442707e+00   5.853189e+06   1.000000e+02
4.483856e+00   5.960571e+06   1.000000e+02
4.525386e+00   6.069310e+06   1.000000e+02
4.567301e+00   6.179410e+06   1.000000e+02
4.609604e+00   6.290875e+06   1.000000e+02
4.652300e+00   6.403710e+06   1.000000e+02
4.695390e+00   6.517918e+06   1.000000e+02
4.738880e+00   6.633503e+06   1.000000e+02
4.782772e+00   6.750467e+06   1.000000e+02
4.827071e+00   6.868815e+06   1.000000e+02
4.871780e+00   6.988548e+06   1.000000e+02
4.916904e+00   7.109669e+06   1.000000e+02
4.962445e+00   7.232180e+06   1.000000e+02
5.008408e+00   7.356084e+06   1.000000e+02
5.054797e+00   7.481382e+06   1.000000e+02
5.101615e+00   7.608074e+06   1.000000e+02
5.148867e+00   7.736161e+06   1.000000e+02
5.196557e+00   7.865643e+06   1.000000e+02
5.244689e+00   7.996520e+06   1.000000e+02
5.293266e+00   8.128791e+06   1.000000e+02
5.342293e+00   8.262455e+06   1.000000e+02
5.391775e+00   8.397510e+06   1.000000e+02
5.441714e+00   8.533956e+06   1.000000e+02
5.492116e+00   8.671790e+06   1.000000e+02
5.542986e+00   8.811010e+06   1.000000e+02
5.594326e+00   8.951613e+06   1.000000e+02
5.646141e+00   9.093596e+06   1.000000e+02
5.698437e+00   9.236956e+06   1.000000e+02
5.751217e+00   9.381690e+06   1.000000e+02
5.804486e+00   9.527791e+06   1.000000e+02
5.858248e+00   9.675258e+06   1.000000e+02
5.912508e+00   9.824084e+06   1.000000e+02
5.967271e+00   9.974264e+06   1.000000e+02
6.022541e+00   1.012579e+07   1.000000e+02
6.078323e+00   1.027866e+07   1.000000e+02
6.134622e+00   1.043287e+07   1.000000e+02
6.191442e+00   1.058840e+07   1.000000e+02
6.248788e+00   1.074524e+07   1.000000e+02
6.306666e+00   1.090340e+07   1.000000e+02
6.365079e+00   1.106284e+07   1.000000e+02
6.424034e+00   1.122358e+07   1.000000e+02
6.483534e+00   1.138558e+07   1.000000e+02
6.543586e+00   1.154885e+07   1.000000e+02
6.604194e+00   1.171337e+07   1.000000e+02
6.665363e+00   1.187912e+07   1.000000e+02
6.727099e+00   1.204610e+07   1.000000e+02
6.789407e+00   1.221429e+07   1.000000e+02
6.852292e+00   1.238368e+07   1.000000e+02
6.915759e+00   1.255424e+07   1.000000e+02
6.979814e+00   1.272597e+07   1.000000e+02
7.044462e+00   1.289885e+07   1.000000e+02
7.109709e+00   1.307286e+07   1.000000e+02
7.175561e+00   1.324798e+07   1.000000e+02
7.242022e+00   1.342419e+07   1.000000e+02
7.309099e+00   1.360147e+07   1.000000e+02
7.376798e+00   1.377980e+07   1.000000e+02
7.445123e+00   1.395916e+07   1.000000e+02
7.514081e+00   1.413952e+07   1.000000e+02
7.583678e+00   1.432085e+07   1.000000e+02
7.653919e+00   1.450315e+07   1.000000e+02
7.724811e+00   1.468637e+07   1.000000e+02
7.796360e+00   1.487049e+07   1.000000e+02
7.868572e+00   1.505549e+07   1.000000e+02
7.941452e+00   1.524134e+07   1.000000e+02
8.015007e+00   1.542801e+07   1.000000e+02
8.089243e+00   1.561548e+07   1.000000e+02
8.164168e+00   1.580370e+07   1.000000e+02
8.239786e+00   1.599266e+07   1.000000e+02
8.316104e+00   1.618232e+07   1.000000e+02
8.393129e+00   1.637265e+07   1.000000e+02
8.470868e+00   1.656362e+07   1.000000e+02
8.549327e+00   1.675518e+07   1.000000e+02
8.628513e+00   1.694732e+07   1.000000e+02
8.708431e+00   1.713998e+07   1.000000e+02
8.789091e+00   1.733315e+07   1.000000e+02
8.870497e+00   1.752677e+07   1.000000e+02
8.952657e+00   1.772082e+07   1.000000e+02
9.035578e+00   1.791525e+07   1.000000e+02
9.119268e+00   1.811003e+07   1.000000e+02
9.203732e+00   1.830512e+07   1.000000e+02
9.288979e+00   1.850047e+07   1.000000e+02
9.375015e+00   1.869605e+07   1.000000e+02
9.461848e+00   1.889183e+07   1.000000e+02
9.549486e+00   1.908774e+07   1.000000e+02
9.637935e+00   1.928376e+07   1.000000e+02
9.727203e+00   1.947984e+07   1.000000e+02
9.817298e+00   1.967593e+07   1.000000e+02
9.908228e+00   1.987200e+07   1.000000e+02
1.000000e+01   2.006800e+07   1.000000e+02
