# B12 + p > C12 + n   [B12_p__C12_n]   ref=TALYS2, Koning et al. 2023
# detailed balance: alpha=3.0016 beta=0 gamma=-146.061  Q=12.5866
# T9                 rate                error
1.000000e-03   1.000000e-35   1.000000e+02
1.009262e-03   1.030318e-35   1.000000e+02
1.018610e-03   1.061719e-35   1.000000e+02
1.028045e-03   1.094261e-35   1.000000e+02
1.037567e-03   1.128007e-35   1.000000e+02
1.047177e-03   1.163023e-35   1.000000e+02
1.056876e-03   1.199378e-35   1.000000e+02
1.066665e-03   1.237149e-35   1.000000e+02
1.076545e-03   1.276414e-35   1.000000e+02
1.086516e-03   1.317259e-35   1.000000e+02
1.096579e-03   1.359775e-35   1.000000e+02
1.106736e-03   1.404058e-35   1.000000e+02
1.116987e-03   1.450213e-35   1.000000e+02
1.127333e-03   1.498349e-35   1.000000e+02
1.137774e-03   1.548584e-35   1.000000e+02
1.148312e-03   1.601045e-35   1.000000e+02
1.158948e-03   1.655867e-35   1.000000e+02
1.169683e-03   1.713194e-35   1.000000e+02
1.180517e-03   1.773180e-35   1.000000e+02
1.191451e-03   1.835991e-35   1.000000e+02
1.202486e-03   1.901804e-35   1.000000e+02
1.213624e-03   1.970810e-35   1.000000e+02
1.224865e-03   2.043214e-35   1.000000e+02
1.236210e-03   2.119233e-35   1.000000e+02
1.247660e-03   2.199104e-35   1.000000e+02
1.259216e-03   2.283080e-35   1.000000e+02
1.270879e-03   2.371433e-35   1.000000e+02
1.282650e-03   2.464457e-35   1.000000e+02
1.294530e-03   2.562466e-35   1.000000e+02
1.306520e-03   2.665803e-35   1.000000e+02
1.318621e-03   2.774833e-35   1.000000e+02
1.330835e-03   2.889954e-35   1.000000e+02
1.343161e-03   3.011592e-35   1.000000e+02
1.355602e-03   3.140211e-35   1.000000e+02
1.368158e-03   3.276310e-35   1.000000e+02
1.380830e-03   3.420432e-35   1.000000e+02
1.393619e-03   3.573162e-35   1.000000e+02
1.406527e-03   3.735135e-35   1.000000e+02
1.419555e-03   3.907043e-35   1.000000e+02
1.432703e-03   4.089632e-35   1.000000e+02
1.445973e-03   4.283716e-35   1.000000e+02
1.459366e-03   4.490178e-35   1.000000e+02
1.472883e-03   4.709982e-35   1.000000e+02
1.486525e-03   4.944173e-35   1.000000e+02
1.500293e-03   5.193894e-35   1.000000e+02
1.514189e-03   5.460388e-35   1.000000e+02
1.528214e-03   5.745016e-35   1.000000e+02
1.542369e-03   6.049261e-35   1.000000e+02
1.556654e-03   6.374747e-35   1.000000e+02
1.571072e-03   6.723249e-35   1.000000e+02
1.585624e-03   7.096713e-35   1.000000e+02
1.600310e-03   7.497271e-35   1.000000e+02
1.615133e-03   7.927263e-35   1.000000e+02
1.630092e-03   8.389257e-35   1.000000e+02
1.645191e-03   8.886078e-35   1.000000e+02
1.660429e-03   9.420831e-35   1.000000e+02
1.675808e-03   9.996937e-35   1.000000e+02
1.691330e-03   1.061817e-34   1.000000e+02
1.706995e-03   1.128867e-34   1.000000e+02
1.722805e-03   1.201305e-34   1.000000e+02
1.738762e-03   1.279638e-34   1.000000e+02
1.754867e-03   1.364426e-34   1.000000e+02
1.771121e-03   1.456292e-34   1.000000e+02
1.787526e-03   1.555925e-34   1.000000e+02
1.804082e-03   1.664089e-34   1.000000e+02
1.820792e-03   1.781633e-34   1.000000e+02
1.837656e-03   1.909502e-34   1.000000e+02
1.854677e-03   2.048746e-34   1.000000e+02
1.871855e-03   2.200536e-34   1.000000e+02
1.889193e-03   2.366177e-34   1.000000e+02
1.906691e-03   2.547127e-34   1.000000e+02
1.924351e-03   2.745014e-34   1.000000e+02
1.942175e-03   2.961663e-34   1.000000e+02
1.960163e-03   3.199113e-34   1.000000e+02
1.978319e-03   3.459655e-34   1.000000e+02
1.996642e-03   3.745857e-34   1.000000e+02
2.015136e-03   4.060608e-34   1.000000e+02
2.033800e-03   4.407157e-34   1.000000e+02
2.052638e-03   4.789164e-34   1.000000e+02
2.071650e-03   5.210757e-34   1.000000e+02
2.090838e-03   5.676594e-34   1.000000e+02
2.110203e-03   6.191945e-34   1.000000e+02
2.129749e-03   6.762769e-34   1.000000e+02
2.149475e-03   7.395822e-34   1.000000e+02
2.169384e-03   8.098768e-34   1.000000e+02
2.189477e-03   8.880310e-34   1.000000e+02
2.209756e-03   9.750348e-34   1.000000e+02
2.230223e-03   1.072016e-33   1.000000e+02
2.250880e-03   1.180259e-33   1.000000e+02
2.271728e-03   1.301232e-33   1.000000e+02
2.292769e-03   1.436612e-33   1.000000e+02
2.314005e-03   1.588319e-33   1.000000e+02
2.335438e-03   1.758555e-33   1.000000e+02
2.357069e-03   1.949843e-33   1.000000e+02
2.378901e-03   2.165088e-33   1.000000e+02
2.400935e-03   2.407628e-33   1.000000e+02
2.423173e-03   2.681314e-33   1.000000e+02
2.445617e-03   2.990585e-33   1.000000e+02
2.468268e-03   3.340576e-33   1.000000e+02
2.491130e-03   3.737224e-33   1.000000e+02
2.514203e-03   4.187412e-33   1.000000e+02
2.537490e-03   4.699127e-33   1.000000e+02
2.560993e-03   5.281652e-33   1.000000e+02
2.584714e-03   5.945791e-33   1.000000e+02
2.608654e-03   6.704136e-33   1.000000e+02
2.632815e-03   7.571389e-33   1.000000e+02
2.657201e-03   8.564735e-33   1.000000e+02
2.681813e-03   9.704297e-33   1.000000e+02
2.706652e-03   1.101367e-32   1.000000e+02
2.731722e-03   1.252058e-32   1.000000e+02
2.757023e-03   1.425761e-32   1.000000e+02
2.782559e-03   1.626318e-32   1.000000e+02
2.808332e-03   1.858261e-32   1.000000e+02
2.834343e-03   2.126946e-32   1.000000e+02
2.860596e-03   2.438716e-32   1.000000e+02
2.887091e-03   2.801088e-32   1.000000e+02
2.913832e-03   3.222993e-32   1.000000e+02
2.940820e-03   3.715054e-32   1.000000e+02
2.968059e-03   4.289931e-32   1.000000e+02
2.995549e-03   4.962732e-32   1.000000e+02
3.023295e-03   5.751594e-32   1.000000e+02
3.051297e-03   6.678782e-32   1.000000e+02
3.079559e-03   7.771527e-32   1.000000e+02
3.108082e-03   9.063040e-32   1.000000e+02
3.136870e-03   1.059396e-31   1.000000e+02
3.165924e-03   1.241419e-31   1.000000e+02
3.195248e-03   1.458518e-31   1.000000e+02
3.224842e-03   1.718295e-31   1.000000e+02
3.254712e-03   2.030178e-31   1.000000e+02
3.284857e-03   2.405911e-31   1.000000e+02
3.315282e-03   2.860175e-31   1.000000e+02
3.345989e-03   3.411392e-31   1.000000e+02
3.376980e-03   4.082770e-31   1.000000e+02
3.408259e-03   4.903667e-31   1.000000e+02
3.439826e-03   5.911372e-31   1.000000e+02
3.471687e-03   7.153446e-31   1.000000e+02
3.503842e-03   8.690811e-31   1.000000e+02
3.536296e-03   1.060186e-30   1.000000e+02
3.569049e-03   1.298788e-30   1.000000e+02
3.602107e-03   1.598042e-30   1.000000e+02
3.635470e-03   1.975104e-30   1.000000e+02
3.669142e-03   2.452459e-30   1.000000e+02
3.703127e-03   3.059725e-30   1.000000e+02
3.737426e-03   3.836101e-30   1.000000e+02
3.772042e-03   4.833739e-30   1.000000e+02
3.806980e-03   6.122380e-30   1.000000e+02
3.842241e-03   7.795784e-30   1.000000e+02
3.877828e-03   9.980680e-30   1.000000e+02
3.913746e-03   1.284931e-29   1.000000e+02
3.949995e-03   1.663707e-29   1.000000e+02
3.986581e-03   2.166757e-29   1.000000e+02
4.023506e-03   2.838761e-29   1.000000e+02
4.060772e-03   3.740757e-29   1.000000e+02
4.098384e-03   4.956144e-29   1.000000e+02
4.136344e-03   6.599661e-29   1.000000e+02
4.174655e-03   8.829427e-29   1.000000e+02
4.213322e-03   1.186359e-28   1.000000e+02
4.252346e-03   1.600340e-28   1.000000e+02
4.291732e-03   2.166510e-28   1.000000e+02
4.331483e-03   2.942396e-28   1.000000e+02
4.371602e-03   4.007496e-28   1.000000e+02
4.412093e-03   5.471626e-28   1.000000e+02
4.452959e-03   7.486361e-28   1.000000e+02
4.494203e-03   1.026067e-27   1.000000e+02
4.535829e-03   1.408223e-27   1.000000e+02
4.577841e-03   1.934627e-27   1.000000e+02
4.620241e-03   2.659457e-27   1.000000e+02
4.663035e-03   3.656776e-27   1.000000e+02
4.706225e-03   5.027511e-27   1.000000e+02
4.749815e-03   6.908705e-27   1.000000e+02
4.793808e-03   9.485693e-27   1.000000e+02
4.838210e-03   1.300798e-26   1.000000e+02
4.883022e-03   1.780979e-26   1.000000e+02
4.928250e-03   2.433637e-26   1.000000e+02
4.973896e-03   3.317723e-26   1.000000e+02
5.019965e-03   4.510827e-26   1.000000e+02
5.066461e-03   6.116247e-26   1.000000e+02
5.113388e-03   8.273179e-26   1.000000e+02
5.160749e-03   1.116795e-25   1.000000e+02
5.208549e-03   1.505022e-25   1.000000e+02
5.256791e-03   2.025519e-25   1.000000e+02
5.305481e-03   2.723382e-25   1.000000e+02
5.354621e-03   3.659443e-25   1.000000e+02
5.404216e-03   4.915984e-25   1.000000e+02
5.454271e-03   6.604656e-25   1.000000e+02
5.504790e-03   8.877472e-25   1.000000e+02
5.555776e-03   1.194216e-24   1.000000e+02
5.607235e-03   1.608371e-24   1.000000e+02
5.659170e-03   2.169473e-24   1.000000e+02
5.711586e-03   2.931853e-24   1.000000e+02
5.764488e-03   3.971047e-24   1.000000e+02
5.817880e-03   5.392597e-24   1.000000e+02
5.871766e-03   7.344734e-24   1.000000e+02
5.926152e-03   1.003678e-23   1.000000e+02
5.981041e-03   1.376602e-23   1.000000e+02
6.036439e-03   1.895678e-23   1.000000e+02
6.092349e-03   2.621250e-23   1.000000e+02
6.148778e-03   3.639305e-23   1.000000e+02
6.205729e-03   5.073083e-23   1.000000e+02
6.263207e-03   7.099802e-23   1.000000e+02
6.321218e-03   9.975131e-23   1.000000e+02
6.379767e-03   1.406910e-22   1.000000e+02
6.438857e-03   1.991896e-22   1.000000e+02
6.498495e-03   2.830721e-22   1.000000e+02
6.558686e-03   4.037707e-22   1.000000e+02
6.619433e-03   5.780387e-22   1.000000e+02
6.680744e-03   8.305025e-22   1.000000e+02
6.742622e-03   1.197468e-21   1.000000e+02
6.805074e-03   1.732621e-21   1.000000e+02
6.868104e-03   2.515573e-21   1.000000e+02
6.931717e-03   3.664724e-21   1.000000e+02
6.995920e-03   5.356658e-21   1.000000e+02
7.060718e-03   7.855369e-21   1.000000e+02
7.126115e-03   1.155590e-20   1.000000e+02
7.192119e-03   1.705071e-20   1.000000e+02
7.258734e-03   2.523009e-20   1.000000e+02
7.325965e-03   3.743428e-20   1.000000e+02
7.393820e-03   5.568406e-20   1.000000e+02
7.462303e-03   8.303087e-20   1.000000e+02
7.531420e-03   1.240887e-19   1.000000e+02
7.601178e-03   1.858425e-19   1.000000e+02
7.671581e-03   2.788784e-19   1.000000e+02
7.742637e-03   4.192549e-19   1.000000e+02
7.814351e-03   6.313516e-19   1.000000e+02
7.886729e-03   9.522059e-19   1.000000e+02
7.959777e-03   1.438114e-18   1.000000e+02
8.033502e-03   2.174718e-18   1.000000e+02
8.107910e-03   3.293959e-18   1.000000e+02
8.183007e-03   5.001966e-18   1.000000e+02
8.258799e-03   7.622287e-18   1.000000e+02
8.335294e-03   1.166719e-17   1.000000e+02
8.412497e-03   1.795555e-17   1.000000e+02
8.490415e-03   2.780973e-17   1.000000e+02
8.569055e-03   4.338857e-17   1.000000e+02
8.648423e-03   6.825728e-17   1.000000e+02
8.728527e-03   1.083758e-16   1.000000e+02
8.809372e-03   1.738360e-16   1.000000e+02
8.890966e-03   2.819591e-16   1.000000e+02
8.973316e-03   4.628989e-16   1.000000e+02
9.056428e-03   7.697311e-16   1.000000e+02
9.140311e-03   1.293479e-15   1.000000e+02
9.224970e-03   2.187542e-15   1.000000e+02
9.310413e-03   3.707901e-15   1.000000e+02
9.396648e-03   6.272946e-15   1.000000e+02
9.483682e-03   1.054834e-14   1.000000e+02
9.571522e-03   1.755754e-14   1.000000e+02
9.660175e-03   2.880759e-14   1.000000e+02
9.749649e-03   4.639932e-14   1.000000e+02
9.839952e-03   7.305925e-14   1.000000e+02
9.931092e-03   1.119941e-13   1.000000e+02
1.002308e-02   1.664478e-13   1.000000e+02
1.011591e-02   2.394986e-13   1.000000e+02
1.020961e-02   3.349061e-13   1.000000e+02
1.030417e-02   4.571444e-13   1.000000e+02
1.039961e-02   6.117990e-13   1.000000e+02
1.049593e-02   8.063136e-13   1.000000e+02
1.059315e-02   1.051124e-12   1.000000e+02
1.069126e-02   1.361363e-12   1.000000e+02
1.079029e-02   1.759455e-12   1.000000e+02
1.089023e-02   2.279197e-12   1.000000e+02
1.099110e-02   2.972350e-12   1.000000e+02
1.109290e-02   3.916787e-12   1.000000e+02
1.119564e-02   5.214547e-12   1.000000e+02
1.129934e-02   7.004342e-12   1.000000e+02
1.140400e-02   9.479590e-12   1.000000e+02
1.150962e-02   1.290894e-11   1.000000e+02
1.161623e-02   1.766355e-11   1.000000e+02
1.172382e-02   2.425263e-11   1.000000e+02
1.183241e-02   3.336882e-11   1.000000e+02
1.194200e-02   4.594423e-11   1.000000e+02
1.205261e-02   6.321941e-11   1.000000e+02
1.216424e-02   8.689074e-11   1.000000e+02
1.227691e-02   1.193308e-10   1.000000e+02
1.239062e-02   1.638166e-10   1.000000e+02
1.250539e-02   2.248851e-10   1.000000e+02
1.262121e-02   3.088383e-10   1.000000e+02
1.273811e-02   4.244633e-10   1.000000e+02
1.285610e-02   5.840611e-10   1.000000e+02
1.297517e-02   8.049265e-10   1.000000e+02
1.309535e-02   1.111438e-09   1.000000e+02
1.321664e-02   1.537622e-09   1.000000e+02
1.333906e-02   2.131014e-09   1.000000e+02
1.346261e-02   2.958232e-09   1.000000e+02
1.358730e-02   4.112669e-09   1.000000e+02
1.371315e-02   5.725295e-09   1.000000e+02
1.384016e-02   7.979784e-09   1.000000e+02
1.396835e-02   1.113372e-08   1.000000e+02
1.409773e-02   1.554843e-08   1.000000e+02
1.422830e-02   2.173257e-08   1.000000e+02
1.436009e-02   3.040288e-08   1.000000e+02
1.449310e-02   4.256954e-08   1.000000e+02
1.462733e-02   5.965749e-08   1.000000e+02
1.476281e-02   8.367852e-08   1.000000e+02
1.489955e-02   1.174755e-07   1.000000e+02
1.503755e-02   1.650692e-07   1.000000e+02
1.517683e-02   2.321485e-07   1.000000e+02
1.531740e-02   3.267625e-07   1.000000e+02
1.545928e-02   4.603091e-07   1.000000e+02
1.560246e-02   6.489362e-07   1.000000e+02
1.574698e-02   9.155330e-07   1.000000e+02
1.589283e-02   1.292558e-06   1.000000e+02
1.604003e-02   1.826055e-06   1.000000e+02
1.618860e-02   2.581343e-06   1.000000e+02
1.633854e-02   3.651038e-06   1.000000e+02
1.648987e-02   5.166491e-06   1.000000e+02
1.664260e-02   7.313982e-06   1.000000e+02
1.679675e-02   1.035764e-05   1.000000e+02
1.695232e-02   1.467192e-05   1.000000e+02
1.710934e-02   2.078750e-05   1.000000e+02
1.726781e-02   2.945618e-05   1.000000e+02
1.742775e-02   4.174263e-05   1.000000e+02
1.758917e-02   5.915377e-05   1.000000e+02
1.775208e-02   8.382129e-05   1.000000e+02
1.791650e-02   1.187587e-04   1.000000e+02
1.808245e-02   1.682236e-04   1.000000e+02
1.824993e-02   2.382341e-04   1.000000e+02
1.841897e-02   3.373011e-04   1.000000e+02
1.858957e-02   4.774523e-04   1.000000e+02
1.876175e-02   6.756820e-04   1.000000e+02
1.893552e-02   9.559969e-04   1.000000e+02
1.911091e-02   1.352303e-03   1.000000e+02
1.928792e-02   1.912479e-03   1.000000e+02
1.946656e-02   2.704120e-03   1.000000e+02
1.964687e-02   3.822642e-03   1.000000e+02
1.982884e-02   5.402707e-03   1.000000e+02
2.001250e-02   7.634330e-03   1.000000e+02
2.019786e-02   1.078512e-02   1.000000e+02
2.038493e-02   1.522981e-02   1.000000e+02
2.057374e-02   2.149257e-02   1.000000e+02
2.076430e-02   3.030507e-02   1.000000e+02
2.095662e-02   4.268581e-02   1.000000e+02
2.115073e-02   6.004848e-02   1.000000e+02
2.134663e-02   8.434885e-02   1.000000e+02
2.154435e-02   1.182834e-01   1.000000e+02
2.174389e-02   1.655557e-01   1.000000e+02
2.194529e-02   2.312327e-01   1.000000e+02
2.214855e-02   3.222163e-01   1.000000e+02
2.235370e-02   4.478654e-01   1.000000e+02
2.256074e-02   6.208089e-01   1.000000e+02
2.276970e-02   8.580002e-01   1.000000e+02
2.298060e-02   1.182074e+00   1.000000e+02
2.319345e-02   1.623072e+00   1.000000e+02
2.340827e-02   2.220629e+00   1.000000e+02
2.362508e-02   3.026688e+00   1.000000e+02
2.384390e-02   4.108861e+00   1.000000e+02
2.406475e-02   5.554512e+00   1.000000e+02
2.428764e-02   7.475663e+00   1.000000e+02
2.451260e-02   1.001478e+01   1.000000e+02
2.473964e-02   1.335149e+01   1.000000e+02
2.496878e-02   1.771018e+01   1.000000e+02
2.520005e-02   2.336962e+01   1.000000e+02
2.543346e-02   3.068148e+01   1.000000e+02
2.566903e-02   4.008720e+01   1.000000e+02
2.590678e-02   5.213740e+01   1.000000e+02
2.614673e-02   6.751747e+01   1.000000e+02
2.638891e-02   8.707939e+01   1.000000e+02
2.663333e-02   1.118810e+02   1.000000e+02
2.688001e-02   1.432346e+02   1.000000e+02
2.712898e-02   1.827676e+02   1.000000e+02
2.738025e-02   2.324984e+02   1.000000e+02
2.763385e-02   2.949299e+02   1.000000e+02
2.788980e-02   3.731686e+02   1.000000e+02
2.814812e-02   4.710727e+02   1.000000e+02
2.840884e-02   5.934397e+02   1.000000e+02
2.867196e-02   7.462429e+02   1.000000e+02
2.893753e-02   9.369316e+02   1.000000e+02
2.920556e-02   1.174813e+03   1.000000e+02
2.947606e-02   1.471540e+03   1.000000e+02
2.974908e-02   1.841735e+03   1.000000e+02
3.002462e-02   2.303790e+03   1.000000e+02
3.030271e-02   2.879988e+03   1.000000e+02
3.058338e-02   3.594341e+03   1.000000e+02
3.086665e-02   4.472980e+03   1.000000e+02
3.115254e-02   5.543594e+03   1.000000e+02
3.144108e-02   6.833935e+03   1.000000e+02
3.173230e-02   8.369570e+03   1.000000e+02
3.202621e-02   1.017083e+04   1.000000e+02
3.232284e-02   1.224894e+04   1.000000e+02
3.262222e-02   1.460151e+04   1.000000e+02
3.292437e-02   1.720766e+04   1.000000e+02
3.322933e-02   2.002345e+04   1.000000e+02
3.353710e-02   2.297824e+04   1.000000e+02
3.384773e-02   2.597310e+04   1.000000e+02
3.416123e-02   2.888203e+04   1.000000e+02
3.447764e-02   3.155706e+04   1.000000e+02
3.479698e-02   3.383751e+04   1.000000e+02
3.511928e-02   3.556323e+04   1.000000e+02
3.544456e-02   3.659089e+04   1.000000e+02
3.577285e-02   3.681135e+04   1.000000e+02
3.610419e-02   3.616559e+04   1.000000e+02
3.643859e-02   3.465631e+04   1.000000e+02
3.677609e-02   3.235267e+04   1.000000e+02
3.711672e-02   2.938644e+04   1.000000e+02
3.746050e-02   2.593945e+04   1.000000e+02
3.780747e-02   2.222386e+04   1.000000e+02
3.815765e-02   1.845829e+04   1.000000e+02
3.851107e-02   1.484377e+04   1.000000e+02
3.886777e-02   1.154373e+04   1.000000e+02
3.922777e-02   8.670919e+03   1.000000e+02
3.959110e-02   6.283030e+03   1.000000e+02
3.995780e-02   4.386581e+03   1.000000e+02
4.032790e-02   2.948906e+03   1.000000e+02
4.070142e-02   1.914032e+03   1.000000e+02
4.107841e-02   1.204137e+03   1.000000e+02
4.145888e-02   7.371012e+02   1.000000e+02
4.184289e-02   4.407460e+02   1.000000e+02
4.223044e-02   2.584315e+02   1.000000e+02
4.262159e-02   1.491709e+02   1.000000e+02
4.301636e-02   8.509221e+01   1.000000e+02
4.341478e-02   4.815580e+01   1.000000e+02
4.381690e-02   2.714227e+01   1.000000e+02
4.422274e-02   1.529566e+01   1.000000e+02
4.463234e-02   8.651678e+00   1.000000e+02
4.504573e-02   4.930925e+00   1.000000e+02
4.546295e-02   2.842746e+00   1.000000e+02
4.588404e-02   1.664237e+00   1.000000e+02
4.630903e-02   9.932197e-01   1.000000e+02
4.673795e-02   6.066166e-01   1.000000e+02
4.717085e-02   3.806342e-01   1.000000e+02
4.760775e-02   2.463267e-01   1.000000e+02
4.804870e-02   1.650484e-01   1.000000e+02
4.849374e-02   1.149457e-01   1.000000e+02
4.894290e-02   8.352987e-02   1.000000e+02
4.939622e-02   6.358343e-02   1.000000e+02
4.985373e-02   5.089616e-02   1.000000e+02
5.031549e-02   4.299100e-02   1.000000e+02
5.078152e-02   3.828511e-02   1.000000e+02
5.125187e-02   3.581563e-02   1.000000e+02
5.172657e-02   3.506860e-02   1.000000e+02
5.220568e-02   3.580800e-02   1.000000e+02
5.268921e-02   3.799009e-02   1.000000e+02
5.317723e-02   4.172556e-02   1.000000e+02
5.366977e-02   4.727030e-02   1.000000e+02
5.416687e-02   5.503533e-02   1.000000e+02
5.466857e-02   6.561072e-02   1.000000e+02
5.517492e-02   7.979960e-02   1.000000e+02
5.568596e-02   9.865798e-02   1.000000e+02
5.620174e-02   1.235327e-01   1.000000e+02
5.672229e-02   1.560857e-01   1.000000e+02
5.724766e-02   1.982842e-01   1.000000e+02
5.777790e-02   2.523306e-01   1.000000e+02
5.831305e-02   3.204951e-01   1.000000e+02
5.885316e-02   4.048137e-01   1.000000e+02
5.939827e-02   5.066222e-01   1.000000e+02
5.994843e-02   6.259236e-01   1.000000e+02
6.050368e-02   7.610953e-01   1.000000e+02
6.106408e-02   9.109336e-01   1.000000e+02
6.162966e-02   1.074405e+00   1.000000e+02
6.220049e-02   1.250220e+00   1.000000e+02
6.277660e-02   1.436966e+00   1.000000e+02
6.335805e-02   1.633245e+00   1.000000e+02
6.394488e-02   1.837830e+00   1.000000e+02
6.453715e-02   2.049803e+00   1.000000e+02
6.513491e-02   2.268693e+00   1.000000e+02
6.573820e-02   2.494594e+00   1.000000e+02
6.634708e-02   2.728277e+00   1.000000e+02
6.696160e-02   2.971292e+00   1.000000e+02
6.758181e-02   3.226074e+00   1.000000e+02
6.820777e-02   3.496064e+00   1.000000e+02
6.883952e-02   3.785859e+00   1.000000e+02
6.947713e-02   4.101410e+00   1.000000e+02
7.012064e-02   4.450295e+00   1.000000e+02
7.077011e-02   4.840067e+00   1.000000e+02
7.142559e-02   5.274933e+00   1.000000e+02
7.208715e-02   5.758662e+00   1.000000e+02
7.275484e-02   6.295083e+00   1.000000e+02
7.342870e-02   6.887994e+00   1.000000e+02
7.410882e-02   7.541046e+00   1.000000e+02
7.479523e-02   8.257606e+00   1.000000e+02
7.548799e-02   9.040586e+00   1.000000e+02
7.618718e-02   9.892249e+00   1.000000e+02
7.689284e-02   1.081398e+01   1.000000e+02
7.760503e-02   1.180605e+01   1.000000e+02
7.832383e-02   1.286732e+01   1.000000e+02
7.904928e-02   1.399497e+01   1.000000e+02
7.978145e-02   1.518424e+01   1.000000e+02
8.052040e-02   1.642798e+01   1.000000e+02
8.126619e-02   1.771541e+01   1.000000e+02
8.201889e-02   1.903198e+01   1.000000e+02
8.277857e-02   2.035971e+01   1.000000e+02
8.354528e-02   2.167722e+01   1.000000e+02
8.431909e-02   2.295986e+01   1.000000e+02
8.510007e-02   2.418010e+01   1.000000e+02
8.588829e-02   2.530809e+01   1.000000e+02
8.668380e-02   2.631252e+01   1.000000e+02
8.748668e-02   2.716169e+01   1.000000e+02
8.829700e-02   2.782478e+01   1.000000e+02
8.911482e-02   2.827332e+01   1.000000e+02
8.994022e-02   2.848270e+01   1.000000e+02
9.077327e-02   2.844344e+01   1.000000e+02
9.161402e-02   2.820017e+01   1.000000e+02
9.246257e-02   2.781569e+01   1.000000e+02
9.331898e-02   2.735244e+01   1.000000e+02
9.418332e-02   2.687017e+01   1.000000e+02
9.505566e-02   2.642487e+01   1.000000e+02
9.593608e-02   2.606891e+01   1.000000e+02
9.682466e-02   2.585238e+01   1.000000e+02
9.772147e-02   2.582532e+01   1.000000e+02
9.862658e-02   2.604104e+01   1.000000e+02
9.954008e-02   2.656060e+01   1.000000e+02
1.004620e-01   2.745676e+01   1.000000e+02
1.013925e-01   2.877046e+01   1.000000e+02
1.023317e-01   3.050524e+01   1.000000e+02
1.032795e-01   3.266940e+01   1.000000e+02
1.042361e-01   3.527409e+01   1.000000e+02
1.052015e-01   3.832898e+01   1.000000e+02
1.061759e-01   4.183736e+01   1.000000e+02
1.071593e-01   4.579054e+01   1.000000e+02
1.081519e-01   5.016151e+01   1.000000e+02
1.091536e-01   5.489814e+01   1.000000e+02
1.101646e-01   5.991650e+01   1.000000e+02
1.111850e-01   6.513439e+01   1.000000e+02
1.122148e-01   7.054684e+01   1.000000e+02
1.132541e-01   7.616864e+01   1.000000e+02
1.143031e-01   8.202277e+01   1.000000e+02
1.153618e-01   8.814147e+01   1.000000e+02
1.164303e-01   9.456751e+01   1.000000e+02
1.175087e-01   1.013555e+02   1.000000e+02
1.185971e-01   1.085738e+02   1.000000e+02
1.196956e-01   1.163062e+02   1.000000e+02
1.208042e-01   1.246492e+02   1.000000e+02
1.219231e-01   1.336642e+02   1.000000e+02
1.230524e-01   1.433866e+02   1.000000e+02
1.241921e-01   1.538506e+02   1.000000e+02
1.253424e-01   1.650879e+02   1.000000e+02
1.265034e-01   1.771275e+02   1.000000e+02
1.276751e-01   1.899940e+02   1.000000e+02
1.288576e-01   2.037069e+02   1.000000e+02
1.300511e-01   2.182791e+02   1.000000e+02
1.312557e-01   2.337183e+02   1.000000e+02
1.324714e-01   2.500327e+02   1.000000e+02
1.336984e-01   2.672253e+02   1.000000e+02
1.349367e-01   2.852910e+02   1.000000e+02
1.361865e-01   3.042155e+02   1.000000e+02
1.374479e-01   3.239743e+02   1.000000e+02
1.387210e-01   3.445313e+02   1.000000e+02
1.400058e-01   3.658380e+02   1.000000e+02
1.413026e-01   3.878702e+02   1.000000e+02
1.426114e-01   4.107559e+02   1.000000e+02
1.439323e-01   4.346950e+02   1.000000e+02
1.452654e-01   4.599308e+02   1.000000e+02
1.466109e-01   4.867556e+02   1.000000e+02
1.479688e-01   5.155178e+02   1.000000e+02
1.493393e-01   5.466309e+02   1.000000e+02
1.507225e-01   5.805743e+02   1.000000e+02
1.521186e-01   6.176717e+02   1.000000e+02
1.535275e-01   6.580426e+02   1.000000e+02
1.549495e-01   7.017793e+02   1.000000e+02
1.563847e-01   7.489470e+02   1.000000e+02
1.578331e-01   7.995753e+02   1.000000e+02
1.592950e-01   8.536488e+02   1.000000e+02
1.607704e-01   9.111038e+02   1.000000e+02
1.622595e-01   9.719755e+02   1.000000e+02
1.637624e-01   1.036431e+03   1.000000e+02
1.652792e-01   1.104649e+03   1.000000e+02
1.668101e-01   1.176816e+03   1.000000e+02
1.683551e-01   1.253127e+03   1.000000e+02
1.699144e-01   1.333782e+03   1.000000e+02
1.714882e-01   1.418991e+03   1.000000e+02
1.730766e-01   1.508971e+03   1.000000e+02
1.746796e-01   1.603946e+03   1.000000e+02
1.762975e-01   1.704151e+03   1.000000e+02
1.779304e-01   1.809828e+03   1.000000e+02
1.795785e-01   1.921227e+03   1.000000e+02
1.812418e-01   2.038613e+03   1.000000e+02
1.829205e-01   2.162300e+03   1.000000e+02
1.846147e-01   2.292649e+03   1.000000e+02
1.863246e-01   2.430043e+03   1.000000e+02
1.880504e-01   2.574900e+03   1.000000e+02
1.897922e-01   2.727668e+03   1.000000e+02
1.915501e-01   2.888831e+03   1.000000e+02
1.933242e-01   3.058916e+03   1.000000e+02
1.951148e-01   3.238487e+03   1.000000e+02
1.969220e-01   3.428161e+03   1.000000e+02
1.987460e-01   3.628603e+03   1.000000e+02
2.005868e-01   3.840534e+03   1.000000e+02
2.024447e-01   4.064676e+03   1.000000e+02
2.043197e-01   4.301695e+03   1.000000e+02
2.062122e-01   4.552281e+03   1.000000e+02
2.081222e-01   4.817155e+03   1.000000e+02
2.100498e-01   5.097072e+03   1.000000e+02
2.119953e-01   5.392816e+03   1.000000e+02
2.139589e-01   5.705211e+03   1.000000e+02
2.159406e-01   6.035112e+03   1.000000e+02
2.179407e-01   6.383412e+03   1.000000e+02
2.199593e-01   6.751040e+03   1.000000e+02
2.219966e-01   7.138961e+03   1.000000e+02
2.240528e-01   7.548182e+03   1.000000e+02
2.261280e-01   7.979744e+03   1.000000e+02
2.282224e-01   8.434731e+03   1.000000e+02
2.303363e-01   8.914265e+03   1.000000e+02
2.324697e-01   9.419508e+03   1.000000e+02
2.346229e-01   9.951662e+03   1.000000e+02
2.367960e-01   1.051197e+04   1.000000e+02
2.389893e-01   1.110171e+04   1.000000e+02
2.412028e-01   1.172221e+04   1.000000e+02
2.434369e-01   1.237483e+04   1.000000e+02
2.456916e-01   1.306098e+04   1.000000e+02
2.479673e-01   1.378208e+04   1.000000e+02
2.502640e-01   1.453962e+04   1.000000e+02
2.525820e-01   1.533516e+04   1.000000e+02
2.549215e-01   1.617043e+04   1.000000e+02
2.572826e-01   1.704729e+04   1.000000e+02
2.596656e-01   1.796765e+04   1.000000e+02
2.620707e-01   1.893352e+04   1.000000e+02
2.644980e-01   1.994702e+04   1.000000e+02
2.669478e-01   2.101034e+04   1.000000e+02
2.694204e-01   2.212578e+04   1.000000e+02
2.719158e-01   2.329574e+04   1.000000e+02
2.744343e-01   2.452273e+04   1.000000e+02
2.769762e-01   2.580939e+04   1.000000e+02
2.795416e-01   2.715847e+04   1.000000e+02
2.821308e-01   2.857284e+04   1.000000e+02
2.847439e-01   3.005551e+04   1.000000e+02
2.873813e-01   3.160963e+04   1.000000e+02
2.900430e-01   3.323851e+04   1.000000e+02
2.927295e-01   3.494559e+04   1.000000e+02
2.954408e-01   3.673448e+04   1.000000e+02
2.981772e-01   3.860898e+04   1.000000e+02
3.009390e-01   4.057304e+04   1.000000e+02
3.037264e-01   4.263065e+04   1.000000e+02
3.065395e-01   4.478577e+04   1.000000e+02
3.093788e-01   4.704241e+04   1.000000e+02
3.122443e-01   4.940475e+04   1.000000e+02
3.151363e-01   5.187708e+04   1.000000e+02
3.180552e-01   5.446379e+04   1.000000e+02
3.210011e-01   5.716944e+04   1.000000e+02
3.239743e-01   5.999867e+04   1.000000e+02
3.269750e-01   6.295628e+04   1.000000e+02
3.300035e-01   6.604717e+04   1.000000e+02
3.330600e-01   6.927637e+04   1.000000e+02
3.361449e-01   7.264903e+04   1.000000e+02
3.392583e-01   7.617041e+04   1.000000e+02
3.424006e-01   7.984590e+04   1.000000e+02
3.455720e-01   8.368099e+04   1.000000e+02
3.487727e-01   8.768127e+04   1.000000e+02
3.520031e-01   9.185250e+04   1.000000e+02
3.552635e-01   9.620127e+04   1.000000e+02
3.585540e-01   1.007349e+05   1.000000e+02
3.618750e-01   1.054613e+05   1.000000e+02
3.652267e-01   1.103883e+05   1.000000e+02
3.686095e-01   1.155247e+05   1.000000e+02
3.720237e-01   1.208792e+05   1.000000e+02
3.754694e-01   1.264613e+05   1.000000e+02
3.789471e-01   1.322808e+05   1.000000e+02
3.824570e-01   1.383481e+05   1.000000e+02
3.859994e-01   1.446741e+05   1.000000e+02
3.895746e-01   1.512701e+05   1.000000e+02
3.931829e-01   1.581483e+05   1.000000e+02
3.968246e-01   1.653213e+05   1.000000e+02
4.005001e-01   1.728024e+05   1.000000e+02
4.042096e-01   1.806047e+05   1.000000e+02
4.079535e-01   1.887391e+05   1.000000e+02
4.117320e-01   1.972162e+05   1.000000e+02
4.155455e-01   2.060463e+05   1.000000e+02
4.193944e-01   2.152399e+05   1.000000e+02
4.232789e-01   2.248076e+05   1.000000e+02
4.271994e-01   2.347594e+05   1.000000e+02
4.311562e-01   2.451056e+05   1.000000e+02
4.351497e-01   2.558561e+05   1.000000e+02
4.391801e-01   2.670206e+05   1.000000e+02
4.432479e-01   2.786084e+05   1.000000e+02
4.473533e-01   2.906285e+05   1.000000e+02
4.514968e-01   3.030895e+05   1.000000e+02
4.556786e-01   3.160030e+05   1.000000e+02
4.598992e-01   3.293855e+05   1.000000e+02
4.641589e-01   3.432546e+05   1.000000e+02
4.684580e-01   3.576292e+05   1.000000e+02
4.727970e-01   3.725289e+05   1.000000e+02
4.771761e-01   3.879747e+05   1.000000e+02
4.815958e-01   4.039884e+05   1.000000e+02
4.860564e-01   4.205935e+05   1.000000e+02
4.905584e-01   4.378144e+05   1.000000e+02
4.951020e-01   4.556771e+05   1.000000e+02
4.996877e-01   4.742094e+05   1.000000e+02
5.043159e-01   4.934390e+05   1.000000e+02
5.089870e-01   5.133901e+05   1.000000e+02
5.137014e-01   5.340854e+05   1.000000e+02
5.184594e-01   5.555483e+05   1.000000e+02
5.232614e-01   5.778026e+05   1.000000e+02
5.281080e-01   6.008725e+05   1.000000e+02
5.329994e-01   6.247828e+05   1.000000e+02
5.379362e-01   6.495584e+05   1.000000e+02
5.429186e-01   6.752250e+05   1.000000e+02
5.479472e-01   7.018084e+05   1.000000e+02
5.530224e-01   7.293349e+05   1.000000e+02
5.581446e-01   7.578312e+05   1.000000e+02
5.633143e-01   7.873244e+05   1.000000e+02
5.685318e-01   8.178417e+05   1.000000e+02
5.737976e-01   8.494108e+05   1.000000e+02
5.791123e-01   8.820596e+05   1.000000e+02
5.844761e-01   9.158162e+05   1.000000e+02
5.898896e-01   9.507092e+05   1.000000e+02
5.953533e-01   9.867669e+05   1.000000e+02
6.008676e-01   1.024018e+06   1.000000e+02
6.064329e-01   1.062493e+06   1.000000e+02
6.120498e-01   1.102225e+06   1.000000e+02
6.177188e-01   1.143249e+06   1.000000e+02
6.234402e-01   1.185600e+06   1.000000e+02
6.292146e-01   1.229315e+06   1.000000e+02
6.350425e-01   1.274431e+06   1.000000e+02
6.409244e-01   1.320985e+06   1.000000e+02
6.468608e-01   1.369017e+06   1.000000e+02
6.528521e-01   1.418566e+06   1.000000e+02
6.588990e-01   1.469673e+06   1.000000e+02
6.650018e-01   1.522380e+06   1.000000e+02
6.711612e-01   1.576728e+06   1.000000e+02
6.773776e-01   1.632761e+06   1.000000e+02
6.836516e-01   1.690524e+06   1.000000e+02
6.899837e-01   1.750062e+06   1.000000e+02
6.963745e-01   1.811421e+06   1.000000e+02
7.028244e-01   1.874648e+06   1.000000e+02
7.093341e-01   1.939792e+06   1.000000e+02
7.159041e-01   2.006897e+06   1.000000e+02
7.225349e-01   2.076010e+06   1.000000e+02
7.292272e-01   2.147180e+06   1.000000e+02
7.359814e-01   2.220454e+06   1.000000e+02
7.427982e-01   2.295880e+06   1.000000e+02
7.496782e-01   2.373509e+06   1.000000e+02
7.566219e-01   2.453389e+06   1.000000e+02
7.636298e-01   2.535572e+06   1.000000e+02
7.707027e-01   2.620108e+06   1.000000e+02
7.778411e-01   2.707048e+06   1.000000e+02
7.850456e-01   2.796446e+06   1.000000e+02
7.923169e-01   2.888353e+06   1.000000e+02
7.996555e-01   2.982822e+06   1.000000e+02
8.070620e-01   3.079908e+06   1.000000e+02
8.145372e-01   3.179666e+06   1.000000e+02
8.220816e-01   3.282152e+06   1.000000e+02
8.296959e-01   3.387424e+06   1.000000e+02
8.373807e-01   3.495540e+06   1.000000e+02
8.451366e-01   3.606558e+06   1.000000e+02
8.529644e-01   3.720538e+06   1.000000e+02
8.608648e-01   3.837540e+06   1.000000e+02
8.688383e-01   3.957624e+06   1.000000e+02
8.768856e-01   4.080852e+06   1.000000e+02
8.850075e-01   4.207285e+06   1.000000e+02
8.932046e-01   4.336986e+06   1.000000e+02
9.014776e-01   4.470017e+06   1.000000e+02
9.098273e-01   4.606442e+06   1.000000e+02
9.182543e-01   4.746322e+06   1.000000e+02
9.267593e-01   4.889719e+06   1.000000e+02
9.353432e-01   5.036694e+06   1.000000e+02
9.440065e-01   5.187309e+06   1.000000e+02
9.527500e-01   5.341627e+06   1.000000e+02
9.615746e-01   5.499709e+06   1.000000e+02
9.704809e-01   5.661618e+06   1.000000e+02
9.794697e-01   5.827416e+06   1.000000e+02
9.885417e-01   5.997164e+06   1.000000e+02
9.976978e-01   6.170925e+06   1.000000e+02
1.006939e+00   6.348761e+06   1.000000e+02
1.016265e+00   6.530736e+06   1.000000e+02
1.025678e+00   6.716914e+06   1.000000e+02
1.035178e+00   6.907362e+06   1.000000e+02
1.044766e+00   7.102144e+06   1.000000e+02
1.054443e+00   7.301325e+06   1.000000e+02
1.064209e+00   7.504971e+06   1.000000e+02
1.074066e+00   7.713148e+06   1.000000e+02
1.084014e+00   7.925920e+06   1.000000e+02
1.094055e+00   8.143354e+06   1.000000e+02
1.104188e+00   8.365514e+06   1.000000e+02
1.114415e+00   8.592465e+06   1.000000e+02
1.124737e+00   8.824272e+06   1.000000e+02
1.135155e+00   9.061000e+06   1.000000e+02
1.145669e+00   9.302714e+06   1.000000e+02
1.156280e+00   9.549477e+06   1.000000e+02
1.166990e+00   9.801354e+06   1.000000e+02
1.177799e+00   1.005841e+07   1.000000e+02
1.188708e+00   1.032070e+07   1.000000e+02
1.199718e+00   1.058830e+07   1.000000e+02
1.210830e+00   1.086126e+07   1.000000e+02
1.222045e+00   1.113965e+07   1.000000e+02
1.233363e+00   1.142353e+07   1.000000e+02
1.244787e+00   1.171296e+07   1.000000e+02
1.256317e+00   1.200801e+07   1.000000e+02
1.267953e+00   1.230873e+07   1.000000e+02
1.279697e+00   1.261524e+07   1.000000e+02
1.291550e+00   1.292763e+07   1.000000e+02
1.303512e+00   1.324599e+07   1.000000e+02
1.315586e+00   1.357043e+07   1.000000e+02
1.327771e+00   1.390105e+07   1.000000e+02
1.340069e+00   1.423795e+07   1.000000e+02
1.352481e+00   1.458126e+07   1.000000e+02
1.365008e+00   1.493108e+07   1.000000e+02
1.377651e+00   1.528753e+07   1.000000e+02
1.390411e+00   1.565073e+07   1.000000e+02
1.403289e+00   1.602081e+07   1.000000e+02
1.416287e+00   1.639790e+07   1.000000e+02
1.429405e+00   1.678212e+07   1.000000e+02
1.442644e+00   1.717362e+07   1.000000e+02
1.456006e+00   1.757254e+07   1.000000e+02
1.469492e+00   1.797903e+07   1.000000e+02
1.483103e+00   1.839323e+07   1.000000e+02
1.496839e+00   1.881531e+07   1.000000e+02
1.510703e+00   1.924540e+07   1.000000e+02
1.524696e+00   1.968352e+07   1.000000e+02
1.538818e+00   2.012960e+07   1.000000e+02
1.553071e+00   2.058355e+07   1.000000e+02
1.567455e+00   2.104526e+07   1.000000e+02
1.581973e+00   2.151463e+07   1.000000e+02
1.596626e+00   2.199152e+07   1.000000e+02
1.611414e+00   2.247576e+07   1.000000e+02
1.626340e+00   2.296719e+07   1.000000e+02
1.641403e+00   2.346562e+07   1.000000e+02
1.656606e+00   2.397083e+07   1.000000e+02
1.671950e+00   2.448258e+07   1.000000e+02
1.687436e+00   2.500063e+07   1.000000e+02
1.703065e+00   2.552468e+07   1.000000e+02
1.718839e+00   2.605445e+07   1.000000e+02
1.734759e+00   2.658961e+07   1.000000e+02
1.750827e+00   2.712980e+07   1.000000e+02
1.767044e+00   2.767476e+07   1.000000e+02
1.783410e+00   2.822459e+07   1.000000e+02
1.799929e+00   2.877945e+07   1.000000e+02
1.816600e+00   2.933955e+07   1.000000e+02
1.833425e+00   2.990511e+07   1.000000e+02
1.850407e+00   3.047637e+07   1.000000e+02
1.867546e+00   3.105359e+07   1.000000e+02
1.884843e+00   3.163705e+07   1.000000e+02
1.902301e+00   3.222707e+07   1.000000e+02
1.919921e+00   3.282396e+07   1.000000e+02
1.937703e+00   3.342809e+07   1.000000e+02
1.955651e+00   3.403982e+07   1.000000e+02
1.973764e+00   3.465957e+07   1.000000e+02
1.992046e+00   3.528775e+07   1.000000e+02
2.010496e+00   3.592481e+07   1.000000e+02
2.029118e+00   3.657095e+07   1.000000e+02
2.047912e+00   3.722615e+07   1.000000e+02
2.066880e+00   3.789038e+07   1.000000e+02
2.086024e+00   3.856361e+07   1.000000e+02
2.105345e+00   3.924579e+07   1.000000e+02
2.124845e+00   3.993686e+07   1.000000e+02
2.144526e+00   4.063676e+07   1.000000e+02
2.164389e+00   4.134542e+07   1.000000e+02
2.184436e+00   4.206276e+07   1.000000e+02
2.204669e+00   4.278869e+07   1.000000e+02
2.225089e+00   4.352310e+07   1.000000e+02
2.245698e+00   4.426589e+07   1.000000e+02
2.266498e+00   4.501693e+07   1.000000e+02
2.287491e+00   4.577609e+07   1.000000e+02
2.308678e+00   4.654324e+07   1.000000e+02
2.330061e+00   4.731821e+07   1.000000e+02
2.351643e+00   4.810084e+07   1.000000e+02
2.373424e+00   4.889096e+07   1.000000e+02
2.395407e+00   4.968837e+07   1.000000e+02
2.417594e+00   5.049288e+07   1.000000e+02
2.439986e+00   5.130428e+07   1.000000e+02
2.462586e+00   5.212233e+07   1.000000e+02
2.485395e+00   5.294681e+07   1.000000e+02
2.508415e+00   5.377746e+07   1.000000e+02
2.531648e+00   5.461410e+07   1.000000e+02
2.555097e+00   5.545668e+07   1.000000e+02
2.578763e+00   5.630514e+07   1.000000e+02
2.602648e+00   5.715942e+07   1.000000e+02
2.626754e+00   5.801949e+07   1.000000e+02
2.651084e+00   5.888527e+07   1.000000e+02
2.675638e+00   5.975673e+07   1.000000e+02
2.700421e+00   6.063381e+07   1.000000e+02
2.725433e+00   6.151646e+07   1.000000e+02
2.750676e+00   6.240464e+07   1.000000e+02
2.776153e+00   6.329828e+07   1.000000e+02
2.801867e+00   6.419735e+07   1.000000e+02
2.827818e+00   6.510180e+07   1.000000e+02
2.854010e+00   6.601157e+07   1.000000e+02
2.880444e+00   6.692664e+07   1.000000e+02
2.907123e+00   6.784694e+07   1.000000e+02
2.934050e+00   6.877245e+07   1.000000e+02
2.961225e+00   6.970311e+07   1.000000e+02
2.988653e+00   7.063889e+07   1.000000e+02
3.016334e+00   7.157974e+07   1.000000e+02
3.044272e+00   7.252558e+07   1.000000e+02
3.072469e+00   7.347624e+07   1.000000e+02
3.100927e+00   7.443157e+07   1.000000e+02
3.129648e+00   7.539142e+07   1.000000e+02
3.158635e+00   7.635562e+07   1.000000e+02
3.187891e+00   7.732401e+07   1.000000e+02
3.217418e+00   7.829642e+07   1.000000e+02
3.247218e+00   7.927268e+07   1.000000e+02
3.277295e+00   8.025260e+07   1.000000e+02
3.307650e+00   8.123600e+07   1.000000e+02
3.338286e+00   8.222270e+07   1.000000e+02
3.369206e+00   8.321250e+07   1.000000e+02
3.400412e+00   8.420521e+07   1.000000e+02
3.431907e+00   8.520064e+07   1.000000e+02
3.463694e+00   8.619857e+07   1.000000e+02
3.495776e+00   8.719881e+07   1.000000e+02
3.528154e+00   8.820115e+07   1.000000e+02
3.560833e+00   8.920540e+07   1.000000e+02
3.593814e+00   9.021138e+07   1.000000e+02
3.627100e+00   9.121891e+07   1.000000e+02
3.660695e+00   9.222781e+07   1.000000e+02
3.694601e+00   9.323788e+07   1.000000e+02
3.728821e+00   9.424895e+07   1.000000e+02
3.763358e+00   9.526081e+07   1.000000e+02
3.798215e+00   9.627329e+07   1.000000e+02
3.833395e+00   9.728619e+07   1.000000e+02
3.868901e+00   9.829931e+07   1.000000e+02
3.904735e+00   9.931246e+07   1.000000e+02
3.940902e+00   1.003254e+08   1.000000e+02
3.977403e+00   1.013380e+08   1.000000e+02
4.014242e+00   1.023501e+08   1.000000e+02
4.051423e+00   1.033613e+08   1.000000e+02
4.088948e+00   1.043716e+08   1.000000e+02
4.126821e+00   1.053807e+08   1.000000e+02
4.165044e+00   1.063885e+08   1.000000e+02
4.203622e+00   1.073946e+08   1.000000e+02
4.242556e+00   1.083989e+08   1.000000e+02
4.281852e+00   1.094013e+08   1.000000e+02
4.321511e+00   1.104014e+08   1.000000e+02
4.361538e+00   1.113991e+08   1.000000e+02
4.401935e+00   1.123941e+08   1.000000e+02
4.442707e+00   1.133863e+08   1.000000e+02
4.483856e+00   1.143755e+08   1.000000e+02
4.525386e+00   1.153614e+08   1.000000e+02
4.567301e+00   1.163438e+08   1.000000e+02
4.609604e+00   1.173225e+08   1.000000e+02
4.652300e+00   1.182974e+08   1.000000e+02
4.695390e+00   1.192681e+08   1.000000e+02
4.738880e+00   1.202345e+08   1.000000e+02
4.782772e+00   1.211963e+08   1.000000e+02
4.827071e+00   1.221534e+08   1.000000e+02
4.871780e+00   1.231056e+08   1.000000e+02
4.916904e+00   1.240526e+08   1.000000e+02
4.962445e+00   1.249941e+08   1.000000e+02
5.008408e+00   1.259302e+08   1.000000e+02
5.054797e+00   1.268604e+08   1.000000e+02
5.101615e+00   1.277845e+08   1.000000e+02
5.148867e+00   1.287025e+08   1.000000e+02
5.196557e+00   1.296140e+08   1.000000e+02
5.244689e+00   1.305188e+08   1.000000e+02
5.293266e+00   1.314167e+08   1.000000e+02
5.342293e+00   1.323075e+08   1.000000e+02
5.391775e+00   1.331910e+08   1.000000e+02
5.441714e+00   1.340670e+08   1.000000e+02
5.492116e+00   1.349352e+08   1.000000e+02
5.542986e+00   1.357955e+08   1.000000e+02
5.594326e+00   1.366476e+08   1.000000e+02
5.646141e+00   1.374913e+08   1.000000e+02
5.698437e+00   1.383265e+08   1.000000e+02
5.751217e+00   1.391529e+08   1.000000e+02
5.804486e+00   1.399702e+08   1.000000e+02
5.858248e+00   1.407784e+08   1.000000e+02
5.912508e+00   1.415772e+08   1.000000e+02
5.967271e+00   1.423664e+08   1.000000e+02
6.022541e+00   1.431458e+08   1.000000e+02
6.078323e+00   1.439153e+08   1.000000e+02
6.134622e+00   1.446746e+08   1.000000e+02
6.191442e+00   1.454236e+08   1.000000e+02
6.248788e+00   1.461621e+08   1.000000e+02
6.306666e+00   1.468900e+08   1.000000e+02
6.365079e+00   1.476072e+08   1.000000e+02
6.424034e+00   1.483134e+08   1.000000e+02
6.483534e+00   1.490086e+08   1.000000e+02
6.543586e+00   1.496925e+08   1.000000e+02
6.604194e+00   1.503650e+08   1.000000e+02
6.665363e+00   1.510261e+08   1.000000e+02
6.727099e+00   1.516755e+08   1.000000e+02
6.789407e+00   1.523131e+08   1.000000e+02
6.852292e+00   1.529389e+08   1.000000e+02
6.915759e+00   1.535526e+08   1.000000e+02
6.979814e+00   1.541541e+08   1.000000e+02
7.044462e+00   1.547434e+08   1.000000e+02
7.109709e+00   1.553202e+08   1.000000e+02
7.175561e+00   1.558845e+08   1.000000e+02
7.242022e+00   1.564360e+08   1.000000e+02
7.309099e+00   1.569746e+08   1.000000e+02
7.376798e+00   1.575002e+08   1.000000e+02
7.445123e+00   1.580126e+08   1.000000e+02
7.514081e+00   1.585117e+08   1.000000e+02
7.583678e+00   1.589973e+08   1.000000e+02
7.653919e+00   1.594693e+08   1.000000e+02
7.724811e+00   1.599275e+08   1.000000e+02
7.796360e+00   1.603719e+08   1.000000e+02
7.868572e+00   1.608023e+08   1.000000e+02
7.941452e+00   1.612185e+08   1.000000e+02
8.015007e+00   1.616206e+08   1.000000e+02
8.089243e+00   1.620082e+08   1.000000e+02
8.164168e+00   1.623814e+08   1.000000e+02
8.239786e+00   1.627401e+08   1.000000e+02
8.316104e+00   1.630841e+08   1.000000e+02
8.393129e+00   1.634133e+08   1.000000e+02
8.470868e+00   1.637278e+08   1.000000e+02
8.549327e+00   1.640273e+08   1.000000e+02
8.628513e+00   1.643118e+08   1.000000e+02
8.708431e+00   1.645813e+08   1.000000e+02
8.789091e+00   1.648357e+08   1.000000e+02
8.870497e+00   1.650749e+08   1.000000e+02
8.952657e+00   1.652988e+08   1.000000e+02
9.035578e+00   1.655074e+08   1.000000e+02
9.119268e+00   1.657006e+08   1.000000e+02
9.203732e+00   1.658785e+08   1.000000e+02
9.288979e+00   1.660409e+08   1.000000e+02
9.375015e+00   1.661878e+08   1.000000e+02
9.461848e+00   1.663192e+08   1.000000e+02
9.549486e+00   1.664350e+08   1.000000e+02
9.637935e+00   1.665352e+08   1.000000e+02
9.727203e+00   1.666199e+08   1.000000e+02
9.817298e+00   1.666889e+08   1.000000e+02
9.908228e+00   1.667423e+08   1.000000e+02
1.000000e+01   1.667800e+08   1.000000e+02
