# F19 + n > F20 + g   [F19_n__F20_g]   ref=TALYS2, Koning et al. 2023
# detailed balance: alpha=7.4044e+09 beta=1.5 gamma=-76.6051  Q=6.6013
# T9                 rate                error
1.000000e-03   3.370300e+05   1.000000e+02
1.009262e-03   3.362076e+05   1.000000e+02
1.018610e-03   3.353826e+05   1.000000e+02
1.028045e-03   3.345554e+05   1.000000e+02
1.037567e-03   3.337258e+05   1.000000e+02
1.047177e-03   3.328941e+05   1.000000e+02
1.056876e-03   3.320603e+05   1.000000e+02
1.066665e-03   3.312244e+05   1.000000e+02
1.076545e-03   3.303867e+05   1.000000e+02
1.086516e-03   3.295471e+05   1.000000e+02
1.096579e-03   3.287058e+05   1.000000e+02
1.106736e-03   3.278628e+05   1.000000e+02
1.116987e-03   3.270182e+05   1.000000e+02
1.127333e-03   3.261722e+05   1.000000e+02
1.137774e-03   3.253247e+05   1.000000e+02
1.148312e-03   3.244760e+05   1.000000e+02
1.158948e-03   3.236260e+05   1.000000e+02
1.169683e-03   3.227749e+05   1.000000e+02
1.180517e-03   3.219226e+05   1.000000e+02
1.191451e-03   3.210694e+05   1.000000e+02
1.202486e-03   3.202153e+05   1.000000e+02
1.213624e-03   3.193604e+05   1.000000e+02
1.224865e-03   3.185048e+05   1.000000e+02
1.236210e-03   3.176484e+05   1.000000e+02
1.247660e-03   3.167915e+05   1.000000e+02
1.259216e-03   3.159340e+05   1.000000e+02
1.270879e-03   3.150762e+05   1.000000e+02
1.282650e-03   3.142179e+05   1.000000e+02
1.294530e-03   3.133594e+05   1.000000e+02
1.306520e-03   3.125006e+05   1.000000e+02
1.318621e-03   3.116418e+05   1.000000e+02
1.330835e-03   3.107828e+05   1.000000e+02
1.343161e-03   3.099239e+05   1.000000e+02
1.355602e-03   3.090651e+05   1.000000e+02
1.368158e-03   3.082064e+05   1.000000e+02
1.380830e-03   3.073479e+05   1.000000e+02
1.393619e-03   3.064897e+05   1.000000e+02
1.406527e-03   3.056319e+05   1.000000e+02
1.419555e-03   3.047745e+05   1.000000e+02
1.432703e-03   3.039176e+05   1.000000e+02
1.445973e-03   3.030613e+05   1.000000e+02
1.459366e-03   3.022056e+05   1.000000e+02
1.472883e-03   3.013506e+05   1.000000e+02
1.486525e-03   3.004963e+05   1.000000e+02
1.500293e-03   2.996429e+05   1.000000e+02
1.514189e-03   2.987904e+05   1.000000e+02
1.528214e-03   2.979388e+05   1.000000e+02
1.542369e-03   2.970882e+05   1.000000e+02
1.556654e-03   2.962387e+05   1.000000e+02
1.571072e-03   2.953904e+05   1.000000e+02
1.585624e-03   2.945432e+05   1.000000e+02
1.600310e-03   2.936973e+05   1.000000e+02
1.615133e-03   2.928527e+05   1.000000e+02
1.630092e-03   2.920095e+05   1.000000e+02
1.645191e-03   2.911677e+05   1.000000e+02
1.660429e-03   2.903274e+05   1.000000e+02
1.675808e-03   2.894886e+05   1.000000e+02
1.691330e-03   2.886515e+05   1.000000e+02
1.706995e-03   2.878160e+05   1.000000e+02
1.722805e-03   2.869822e+05   1.000000e+02
1.738762e-03   2.861502e+05   1.000000e+02
1.754867e-03   2.853199e+05   1.000000e+02
1.771121e-03   2.844916e+05   1.000000e+02
1.787526e-03   2.836651e+05   1.000000e+02
1.804082e-03   2.828407e+05   1.000000e+02
1.820792e-03   2.820182e+05   1.000000e+02
1.837656e-03   2.811978e+05   1.000000e+02
1.854677e-03   2.803796e+05   1.000000e+02
1.871855e-03   2.795635e+05   1.000000e+02
1.889193e-03   2.787496e+05   1.000000e+02
1.906691e-03   2.779380e+05   1.000000e+02
1.924351e-03   2.771287e+05   1.000000e+02
1.942175e-03   2.763217e+05   1.000000e+02
1.960163e-03   2.755172e+05   1.000000e+02
1.978319e-03   2.747151e+05   1.000000e+02
1.996642e-03   2.739155e+05   1.000000e+02
2.015136e-03   2.731184e+05   1.000000e+02
2.033800e-03   2.723239e+05   1.000000e+02
2.052638e-03   2.715320e+05   1.000000e+02
2.071650e-03   2.707428e+05   1.000000e+02
2.090838e-03   2.699562e+05   1.000000e+02
2.110203e-03   2.691725e+05   1.000000e+02
2.129749e-03   2.683915e+05   1.000000e+02
2.149475e-03   2.676133e+05   1.000000e+02
2.169384e-03   2.668380e+05   1.000000e+02
2.189477e-03   2.660656e+05   1.000000e+02
2.209756e-03   2.652961e+05   1.000000e+02
2.230223e-03   2.645296e+05   1.000000e+02
2.250880e-03   2.637662e+05   1.000000e+02
2.271728e-03   2.630058e+05   1.000000e+02
2.292769e-03   2.622484e+05   1.000000e+02
2.314005e-03   2.614942e+05   1.000000e+02
2.335438e-03   2.607432e+05   1.000000e+02
2.357069e-03   2.599953e+05   1.000000e+02
2.378901e-03   2.592507e+05   1.000000e+02
2.400935e-03   2.585094e+05   1.000000e+02
2.423173e-03   2.577713e+05   1.000000e+02
2.445617e-03   2.570366e+05   1.000000e+02
2.468268e-03   2.563052e+05   1.000000e+02
2.491130e-03   2.555772e+05   1.000000e+02
2.514203e-03   2.548526e+05   1.000000e+02
2.537490e-03   2.541315e+05   1.000000e+02
2.560993e-03   2.534139e+05   1.000000e+02
2.584714e-03   2.526998e+05   1.000000e+02
2.608654e-03   2.519892e+05   1.000000e+02
2.632815e-03   2.512822e+05   1.000000e+02
2.657201e-03   2.505789e+05   1.000000e+02
2.681813e-03   2.498791e+05   1.000000e+02
2.706652e-03   2.491830e+05   1.000000e+02
2.731722e-03   2.484906e+05   1.000000e+02
2.757023e-03   2.478019e+05   1.000000e+02
2.782559e-03   2.471169e+05   1.000000e+02
2.808332e-03   2.464357e+05   1.000000e+02
2.834343e-03   2.457583e+05   1.000000e+02
2.860596e-03   2.450847e+05   1.000000e+02
2.887091e-03   2.444150e+05   1.000000e+02
2.913832e-03   2.437491e+05   1.000000e+02
2.940820e-03   2.430872e+05   1.000000e+02
2.968059e-03   2.424291e+05   1.000000e+02
2.995549e-03   2.417750e+05   1.000000e+02
3.023295e-03   2.411250e+05   1.000000e+02
3.051297e-03   2.404805e+05   1.000000e+02
3.079559e-03   2.398432e+05   1.000000e+02
3.108082e-03   2.392149e+05   1.000000e+02
3.136870e-03   2.385973e+05   1.000000e+02
3.165924e-03   2.379922e+05   1.000000e+02
3.195248e-03   2.374012e+05   1.000000e+02
3.224842e-03   2.368260e+05   1.000000e+02
3.254712e-03   2.362683e+05   1.000000e+02
3.284857e-03   2.357298e+05   1.000000e+02
3.315282e-03   2.352120e+05   1.000000e+02
3.345989e-03   2.347167e+05   1.000000e+02
3.376980e-03   2.342454e+05   1.000000e+02
3.408259e-03   2.337998e+05   1.000000e+02
3.439826e-03   2.333815e+05   1.000000e+02
3.471687e-03   2.329920e+05   1.000000e+02
3.503842e-03   2.326331e+05   1.000000e+02
3.536296e-03   2.323062e+05   1.000000e+02
3.569049e-03   2.320131e+05   1.000000e+02
3.602107e-03   2.317553e+05   1.000000e+02
3.635470e-03   2.315345e+05   1.000000e+02
3.669142e-03   2.313523e+05   1.000000e+02
3.703127e-03   2.312103e+05   1.000000e+02
3.737426e-03   2.311103e+05   1.000000e+02
3.772042e-03   2.310538e+05   1.000000e+02
3.806980e-03   2.310426e+05   1.000000e+02
3.842241e-03   2.310785e+05   1.000000e+02
3.877828e-03   2.311631e+05   1.000000e+02
3.913746e-03   2.312983e+05   1.000000e+02
3.949995e-03   2.314860e+05   1.000000e+02
3.986581e-03   2.317279e+05   1.000000e+02
4.023506e-03   2.320258e+05   1.000000e+02
4.060772e-03   2.323768e+05   1.000000e+02
4.098384e-03   2.327755e+05   1.000000e+02
4.136344e-03   2.332161e+05   1.000000e+02
4.174655e-03   2.336929e+05   1.000000e+02
4.213322e-03   2.342001e+05   1.000000e+02
4.252346e-03   2.347321e+05   1.000000e+02
4.291732e-03   2.352829e+05   1.000000e+02
4.331483e-03   2.358467e+05   1.000000e+02
4.371602e-03   2.364175e+05   1.000000e+02
4.412093e-03   2.369894e+05   1.000000e+02
4.452959e-03   2.375564e+05   1.000000e+02
4.494203e-03   2.381122e+05   1.000000e+02
4.535829e-03   2.386509e+05   1.000000e+02
4.577841e-03   2.391660e+05   1.000000e+02
4.620241e-03   2.396515e+05   1.000000e+02
4.663035e-03   2.401010e+05   1.000000e+02
4.706225e-03   2.405081e+05   1.000000e+02
4.749815e-03   2.408666e+05   1.000000e+02
4.793808e-03   2.411700e+05   1.000000e+02
4.838210e-03   2.414120e+05   1.000000e+02
4.883022e-03   2.415864e+05   1.000000e+02
4.928250e-03   2.416867e+05   1.000000e+02
4.973896e-03   2.417067e+05   1.000000e+02
5.019965e-03   2.416405e+05   1.000000e+02
5.066461e-03   2.414872e+05   1.000000e+02
5.113388e-03   2.412525e+05   1.000000e+02
5.160749e-03   2.409424e+05   1.000000e+02
5.208549e-03   2.405628e+05   1.000000e+02
5.256791e-03   2.401199e+05   1.000000e+02
5.305481e-03   2.396196e+05   1.000000e+02
5.354621e-03   2.390681e+05   1.000000e+02
5.404216e-03   2.384714e+05   1.000000e+02
5.454271e-03   2.378355e+05   1.000000e+02
5.504790e-03   2.371664e+05   1.000000e+02
5.555776e-03   2.364700e+05   1.000000e+02
5.607235e-03   2.357523e+05   1.000000e+02
5.659170e-03   2.350189e+05   1.000000e+02
5.711586e-03   2.342757e+05   1.000000e+02
5.764488e-03   2.335283e+05   1.000000e+02
5.817880e-03   2.327824e+05   1.000000e+02
5.871766e-03   2.320434e+05   1.000000e+02
5.926152e-03   2.313169e+05   1.000000e+02
5.981041e-03   2.306082e+05   1.000000e+02
6.036439e-03   2.299223e+05   1.000000e+02
6.092349e-03   2.292601e+05   1.000000e+02
6.148778e-03   2.286196e+05   1.000000e+02
6.205729e-03   2.279990e+05   1.000000e+02
6.263207e-03   2.273962e+05   1.000000e+02
6.321218e-03   2.268094e+05   1.000000e+02
6.379767e-03   2.262368e+05   1.000000e+02
6.438857e-03   2.256765e+05   1.000000e+02
6.498495e-03   2.251268e+05   1.000000e+02
6.558686e-03   2.245857e+05   1.000000e+02
6.619433e-03   2.240515e+05   1.000000e+02
6.680744e-03   2.235224e+05   1.000000e+02
6.742622e-03   2.229968e+05   1.000000e+02
6.805074e-03   2.224728e+05   1.000000e+02
6.868104e-03   2.219487e+05   1.000000e+02
6.931717e-03   2.214229e+05   1.000000e+02
6.995920e-03   2.208936e+05   1.000000e+02
7.060718e-03   2.203596e+05   1.000000e+02
7.126115e-03   2.198209e+05   1.000000e+02
7.192119e-03   2.192784e+05   1.000000e+02
7.258734e-03   2.187327e+05   1.000000e+02
7.325965e-03   2.181844e+05   1.000000e+02
7.393820e-03   2.176343e+05   1.000000e+02
7.462303e-03   2.170830e+05   1.000000e+02
7.531420e-03   2.165311e+05   1.000000e+02
7.601178e-03   2.159794e+05   1.000000e+02
7.671581e-03   2.154284e+05   1.000000e+02
7.742637e-03   2.148788e+05   1.000000e+02
7.814351e-03   2.143312e+05   1.000000e+02
7.886729e-03   2.137862e+05   1.000000e+02
7.959777e-03   2.132446e+05   1.000000e+02
8.033502e-03   2.127067e+05   1.000000e+02
8.107910e-03   2.121732e+05   1.000000e+02
8.183007e-03   2.116443e+05   1.000000e+02
8.258799e-03   2.111201e+05   1.000000e+02
8.335294e-03   2.106011e+05   1.000000e+02
8.412497e-03   2.100873e+05   1.000000e+02
8.490415e-03   2.095791e+05   1.000000e+02
8.569055e-03   2.090767e+05   1.000000e+02
8.648423e-03   2.085803e+05   1.000000e+02
8.728527e-03   2.080902e+05   1.000000e+02
8.809372e-03   2.076066e+05   1.000000e+02
8.890966e-03   2.071297e+05   1.000000e+02
8.973316e-03   2.066598e+05   1.000000e+02
9.056428e-03   2.061970e+05   1.000000e+02
9.140311e-03   2.057407e+05   1.000000e+02
9.224970e-03   2.052898e+05   1.000000e+02
9.310413e-03   2.048433e+05   1.000000e+02
9.396648e-03   2.043999e+05   1.000000e+02
9.483682e-03   2.039587e+05   1.000000e+02
9.571522e-03   2.035185e+05   1.000000e+02
9.660175e-03   2.030783e+05   1.000000e+02
9.749649e-03   2.026371e+05   1.000000e+02
9.839952e-03   2.021939e+05   1.000000e+02
9.931092e-03   2.017475e+05   1.000000e+02
1.002308e-02   2.012969e+05   1.000000e+02
1.011591e-02   2.008417e+05   1.000000e+02
1.020961e-02   2.003821e+05   1.000000e+02
1.030417e-02   1.999184e+05   1.000000e+02
1.039961e-02   1.994511e+05   1.000000e+02
1.049593e-02   1.989806e+05   1.000000e+02
1.059315e-02   1.985072e+05   1.000000e+02
1.069126e-02   1.980312e+05   1.000000e+02
1.079029e-02   1.975532e+05   1.000000e+02
1.089023e-02   1.970735e+05   1.000000e+02
1.099110e-02   1.965923e+05   1.000000e+02
1.109290e-02   1.961101e+05   1.000000e+02
1.119564e-02   1.956267e+05   1.000000e+02
1.129934e-02   1.951422e+05   1.000000e+02
1.140400e-02   1.946562e+05   1.000000e+02
1.150962e-02   1.941687e+05   1.000000e+02
1.161623e-02   1.936795e+05   1.000000e+02
1.172382e-02   1.931886e+05   1.000000e+02
1.183241e-02   1.926958e+05   1.000000e+02
1.194200e-02   1.922009e+05   1.000000e+02
1.205261e-02   1.917039e+05   1.000000e+02
1.216424e-02   1.912047e+05   1.000000e+02
1.227691e-02   1.907034e+05   1.000000e+02
1.239062e-02   1.902000e+05   1.000000e+02
1.250539e-02   1.896948e+05   1.000000e+02
1.262121e-02   1.891877e+05   1.000000e+02
1.273811e-02   1.886789e+05   1.000000e+02
1.285610e-02   1.881684e+05   1.000000e+02
1.297517e-02   1.876564e+05   1.000000e+02
1.309535e-02   1.871428e+05   1.000000e+02
1.321664e-02   1.866278e+05   1.000000e+02
1.333906e-02   1.861114e+05   1.000000e+02
1.346261e-02   1.855935e+05   1.000000e+02
1.358730e-02   1.850743e+05   1.000000e+02
1.371315e-02   1.845538e+05   1.000000e+02
1.384016e-02   1.840318e+05   1.000000e+02
1.396835e-02   1.835086e+05   1.000000e+02
1.409773e-02   1.829841e+05   1.000000e+02
1.422830e-02   1.824583e+05   1.000000e+02
1.436009e-02   1.819312e+05   1.000000e+02
1.449310e-02   1.814028e+05   1.000000e+02
1.462733e-02   1.808729e+05   1.000000e+02
1.476281e-02   1.803417e+05   1.000000e+02
1.489955e-02   1.798091e+05   1.000000e+02
1.503755e-02   1.792750e+05   1.000000e+02
1.517683e-02   1.787395e+05   1.000000e+02
1.531740e-02   1.782028e+05   1.000000e+02
1.545928e-02   1.776648e+05   1.000000e+02
1.560246e-02   1.771257e+05   1.000000e+02
1.574698e-02   1.765857e+05   1.000000e+02
1.589283e-02   1.760448e+05   1.000000e+02
1.604003e-02   1.755031e+05   1.000000e+02
1.618860e-02   1.749608e+05   1.000000e+02
1.633854e-02   1.744178e+05   1.000000e+02
1.648987e-02   1.738742e+05   1.000000e+02
1.664260e-02   1.733299e+05   1.000000e+02
1.679675e-02   1.727851e+05   1.000000e+02
1.695232e-02   1.722397e+05   1.000000e+02
1.710934e-02   1.716938e+05   1.000000e+02
1.726781e-02   1.711474e+05   1.000000e+02
1.742775e-02   1.706004e+05   1.000000e+02
1.758917e-02   1.700530e+05   1.000000e+02
1.775208e-02   1.695050e+05   1.000000e+02
1.791650e-02   1.689567e+05   1.000000e+02
1.808245e-02   1.684079e+05   1.000000e+02
1.824993e-02   1.678588e+05   1.000000e+02
1.841897e-02   1.673092e+05   1.000000e+02
1.858957e-02   1.667594e+05   1.000000e+02
1.876175e-02   1.662092e+05   1.000000e+02
1.893552e-02   1.656588e+05   1.000000e+02
1.911091e-02   1.651082e+05   1.000000e+02
1.928792e-02   1.645573e+05   1.000000e+02
1.946656e-02   1.640063e+05   1.000000e+02
1.964687e-02   1.634552e+05   1.000000e+02
1.982884e-02   1.629040e+05   1.000000e+02
2.001250e-02   1.623526e+05   1.000000e+02
2.019786e-02   1.618013e+05   1.000000e+02
2.038493e-02   1.612501e+05   1.000000e+02
2.057374e-02   1.606991e+05   1.000000e+02
2.076430e-02   1.601485e+05   1.000000e+02
2.095662e-02   1.595984e+05   1.000000e+02
2.115073e-02   1.590490e+05   1.000000e+02
2.134663e-02   1.585003e+05   1.000000e+02
2.154435e-02   1.579526e+05   1.000000e+02
2.174389e-02   1.574058e+05   1.000000e+02
2.194529e-02   1.568603e+05   1.000000e+02
2.214855e-02   1.563160e+05   1.000000e+02
2.235370e-02   1.557731e+05   1.000000e+02
2.256074e-02   1.552317e+05   1.000000e+02
2.276970e-02   1.546920e+05   1.000000e+02
2.298060e-02   1.541541e+05   1.000000e+02
2.319345e-02   1.536180e+05   1.000000e+02
2.340827e-02   1.530839e+05   1.000000e+02
2.362508e-02   1.525518e+05   1.000000e+02
2.384390e-02   1.520220e+05   1.000000e+02
2.406475e-02   1.514946e+05   1.000000e+02
2.428764e-02   1.509695e+05   1.000000e+02
2.451260e-02   1.504469e+05   1.000000e+02
2.473964e-02   1.499270e+05   1.000000e+02
2.496878e-02   1.494099e+05   1.000000e+02
2.520005e-02   1.488955e+05   1.000000e+02
2.543346e-02   1.483839e+05   1.000000e+02
2.566903e-02   1.478748e+05   1.000000e+02
2.590678e-02   1.473683e+05   1.000000e+02
2.614673e-02   1.468640e+05   1.000000e+02
2.638891e-02   1.463620e+05   1.000000e+02
2.663333e-02   1.458620e+05   1.000000e+02
2.688001e-02   1.453641e+05   1.000000e+02
2.712898e-02   1.448679e+05   1.000000e+02
2.738025e-02   1.443734e+05   1.000000e+02
2.763385e-02   1.438805e+05   1.000000e+02
2.788980e-02   1.433891e+05   1.000000e+02
2.814812e-02   1.428991e+05   1.000000e+02
2.840884e-02   1.424103e+05   1.000000e+02
2.867196e-02   1.419226e+05   1.000000e+02
2.893753e-02   1.414359e+05   1.000000e+02
2.920556e-02   1.409501e+05   1.000000e+02
2.947606e-02   1.404651e+05   1.000000e+02
2.974908e-02   1.399807e+05   1.000000e+02
3.002462e-02   1.394970e+05   1.000000e+02
3.030271e-02   1.390139e+05   1.000000e+02
3.058338e-02   1.385319e+05   1.000000e+02
3.086665e-02   1.380519e+05   1.000000e+02
3.115254e-02   1.375744e+05   1.000000e+02
3.144108e-02   1.371000e+05   1.000000e+02
3.173230e-02   1.366294e+05   1.000000e+02
3.202621e-02   1.361632e+05   1.000000e+02
3.232284e-02   1.357021e+05   1.000000e+02
3.262222e-02   1.352466e+05   1.000000e+02
3.292437e-02   1.347974e+05   1.000000e+02
3.322933e-02   1.343550e+05   1.000000e+02
3.353710e-02   1.339200e+05   1.000000e+02
3.384773e-02   1.334930e+05   1.000000e+02
3.416123e-02   1.330746e+05   1.000000e+02
3.447764e-02   1.326653e+05   1.000000e+02
3.479698e-02   1.322657e+05   1.000000e+02
3.511928e-02   1.318763e+05   1.000000e+02
3.544456e-02   1.314978e+05   1.000000e+02
3.577285e-02   1.311305e+05   1.000000e+02
3.610419e-02   1.307752e+05   1.000000e+02
3.643859e-02   1.304322e+05   1.000000e+02
3.677609e-02   1.301021e+05   1.000000e+02
3.711672e-02   1.297856e+05   1.000000e+02
3.746050e-02   1.294830e+05   1.000000e+02
3.780747e-02   1.291949e+05   1.000000e+02
3.815765e-02   1.289219e+05   1.000000e+02
3.851107e-02   1.286644e+05   1.000000e+02
3.886777e-02   1.284230e+05   1.000000e+02
3.922777e-02   1.281982e+05   1.000000e+02
3.959110e-02   1.279906e+05   1.000000e+02
3.995780e-02   1.278006e+05   1.000000e+02
4.032790e-02   1.276286e+05   1.000000e+02
4.070142e-02   1.274732e+05   1.000000e+02
4.107841e-02   1.273327e+05   1.000000e+02
4.145888e-02   1.272054e+05   1.000000e+02
4.184289e-02   1.270895e+05   1.000000e+02
4.223044e-02   1.269832e+05   1.000000e+02
4.262159e-02   1.268848e+05   1.000000e+02
4.301636e-02   1.267925e+05   1.000000e+02
4.341478e-02   1.267047e+05   1.000000e+02
4.381690e-02   1.266197e+05   1.000000e+02
4.422274e-02   1.265356e+05   1.000000e+02
4.463234e-02   1.264508e+05   1.000000e+02
4.504573e-02   1.263637e+05   1.000000e+02
4.546295e-02   1.262725e+05   1.000000e+02
4.588404e-02   1.261754e+05   1.000000e+02
4.630903e-02   1.260709e+05   1.000000e+02
4.673795e-02   1.259572e+05   1.000000e+02
4.717085e-02   1.258327e+05   1.000000e+02
4.760775e-02   1.256957e+05   1.000000e+02
4.804870e-02   1.255445e+05   1.000000e+02
4.849374e-02   1.253776e+05   1.000000e+02
4.894290e-02   1.251932e+05   1.000000e+02
4.939622e-02   1.249898e+05   1.000000e+02
4.985373e-02   1.247658e+05   1.000000e+02
5.031549e-02   1.245197e+05   1.000000e+02
5.078152e-02   1.242521e+05   1.000000e+02
5.125187e-02   1.239647e+05   1.000000e+02
5.172657e-02   1.236591e+05   1.000000e+02
5.220568e-02   1.233369e+05   1.000000e+02
5.268921e-02   1.229997e+05   1.000000e+02
5.317723e-02   1.226494e+05   1.000000e+02
5.366977e-02   1.222874e+05   1.000000e+02
5.416687e-02   1.219154e+05   1.000000e+02
5.466857e-02   1.215349e+05   1.000000e+02
5.517492e-02   1.211476e+05   1.000000e+02
5.568596e-02   1.207550e+05   1.000000e+02
5.620174e-02   1.203587e+05   1.000000e+02
5.672229e-02   1.199602e+05   1.000000e+02
5.724766e-02   1.195609e+05   1.000000e+02
5.777790e-02   1.191624e+05   1.000000e+02
5.831305e-02   1.187661e+05   1.000000e+02
5.885316e-02   1.183736e+05   1.000000e+02
5.939827e-02   1.179861e+05   1.000000e+02
5.994843e-02   1.176052e+05   1.000000e+02
6.050368e-02   1.172319e+05   1.000000e+02
6.106408e-02   1.168663e+05   1.000000e+02
6.162966e-02   1.165079e+05   1.000000e+02
6.220049e-02   1.161564e+05   1.000000e+02
6.277660e-02   1.158113e+05   1.000000e+02
6.335805e-02   1.154723e+05   1.000000e+02
6.394488e-02   1.151390e+05   1.000000e+02
6.453715e-02   1.148109e+05   1.000000e+02
6.513491e-02   1.144877e+05   1.000000e+02
6.573820e-02   1.141691e+05   1.000000e+02
6.634708e-02   1.138546e+05   1.000000e+02
6.696160e-02   1.135439e+05   1.000000e+02
6.758181e-02   1.132366e+05   1.000000e+02
6.820777e-02   1.129324e+05   1.000000e+02
6.883952e-02   1.126309e+05   1.000000e+02
6.947713e-02   1.123318e+05   1.000000e+02
7.012064e-02   1.120346e+05   1.000000e+02
7.077011e-02   1.117393e+05   1.000000e+02
7.142559e-02   1.114459e+05   1.000000e+02
7.208715e-02   1.111545e+05   1.000000e+02
7.275484e-02   1.108652e+05   1.000000e+02
7.342870e-02   1.105782e+05   1.000000e+02
7.410882e-02   1.102935e+05   1.000000e+02
7.479523e-02   1.100114e+05   1.000000e+02
7.548799e-02   1.097319e+05   1.000000e+02
7.618718e-02   1.094552e+05   1.000000e+02
7.689284e-02   1.091813e+05   1.000000e+02
7.760503e-02   1.089104e+05   1.000000e+02
7.832383e-02   1.086427e+05   1.000000e+02
7.904928e-02   1.083781e+05   1.000000e+02
7.978145e-02   1.081169e+05   1.000000e+02
8.052040e-02   1.078591e+05   1.000000e+02
8.126619e-02   1.076054e+05   1.000000e+02
8.201889e-02   1.073566e+05   1.000000e+02
8.277857e-02   1.071134e+05   1.000000e+02
8.354528e-02   1.068768e+05   1.000000e+02
8.431909e-02   1.066474e+05   1.000000e+02
8.510007e-02   1.064260e+05   1.000000e+02
8.588829e-02   1.062135e+05   1.000000e+02
8.668380e-02   1.060107e+05   1.000000e+02
8.748668e-02   1.058182e+05   1.000000e+02
8.829700e-02   1.056368e+05   1.000000e+02
8.911482e-02   1.054675e+05   1.000000e+02
8.994022e-02   1.053108e+05   1.000000e+02
9.077327e-02   1.051671e+05   1.000000e+02
9.161402e-02   1.050342e+05   1.000000e+02
9.246257e-02   1.049092e+05   1.000000e+02
9.331898e-02   1.047892e+05   1.000000e+02
9.418332e-02   1.046713e+05   1.000000e+02
9.505566e-02   1.045527e+05   1.000000e+02
9.593608e-02   1.044305e+05   1.000000e+02
9.682466e-02   1.043018e+05   1.000000e+02
9.772147e-02   1.041638e+05   1.000000e+02
9.862658e-02   1.040138e+05   1.000000e+02
9.954008e-02   1.038489e+05   1.000000e+02
1.004620e-01   1.036665e+05   1.000000e+02
1.013925e-01   1.034664e+05   1.000000e+02
1.023317e-01   1.032511e+05   1.000000e+02
1.032795e-01   1.030232e+05   1.000000e+02
1.042361e-01   1.027850e+05   1.000000e+02
1.052015e-01   1.025392e+05   1.000000e+02
1.061759e-01   1.022882e+05   1.000000e+02
1.071593e-01   1.020343e+05   1.000000e+02
1.081519e-01   1.017801e+05   1.000000e+02
1.091536e-01   1.015280e+05   1.000000e+02
1.101646e-01   1.012802e+05   1.000000e+02
1.111850e-01   1.010384e+05   1.000000e+02
1.122148e-01   1.008022e+05   1.000000e+02
1.132541e-01   1.005708e+05   1.000000e+02
1.143031e-01   1.003435e+05   1.000000e+02
1.153618e-01   1.001197e+05   1.000000e+02
1.164303e-01   9.989874e+04   1.000000e+02
1.175087e-01   9.967984e+04   1.000000e+02
1.185971e-01   9.946236e+04   1.000000e+02
1.196956e-01   9.924566e+04   1.000000e+02
1.208042e-01   9.902912e+04   1.000000e+02
1.219231e-01   9.881267e+04   1.000000e+02
1.230524e-01   9.859654e+04   1.000000e+02
1.241921e-01   9.838096e+04   1.000000e+02
1.253424e-01   9.816616e+04   1.000000e+02
1.265034e-01   9.795235e+04   1.000000e+02
1.276751e-01   9.773976e+04   1.000000e+02
1.288576e-01   9.752860e+04   1.000000e+02
1.300511e-01   9.731910e+04   1.000000e+02
1.312557e-01   9.711149e+04   1.000000e+02
1.324714e-01   9.690606e+04   1.000000e+02
1.336984e-01   9.670311e+04   1.000000e+02
1.349367e-01   9.650295e+04   1.000000e+02
1.361865e-01   9.630588e+04   1.000000e+02
1.374479e-01   9.611220e+04   1.000000e+02
1.387210e-01   9.592220e+04   1.000000e+02
1.400058e-01   9.573617e+04   1.000000e+02
1.413026e-01   9.555416e+04   1.000000e+02
1.426114e-01   9.537526e+04   1.000000e+02
1.439323e-01   9.519832e+04   1.000000e+02
1.452654e-01   9.502220e+04   1.000000e+02
1.466109e-01   9.484579e+04   1.000000e+02
1.479688e-01   9.466795e+04   1.000000e+02
1.493393e-01   9.448758e+04   1.000000e+02
1.507225e-01   9.430362e+04   1.000000e+02
1.521186e-01   9.411594e+04   1.000000e+02
1.535275e-01   9.392528e+04   1.000000e+02
1.549495e-01   9.373241e+04   1.000000e+02
1.563847e-01   9.353809e+04   1.000000e+02
1.578331e-01   9.334308e+04   1.000000e+02
1.592950e-01   9.314813e+04   1.000000e+02
1.607704e-01   9.295397e+04   1.000000e+02
1.622595e-01   9.276096e+04   1.000000e+02
1.637624e-01   9.256911e+04   1.000000e+02
1.652792e-01   9.237842e+04   1.000000e+02
1.668101e-01   9.218890e+04   1.000000e+02
1.683551e-01   9.200054e+04   1.000000e+02
1.699144e-01   9.181334e+04   1.000000e+02
1.714882e-01   9.162730e+04   1.000000e+02
1.730766e-01   9.144244e+04   1.000000e+02
1.746796e-01   9.125874e+04   1.000000e+02
1.762975e-01   9.107620e+04   1.000000e+02
1.779304e-01   9.089484e+04   1.000000e+02
1.795785e-01   9.071464e+04   1.000000e+02
1.812418e-01   9.053560e+04   1.000000e+02
1.829205e-01   9.035765e+04   1.000000e+02
1.846147e-01   9.018065e+04   1.000000e+02
1.863246e-01   9.000450e+04   1.000000e+02
1.880504e-01   8.982907e+04   1.000000e+02
1.897922e-01   8.965426e+04   1.000000e+02
1.915501e-01   8.947994e+04   1.000000e+02
1.933242e-01   8.930601e+04   1.000000e+02
1.951148e-01   8.913235e+04   1.000000e+02
1.969220e-01   8.895884e+04   1.000000e+02
1.987460e-01   8.878537e+04   1.000000e+02
2.005868e-01   8.861185e+04   1.000000e+02
2.024447e-01   8.843818e+04   1.000000e+02
2.043197e-01   8.826438e+04   1.000000e+02
2.062122e-01   8.809042e+04   1.000000e+02
2.081222e-01   8.791632e+04   1.000000e+02
2.100498e-01   8.774206e+04   1.000000e+02
2.119953e-01   8.756765e+04   1.000000e+02
2.139589e-01   8.739308e+04   1.000000e+02
2.159406e-01   8.721835e+04   1.000000e+02
2.179407e-01   8.704345e+04   1.000000e+02
2.199593e-01   8.686839e+04   1.000000e+02
2.219966e-01   8.669316e+04   1.000000e+02
2.240528e-01   8.651776e+04   1.000000e+02
2.261280e-01   8.634218e+04   1.000000e+02
2.282224e-01   8.616643e+04   1.000000e+02
2.303363e-01   8.599049e+04   1.000000e+02
2.324697e-01   8.581438e+04   1.000000e+02
2.346229e-01   8.563808e+04   1.000000e+02
2.367960e-01   8.546160e+04   1.000000e+02
2.389893e-01   8.528492e+04   1.000000e+02
2.412028e-01   8.510806e+04   1.000000e+02
2.434369e-01   8.493100e+04   1.000000e+02
2.456916e-01   8.475375e+04   1.000000e+02
2.479673e-01   8.457630e+04   1.000000e+02
2.502640e-01   8.439865e+04   1.000000e+02
2.525820e-01   8.422079e+04   1.000000e+02
2.549215e-01   8.404266e+04   1.000000e+02
2.572826e-01   8.386422e+04   1.000000e+02
2.596656e-01   8.368541e+04   1.000000e+02
2.620707e-01   8.350617e+04   1.000000e+02
2.644980e-01   8.332645e+04   1.000000e+02
2.669478e-01   8.314621e+04   1.000000e+02
2.694204e-01   8.296538e+04   1.000000e+02
2.719158e-01   8.278392e+04   1.000000e+02
2.744343e-01   8.260178e+04   1.000000e+02
2.769762e-01   8.241890e+04   1.000000e+02
2.795416e-01   8.223524e+04   1.000000e+02
2.821308e-01   8.205074e+04   1.000000e+02
2.847439e-01   8.186536e+04   1.000000e+02
2.873813e-01   8.167906e+04   1.000000e+02
2.900430e-01   8.149177e+04   1.000000e+02
2.927295e-01   8.130346e+04   1.000000e+02
2.954408e-01   8.111407e+04   1.000000e+02
2.981772e-01   8.092357e+04   1.000000e+02
3.009390e-01   8.073190e+04   1.000000e+02
3.037264e-01   8.053904e+04   1.000000e+02
3.065395e-01   8.034498e+04   1.000000e+02
3.093788e-01   8.014972e+04   1.000000e+02
3.122443e-01   7.995325e+04   1.000000e+02
3.151363e-01   7.975557e+04   1.000000e+02
3.180552e-01   7.955669e+04   1.000000e+02
3.210011e-01   7.935659e+04   1.000000e+02
3.239743e-01   7.915527e+04   1.000000e+02
3.269750e-01   7.895274e+04   1.000000e+02
3.300035e-01   7.874899e+04   1.000000e+02
3.330600e-01   7.854401e+04   1.000000e+02
3.361449e-01   7.833781e+04   1.000000e+02
3.392583e-01   7.813039e+04   1.000000e+02
3.424006e-01   7.792174e+04   1.000000e+02
3.455720e-01   7.771186e+04   1.000000e+02
3.487727e-01   7.750075e+04   1.000000e+02
3.520031e-01   7.728842e+04   1.000000e+02
3.552635e-01   7.707480e+04   1.000000e+02
3.585540e-01   7.685985e+04   1.000000e+02
3.618750e-01   7.664349e+04   1.000000e+02
3.652267e-01   7.642565e+04   1.000000e+02
3.686095e-01   7.620626e+04   1.000000e+02
3.720237e-01   7.598527e+04   1.000000e+02
3.754694e-01   7.576260e+04   1.000000e+02
3.789471e-01   7.553820e+04   1.000000e+02
3.824570e-01   7.531199e+04   1.000000e+02
3.859994e-01   7.508393e+04   1.000000e+02
3.895746e-01   7.485394e+04   1.000000e+02
3.931829e-01   7.462198e+04   1.000000e+02
3.968246e-01   7.438798e+04   1.000000e+02
4.005001e-01   7.415188e+04   1.000000e+02
4.042096e-01   7.391366e+04   1.000000e+02
4.079535e-01   7.367335e+04   1.000000e+02
4.117320e-01   7.343098e+04   1.000000e+02
4.155455e-01   7.318661e+04   1.000000e+02
4.193944e-01   7.294028e+04   1.000000e+02
4.232789e-01   7.269202e+04   1.000000e+02
4.271994e-01   7.244189e+04   1.000000e+02
4.311562e-01   7.218991e+04   1.000000e+02
4.351497e-01   7.193615e+04   1.000000e+02
4.391801e-01   7.168063e+04   1.000000e+02
4.432479e-01   7.142340e+04   1.000000e+02
4.473533e-01   7.116450e+04   1.000000e+02
4.514968e-01   7.090398e+04   1.000000e+02
4.556786e-01   7.064184e+04   1.000000e+02
4.598992e-01   7.037807e+04   1.000000e+02
4.641589e-01   7.011262e+04   1.000000e+02
4.684580e-01   6.984549e+04   1.000000e+02
4.727970e-01   6.957663e+04   1.000000e+02
4.771761e-01   6.930603e+04   1.000000e+02
4.815958e-01   6.903365e+04   1.000000e+02
4.860564e-01   6.875949e+04   1.000000e+02
4.905584e-01   6.848351e+04   1.000000e+02
4.951020e-01   6.820569e+04   1.000000e+02
4.996877e-01   6.792602e+04   1.000000e+02
5.043159e-01   6.764448e+04   1.000000e+02
5.089870e-01   6.736110e+04   1.000000e+02
5.137014e-01   6.707593e+04   1.000000e+02
5.184594e-01   6.678902e+04   1.000000e+02
5.232614e-01   6.650040e+04   1.000000e+02
5.281080e-01   6.621014e+04   1.000000e+02
5.329994e-01   6.591826e+04   1.000000e+02
5.379362e-01   6.562482e+04   1.000000e+02
5.429186e-01   6.532986e+04   1.000000e+02
5.479472e-01   6.503342e+04   1.000000e+02
5.530224e-01   6.473555e+04   1.000000e+02
5.581446e-01   6.443630e+04   1.000000e+02
5.633143e-01   6.413570e+04   1.000000e+02
5.685318e-01   6.383380e+04   1.000000e+02
5.737976e-01   6.353064e+04   1.000000e+02
5.791123e-01   6.322628e+04   1.000000e+02
5.844761e-01   6.292074e+04   1.000000e+02
5.898896e-01   6.261408e+04   1.000000e+02
5.953533e-01   6.230633e+04   1.000000e+02
6.008676e-01   6.199754e+04   1.000000e+02
6.064329e-01   6.168775e+04   1.000000e+02
6.120498e-01   6.137703e+04   1.000000e+02
6.177188e-01   6.106543e+04   1.000000e+02
6.234402e-01   6.075301e+04   1.000000e+02
6.292146e-01   6.043982e+04   1.000000e+02
6.350425e-01   6.012593e+04   1.000000e+02
6.409244e-01   5.981139e+04   1.000000e+02
6.468608e-01   5.949625e+04   1.000000e+02
6.528521e-01   5.918057e+04   1.000000e+02
6.588990e-01   5.886441e+04   1.000000e+02
6.650018e-01   5.854781e+04   1.000000e+02
6.711612e-01   5.823083e+04   1.000000e+02
6.773776e-01   5.791353e+04   1.000000e+02
6.836516e-01   5.759595e+04   1.000000e+02
6.899837e-01   5.727814e+04   1.000000e+02
6.963745e-01   5.696016e+04   1.000000e+02
7.028244e-01   5.664205e+04   1.000000e+02
7.093341e-01   5.632387e+04   1.000000e+02
7.159041e-01   5.600569e+04   1.000000e+02
7.225349e-01   5.568757e+04   1.000000e+02
7.292272e-01   5.536957e+04   1.000000e+02
7.359814e-01   5.505176e+04   1.000000e+02
7.427982e-01   5.473420e+04   1.000000e+02
7.496782e-01   5.441695e+04   1.000000e+02
7.566219e-01   5.410006e+04   1.000000e+02
7.636298e-01   5.378360e+04   1.000000e+02
7.707027e-01   5.346762e+04   1.000000e+02
7.778411e-01   5.315218e+04   1.000000e+02
7.850456e-01   5.283733e+04   1.000000e+02
7.923169e-01   5.252313e+04   1.000000e+02
7.996555e-01   5.220963e+04   1.000000e+02
8.070620e-01   5.189688e+04   1.000000e+02
8.145372e-01   5.158492e+04   1.000000e+02
8.220816e-01   5.127380e+04   1.000000e+02
8.296959e-01   5.096356e+04   1.000000e+02
8.373807e-01   5.065424e+04   1.000000e+02
8.451366e-01   5.034589e+04   1.000000e+02
8.529644e-01   5.003854e+04   1.000000e+02
8.608648e-01   4.973223e+04   1.000000e+02
8.688383e-01   4.942700e+04   1.000000e+02
8.768856e-01   4.912289e+04   1.000000e+02
8.850075e-01   4.881993e+04   1.000000e+02
8.932046e-01   4.851816e+04   1.000000e+02
9.014776e-01   4.821761e+04   1.000000e+02
9.098273e-01   4.791834e+04   1.000000e+02
9.182543e-01   4.762040e+04   1.000000e+02
9.267593e-01   4.732388e+04   1.000000e+02
9.353432e-01   4.702886e+04   1.000000e+02
9.440065e-01   4.673540e+04   1.000000e+02
9.527500e-01   4.644358e+04   1.000000e+02
9.615746e-01   4.615346e+04   1.000000e+02
9.704809e-01   4.586512e+04   1.000000e+02
9.794697e-01   4.557861e+04   1.000000e+02
9.885417e-01   4.529400e+04   1.000000e+02
9.976978e-01   4.501135e+04   1.000000e+02
1.006939e+00   4.473071e+04   1.000000e+02
1.016265e+00   4.445210e+04   1.000000e+02
1.025678e+00   4.417550e+04   1.000000e+02
1.035178e+00   4.390090e+04   1.000000e+02
1.044766e+00   4.362828e+04   1.000000e+02
1.054443e+00   4.335763e+04   1.000000e+02
1.064209e+00   4.308894e+04   1.000000e+02
1.074066e+00   4.282219e+04   1.000000e+02
1.084014e+00   4.255737e+04   1.000000e+02
1.094055e+00   4.229447e+04   1.000000e+02
1.104188e+00   4.203347e+04   1.000000e+02
1.114415e+00   4.177437e+04   1.000000e+02
1.124737e+00   4.151714e+04   1.000000e+02
1.135155e+00   4.126178e+04   1.000000e+02
1.145669e+00   4.100827e+04   1.000000e+02
1.156280e+00   4.075661e+04   1.000000e+02
1.166990e+00   4.050677e+04   1.000000e+02
1.177799e+00   4.025874e+04   1.000000e+02
1.188708e+00   4.001252e+04   1.000000e+02
1.199718e+00   3.976809e+04   1.000000e+02
1.210830e+00   3.952544e+04   1.000000e+02
1.222045e+00   3.928455e+04   1.000000e+02
1.233363e+00   3.904542e+04   1.000000e+02
1.244787e+00   3.880803e+04   1.000000e+02
1.256317e+00   3.857237e+04   1.000000e+02
1.267953e+00   3.833845e+04   1.000000e+02
1.279697e+00   3.810630e+04   1.000000e+02
1.291550e+00   3.787593e+04   1.000000e+02
1.303512e+00   3.764736e+04   1.000000e+02
1.315586e+00   3.742063e+04   1.000000e+02
1.327771e+00   3.719575e+04   1.000000e+02
1.340069e+00   3.697275e+04   1.000000e+02
1.352481e+00   3.675163e+04   1.000000e+02
1.365008e+00   3.653243e+04   1.000000e+02
1.377651e+00   3.631516e+04   1.000000e+02
1.390411e+00   3.609984e+04   1.000000e+02
1.403289e+00   3.588648e+04   1.000000e+02
1.416287e+00   3.567510e+04   1.000000e+02
1.429405e+00   3.546572e+04   1.000000e+02
1.442644e+00   3.525835e+04   1.000000e+02
1.456006e+00   3.505301e+04   1.000000e+02
1.469492e+00   3.484971e+04   1.000000e+02
1.483103e+00   3.464846e+04   1.000000e+02
1.496839e+00   3.444928e+04   1.000000e+02
1.510703e+00   3.425218e+04   1.000000e+02
1.524696e+00   3.405716e+04   1.000000e+02
1.538818e+00   3.386423e+04   1.000000e+02
1.553071e+00   3.367337e+04   1.000000e+02
1.567455e+00   3.348461e+04   1.000000e+02
1.581973e+00   3.329792e+04   1.000000e+02
1.596626e+00   3.311332e+04   1.000000e+02
1.611414e+00   3.293080e+04   1.000000e+02
1.626340e+00   3.275036e+04   1.000000e+02
1.641403e+00   3.257201e+04   1.000000e+02
1.656606e+00   3.239573e+04   1.000000e+02
1.671950e+00   3.222153e+04   1.000000e+02
1.687436e+00   3.204941e+04   1.000000e+02
1.703065e+00   3.187936e+04   1.000000e+02
1.718839e+00   3.171139e+04   1.000000e+02
1.734759e+00   3.154549e+04   1.000000e+02
1.750827e+00   3.138165e+04   1.000000e+02
1.767044e+00   3.121988e+04   1.000000e+02
1.783410e+00   3.106012e+04   1.000000e+02
1.799929e+00   3.090233e+04   1.000000e+02
1.816600e+00   3.074645e+04   1.000000e+02
1.833425e+00   3.059244e+04   1.000000e+02
1.850407e+00   3.044025e+04   1.000000e+02
1.867546e+00   3.028983e+04   1.000000e+02
1.884843e+00   3.014113e+04   1.000000e+02
1.902301e+00   2.999412e+04   1.000000e+02
1.919921e+00   2.984875e+04   1.000000e+02
1.937703e+00   2.970496e+04   1.000000e+02
1.955651e+00   2.956273e+04   1.000000e+02
1.973764e+00   2.942201e+04   1.000000e+02
1.992046e+00   2.928275e+04   1.000000e+02
2.010496e+00   2.914492e+04   1.000000e+02
2.029118e+00   2.900849e+04   1.000000e+02
2.047912e+00   2.887347e+04   1.000000e+02
2.066880e+00   2.873983e+04   1.000000e+02
2.086024e+00   2.860757e+04   1.000000e+02
2.105345e+00   2.847670e+04   1.000000e+02
2.124845e+00   2.834719e+04   1.000000e+02
2.144526e+00   2.821904e+04   1.000000e+02
2.164389e+00   2.809225e+04   1.000000e+02
2.184436e+00   2.796680e+04   1.000000e+02
2.204669e+00   2.784270e+04   1.000000e+02
2.225089e+00   2.771993e+04   1.000000e+02
2.245698e+00   2.759850e+04   1.000000e+02
2.266498e+00   2.747838e+04   1.000000e+02
2.287491e+00   2.735958e+04   1.000000e+02
2.308678e+00   2.724208e+04   1.000000e+02
2.330061e+00   2.712589e+04   1.000000e+02
2.351643e+00   2.701100e+04   1.000000e+02
2.373424e+00   2.689739e+04   1.000000e+02
2.395407e+00   2.678507e+04   1.000000e+02
2.417594e+00   2.667403e+04   1.000000e+02
2.439986e+00   2.656426e+04   1.000000e+02
2.462586e+00   2.645575e+04   1.000000e+02
2.485395e+00   2.634851e+04   1.000000e+02
2.508415e+00   2.624251e+04   1.000000e+02
2.531648e+00   2.613776e+04   1.000000e+02
2.555097e+00   2.603423e+04   1.000000e+02
2.578763e+00   2.593191e+04   1.000000e+02
2.602648e+00   2.583078e+04   1.000000e+02
2.626754e+00   2.573082e+04   1.000000e+02
2.651084e+00   2.563201e+04   1.000000e+02
2.675638e+00   2.553434e+04   1.000000e+02
2.700421e+00   2.543778e+04   1.000000e+02
2.725433e+00   2.534232e+04   1.000000e+02
2.750676e+00   2.524795e+04   1.000000e+02
2.776153e+00   2.515465e+04   1.000000e+02
2.801867e+00   2.506240e+04   1.000000e+02
2.827818e+00   2.497119e+04   1.000000e+02
2.854010e+00   2.488099e+04   1.000000e+02
2.880444e+00   2.479180e+04   1.000000e+02
2.907123e+00   2.470361e+04   1.000000e+02
2.934050e+00   2.461638e+04   1.000000e+02
2.961225e+00   2.453012e+04   1.000000e+02
2.988653e+00   2.444480e+04   1.000000e+02
3.016334e+00   2.436041e+04   1.000000e+02
3.044272e+00   2.427694e+04   1.000000e+02
3.072469e+00   2.419438e+04   1.000000e+02
3.100927e+00   2.411272e+04   1.000000e+02
3.129648e+00   2.403196e+04   1.000000e+02
3.158635e+00   2.395207e+04   1.000000e+02
3.187891e+00   2.387307e+04   1.000000e+02
3.217418e+00   2.379492e+04   1.000000e+02
3.247218e+00   2.371764e+04   1.000000e+02
3.277295e+00   2.364120e+04   1.000000e+02
3.307650e+00   2.356560e+04   1.000000e+02
3.338286e+00   2.349084e+04   1.000000e+02
3.369206e+00   2.341689e+04   1.000000e+02
3.400412e+00   2.334377e+04   1.000000e+02
3.431907e+00   2.327145e+04   1.000000e+02
3.463694e+00   2.319993e+04   1.000000e+02
3.495776e+00   2.312921e+04   1.000000e+02
3.528154e+00   2.305927e+04   1.000000e+02
3.560833e+00   2.299010e+04   1.000000e+02
3.593814e+00   2.292171e+04   1.000000e+02
3.627100e+00   2.285407e+04   1.000000e+02
3.660695e+00   2.278719e+04   1.000000e+02
3.694601e+00   2.272105e+04   1.000000e+02
3.728821e+00   2.265565e+04   1.000000e+02
3.763358e+00   2.259097e+04   1.000000e+02
3.798215e+00   2.252702e+04   1.000000e+02
3.833395e+00   2.246378e+04   1.000000e+02
3.868901e+00   2.240125e+04   1.000000e+02
3.904735e+00   2.233941e+04   1.000000e+02
3.940902e+00   2.227827e+04   1.000000e+02
3.977403e+00   2.221781e+04   1.000000e+02
4.014242e+00   2.215803e+04   1.000000e+02
4.051423e+00   2.209893e+04   1.000000e+02
4.088948e+00   2.204049e+04   1.000000e+02
4.126821e+00   2.198274e+04   1.000000e+02
4.165044e+00   2.192565e+04   1.000000e+02
4.203622e+00   2.186925e+04   1.000000e+02
4.242556e+00   2.181352e+04   1.000000e+02
4.281852e+00   2.175847e+04   1.000000e+02
4.321511e+00   2.170410e+04   1.000000e+02
4.361538e+00   2.165041e+04   1.000000e+02
4.401935e+00   2.159739e+04   1.000000e+02
4.442707e+00   2.154506e+04   1.000000e+02
4.483856e+00   2.149341e+04   1.000000e+02
4.525386e+00   2.144245e+04   1.000000e+02
4.567301e+00   2.139217e+04   1.000000e+02
4.609604e+00   2.134257e+04   1.000000e+02
4.652300e+00   2.129366e+04   1.000000e+02
4.695390e+00   2.124543e+04   1.000000e+02
4.738880e+00   2.119789e+04   1.000000e+02
4.782772e+00   2.115104e+04   1.000000e+02
4.827071e+00   2.110488e+04   1.000000e+02
4.871780e+00   2.105941e+04   1.000000e+02
4.916904e+00   2.101463e+04   1.000000e+02
4.962445e+00   2.097054e+04   1.000000e+02
5.008408e+00   2.092714e+04   1.000000e+02
5.054797e+00   2.088445e+04   1.000000e+02
5.101615e+00   2.084245e+04   1.000000e+02
5.148867e+00   2.080117e+04   1.000000e+02
5.196557e+00   2.076061e+04   1.000000e+02
5.244689e+00   2.072078e+04   1.000000e+02
5.293266e+00   2.068169e+04   1.000000e+02
5.342293e+00   2.064335e+04   1.000000e+02
5.391775e+00   2.060576e+04   1.000000e+02
5.441714e+00   2.056894e+04   1.000000e+02
5.492116e+00   2.053289e+04   1.000000e+02
5.542986e+00   2.049762e+04   1.000000e+02
5.594326e+00   2.046314e+04   1.000000e+02
5.646141e+00   2.042946e+04   1.000000e+02
5.698437e+00   2.039659e+04   1.000000e+02
5.751217e+00   2.036453e+04   1.000000e+02
5.804486e+00   2.033330e+04   1.000000e+02
5.858248e+00   2.030290e+04   1.000000e+02
5.912508e+00   2.027334e+04   1.000000e+02
5.967271e+00   2.024463e+04   1.000000e+02
6.022541e+00   2.021678e+04   1.000000e+02
6.078323e+00   2.018979e+04   1.000000e+02
6.134622e+00   2.016367e+04   1.000000e+02
6.191442e+00   2.013842e+04   1.000000e+02
6.248788e+00   2.011404e+04   1.000000e+02
6.306666e+00   2.009053e+04   1.000000e+02
6.365079e+00   2.006789e+04   1.000000e+02
6.424034e+00   2.004613e+04   1.000000e+02
6.483534e+00   2.002525e+04   1.000000e+02
6.543586e+00   2.000525e+04   1.000000e+02
6.604194e+00   1.998613e+04   1.000000e+02
6.665363e+00   1.996790e+04   1.000000e+02
6.727099e+00   1.995056e+04   1.000000e+02
6.789407e+00   1.993410e+04   1.000000e+02
6.852292e+00   1.991855e+04   1.000000e+02
6.915759e+00   1.990389e+04   1.000000e+02
6.979814e+00   1.989012e+04   1.000000e+02
7.044462e+00   1.987727e+04   1.000000e+02
7.109709e+00   1.986535e+04   1.000000e+02
7.175561e+00   1.985442e+04   1.000000e+02
7.242022e+00   1.984453e+04   1.000000e+02
7.309099e+00   1.983572e+04   1.000000e+02
7.376798e+00   1.982804e+04   1.000000e+02
7.445123e+00   1.982154e+04   1.000000e+02
7.514081e+00   1.981628e+04   1.000000e+02
7.583678e+00   1.981230e+04   1.000000e+02
7.653919e+00   1.980964e+04   1.000000e+02
7.724811e+00   1.980837e+04   1.000000e+02
7.796360e+00   1.980853e+04   1.000000e+02
7.868572e+00   1.981017e+04   1.000000e+02
7.941452e+00   1.981334e+04   1.000000e+02
8.015007e+00   1.981810e+04   1.000000e+02
8.089243e+00   1.982442e+04   1.000000e+02
8.164168e+00   1.983215e+04   1.000000e+02
8.239786e+00   1.984113e+04   1.000000e+02
8.316104e+00   1.985115e+04   1.000000e+02
8.393129e+00   1.986207e+04   1.000000e+02
8.470868e+00   1.987369e+04   1.000000e+02
8.549327e+00   1.988584e+04   1.000000e+02
8.628513e+00   1.989834e+04   1.000000e+02
8.708431e+00   1.991101e+04   1.000000e+02
8.789091e+00   1.992368e+04   1.000000e+02
8.870497e+00   1.993617e+04   1.000000e+02
8.952657e+00   1.994830e+04   1.000000e+02
9.035578e+00   1.995988e+04   1.000000e+02
9.119268e+00   1.997074e+04   1.000000e+02
9.203732e+00   1.998070e+04   1.000000e+02
9.288979e+00   1.998958e+04   1.000000e+02
9.375015e+00   1.999720e+04   1.000000e+02
9.461848e+00   2.000337e+04   1.000000e+02
9.549486e+00   2.000792e+04   1.000000e+02
9.637935e+00   2.001066e+04   1.000000e+02
9.727203e+00   2.001142e+04   1.000000e+02
9.817298e+00   2.001002e+04   1.000000e+02
9.908228e+00   2.000627e+04   1.000000e+02
1.000000e+01   2.000000e+04   1.000000e+02
