# N13 + n > C12 + d   [N13_n__C12_d]   ref=TALYS2, Koning et al. 2023
# detailed balance: alpha=0.53317 beta=0 gamma=-3.2617  Q=0.2811
# T9                 rate                error
1.000000e-03   4.576500e+05   1.000000e+02
1.009262e-03   4.571433e+05   1.000000e+02
1.018610e-03   4.566342e+05   1.000000e+02
1.028045e-03   4.561230e+05   1.000000e+02
1.037567e-03   4.556095e+05   1.000000e+02
1.047177e-03   4.550938e+05   1.000000e+02
1.056876e-03   4.545761e+05   1.000000e+02
1.066665e-03   4.540562e+05   1.000000e+02
1.076545e-03   4.535342e+05   1.000000e+02
1.086516e-03   4.530102e+05   1.000000e+02
1.096579e-03   4.524843e+05   1.000000e+02
1.106736e-03   4.519564e+05   1.000000e+02
1.116987e-03   4.514265e+05   1.000000e+02
1.127333e-03   4.508948e+05   1.000000e+02
1.137774e-03   4.503612e+05   1.000000e+02
1.148312e-03   4.498259e+05   1.000000e+02
1.158948e-03   4.492887e+05   1.000000e+02
1.169683e-03   4.487498e+05   1.000000e+02
1.180517e-03   4.482092e+05   1.000000e+02
1.191451e-03   4.476670e+05   1.000000e+02
1.202486e-03   4.471231e+05   1.000000e+02
1.213624e-03   4.465776e+05   1.000000e+02
1.224865e-03   4.460305e+05   1.000000e+02
1.236210e-03   4.454819e+05   1.000000e+02
1.247660e-03   4.449319e+05   1.000000e+02
1.259216e-03   4.443803e+05   1.000000e+02
1.270879e-03   4.438274e+05   1.000000e+02
1.282650e-03   4.432730e+05   1.000000e+02
1.294530e-03   4.427173e+05   1.000000e+02
1.306520e-03   4.421602e+05   1.000000e+02
1.318621e-03   4.416019e+05   1.000000e+02
1.330835e-03   4.410423e+05   1.000000e+02
1.343161e-03   4.404815e+05   1.000000e+02
1.355602e-03   4.399195e+05   1.000000e+02
1.368158e-03   4.393564e+05   1.000000e+02
1.380830e-03   4.387921e+05   1.000000e+02
1.393619e-03   4.382268e+05   1.000000e+02
1.406527e-03   4.376603e+05   1.000000e+02
1.419555e-03   4.370929e+05   1.000000e+02
1.432703e-03   4.365245e+05   1.000000e+02
1.445973e-03   4.359551e+05   1.000000e+02
1.459366e-03   4.353848e+05   1.000000e+02
1.472883e-03   4.348136e+05   1.000000e+02
1.486525e-03   4.342415e+05   1.000000e+02
1.500293e-03   4.336686e+05   1.000000e+02
1.514189e-03   4.330950e+05   1.000000e+02
1.528214e-03   4.325205e+05   1.000000e+02
1.542369e-03   4.319453e+05   1.000000e+02
1.556654e-03   4.313694e+05   1.000000e+02
1.571072e-03   4.307929e+05   1.000000e+02
1.585624e-03   4.302157e+05   1.000000e+02
1.600310e-03   4.296379e+05   1.000000e+02
1.615133e-03   4.290595e+05   1.000000e+02
1.630092e-03   4.284806e+05   1.000000e+02
1.645191e-03   4.279011e+05   1.000000e+02
1.660429e-03   4.273212e+05   1.000000e+02
1.675808e-03   4.267408e+05   1.000000e+02
1.691330e-03   4.261600e+05   1.000000e+02
1.706995e-03   4.255788e+05   1.000000e+02
1.722805e-03   4.249972e+05   1.000000e+02
1.738762e-03   4.244153e+05   1.000000e+02
1.754867e-03   4.238331e+05   1.000000e+02
1.771121e-03   4.232506e+05   1.000000e+02
1.787526e-03   4.226679e+05   1.000000e+02
1.804082e-03   4.220849e+05   1.000000e+02
1.820792e-03   4.215018e+05   1.000000e+02
1.837656e-03   4.209185e+05   1.000000e+02
1.854677e-03   4.203351e+05   1.000000e+02
1.871855e-03   4.197515e+05   1.000000e+02
1.889193e-03   4.191679e+05   1.000000e+02
1.906691e-03   4.185843e+05   1.000000e+02
1.924351e-03   4.180006e+05   1.000000e+02
1.942175e-03   4.174170e+05   1.000000e+02
1.960163e-03   4.168333e+05   1.000000e+02
1.978319e-03   4.162498e+05   1.000000e+02
1.996642e-03   4.156663e+05   1.000000e+02
2.015136e-03   4.150830e+05   1.000000e+02
2.033800e-03   4.144998e+05   1.000000e+02
2.052638e-03   4.139168e+05   1.000000e+02
2.071650e-03   4.133340e+05   1.000000e+02
2.090838e-03   4.127514e+05   1.000000e+02
2.110203e-03   4.121690e+05   1.000000e+02
2.129749e-03   4.115870e+05   1.000000e+02
2.149475e-03   4.110053e+05   1.000000e+02
2.169384e-03   4.104239e+05   1.000000e+02
2.189477e-03   4.098428e+05   1.000000e+02
2.209756e-03   4.092622e+05   1.000000e+02
2.230223e-03   4.086819e+05   1.000000e+02
2.250880e-03   4.081021e+05   1.000000e+02
2.271728e-03   4.075228e+05   1.000000e+02
2.292769e-03   4.069439e+05   1.000000e+02
2.314005e-03   4.063656e+05   1.000000e+02
2.335438e-03   4.057878e+05   1.000000e+02
2.357069e-03   4.052106e+05   1.000000e+02
2.378901e-03   4.046339e+05   1.000000e+02
2.400935e-03   4.040579e+05   1.000000e+02
2.423173e-03   4.034825e+05   1.000000e+02
2.445617e-03   4.029078e+05   1.000000e+02
2.468268e-03   4.023337e+05   1.000000e+02
2.491130e-03   4.017604e+05   1.000000e+02
2.514203e-03   4.011878e+05   1.000000e+02
2.537490e-03   4.006160e+05   1.000000e+02
2.560993e-03   4.000449e+05   1.000000e+02
2.584714e-03   3.994747e+05   1.000000e+02
2.608654e-03   3.989053e+05   1.000000e+02
2.632815e-03   3.983367e+05   1.000000e+02
2.657201e-03   3.977690e+05   1.000000e+02
2.681813e-03   3.972023e+05   1.000000e+02
2.706652e-03   3.966364e+05   1.000000e+02
2.731722e-03   3.960715e+05   1.000000e+02
2.757023e-03   3.955075e+05   1.000000e+02
2.782559e-03   3.949446e+05   1.000000e+02
2.808332e-03   3.943826e+05   1.000000e+02
2.834343e-03   3.938217e+05   1.000000e+02
2.860596e-03   3.932618e+05   1.000000e+02
2.887091e-03   3.927031e+05   1.000000e+02
2.913832e-03   3.921454e+05   1.000000e+02
2.940820e-03   3.915888e+05   1.000000e+02
2.968059e-03   3.910334e+05   1.000000e+02
2.995549e-03   3.904791e+05   1.000000e+02
3.023295e-03   3.899262e+05   1.000000e+02
3.051297e-03   3.893754e+05   1.000000e+02
3.079559e-03   3.888280e+05   1.000000e+02
3.108082e-03   3.882850e+05   1.000000e+02
3.136870e-03   3.877477e+05   1.000000e+02
3.165924e-03   3.872172e+05   1.000000e+02
3.195248e-03   3.866947e+05   1.000000e+02
3.224842e-03   3.861812e+05   1.000000e+02
3.254712e-03   3.856780e+05   1.000000e+02
3.284857e-03   3.851860e+05   1.000000e+02
3.315282e-03   3.847066e+05   1.000000e+02
3.345989e-03   3.842406e+05   1.000000e+02
3.376980e-03   3.837894e+05   1.000000e+02
3.408259e-03   3.833539e+05   1.000000e+02
3.439826e-03   3.829354e+05   1.000000e+02
3.471687e-03   3.825348e+05   1.000000e+02
3.503842e-03   3.821533e+05   1.000000e+02
3.536296e-03   3.817920e+05   1.000000e+02
3.569049e-03   3.814520e+05   1.000000e+02
3.602107e-03   3.811343e+05   1.000000e+02
3.635470e-03   3.808401e+05   1.000000e+02
3.669142e-03   3.805704e+05   1.000000e+02
3.703127e-03   3.803265e+05   1.000000e+02
3.737426e-03   3.801092e+05   1.000000e+02
3.772042e-03   3.799198e+05   1.000000e+02
3.806980e-03   3.797594e+05   1.000000e+02
3.842241e-03   3.796291e+05   1.000000e+02
3.877828e-03   3.795299e+05   1.000000e+02
3.913746e-03   3.794631e+05   1.000000e+02
3.949995e-03   3.794296e+05   1.000000e+02
3.986581e-03   3.794308e+05   1.000000e+02
4.023506e-03   3.794674e+05   1.000000e+02
4.060772e-03   3.795377e+05   1.000000e+02
4.098384e-03   3.796377e+05   1.000000e+02
4.136344e-03   3.797635e+05   1.000000e+02
4.174655e-03   3.799114e+05   1.000000e+02
4.213322e-03   3.800773e+05   1.000000e+02
4.252346e-03   3.802574e+05   1.000000e+02
4.291732e-03   3.804477e+05   1.000000e+02
4.331483e-03   3.806444e+05   1.000000e+02
4.371602e-03   3.808436e+05   1.000000e+02
4.412093e-03   3.810412e+05   1.000000e+02
4.452959e-03   3.812334e+05   1.000000e+02
4.494203e-03   3.814163e+05   1.000000e+02
4.535829e-03   3.815858e+05   1.000000e+02
4.577841e-03   3.817381e+05   1.000000e+02
4.620241e-03   3.818691e+05   1.000000e+02
4.663035e-03   3.819749e+05   1.000000e+02
4.706225e-03   3.820515e+05   1.000000e+02
4.749815e-03   3.820950e+05   1.000000e+02
4.793808e-03   3.821015e+05   1.000000e+02
4.838210e-03   3.820669e+05   1.000000e+02
4.883022e-03   3.819874e+05   1.000000e+02
4.928250e-03   3.818590e+05   1.000000e+02
4.973896e-03   3.816778e+05   1.000000e+02
5.019965e-03   3.814401e+05   1.000000e+02
5.066461e-03   3.811456e+05   1.000000e+02
5.113388e-03   3.807976e+05   1.000000e+02
5.160749e-03   3.804002e+05   1.000000e+02
5.208549e-03   3.799570e+05   1.000000e+02
5.256791e-03   3.794719e+05   1.000000e+02
5.305481e-03   3.789487e+05   1.000000e+02
5.354621e-03   3.783912e+05   1.000000e+02
5.404216e-03   3.778033e+05   1.000000e+02
5.454271e-03   3.771887e+05   1.000000e+02
5.504790e-03   3.765511e+05   1.000000e+02
5.555776e-03   3.758943e+05   1.000000e+02
5.607235e-03   3.752220e+05   1.000000e+02
5.659170e-03   3.745380e+05   1.000000e+02
5.711586e-03   3.738458e+05   1.000000e+02
5.764488e-03   3.731492e+05   1.000000e+02
5.817880e-03   3.724517e+05   1.000000e+02
5.871766e-03   3.717570e+05   1.000000e+02
5.926152e-03   3.710686e+05   1.000000e+02
5.981041e-03   3.703900e+05   1.000000e+02
6.036439e-03   3.697246e+05   1.000000e+02
6.092349e-03   3.690729e+05   1.000000e+02
6.148778e-03   3.684338e+05   1.000000e+02
6.205729e-03   3.678059e+05   1.000000e+02
6.263207e-03   3.671881e+05   1.000000e+02
6.321218e-03   3.665791e+05   1.000000e+02
6.379767e-03   3.659778e+05   1.000000e+02
6.438857e-03   3.653830e+05   1.000000e+02
6.498495e-03   3.647934e+05   1.000000e+02
6.558686e-03   3.642080e+05   1.000000e+02
6.619433e-03   3.636255e+05   1.000000e+02
6.680744e-03   3.630447e+05   1.000000e+02
6.742622e-03   3.624646e+05   1.000000e+02
6.805074e-03   3.618839e+05   1.000000e+02
6.868104e-03   3.613016e+05   1.000000e+02
6.931717e-03   3.607165e+05   1.000000e+02
6.995920e-03   3.601274e+05   1.000000e+02
7.060718e-03   3.595335e+05   1.000000e+02
7.126115e-03   3.589350e+05   1.000000e+02
7.192119e-03   3.583324e+05   1.000000e+02
7.258734e-03   3.577263e+05   1.000000e+02
7.325965e-03   3.571171e+05   1.000000e+02
7.393820e-03   3.565055e+05   1.000000e+02
7.462303e-03   3.558919e+05   1.000000e+02
7.531420e-03   3.552768e+05   1.000000e+02
7.601178e-03   3.546608e+05   1.000000e+02
7.671581e-03   3.540443e+05   1.000000e+02
7.742637e-03   3.534280e+05   1.000000e+02
7.814351e-03   3.528122e+05   1.000000e+02
7.886729e-03   3.521975e+05   1.000000e+02
7.959777e-03   3.515844e+05   1.000000e+02
8.033502e-03   3.509733e+05   1.000000e+02
8.107910e-03   3.503645e+05   1.000000e+02
8.183007e-03   3.497576e+05   1.000000e+02
8.258799e-03   3.491525e+05   1.000000e+02
8.335294e-03   3.485488e+05   1.000000e+02
8.412497e-03   3.479464e+05   1.000000e+02
8.490415e-03   3.473450e+05   1.000000e+02
8.569055e-03   3.467443e+05   1.000000e+02
8.648423e-03   3.461441e+05   1.000000e+02
8.728527e-03   3.455442e+05   1.000000e+02
8.809372e-03   3.449442e+05   1.000000e+02
8.890966e-03   3.443441e+05   1.000000e+02
8.973316e-03   3.437436e+05   1.000000e+02
9.056428e-03   3.431424e+05   1.000000e+02
9.140311e-03   3.425413e+05   1.000000e+02
9.224970e-03   3.419415e+05   1.000000e+02
9.310413e-03   3.413442e+05   1.000000e+02
9.396648e-03   3.407505e+05   1.000000e+02
9.483682e-03   3.401618e+05   1.000000e+02
9.571522e-03   3.395791e+05   1.000000e+02
9.660175e-03   3.390037e+05   1.000000e+02
9.749649e-03   3.384366e+05   1.000000e+02
9.839952e-03   3.378791e+05   1.000000e+02
9.931092e-03   3.373324e+05   1.000000e+02
1.002308e-02   3.367974e+05   1.000000e+02
1.011591e-02   3.362745e+05   1.000000e+02
1.020961e-02   3.357620e+05   1.000000e+02
1.030417e-02   3.352580e+05   1.000000e+02
1.039961e-02   3.347606e+05   1.000000e+02
1.049593e-02   3.342681e+05   1.000000e+02
1.059315e-02   3.337785e+05   1.000000e+02
1.069126e-02   3.332901e+05   1.000000e+02
1.079029e-02   3.328010e+05   1.000000e+02
1.089023e-02   3.323095e+05   1.000000e+02
1.099110e-02   3.318138e+05   1.000000e+02
1.109290e-02   3.313123e+05   1.000000e+02
1.119564e-02   3.308052e+05   1.000000e+02
1.129934e-02   3.302929e+05   1.000000e+02
1.140400e-02   3.297760e+05   1.000000e+02
1.150962e-02   3.292550e+05   1.000000e+02
1.161623e-02   3.287304e+05   1.000000e+02
1.172382e-02   3.282028e+05   1.000000e+02
1.183241e-02   3.276726e+05   1.000000e+02
1.194200e-02   3.271403e+05   1.000000e+02
1.205261e-02   3.266066e+05   1.000000e+02
1.216424e-02   3.260715e+05   1.000000e+02
1.227691e-02   3.255350e+05   1.000000e+02
1.239062e-02   3.249971e+05   1.000000e+02
1.250539e-02   3.244577e+05   1.000000e+02
1.262121e-02   3.239167e+05   1.000000e+02
1.273811e-02   3.233740e+05   1.000000e+02
1.285610e-02   3.228296e+05   1.000000e+02
1.297517e-02   3.222835e+05   1.000000e+02
1.309535e-02   3.217355e+05   1.000000e+02
1.321664e-02   3.211856e+05   1.000000e+02
1.333906e-02   3.206338e+05   1.000000e+02
1.346261e-02   3.200803e+05   1.000000e+02
1.358730e-02   3.195249e+05   1.000000e+02
1.371315e-02   3.189677e+05   1.000000e+02
1.384016e-02   3.184087e+05   1.000000e+02
1.396835e-02   3.178479e+05   1.000000e+02
1.409773e-02   3.172854e+05   1.000000e+02
1.422830e-02   3.167212e+05   1.000000e+02
1.436009e-02   3.161553e+05   1.000000e+02
1.449310e-02   3.155879e+05   1.000000e+02
1.462733e-02   3.150191e+05   1.000000e+02
1.476281e-02   3.144488e+05   1.000000e+02
1.489955e-02   3.138773e+05   1.000000e+02
1.503755e-02   3.133045e+05   1.000000e+02
1.517683e-02   3.127306e+05   1.000000e+02
1.531740e-02   3.121555e+05   1.000000e+02
1.545928e-02   3.115793e+05   1.000000e+02
1.560246e-02   3.110018e+05   1.000000e+02
1.574698e-02   3.104232e+05   1.000000e+02
1.589283e-02   3.098434e+05   1.000000e+02
1.604003e-02   3.092624e+05   1.000000e+02
1.618860e-02   3.086803e+05   1.000000e+02
1.633854e-02   3.080970e+05   1.000000e+02
1.648987e-02   3.075129e+05   1.000000e+02
1.664260e-02   3.069278e+05   1.000000e+02
1.679675e-02   3.063419e+05   1.000000e+02
1.695232e-02   3.057554e+05   1.000000e+02
1.710934e-02   3.051683e+05   1.000000e+02
1.726781e-02   3.045806e+05   1.000000e+02
1.742775e-02   3.039926e+05   1.000000e+02
1.758917e-02   3.034042e+05   1.000000e+02
1.775208e-02   3.028156e+05   1.000000e+02
1.791650e-02   3.022269e+05   1.000000e+02
1.808245e-02   3.016381e+05   1.000000e+02
1.824993e-02   3.010494e+05   1.000000e+02
1.841897e-02   3.004606e+05   1.000000e+02
1.858957e-02   2.998718e+05   1.000000e+02
1.876175e-02   2.992829e+05   1.000000e+02
1.893552e-02   2.986941e+05   1.000000e+02
1.911091e-02   2.981052e+05   1.000000e+02
1.928792e-02   2.975163e+05   1.000000e+02
1.946656e-02   2.969273e+05   1.000000e+02
1.964687e-02   2.963383e+05   1.000000e+02
1.982884e-02   2.957492e+05   1.000000e+02
2.001250e-02   2.951601e+05   1.000000e+02
2.019786e-02   2.945709e+05   1.000000e+02
2.038493e-02   2.939820e+05   1.000000e+02
2.057374e-02   2.933934e+05   1.000000e+02
2.076430e-02   2.928053e+05   1.000000e+02
2.095662e-02   2.922181e+05   1.000000e+02
2.115073e-02   2.916318e+05   1.000000e+02
2.134663e-02   2.910468e+05   1.000000e+02
2.154435e-02   2.904631e+05   1.000000e+02
2.174389e-02   2.898811e+05   1.000000e+02
2.194529e-02   2.893008e+05   1.000000e+02
2.214855e-02   2.887225e+05   1.000000e+02
2.235370e-02   2.881464e+05   1.000000e+02
2.256074e-02   2.875727e+05   1.000000e+02
2.276970e-02   2.870015e+05   1.000000e+02
2.298060e-02   2.864331e+05   1.000000e+02
2.319345e-02   2.858677e+05   1.000000e+02
2.340827e-02   2.853054e+05   1.000000e+02
2.362508e-02   2.847463e+05   1.000000e+02
2.384390e-02   2.841908e+05   1.000000e+02
2.406475e-02   2.836390e+05   1.000000e+02
2.428764e-02   2.830911e+05   1.000000e+02
2.451260e-02   2.825472e+05   1.000000e+02
2.473964e-02   2.820075e+05   1.000000e+02
2.496878e-02   2.814722e+05   1.000000e+02
2.520005e-02   2.809414e+05   1.000000e+02
2.543346e-02   2.804151e+05   1.000000e+02
2.566903e-02   2.798930e+05   1.000000e+02
2.590678e-02   2.793750e+05   1.000000e+02
2.614673e-02   2.788607e+05   1.000000e+02
2.638891e-02   2.783501e+05   1.000000e+02
2.663333e-02   2.778430e+05   1.000000e+02
2.688001e-02   2.773390e+05   1.000000e+02
2.712898e-02   2.768382e+05   1.000000e+02
2.738025e-02   2.763402e+05   1.000000e+02
2.763385e-02   2.758449e+05   1.000000e+02
2.788980e-02   2.753521e+05   1.000000e+02
2.814812e-02   2.748616e+05   1.000000e+02
2.840884e-02   2.743732e+05   1.000000e+02
2.867196e-02   2.738868e+05   1.000000e+02
2.893753e-02   2.734021e+05   1.000000e+02
2.920556e-02   2.729190e+05   1.000000e+02
2.947606e-02   2.724373e+05   1.000000e+02
2.974908e-02   2.719568e+05   1.000000e+02
3.002462e-02   2.714774e+05   1.000000e+02
3.030271e-02   2.709991e+05   1.000000e+02
3.058338e-02   2.705228e+05   1.000000e+02
3.086665e-02   2.700497e+05   1.000000e+02
3.115254e-02   2.695807e+05   1.000000e+02
3.144108e-02   2.691169e+05   1.000000e+02
3.173230e-02   2.686594e+05   1.000000e+02
3.202621e-02   2.682091e+05   1.000000e+02
3.232284e-02   2.677671e+05   1.000000e+02
3.262222e-02   2.673345e+05   1.000000e+02
3.292437e-02   2.669121e+05   1.000000e+02
3.322933e-02   2.665011e+05   1.000000e+02
3.353710e-02   2.661025e+05   1.000000e+02
3.384773e-02   2.657171e+05   1.000000e+02
3.416123e-02   2.653461e+05   1.000000e+02
3.447764e-02   2.649904e+05   1.000000e+02
3.479698e-02   2.646511e+05   1.000000e+02
3.511928e-02   2.643289e+05   1.000000e+02
3.544456e-02   2.640251e+05   1.000000e+02
3.577285e-02   2.637405e+05   1.000000e+02
3.610419e-02   2.634761e+05   1.000000e+02
3.643859e-02   2.632330e+05   1.000000e+02
3.677609e-02   2.630120e+05   1.000000e+02
3.711672e-02   2.628142e+05   1.000000e+02
3.746050e-02   2.626405e+05   1.000000e+02
3.780747e-02   2.624920e+05   1.000000e+02
3.815765e-02   2.623697e+05   1.000000e+02
3.851107e-02   2.622745e+05   1.000000e+02
3.886777e-02   2.622074e+05   1.000000e+02
3.922777e-02   2.621695e+05   1.000000e+02
3.959110e-02   2.621618e+05   1.000000e+02
3.995780e-02   2.621853e+05   1.000000e+02
4.032790e-02   2.622406e+05   1.000000e+02
4.070142e-02   2.623257e+05   1.000000e+02
4.107841e-02   2.624377e+05   1.000000e+02
4.145888e-02   2.625737e+05   1.000000e+02
4.184289e-02   2.627307e+05   1.000000e+02
4.223044e-02   2.629060e+05   1.000000e+02
4.262159e-02   2.630964e+05   1.000000e+02
4.301636e-02   2.632993e+05   1.000000e+02
4.341478e-02   2.635115e+05   1.000000e+02
4.381690e-02   2.637302e+05   1.000000e+02
4.422274e-02   2.639524e+05   1.000000e+02
4.463234e-02   2.641753e+05   1.000000e+02
4.504573e-02   2.643957e+05   1.000000e+02
4.546295e-02   2.646108e+05   1.000000e+02
4.588404e-02   2.648176e+05   1.000000e+02
4.630903e-02   2.650131e+05   1.000000e+02
4.673795e-02   2.651942e+05   1.000000e+02
4.717085e-02   2.653581e+05   1.000000e+02
4.760775e-02   2.655016e+05   1.000000e+02
4.804870e-02   2.656217e+05   1.000000e+02
4.849374e-02   2.657155e+05   1.000000e+02
4.894290e-02   2.657800e+05   1.000000e+02
4.939622e-02   2.658121e+05   1.000000e+02
4.985373e-02   2.658089e+05   1.000000e+02
5.031549e-02   2.657677e+05   1.000000e+02
5.078152e-02   2.656892e+05   1.000000e+02
5.125187e-02   2.655762e+05   1.000000e+02
5.172657e-02   2.654317e+05   1.000000e+02
5.220568e-02   2.652585e+05   1.000000e+02
5.268921e-02   2.650596e+05   1.000000e+02
5.317723e-02   2.648378e+05   1.000000e+02
5.366977e-02   2.645960e+05   1.000000e+02
5.416687e-02   2.643370e+05   1.000000e+02
5.466857e-02   2.640638e+05   1.000000e+02
5.517492e-02   2.637793e+05   1.000000e+02
5.568596e-02   2.634862e+05   1.000000e+02
5.620174e-02   2.631874e+05   1.000000e+02
5.672229e-02   2.628858e+05   1.000000e+02
5.724766e-02   2.625842e+05   1.000000e+02
5.777790e-02   2.622854e+05   1.000000e+02
5.831305e-02   2.619921e+05   1.000000e+02
5.885316e-02   2.617072e+05   1.000000e+02
5.939827e-02   2.614334e+05   1.000000e+02
5.994843e-02   2.611734e+05   1.000000e+02
6.050368e-02   2.609297e+05   1.000000e+02
6.106408e-02   2.607022e+05   1.000000e+02
6.162966e-02   2.604903e+05   1.000000e+02
6.220049e-02   2.602933e+05   1.000000e+02
6.277660e-02   2.601104e+05   1.000000e+02
6.335805e-02   2.599411e+05   1.000000e+02
6.394488e-02   2.597846e+05   1.000000e+02
6.453715e-02   2.596402e+05   1.000000e+02
6.513491e-02   2.595073e+05   1.000000e+02
6.573820e-02   2.593853e+05   1.000000e+02
6.634708e-02   2.592733e+05   1.000000e+02
6.696160e-02   2.591709e+05   1.000000e+02
6.758181e-02   2.590774e+05   1.000000e+02
6.820777e-02   2.589920e+05   1.000000e+02
6.883952e-02   2.589141e+05   1.000000e+02
6.947713e-02   2.588431e+05   1.000000e+02
7.012064e-02   2.587783e+05   1.000000e+02
7.077011e-02   2.587194e+05   1.000000e+02
7.142559e-02   2.586666e+05   1.000000e+02
7.208715e-02   2.586203e+05   1.000000e+02
7.275484e-02   2.585808e+05   1.000000e+02
7.342870e-02   2.585485e+05   1.000000e+02
7.410882e-02   2.585238e+05   1.000000e+02
7.479523e-02   2.585071e+05   1.000000e+02
7.548799e-02   2.584986e+05   1.000000e+02
7.618718e-02   2.584989e+05   1.000000e+02
7.689284e-02   2.585082e+05   1.000000e+02
7.760503e-02   2.585269e+05   1.000000e+02
7.832383e-02   2.585554e+05   1.000000e+02
7.904928e-02   2.585941e+05   1.000000e+02
7.978145e-02   2.586433e+05   1.000000e+02
8.052040e-02   2.587035e+05   1.000000e+02
8.126619e-02   2.587756e+05   1.000000e+02
8.201889e-02   2.588608e+05   1.000000e+02
8.277857e-02   2.589605e+05   1.000000e+02
8.354528e-02   2.590759e+05   1.000000e+02
8.431909e-02   2.592082e+05   1.000000e+02
8.510007e-02   2.593588e+05   1.000000e+02
8.588829e-02   2.595290e+05   1.000000e+02
8.668380e-02   2.597199e+05   1.000000e+02
8.748668e-02   2.599330e+05   1.000000e+02
8.829700e-02   2.601696e+05   1.000000e+02
8.911482e-02   2.604309e+05   1.000000e+02
8.994022e-02   2.607182e+05   1.000000e+02
9.077327e-02   2.610324e+05   1.000000e+02
9.161402e-02   2.613708e+05   1.000000e+02
9.246257e-02   2.617297e+05   1.000000e+02
9.331898e-02   2.621055e+05   1.000000e+02
9.418332e-02   2.624945e+05   1.000000e+02
9.505566e-02   2.628932e+05   1.000000e+02
9.593608e-02   2.632976e+05   1.000000e+02
9.682466e-02   2.637043e+05   1.000000e+02
9.772147e-02   2.641093e+05   1.000000e+02
9.862658e-02   2.645089e+05   1.000000e+02
9.954008e-02   2.648994e+05   1.000000e+02
1.004620e-01   2.652770e+05   1.000000e+02
1.013925e-01   2.656415e+05   1.000000e+02
1.023317e-01   2.659960e+05   1.000000e+02
1.032795e-01   2.663436e+05   1.000000e+02
1.042361e-01   2.666878e+05   1.000000e+02
1.052015e-01   2.670318e+05   1.000000e+02
1.061759e-01   2.673788e+05   1.000000e+02
1.071593e-01   2.677323e+05   1.000000e+02
1.081519e-01   2.680956e+05   1.000000e+02
1.091536e-01   2.684720e+05   1.000000e+02
1.101646e-01   2.688650e+05   1.000000e+02
1.111850e-01   2.692769e+05   1.000000e+02
1.122148e-01   2.697075e+05   1.000000e+02
1.132541e-01   2.701562e+05   1.000000e+02
1.143031e-01   2.706225e+05   1.000000e+02
1.153618e-01   2.711058e+05   1.000000e+02
1.164303e-01   2.716055e+05   1.000000e+02
1.175087e-01   2.721210e+05   1.000000e+02
1.185971e-01   2.726518e+05   1.000000e+02
1.196956e-01   2.731972e+05   1.000000e+02
1.208042e-01   2.737568e+05   1.000000e+02
1.219231e-01   2.743307e+05   1.000000e+02
1.230524e-01   2.749195e+05   1.000000e+02
1.241921e-01   2.755239e+05   1.000000e+02
1.253424e-01   2.761443e+05   1.000000e+02
1.265034e-01   2.767815e+05   1.000000e+02
1.276751e-01   2.774361e+05   1.000000e+02
1.288576e-01   2.781087e+05   1.000000e+02
1.300511e-01   2.787999e+05   1.000000e+02
1.312557e-01   2.795104e+05   1.000000e+02
1.324714e-01   2.802415e+05   1.000000e+02
1.336984e-01   2.809941e+05   1.000000e+02
1.349367e-01   2.817696e+05   1.000000e+02
1.361865e-01   2.825691e+05   1.000000e+02
1.374479e-01   2.833938e+05   1.000000e+02
1.387210e-01   2.842451e+05   1.000000e+02
1.400058e-01   2.851240e+05   1.000000e+02
1.413026e-01   2.860314e+05   1.000000e+02
1.426114e-01   2.869655e+05   1.000000e+02
1.439323e-01   2.879238e+05   1.000000e+02
1.452654e-01   2.889041e+05   1.000000e+02
1.466109e-01   2.899038e+05   1.000000e+02
1.479688e-01   2.909206e+05   1.000000e+02
1.493393e-01   2.919518e+05   1.000000e+02
1.507225e-01   2.929952e+05   1.000000e+02
1.521186e-01   2.940504e+05   1.000000e+02
1.535275e-01   2.951190e+05   1.000000e+02
1.549495e-01   2.962030e+05   1.000000e+02
1.563847e-01   2.973042e+05   1.000000e+02
1.578331e-01   2.984244e+05   1.000000e+02
1.592950e-01   2.995655e+05   1.000000e+02
1.607704e-01   3.007294e+05   1.000000e+02
1.622595e-01   3.019175e+05   1.000000e+02
1.637624e-01   3.031303e+05   1.000000e+02
1.652792e-01   3.043686e+05   1.000000e+02
1.668101e-01   3.056330e+05   1.000000e+02
1.683551e-01   3.069242e+05   1.000000e+02
1.699144e-01   3.082428e+05   1.000000e+02
1.714882e-01   3.095898e+05   1.000000e+02
1.730766e-01   3.109656e+05   1.000000e+02
1.746796e-01   3.123711e+05   1.000000e+02
1.762975e-01   3.138071e+05   1.000000e+02
1.779304e-01   3.152743e+05   1.000000e+02
1.795785e-01   3.167735e+05   1.000000e+02
1.812418e-01   3.183055e+05   1.000000e+02
1.829205e-01   3.198704e+05   1.000000e+02
1.846147e-01   3.214680e+05   1.000000e+02
1.863246e-01   3.230982e+05   1.000000e+02
1.880504e-01   3.247608e+05   1.000000e+02
1.897922e-01   3.264557e+05   1.000000e+02
1.915501e-01   3.281826e+05   1.000000e+02
1.933242e-01   3.299415e+05   1.000000e+02
1.951148e-01   3.317320e+05   1.000000e+02
1.969220e-01   3.335541e+05   1.000000e+02
1.987460e-01   3.354076e+05   1.000000e+02
2.005868e-01   3.372922e+05   1.000000e+02
2.024447e-01   3.392081e+05   1.000000e+02
2.043197e-01   3.411557e+05   1.000000e+02
2.062122e-01   3.431358e+05   1.000000e+02
2.081222e-01   3.451488e+05   1.000000e+02
2.100498e-01   3.471955e+05   1.000000e+02
2.119953e-01   3.492764e+05   1.000000e+02
2.139589e-01   3.513921e+05   1.000000e+02
2.159406e-01   3.535434e+05   1.000000e+02
2.179407e-01   3.557310e+05   1.000000e+02
2.199593e-01   3.579554e+05   1.000000e+02
2.219966e-01   3.602175e+05   1.000000e+02
2.240528e-01   3.625178e+05   1.000000e+02
2.261280e-01   3.648573e+05   1.000000e+02
2.282224e-01   3.672365e+05   1.000000e+02
2.303363e-01   3.696563e+05   1.000000e+02
2.324697e-01   3.721175e+05   1.000000e+02
2.346229e-01   3.746208e+05   1.000000e+02
2.367960e-01   3.771671e+05   1.000000e+02
2.389893e-01   3.797572e+05   1.000000e+02
2.412028e-01   3.823920e+05   1.000000e+02
2.434369e-01   3.850723e+05   1.000000e+02
2.456916e-01   3.877991e+05   1.000000e+02
2.479673e-01   3.905732e+05   1.000000e+02
2.502640e-01   3.933956e+05   1.000000e+02
2.525820e-01   3.962672e+05   1.000000e+02
2.549215e-01   3.991889e+05   1.000000e+02
2.572826e-01   4.021617e+05   1.000000e+02
2.596656e-01   4.051864e+05   1.000000e+02
2.620707e-01   4.082640e+05   1.000000e+02
2.644980e-01   4.113955e+05   1.000000e+02
2.669478e-01   4.145819e+05   1.000000e+02
2.694204e-01   4.178242e+05   1.000000e+02
2.719158e-01   4.211234e+05   1.000000e+02
2.744343e-01   4.244805e+05   1.000000e+02
2.769762e-01   4.278968e+05   1.000000e+02
2.795416e-01   4.313733e+05   1.000000e+02
2.821308e-01   4.349111e+05   1.000000e+02
2.847439e-01   4.385114e+05   1.000000e+02
2.873813e-01   4.421753e+05   1.000000e+02
2.900430e-01   4.459042e+05   1.000000e+02
2.927295e-01   4.496993e+05   1.000000e+02
2.954408e-01   4.535617e+05   1.000000e+02
2.981772e-01   4.574930e+05   1.000000e+02
3.009390e-01   4.614942e+05   1.000000e+02
3.037264e-01   4.655670e+05   1.000000e+02
3.065395e-01   4.697128e+05   1.000000e+02
3.093788e-01   4.739333e+05   1.000000e+02
3.122443e-01   4.782299e+05   1.000000e+02
3.151363e-01   4.826044e+05   1.000000e+02
3.180552e-01   4.870586e+05   1.000000e+02
3.210011e-01   4.915940e+05   1.000000e+02
3.239743e-01   4.962126e+05   1.000000e+02
3.269750e-01   5.009162e+05   1.000000e+02
3.300035e-01   5.057065e+05   1.000000e+02
3.330600e-01   5.105857e+05   1.000000e+02
3.361449e-01   5.155555e+05   1.000000e+02
3.392583e-01   5.206182e+05   1.000000e+02
3.424006e-01   5.257757e+05   1.000000e+02
3.455720e-01   5.310301e+05   1.000000e+02
3.487727e-01   5.363837e+05   1.000000e+02
3.520031e-01   5.418388e+05   1.000000e+02
3.552635e-01   5.473975e+05   1.000000e+02
3.585540e-01   5.530623e+05   1.000000e+02
3.618750e-01   5.588356e+05   1.000000e+02
3.652267e-01   5.647198e+05   1.000000e+02
3.686095e-01   5.707175e+05   1.000000e+02
3.720237e-01   5.768312e+05   1.000000e+02
3.754694e-01   5.830638e+05   1.000000e+02
3.789471e-01   5.894178e+05   1.000000e+02
3.824570e-01   5.958961e+05   1.000000e+02
3.859994e-01   6.025016e+05   1.000000e+02
3.895746e-01   6.092373e+05   1.000000e+02
3.931829e-01   6.161063e+05   1.000000e+02
3.968246e-01   6.231116e+05   1.000000e+02
4.005001e-01   6.302566e+05   1.000000e+02
4.042096e-01   6.375444e+05   1.000000e+02
4.079535e-01   6.449783e+05   1.000000e+02
4.117320e-01   6.525616e+05   1.000000e+02
4.155455e-01   6.602977e+05   1.000000e+02
4.193944e-01   6.681900e+05   1.000000e+02
4.232789e-01   6.762423e+05   1.000000e+02
4.271994e-01   6.844580e+05   1.000000e+02
4.311562e-01   6.928410e+05   1.000000e+02
4.351497e-01   7.013951e+05   1.000000e+02
4.391801e-01   7.101244e+05   1.000000e+02
4.432479e-01   7.190328e+05   1.000000e+02
4.473533e-01   7.281246e+05   1.000000e+02
4.514968e-01   7.374041e+05   1.000000e+02
4.556786e-01   7.468757e+05   1.000000e+02
4.598992e-01   7.565436e+05   1.000000e+02
4.641589e-01   7.664125e+05   1.000000e+02
4.684580e-01   7.764867e+05   1.000000e+02
4.727970e-01   7.867712e+05   1.000000e+02
4.771761e-01   7.972706e+05   1.000000e+02
4.815958e-01   8.079901e+05   1.000000e+02
4.860564e-01   8.189346e+05   1.000000e+02
4.905584e-01   8.301094e+05   1.000000e+02
4.951020e-01   8.415199e+05   1.000000e+02
4.996877e-01   8.531716e+05   1.000000e+02
5.043159e-01   8.650702e+05   1.000000e+02
5.089870e-01   8.772210e+05   1.000000e+02
5.137014e-01   8.896296e+05   1.000000e+02
5.184594e-01   9.023018e+05   1.000000e+02
5.232614e-01   9.152433e+05   1.000000e+02
5.281080e-01   9.284601e+05   1.000000e+02
5.329994e-01   9.419583e+05   1.000000e+02
5.379362e-01   9.557441e+05   1.000000e+02
5.429186e-01   9.698240e+05   1.000000e+02
5.479472e-01   9.842046e+05   1.000000e+02
5.530224e-01   9.988925e+05   1.000000e+02
5.581446e-01   1.013895e+06   1.000000e+02
5.633143e-01   1.029218e+06   1.000000e+02
5.685318e-01   1.044870e+06   1.000000e+02
5.737976e-01   1.060858e+06   1.000000e+02
5.791123e-01   1.077190e+06   1.000000e+02
5.844761e-01   1.093873e+06   1.000000e+02
5.898896e-01   1.110916e+06   1.000000e+02
5.953533e-01   1.128326e+06   1.000000e+02
6.008676e-01   1.146113e+06   1.000000e+02
6.064329e-01   1.164284e+06   1.000000e+02
6.120498e-01   1.182847e+06   1.000000e+02
6.177188e-01   1.201812e+06   1.000000e+02
6.234402e-01   1.221187e+06   1.000000e+02
6.292146e-01   1.240980e+06   1.000000e+02
6.350425e-01   1.261201e+06   1.000000e+02
6.409244e-01   1.281859e+06   1.000000e+02
6.468608e-01   1.302964e+06   1.000000e+02
6.528521e-01   1.324524e+06   1.000000e+02
6.588990e-01   1.346549e+06   1.000000e+02
6.650018e-01   1.369051e+06   1.000000e+02
6.711612e-01   1.392038e+06   1.000000e+02
6.773776e-01   1.415522e+06   1.000000e+02
6.836516e-01   1.439513e+06   1.000000e+02
6.899837e-01   1.464022e+06   1.000000e+02
6.963745e-01   1.489060e+06   1.000000e+02
7.028244e-01   1.514639e+06   1.000000e+02
7.093341e-01   1.540770e+06   1.000000e+02
7.159041e-01   1.567465e+06   1.000000e+02
7.225349e-01   1.594735e+06   1.000000e+02
7.292272e-01   1.622592e+06   1.000000e+02
7.359814e-01   1.651049e+06   1.000000e+02
7.427982e-01   1.680117e+06   1.000000e+02
7.496782e-01   1.709811e+06   1.000000e+02
7.566219e-01   1.740142e+06   1.000000e+02
7.636298e-01   1.771124e+06   1.000000e+02
7.707027e-01   1.802770e+06   1.000000e+02
7.778411e-01   1.835093e+06   1.000000e+02
7.850456e-01   1.868109e+06   1.000000e+02
7.923169e-01   1.901831e+06   1.000000e+02
7.996555e-01   1.936273e+06   1.000000e+02
8.070620e-01   1.971450e+06   1.000000e+02
8.145372e-01   2.007378e+06   1.000000e+02
8.220816e-01   2.044072e+06   1.000000e+02
8.296959e-01   2.081548e+06   1.000000e+02
8.373807e-01   2.119823e+06   1.000000e+02
8.451366e-01   2.158913e+06   1.000000e+02
8.529644e-01   2.198835e+06   1.000000e+02
8.608648e-01   2.239606e+06   1.000000e+02
8.688383e-01   2.281244e+06   1.000000e+02
8.768856e-01   2.323767e+06   1.000000e+02
8.850075e-01   2.367192e+06   1.000000e+02
8.932046e-01   2.411540e+06   1.000000e+02
9.014776e-01   2.456828e+06   1.000000e+02
9.098273e-01   2.503075e+06   1.000000e+02
9.182543e-01   2.550296e+06   1.000000e+02
9.267593e-01   2.598508e+06   1.000000e+02
9.353432e-01   2.647726e+06   1.000000e+02
9.440065e-01   2.697966e+06   1.000000e+02
9.527500e-01   2.749244e+06   1.000000e+02
9.615746e-01   2.801575e+06   1.000000e+02
9.704809e-01   2.854975e+06   1.000000e+02
9.794697e-01   2.909460e+06   1.000000e+02
9.885417e-01   2.965046e+06   1.000000e+02
9.976978e-01   3.021748e+06   1.000000e+02
1.006939e+00   3.079583e+06   1.000000e+02
1.016265e+00   3.138570e+06   1.000000e+02
1.025678e+00   3.198735e+06   1.000000e+02
1.035178e+00   3.260101e+06   1.000000e+02
1.044766e+00   3.322692e+06   1.000000e+02
1.054443e+00   3.386534e+06   1.000000e+02
1.064209e+00   3.451654e+06   1.000000e+02
1.074066e+00   3.518076e+06   1.000000e+02
1.084014e+00   3.585828e+06   1.000000e+02
1.094055e+00   3.654938e+06   1.000000e+02
1.104188e+00   3.725432e+06   1.000000e+02
1.114415e+00   3.797341e+06   1.000000e+02
1.124737e+00   3.870693e+06   1.000000e+02
1.135155e+00   3.945518e+06   1.000000e+02
1.145669e+00   4.021846e+06   1.000000e+02
1.156280e+00   4.099708e+06   1.000000e+02
1.166990e+00   4.179136e+06   1.000000e+02
1.177799e+00   4.260163e+06   1.000000e+02
1.188708e+00   4.342821e+06   1.000000e+02
1.199718e+00   4.427145e+06   1.000000e+02
1.210830e+00   4.513168e+06   1.000000e+02
1.222045e+00   4.600927e+06   1.000000e+02
1.233363e+00   4.690456e+06   1.000000e+02
1.244787e+00   4.781794e+06   1.000000e+02
1.256317e+00   4.874976e+06   1.000000e+02
1.267953e+00   4.970037e+06   1.000000e+02
1.279697e+00   5.067007e+06   1.000000e+02
1.291550e+00   5.165918e+06   1.000000e+02
1.303512e+00   5.266800e+06   1.000000e+02
1.315586e+00   5.369684e+06   1.000000e+02
1.327771e+00   5.474600e+06   1.000000e+02
1.340069e+00   5.581581e+06   1.000000e+02
1.352481e+00   5.690658e+06   1.000000e+02
1.365008e+00   5.801861e+06   1.000000e+02
1.377651e+00   5.915222e+06   1.000000e+02
1.390411e+00   6.030773e+06   1.000000e+02
1.403289e+00   6.148544e+06   1.000000e+02
1.416287e+00   6.268568e+06   1.000000e+02
1.429405e+00   6.390875e+06   1.000000e+02
1.442644e+00   6.515497e+06   1.000000e+02
1.456006e+00   6.642465e+06   1.000000e+02
1.469492e+00   6.771809e+06   1.000000e+02
1.483103e+00   6.903562e+06   1.000000e+02
1.496839e+00   7.037752e+06   1.000000e+02
1.510703e+00   7.174411e+06   1.000000e+02
1.524696e+00   7.313567e+06   1.000000e+02
1.538818e+00   7.455244e+06   1.000000e+02
1.553071e+00   7.599470e+06   1.000000e+02
1.567455e+00   7.746268e+06   1.000000e+02
1.581973e+00   7.895663e+06   1.000000e+02
1.596626e+00   8.047678e+06   1.000000e+02
1.611414e+00   8.202336e+06   1.000000e+02
1.626340e+00   8.359659e+06   1.000000e+02
1.641403e+00   8.519668e+06   1.000000e+02
1.656606e+00   8.682381e+06   1.000000e+02
1.671950e+00   8.847820e+06   1.000000e+02
1.687436e+00   9.016000e+06   1.000000e+02
1.703065e+00   9.186939e+06   1.000000e+02
1.718839e+00   9.360652e+06   1.000000e+02
1.734759e+00   9.537154e+06   1.000000e+02
1.750827e+00   9.716457e+06   1.000000e+02
1.767044e+00   9.898580e+06   1.000000e+02
1.783410e+00   1.008357e+07   1.000000e+02
1.799929e+00   1.027147e+07   1.000000e+02
1.816600e+00   1.046235e+07   1.000000e+02
1.833425e+00   1.065624e+07   1.000000e+02
1.850407e+00   1.085322e+07   1.000000e+02
1.867546e+00   1.105333e+07   1.000000e+02
1.884843e+00   1.125663e+07   1.000000e+02
1.902301e+00   1.146320e+07   1.000000e+02
1.919921e+00   1.167308e+07   1.000000e+02
1.937703e+00   1.188635e+07   1.000000e+02
1.955651e+00   1.210306e+07   1.000000e+02
1.973764e+00   1.232330e+07   1.000000e+02
1.992046e+00   1.254712e+07   1.000000e+02
2.010496e+00   1.277461e+07   1.000000e+02
2.029118e+00   1.300581e+07   1.000000e+02
2.047912e+00   1.324076e+07   1.000000e+02
2.066880e+00   1.347949e+07   1.000000e+02
2.086024e+00   1.372204e+07   1.000000e+02
2.105345e+00   1.396845e+07   1.000000e+02
2.124845e+00   1.421874e+07   1.000000e+02
2.144526e+00   1.447294e+07   1.000000e+02
2.164389e+00   1.473110e+07   1.000000e+02
2.184436e+00   1.499323e+07   1.000000e+02
2.204669e+00   1.525938e+07   1.000000e+02
2.225089e+00   1.552956e+07   1.000000e+02
2.245698e+00   1.580380e+07   1.000000e+02
2.266498e+00   1.608213e+07   1.000000e+02
2.287491e+00   1.636458e+07   1.000000e+02
2.308678e+00   1.665116e+07   1.000000e+02
2.330061e+00   1.694191e+07   1.000000e+02
2.351643e+00   1.723683e+07   1.000000e+02
2.373424e+00   1.753596e+07   1.000000e+02
2.395407e+00   1.783930e+07   1.000000e+02
2.417594e+00   1.814688e+07   1.000000e+02
2.439986e+00   1.845871e+07   1.000000e+02
2.462586e+00   1.877481e+07   1.000000e+02
2.485395e+00   1.909517e+07   1.000000e+02
2.508415e+00   1.941983e+07   1.000000e+02
2.531648e+00   1.974878e+07   1.000000e+02
2.555097e+00   2.008207e+07   1.000000e+02
2.578763e+00   2.041972e+07   1.000000e+02
2.602648e+00   2.076177e+07   1.000000e+02
2.626754e+00   2.110824e+07   1.000000e+02
2.651084e+00   2.145916e+07   1.000000e+02
2.675638e+00   2.181457e+07   1.000000e+02
2.700421e+00   2.217450e+07   1.000000e+02
2.725433e+00   2.253896e+07   1.000000e+02
2.750676e+00   2.290800e+07   1.000000e+02
2.776153e+00   2.328163e+07   1.000000e+02
2.801867e+00   2.365990e+07   1.000000e+02
2.827818e+00   2.404281e+07   1.000000e+02
2.854010e+00   2.443041e+07   1.000000e+02
2.880444e+00   2.482272e+07   1.000000e+02
2.907123e+00   2.521975e+07   1.000000e+02
2.934050e+00   2.562155e+07   1.000000e+02
2.961225e+00   2.602812e+07   1.000000e+02
2.988653e+00   2.643951e+07   1.000000e+02
3.016334e+00   2.685572e+07   1.000000e+02
3.044272e+00   2.727679e+07   1.000000e+02
3.072469e+00   2.770272e+07   1.000000e+02
3.100927e+00   2.813354e+07   1.000000e+02
3.129648e+00   2.856926e+07   1.000000e+02
3.158635e+00   2.900990e+07   1.000000e+02
3.187891e+00   2.945546e+07   1.000000e+02
3.217418e+00   2.990598e+07   1.000000e+02
3.247218e+00   3.036144e+07   1.000000e+02
3.277295e+00   3.082188e+07   1.000000e+02
3.307650e+00   3.128729e+07   1.000000e+02
3.338286e+00   3.175769e+07   1.000000e+02
3.369206e+00   3.223309e+07   1.000000e+02
3.400412e+00   3.271348e+07   1.000000e+02
3.431907e+00   3.319889e+07   1.000000e+02
3.463694e+00   3.368930e+07   1.000000e+02
3.495776e+00   3.418473e+07   1.000000e+02
3.528154e+00   3.468518e+07   1.000000e+02
3.560833e+00   3.519065e+07   1.000000e+02
3.593814e+00   3.570115e+07   1.000000e+02
3.627100e+00   3.621670e+07   1.000000e+02
3.660695e+00   3.673730e+07   1.000000e+02
3.694601e+00   3.726295e+07   1.000000e+02
3.728821e+00   3.779365e+07   1.000000e+02
3.763358e+00   3.832943e+07   1.000000e+02
3.798215e+00   3.887027e+07   1.000000e+02
3.833395e+00   3.941618e+07   1.000000e+02
3.868901e+00   3.996717e+07   1.000000e+02
3.904735e+00   4.052322e+07   1.000000e+02
3.940902e+00   4.108436e+07   1.000000e+02
3.977403e+00   4.165056e+07   1.000000e+02
4.014242e+00   4.222184e+07   1.000000e+02
4.051423e+00   4.279818e+07   1.000000e+02
4.088948e+00   4.337960e+07   1.000000e+02
4.126821e+00   4.396608e+07   1.000000e+02
4.165044e+00   4.455763e+07   1.000000e+02
4.203622e+00   4.515424e+07   1.000000e+02
4.242556e+00   4.575590e+07   1.000000e+02
4.281852e+00   4.636263e+07   1.000000e+02
4.321511e+00   4.697439e+07   1.000000e+02
4.361538e+00   4.759120e+07   1.000000e+02
4.401935e+00   4.821305e+07   1.000000e+02
4.442707e+00   4.883992e+07   1.000000e+02
4.483856e+00   4.947180e+07   1.000000e+02
4.525386e+00   5.010869e+07   1.000000e+02
4.567301e+00   5.075058e+07   1.000000e+02
4.609604e+00   5.139746e+07   1.000000e+02
4.652300e+00   5.204930e+07   1.000000e+02
4.695390e+00   5.270611e+07   1.000000e+02
4.738880e+00   5.336786e+07   1.000000e+02
4.782772e+00   5.403454e+07   1.000000e+02
4.827071e+00   5.470613e+07   1.000000e+02
4.871780e+00   5.538263e+07   1.000000e+02
4.916904e+00   5.606400e+07   1.000000e+02
4.962445e+00   5.675023e+07   1.000000e+02
5.008408e+00   5.744130e+07   1.000000e+02
5.054797e+00   5.813720e+07   1.000000e+02
5.101615e+00   5.883789e+07   1.000000e+02
5.148867e+00   5.954337e+07   1.000000e+02
5.196557e+00   6.025360e+07   1.000000e+02
5.244689e+00   6.096856e+07   1.000000e+02
5.293266e+00   6.168824e+07   1.000000e+02
5.342293e+00   6.241260e+07   1.000000e+02
5.391775e+00   6.314162e+07   1.000000e+02
5.441714e+00   6.387527e+07   1.000000e+02
5.492116e+00   6.461353e+07   1.000000e+02
5.542986e+00   6.535637e+07   1.000000e+02
5.594326e+00   6.610376e+07   1.000000e+02
5.646141e+00   6.685567e+07   1.000000e+02
5.698437e+00   6.761206e+07   1.000000e+02
5.751217e+00   6.837291e+07   1.000000e+02
5.804486e+00   6.913818e+07   1.000000e+02
5.858248e+00   6.990784e+07   1.000000e+02
5.912508e+00   7.068186e+07   1.000000e+02
5.967271e+00   7.146020e+07   1.000000e+02
6.022541e+00   7.224283e+07   1.000000e+02
6.078323e+00   7.302970e+07   1.000000e+02
6.134622e+00   7.382079e+07   1.000000e+02
6.191442e+00   7.461607e+07   1.000000e+02
6.248788e+00   7.541550e+07   1.000000e+02
6.306666e+00   7.621904e+07   1.000000e+02
6.365079e+00   7.702666e+07   1.000000e+02
6.424034e+00   7.783832e+07   1.000000e+02
6.483534e+00   7.865400e+07   1.000000e+02
6.543586e+00   7.947364e+07   1.000000e+02
6.604194e+00   8.029722e+07   1.000000e+02
6.665363e+00   8.112470e+07   1.000000e+02
6.727099e+00   8.195603e+07   1.000000e+02
6.789407e+00   8.279118e+07   1.000000e+02
6.852292e+00   8.363011e+07   1.000000e+02
6.915759e+00   8.447277e+07   1.000000e+02
6.979814e+00   8.531914e+07   1.000000e+02
7.044462e+00   8.616916e+07   1.000000e+02
7.109709e+00   8.702282e+07   1.000000e+02
7.175561e+00   8.788013e+07   1.000000e+02
7.242022e+00   8.874108e+07   1.000000e+02
7.309099e+00   8.960569e+07   1.000000e+02
7.376798e+00   9.047396e+07   1.000000e+02
7.445123e+00   9.134589e+07   1.000000e+02
7.514081e+00   9.222150e+07   1.000000e+02
7.583678e+00   9.310079e+07   1.000000e+02
7.653919e+00   9.398377e+07   1.000000e+02
7.724811e+00   9.487046e+07   1.000000e+02
7.796360e+00   9.576088e+07   1.000000e+02
7.868572e+00   9.665502e+07   1.000000e+02
7.941452e+00   9.755292e+07   1.000000e+02
8.015007e+00   9.845459e+07   1.000000e+02
8.089243e+00   9.936008e+07   1.000000e+02
8.164168e+00   1.002695e+08   1.000000e+02
8.239786e+00   1.011828e+08   1.000000e+02
8.316104e+00   1.021003e+08   1.000000e+02
8.393129e+00   1.030220e+08   1.000000e+02
8.470868e+00   1.039480e+08   1.000000e+02
8.549327e+00   1.048785e+08   1.000000e+02
8.628513e+00   1.058135e+08   1.000000e+02
8.708431e+00   1.067531e+08   1.000000e+02
8.789091e+00   1.076976e+08   1.000000e+02
8.870497e+00   1.086471e+08   1.000000e+02
8.952657e+00   1.096016e+08   1.000000e+02
9.035578e+00   1.105614e+08   1.000000e+02
9.119268e+00   1.115265e+08   1.000000e+02
9.203732e+00   1.124972e+08   1.000000e+02
9.288979e+00   1.134735e+08   1.000000e+02
9.375015e+00   1.144557e+08   1.000000e+02
9.461848e+00   1.154439e+08   1.000000e+02
9.549486e+00   1.164384e+08   1.000000e+02
9.637935e+00   1.174392e+08   1.000000e+02
9.727203e+00   1.184466e+08   1.000000e+02
9.817298e+00   1.194607e+08   1.000000e+02
9.908228e+00   1.204818e+08   1.000000e+02
1.000000e+01   1.215100e+08   1.000000e+02
