# B11 + p > C12 + g   [B11_p__C12_g]   ref=NACRE, Xu et al. 2010, 2011
# detailed balance: alpha=7.0192e+10 beta=1.5 gamma=-185.172  Q=15.9569
# T9                 rate                error
1.000000e-03   1.000000e-35   1.000000e+00
1.009262e-03   2.984580e-35   1.000000e+00
1.018610e-03   8.492467e-35   1.000000e+00
1.028045e-03   2.305562e-34   1.000000e+00
1.037567e-03   5.976365e-34   1.000000e+00
1.047177e-03   1.480267e-33   1.000000e+00
1.056876e-03   3.505987e-33   1.000000e+00
1.066665e-03   7.946453e-33   1.000000e+00
1.076545e-03   1.724861e-32   1.000000e+00
1.086516e-03   3.588206e-32   1.000000e+00
1.096579e-03   7.159266e-32   1.000000e+00
1.106736e-03   1.371047e-31   1.000000e+00
1.116987e-03   2.522054e-31   1.000000e+00
1.127333e-03   4.459634e-31   1.000000e+00
1.137774e-03   7.585988e-31   1.000000e+00
1.148312e-03   1.242276e-30   1.000000e+00
1.158948e-03   1.959938e-30   1.000000e+00
1.169683e-03   2.981327e-30   1.000000e+00
1.180517e-03   4.375676e-30   1.000000e+00
1.191451e-03   6.201176e-30   1.000000e+00
1.202486e-03   8.492222e-30   1.000000e+00
1.213624e-03   1.124636e-29   1.000000e+00
1.224865e-03   1.441356e-29   1.000000e+00
1.236210e-03   1.789057e-29   1.000000e+00
1.247660e-03   2.152264e-29   1.000000e+00
1.259216e-03   2.511370e-29   1.000000e+00
1.270879e-03   2.844426e-29   1.000000e+00
1.282650e-03   3.129481e-29   1.000000e+00
1.294530e-03   3.347102e-29   1.000000e+00
1.306520e-03   3.482646e-29   1.000000e+00
1.318621e-03   3.527921e-29   1.000000e+00
1.330835e-03   3.481949e-29   1.000000e+00
1.343161e-03   3.350773e-29   1.000000e+00
1.355602e-03   3.146385e-29   1.000000e+00
1.368158e-03   2.885014e-29   1.000000e+00
1.380830e-03   2.585105e-29   1.000000e+00
1.393619e-03   2.265311e-29   1.000000e+00
1.406527e-03   1.942773e-29   1.000000e+00
1.419555e-03   1.631870e-29   1.000000e+00
1.432703e-03   1.343518e-29   1.000000e+00
1.445973e-03   1.084979e-29   1.000000e+00
1.459366e-03   8.600894e-30   1.000000e+00
1.472883e-03   6.697854e-30   1.000000e+00
1.486525e-03   5.127698e-30   1.000000e+00
1.500293e-03   3.862150e-30   1.000000e+00
1.514189e-03   2.864050e-30   1.000000e+00
1.528214e-03   2.092677e-30   1.000000e+00
1.542369e-03   1.507713e-30   1.000000e+00
1.556654e-03   1.071902e-30   1.000000e+00
1.571072e-03   7.525527e-31   1.000000e+00
1.585624e-03   5.221423e-31   1.000000e+00
1.600310e-03   3.582911e-31   1.000000e+00
1.615133e-03   2.433344e-31   1.000000e+00
1.630092e-03   1.636878e-31   1.000000e+00
1.645191e-03   1.091439e-31   1.000000e+00
1.660429e-03   7.219023e-32   1.000000e+00
1.675808e-03   4.739994e-32   1.000000e+00
1.691330e-03   3.091881e-32   1.000000e+00
1.706995e-03   2.005111e-32   1.000000e+00
1.722805e-03   1.293748e-32   1.000000e+00
1.738762e-03   8.311547e-33   1.000000e+00
1.754867e-03   5.320591e-33   1.000000e+00
1.771121e-03   3.396322e-33   1.000000e+00
1.787526e-03   2.163484e-33   1.000000e+00
1.804082e-03   1.376321e-33   1.000000e+00
1.820792e-03   8.750478e-34   1.000000e+00
1.837656e-03   5.564357e-34   1.000000e+00
1.854677e-03   3.541558e-34   1.000000e+00
1.871855e-03   2.257850e-34   1.000000e+00
1.889193e-03   1.442920e-34   1.000000e+00
1.906691e-03   9.250402e-35   1.000000e+00
1.924351e-03   5.953543e-35   1.000000e+00
1.942175e-03   3.849567e-35   1.000000e+00
1.960163e-03   2.502620e-35   1.000000e+00
1.978319e-03   1.637003e-35   1.000000e+00
1.996642e-03   1.078204e-35   1.000000e+00
2.015136e-03   7.156061e-36   1.000000e+00
2.033800e-03   4.789542e-36   1.000000e+00
2.052638e-03   3.235086e-36   1.000000e+00
2.071650e-03   2.206859e-36   1.000000e+00
2.090838e-03   1.521547e-36   1.000000e+00
2.110203e-03   1.061068e-36   1.000000e+00
2.129749e-03   7.489849e-37   1.000000e+00
2.149475e-03   5.355502e-37   1.000000e+00
2.169384e-03   3.881947e-37   1.000000e+00
2.189477e-03   2.854606e-37   1.000000e+00
2.209756e-03   2.131156e-37   1.000000e+00
2.230223e-03   1.616522e-37   1.000000e+00
2.250880e-03   1.246725e-37   1.000000e+00
2.271728e-03   9.783791e-38   1.000000e+00
2.292769e-03   7.818371e-38   1.000000e+00
2.314005e-03   6.366826e-38   1.000000e+00
2.335438e-03   5.287526e-38   1.000000e+00
2.357069e-03   4.481566e-38   1.000000e+00
2.378901e-03   3.879537e-38   1.000000e+00
2.400935e-03   3.432637e-38   1.000000e+00
2.423173e-03   3.106697e-38   1.000000e+00
2.445617e-03   2.878180e-38   1.000000e+00
2.468268e-03   2.731555e-38   1.000000e+00
2.491130e-03   2.657665e-38   1.000000e+00
2.514203e-03   2.652856e-38   1.000000e+00
2.537490e-03   2.718789e-38   1.000000e+00
2.560993e-03   2.862928e-38   1.000000e+00
2.584714e-03   3.099873e-38   1.000000e+00
2.608654e-03   3.453829e-38   1.000000e+00
2.632815e-03   3.962837e-38   1.000000e+00
2.657201e-03   4.685816e-38   1.000000e+00
2.681813e-03   5.714297e-38   1.000000e+00
2.706652e-03   7.192238e-38   1.000000e+00
2.731722e-03   9.350054e-38   1.000000e+00
2.757023e-03   1.256429e-37   1.000000e+00
2.782559e-03   1.746468e-37   1.000000e+00
2.808332e-03   2.513086e-37   1.000000e+00
2.834343e-03   3.746304e-37   1.000000e+00
2.860596e-03   5.789921e-37   1.000000e+00
2.887091e-03   9.284135e-37   1.000000e+00
2.913832e-03   1.545733e-36   1.000000e+00
2.940820e-03   2.674094e-36   1.000000e+00
2.968059e-03   4.810532e-36   1.000000e+00
2.995549e-03   9.005524e-36   1.000000e+00
3.023295e-03   1.755079e-35   1.000273e+00
3.051297e-03   3.554115e-35   1.001286e+00
3.079559e-03   7.457425e-35   1.003000e+00
3.108082e-03   1.616750e-34   1.005366e+00
3.136870e-03   3.611337e-34   1.008340e+00
3.165924e-03   8.287776e-34   1.011875e+00
3.195248e-03   1.948620e-33   1.015925e+00
3.224842e-03   4.680691e-33   1.020444e+00
3.254712e-03   1.145408e-32   1.025387e+00
3.284857e-03   2.847425e-32   1.030708e+00
3.315282e-03   7.170680e-32   1.036359e+00
3.345989e-03   1.824141e-31   1.042293e+00
3.376980e-03   4.674347e-31   1.048461e+00
3.408259e-03   1.203156e-30   1.054813e+00
3.439826e-03   3.101956e-30   1.061298e+00
3.471687e-03   7.987964e-30   1.067864e+00
3.503842e-03   2.048791e-29   1.074459e+00
3.536296e-03   5.219085e-29   1.081026e+00
3.569049e-03   1.316742e-28   1.087510e+00
3.602107e-03   3.280880e-28   1.093853e+00
3.635470e-03   8.050777e-28   1.099997e+00
3.669142e-03   1.940069e-27   1.105881e+00
3.703127e-03   4.578285e-27   1.111446e+00
3.737426e-03   1.055039e-26   1.116628e+00
3.772042e-03   2.367495e-26   1.121366e+00
3.806980e-03   5.158674e-26   1.125597e+00
3.842241e-03   1.088403e-25   1.129257e+00
3.877828e-03   2.217271e-25   1.132284e+00
3.913746e-03   4.349094e-25   1.134615e+00
3.949995e-03   8.190384e-25   1.136187e+00
3.986581e-03   1.476758e-24   1.136941e+00
4.023506e-03   2.542652e-24   1.137000e+00
4.060772e-03   4.182144e-24   1.136997e+00
4.098384e-03   6.587357e-24   1.136993e+00
4.136344e-03   9.961106e-24   1.136988e+00
4.174655e-03   1.449680e-23   1.136981e+00
4.213322e-03   2.035586e-23   1.136973e+00
4.252346e-03   2.764669e-23   1.136963e+00
4.291732e-03   3.640973e-23   1.136953e+00
4.331483e-03   4.661189e-23   1.136942e+00
4.371602e-03   5.815203e-23   1.136930e+00
4.412093e-03   7.087712e-23   1.136918e+00
4.452959e-03   8.460666e-23   1.136906e+00
4.494203e-03   9.916177e-23   1.136893e+00
4.535829e-03   1.143956e-22   1.136881e+00
4.577841e-03   1.302220e-22   1.136869e+00
4.620241e-03   1.466401e-22   1.136857e+00
4.663035e-03   1.637567e-22   1.136846e+00
4.706225e-03   1.818057e-22   1.136836e+00
4.749815e-03   2.011694e-22   1.136827e+00
4.793808e-03   2.224060e-22   1.136819e+00
4.838210e-03   2.462892e-22   1.136812e+00
4.883022e-03   2.738689e-22   1.136806e+00
4.928250e-03   3.065651e-22   1.136802e+00
4.973896e-03   3.463136e-22   1.136800e+00
5.019965e-03   3.957740e-22   1.136803e+00
5.066461e-03   4.580145e-22   1.136827e+00
5.113388e-03   5.363192e-22   1.136875e+00
5.160749e-03   6.348813e-22   1.136944e+00
5.208549e-03   7.591015e-22   1.137031e+00
5.256791e-03   9.159215e-22   1.137133e+00
5.305481e-03   1.114245e-21   1.137247e+00
5.354621e-03   1.365465e-21   1.137371e+00
5.404216e-03   1.684109e-21   1.137502e+00
5.454271e-03   2.088638e-21   1.137637e+00
5.504790e-03   2.602389e-21   1.137774e+00
5.555776e-03   3.254695e-21   1.137909e+00
5.607235e-03   4.082166e-21   1.138039e+00
5.659170e-03   5.130103e-21   1.138163e+00
5.711586e-03   6.454011e-21   1.138277e+00
5.764488e-03   8.121093e-21   1.138378e+00
5.817880e-03   1.021159e-20   1.138463e+00
5.871766e-03   1.281975e-20   1.138530e+00
5.926152e-03   1.605409e-20   1.138576e+00
5.981041e-03   2.003665e-20   1.138598e+00
6.036439e-03   2.490205e-20   1.138595e+00
6.092349e-03   3.081406e-20   1.138572e+00
6.148778e-03   3.797478e-20   1.138532e+00
6.205729e-03   4.662367e-20   1.138477e+00
6.263207e-03   5.704463e-20   1.138410e+00
6.321218e-03   6.957489e-20   1.138334e+00
6.379767e-03   8.461591e-20   1.138251e+00
6.438857e-03   1.026468e-19   1.138163e+00
6.498495e-03   1.242412e-19   1.138073e+00
6.558686e-03   1.500874e-19   1.137984e+00
6.619433e-03   1.810147e-19   1.137899e+00
6.680744e-03   2.180252e-19   1.137819e+00
6.742622e-03   2.623344e-19   1.137748e+00
6.805074e-03   3.154218e-19   1.137688e+00
6.868104e-03   3.790953e-19   1.137642e+00
6.931717e-03   4.555727e-19   1.137612e+00
6.995920e-03   5.475852e-19   1.137600e+00
7.060718e-03   6.584747e-19   1.137603e+00
7.126115e-03   7.921603e-19   1.137612e+00
7.192119e-03   9.533054e-19   1.137627e+00
7.258734e-03   1.147505e-18   1.137647e+00
7.325965e-03   1.381461e-18   1.137672e+00
7.393820e-03   1.663196e-18   1.137700e+00
7.462303e-03   2.002289e-18   1.137731e+00
7.531420e-03   2.410168e-18   1.137765e+00
7.601178e-03   2.900436e-18   1.137800e+00
7.671581e-03   3.489262e-18   1.137837e+00
7.742637e-03   4.195814e-18   1.137874e+00
7.814351e-03   5.042777e-18   1.137911e+00
7.886729e-03   6.056931e-18   1.137947e+00
7.959777e-03   7.269814e-18   1.137982e+00
8.033502e-03   8.718485e-18   1.138015e+00
8.107910e-03   1.044695e-17   1.138050e+00
8.183007e-03   1.250779e-17   1.138088e+00
8.258799e-03   1.496328e-17   1.138128e+00
8.335294e-03   1.788716e-17   1.138170e+00
8.412497e-03   2.136669e-17   1.138212e+00
8.490415e-03   2.550512e-17   1.138255e+00
8.569055e-03   3.042460e-17   1.138297e+00
8.648423e-03   3.626959e-17   1.138339e+00
8.728527e-03   4.321094e-17   1.138380e+00
8.809372e-03   5.145066e-17   1.138419e+00
8.890966e-03   6.122763e-17   1.138456e+00
8.973316e-03   7.282428e-17   1.138490e+00
9.056428e-03   8.657440e-17   1.138521e+00
9.140311e-03   1.028708e-16   1.138551e+00
9.224970e-03   1.221756e-16   1.138580e+00
9.310413e-03   1.450329e-16   1.138608e+00
9.396648e-03   1.720832e-16   1.138636e+00
9.483682e-03   2.040800e-16   1.138662e+00
9.571522e-03   2.419093e-16   1.138688e+00
9.660175e-03   2.866124e-16   1.138713e+00
9.749649e-03   3.394125e-16   1.138737e+00
9.839952e-03   4.017458e-16   1.138760e+00
9.931092e-03   4.752974e-16   1.138783e+00
1.002308e-02   5.620441e-16   1.138805e+00
1.011591e-02   6.642998e-16   1.138825e+00
1.020961e-02   7.847665e-16   1.138842e+00
1.030417e-02   9.266008e-16   1.138856e+00
1.039961e-02   1.093488e-15   1.138870e+00
1.049593e-02   1.289728e-15   1.138885e+00
1.059315e-02   1.520330e-15   1.138900e+00
1.069126e-02   1.791130e-15   1.138918e+00
1.079029e-02   2.108912e-15   1.138940e+00
1.089023e-02   2.481566e-15   1.138966e+00
1.099110e-02   2.918250e-15   1.138997e+00
1.109290e-02   3.429605e-15   1.139065e+00
1.119564e-02   4.028111e-15   1.139202e+00
1.129934e-02   4.728344e-15   1.139389e+00
1.140400e-02   5.547307e-15   1.139606e+00
1.150962e-02   6.504827e-15   1.139835e+00
1.161623e-02   7.624029e-15   1.140057e+00
1.172382e-02   8.931896e-15   1.140252e+00
1.183241e-02   1.045991e-14   1.140402e+00
1.194200e-02   1.224482e-14   1.140488e+00
1.205261e-02   1.432952e-14   1.140498e+00
1.216424e-02   1.676360e-14   1.140485e+00
1.227691e-02   1.960415e-14   1.140461e+00
1.239062e-02   2.291721e-14   1.140430e+00
1.250539e-02   2.677910e-14   1.140395e+00
1.262121e-02   3.127799e-14   1.140362e+00
1.273811e-02   3.651557e-14   1.140332e+00
1.285610e-02   4.260901e-14   1.140311e+00
1.297517e-02   4.969319e-14   1.140300e+00
1.309535e-02   5.792330e-14   1.140301e+00
1.321664e-02   6.747906e-14   1.140305e+00
1.333906e-02   7.856813e-14   1.140313e+00
1.346261e-02   9.142982e-14   1.140324e+00
1.358730e-02   1.063398e-13   1.140337e+00
1.371315e-02   1.236155e-13   1.140354e+00
1.384016e-02   1.436221e-13   1.140373e+00
1.396835e-02   1.667798e-13   1.140394e+00
1.409773e-02   1.935719e-13   1.140435e+00
1.422830e-02   2.245550e-13   1.140527e+00
1.436009e-02   2.603705e-13   1.140664e+00
1.449310e-02   3.017557e-13   1.140835e+00
1.462733e-02   3.495592e-13   1.141030e+00
1.476281e-02   4.047565e-13   1.141238e+00
1.489955e-02   4.684697e-13   1.141450e+00
1.503755e-02   5.419887e-13   1.141658e+00
1.517683e-02   6.267922e-13   1.141913e+00
1.531740e-02   7.245695e-13   1.142216e+00
1.545928e-02   8.372542e-13   1.142540e+00
1.560246e-02   9.670599e-13   1.142860e+00
1.574698e-02   1.116519e-12   1.143149e+00
1.589283e-02   1.288525e-12   1.143381e+00
1.604003e-02   1.486388e-12   1.143535e+00
1.618860e-02   1.713887e-12   1.143660e+00
1.633854e-02   1.975345e-12   1.143781e+00
1.648987e-02   2.275699e-12   1.143896e+00
1.664260e-02   2.620583e-12   1.144004e+00
1.679675e-02   3.016425e-12   1.144104e+00
1.695232e-02   3.470552e-12   1.144195e+00
1.710934e-02   3.991320e-12   1.144276e+00
1.726781e-02   4.588244e-12   1.144347e+00
1.742775e-02   5.272160e-12   1.144405e+00
1.758917e-02   6.055402e-12   1.144450e+00
1.775208e-02   6.952003e-12   1.144482e+00
1.791650e-02   7.977920e-12   1.144498e+00
1.808245e-02   9.151290e-12   1.144496e+00
1.824993e-02   1.049273e-11   1.144467e+00
1.841897e-02   1.202566e-11   1.144414e+00
1.858957e-02   1.377667e-11   1.144344e+00
1.876175e-02   1.577595e-11   1.144260e+00
1.893552e-02   1.805775e-11   1.144170e+00
1.911091e-02   2.066089e-11   1.144079e+00
1.928792e-02   2.362942e-11   1.143992e+00
1.946656e-02   2.701321e-11   1.143915e+00
1.964687e-02   3.086878e-11   1.143853e+00
1.982884e-02   3.526010e-11   1.143813e+00
2.001250e-02   4.025958e-11   1.143800e+00
2.019786e-02   4.594914e-11   1.143811e+00
2.038493e-02   5.242142e-11   1.143838e+00
2.057374e-02   5.978112e-11   1.143882e+00
2.076430e-02   6.814655e-11   1.143940e+00
2.095662e-02   7.765134e-11   1.144011e+00
2.115073e-02   8.844636e-11   1.144094e+00
2.134663e-02   1.007019e-10   1.144186e+00
2.154435e-02   1.146100e-10   1.144287e+00
2.174389e-02   1.303874e-10   1.144394e+00
2.194529e-02   1.482782e-10   1.144507e+00
2.214855e-02   1.685577e-10   1.144624e+00
2.235370e-02   1.915357e-10   1.144742e+00
2.256074e-02   2.175614e-10   1.144862e+00
2.276970e-02   2.470275e-10   1.144981e+00
2.298060e-02   2.803761e-10   1.145098e+00
2.319345e-02   3.181044e-10   1.145211e+00
2.340827e-02   3.607711e-10   1.145318e+00
2.362508e-02   4.090045e-10   1.145419e+00
2.384390e-02   4.635103e-10   1.145512e+00
2.406475e-02   5.250810e-10   1.145595e+00
2.428764e-02   5.946064e-10   1.145666e+00
2.451260e-02   6.730848e-10   1.145725e+00
2.473964e-02   7.616365e-10   1.145769e+00
2.496878e-02   8.615175e-10   1.145797e+00
2.520005e-02   9.741359e-10   1.145814e+00
2.543346e-02   1.101069e-09   1.145829e+00
2.566903e-02   1.244084e-09   1.145842e+00
2.590678e-02   1.405160e-09   1.145853e+00
2.614673e-02   1.586510e-09   1.145863e+00
2.638891e-02   1.790612e-09   1.145871e+00
2.663333e-02   2.020237e-09   1.145879e+00
2.688001e-02   2.278485e-09   1.145886e+00
2.712898e-02   2.568817e-09   1.145892e+00
2.738025e-02   2.895102e-09   1.145899e+00
2.763385e-02   3.261662e-09   1.145905e+00
2.788980e-02   3.673320e-09   1.145911e+00
2.814812e-02   4.135461e-09   1.145918e+00
2.840884e-02   4.654092e-09   1.145926e+00
2.867196e-02   5.235913e-09   1.145935e+00
2.893753e-02   5.888392e-09   1.145945e+00
2.920556e-02   6.619855e-09   1.145956e+00
2.947606e-02   7.439575e-09   1.145969e+00
2.974908e-02   8.357881e-09   1.145984e+00
3.002462e-02   9.386275e-09   1.146002e+00
3.030271e-02   1.053756e-08   1.146037e+00
3.058338e-02   1.182597e-08   1.146099e+00
3.086665e-02   1.326738e-08   1.146188e+00
3.115254e-02   1.487941e-08   1.146301e+00
3.144108e-02   1.668166e-08   1.146437e+00
3.173230e-02   1.869591e-08   1.146594e+00
3.202621e-02   2.094638e-08   1.146771e+00
3.232284e-02   2.345994e-08   1.146965e+00
3.262222e-02   2.626646e-08   1.147176e+00
3.292437e-02   2.939907e-08   1.147402e+00
3.322933e-02   3.289455e-08   1.147641e+00
3.353710e-02   3.679371e-08   1.147891e+00
3.384773e-02   4.114181e-08   1.148151e+00
3.416123e-02   4.598902e-08   1.148420e+00
3.447764e-02   5.139097e-08   1.148695e+00
3.479698e-02   5.740930e-08   1.148976e+00
3.511928e-02   6.411229e-08   1.149259e+00
3.544456e-02   7.157559e-08   1.149545e+00
3.577285e-02   7.988293e-08   1.149831e+00
3.610419e-02   8.912701e-08   1.150115e+00
3.643859e-02   9.941041e-08   1.150396e+00
3.677609e-02   1.108466e-07   1.150673e+00
3.711672e-02   1.235612e-07   1.150943e+00
3.746050e-02   1.376929e-07   1.151205e+00
3.780747e-02   1.533952e-07   1.151458e+00
3.815765e-02   1.708376e-07   1.151700e+00
3.851107e-02   1.902075e-07   1.151929e+00
3.886777e-02   2.117119e-07   1.152143e+00
3.922777e-02   2.355793e-07   1.152341e+00
3.959110e-02   2.620621e-07   1.152522e+00
3.995780e-02   2.914388e-07   1.152683e+00
4.032790e-02   3.240166e-07   1.152828e+00
4.070142e-02   3.601345e-07   1.152965e+00
4.107841e-02   4.001662e-07   1.153093e+00
4.145888e-02   4.445237e-07   1.153215e+00
4.184289e-02   4.936609e-07   1.153331e+00
4.223044e-02   5.480783e-07   1.153442e+00
4.262159e-02   6.083270e-07   1.153548e+00
4.301636e-02   6.750141e-07   1.153650e+00
4.341478e-02   7.488079e-07   1.153750e+00
4.381690e-02   8.304442e-07   1.153847e+00
4.422274e-02   9.207328e-07   1.153944e+00
4.463234e-02   1.020564e-06   1.154039e+00
4.504573e-02   1.130919e-06   1.154136e+00
4.546295e-02   1.252875e-06   1.154233e+00
4.588404e-02   1.387616e-06   1.154332e+00
4.630903e-02   1.536444e-06   1.154434e+00
4.673795e-02   1.700793e-06   1.154540e+00
4.717085e-02   1.882232e-06   1.154650e+00
4.760775e-02   2.082490e-06   1.154766e+00
4.804870e-02   2.303464e-06   1.154887e+00
4.849374e-02   2.547235e-06   1.155015e+00
4.894290e-02   2.816090e-06   1.155151e+00
4.939622e-02   3.112536e-06   1.155295e+00
4.985373e-02   3.439326e-06   1.155449e+00
5.031549e-02   3.799480e-06   1.155616e+00
5.078152e-02   4.196325e-06   1.155803e+00
5.125187e-02   4.633527e-06   1.156009e+00
5.172657e-02   5.115113e-06   1.156232e+00
5.220568e-02   5.645510e-06   1.156472e+00
5.268921e-02   6.229582e-06   1.156724e+00
5.317723e-02   6.872677e-06   1.156988e+00
5.366977e-02   7.580669e-06   1.157262e+00
5.416687e-02   8.360017e-06   1.157543e+00
5.466857e-02   9.217820e-06   1.157830e+00
5.517492e-02   1.016188e-05   1.158120e+00
5.568596e-02   1.120078e-05   1.158412e+00
5.620174e-02   1.234395e-05   1.158704e+00
5.672229e-02   1.360176e-05   1.158994e+00
5.724766e-02   1.498561e-05   1.159280e+00
5.777790e-02   1.650804e-05   1.159560e+00
5.831305e-02   1.818285e-05   1.159832e+00
5.885316e-02   2.002521e-05   1.160093e+00
5.939827e-02   2.205182e-05   1.160343e+00
5.994843e-02   2.428104e-05   1.160579e+00
6.050368e-02   2.673316e-05   1.160806e+00
6.106408e-02   2.943103e-05   1.161034e+00
6.162966e-02   3.240015e-05   1.161263e+00
6.220049e-02   3.566885e-05   1.161491e+00
6.277660e-02   3.926867e-05   1.161717e+00
6.335805e-02   4.323469e-05   1.161941e+00
6.394488e-02   4.760602e-05   1.162162e+00
6.453715e-02   5.242628e-05   1.162380e+00
6.513491e-02   5.774415e-05   1.162592e+00
6.573820e-02   6.361406e-05   1.162799e+00
6.634708e-02   7.009686e-05   1.163000e+00
6.696160e-02   7.726069e-05   1.163194e+00
6.758181e-02   8.518192e-05   1.163379e+00
6.820777e-02   9.394623e-05   1.163556e+00
6.883952e-02   1.036498e-04   1.163724e+00
6.947713e-02   1.144009e-04   1.163881e+00
7.012064e-02   1.263211e-04   1.164027e+00
7.077011e-02   1.395475e-04   1.164173e+00
7.142559e-02   1.542336e-04   1.164322e+00
7.208715e-02   1.705526e-04   1.164474e+00
7.275484e-02   1.887000e-04   1.164625e+00
7.342870e-02   2.088965e-04   1.164772e+00
7.410882e-02   2.313915e-04   1.164915e+00
7.479523e-02   2.564673e-04   1.165050e+00
7.548799e-02   2.844441e-04   1.165176e+00
7.618718e-02   3.156845e-04   1.165289e+00
7.689284e-02   3.506007e-04   1.165389e+00
7.760503e-02   3.896609e-04   1.165471e+00
7.832383e-02   4.333981e-04   1.165536e+00
7.904928e-02   4.824194e-04   1.165579e+00
7.978145e-02   5.374173e-04   1.165599e+00
8.052040e-02   5.991807e-04   1.165585e+00
8.126619e-02   6.685907e-04   1.165517e+00
8.201889e-02   7.466354e-04   1.165399e+00
8.277857e-02   8.344336e-04   1.165235e+00
8.354528e-02   9.332526e-04   1.165031e+00
8.431909e-02   1.044528e-03   1.164793e+00
8.510007e-02   1.169887e-03   1.164526e+00
8.588829e-02   1.311171e-03   1.164236e+00
8.668380e-02   1.470470e-03   1.163927e+00
8.748668e-02   1.650150e-03   1.163607e+00
8.829700e-02   1.852894e-03   1.163279e+00
8.911482e-02   2.081741e-03   1.162949e+00
8.994022e-02   2.340136e-03   1.162623e+00
9.077327e-02   2.631969e-03   1.162277e+00
9.161402e-02   2.961574e-03   1.161879e+00
9.246257e-02   3.333803e-03   1.161436e+00
9.331898e-02   3.754102e-03   1.160955e+00
9.418332e-02   4.228580e-03   1.160444e+00
9.505566e-02   4.764078e-03   1.159910e+00
9.593608e-02   5.368244e-03   1.159362e+00
9.682466e-02   6.049621e-03   1.158805e+00
9.772147e-02   6.817735e-03   1.158247e+00
9.862658e-02   7.683189e-03   1.157697e+00
9.954008e-02   8.657763e-03   1.157161e+00
1.004620e-01   9.754528e-03   1.156637e+00
1.013925e-01   1.098806e-02   1.156087e+00
1.023317e-01   1.237460e-02   1.155511e+00
1.032795e-01   1.393217e-02   1.154922e+00
1.042361e-01   1.568071e-02   1.154330e+00
1.052015e-01   1.764224e-02   1.153747e+00
1.061759e-01   1.984105e-02   1.153183e+00
1.071593e-01   2.230386e-02   1.152650e+00
1.081519e-01   2.506005e-02   1.152158e+00
1.091536e-01   2.814182e-02   1.151719e+00
1.101646e-01   3.158438e-02   1.151344e+00
1.111850e-01   3.542650e-02   1.151028e+00
1.122148e-01   3.971145e-02   1.150755e+00
1.132541e-01   4.448686e-02   1.150514e+00
1.143031e-01   4.980506e-02   1.150292e+00
1.153618e-01   5.572345e-02   1.150074e+00
1.164303e-01   6.230493e-02   1.149849e+00
1.175087e-01   6.961838e-02   1.149604e+00
1.185971e-01   7.773912e-02   1.149325e+00
1.196956e-01   8.674943e-02   1.148999e+00
1.208042e-01   9.673894e-02   1.148591e+00
1.219231e-01   1.078035e-01   1.148049e+00
1.230524e-01   1.200458e-01   1.147408e+00
1.241921e-01   1.335760e-01   1.146708e+00
1.253424e-01   1.485125e-01   1.145988e+00
1.265034e-01   1.649818e-01   1.145286e+00
1.276751e-01   1.831186e-01   1.144643e+00
1.288576e-01   2.030663e-01   1.144096e+00
1.300511e-01   2.249766e-01   1.143686e+00
1.312557e-01   2.490125e-01   1.143370e+00
1.324714e-01   2.753567e-01   1.143089e+00
1.336984e-01   3.042083e-01   1.142836e+00
1.349367e-01   3.357819e-01   1.142607e+00
1.361865e-01   3.703092e-01   1.142395e+00
1.374479e-01   4.080402e-01   1.142193e+00
1.387210e-01   4.492443e-01   1.141997e+00
1.400058e-01   4.942123e-01   1.141799e+00
1.413026e-01   5.432556e-01   1.141614e+00
1.426114e-01   5.966999e-01   1.141451e+00
1.439323e-01   6.548900e-01   1.141300e+00
1.452654e-01   7.181929e-01   1.141151e+00
1.466109e-01   7.869985e-01   1.140993e+00
1.479688e-01   8.617204e-01   1.140817e+00
1.493393e-01   9.427969e-01   1.140612e+00
1.507225e-01   1.030692e+00   1.140358e+00
1.521186e-01   1.125886e+00   1.140013e+00
1.535275e-01   1.228877e+00   1.139597e+00
1.549495e-01   1.340182e+00   1.139143e+00
1.563847e-01   1.460338e+00   1.138681e+00
1.578331e-01   1.589903e+00   1.138241e+00
1.592950e-01   1.729452e+00   1.137856e+00
1.607704e-01   1.879578e+00   1.137545e+00
1.622595e-01   2.040920e+00   1.137265e+00
1.637624e-01   2.214170e+00   1.137005e+00
1.652792e-01   2.400058e+00   1.136761e+00
1.668101e-01   2.599345e+00   1.136530e+00
1.683551e-01   2.812832e+00   1.136310e+00
1.699144e-01   3.041357e+00   1.136095e+00
1.714882e-01   3.285796e+00   1.135885e+00
1.730766e-01   3.547069e+00   1.135674e+00
1.746796e-01   3.826136e+00   1.135460e+00
1.762975e-01   4.124003e+00   1.135239e+00
1.779304e-01   4.441722e+00   1.135008e+00
1.795785e-01   4.780394e+00   1.134765e+00
1.812418e-01   5.141166e+00   1.134498e+00
1.829205e-01   5.525198e+00   1.134199e+00
1.846147e-01   5.933672e+00   1.133875e+00
1.863246e-01   6.367806e+00   1.133537e+00
1.880504e-01   6.828856e+00   1.133193e+00
1.897922e-01   7.318111e+00   1.132855e+00
1.915501e-01   7.836898e+00   1.132531e+00
1.933242e-01   8.386576e+00   1.132232e+00
1.951148e-01   8.968537e+00   1.131967e+00
1.969220e-01   9.584206e+00   1.131746e+00
1.987460e-01   1.023504e+01   1.131578e+00
2.005868e-01   1.092252e+01   1.131471e+00
2.024447e-01   1.164816e+01   1.131385e+00
2.043197e-01   1.241353e+01   1.131307e+00
2.062122e-01   1.322021e+01   1.131234e+00
2.081222e-01   1.406983e+01   1.131168e+00
2.100498e-01   1.496403e+01   1.131108e+00
2.119953e-01   1.590448e+01   1.131052e+00
2.139589e-01   1.689287e+01   1.131000e+00
2.159406e-01   1.793092e+01   1.130953e+00
2.179407e-01   1.902036e+01   1.130909e+00
2.199593e-01   2.016295e+01   1.130868e+00
2.219966e-01   2.136045e+01   1.130829e+00
2.240528e-01   2.261464e+01   1.130792e+00
2.261280e-01   2.392731e+01   1.130756e+00
2.282224e-01   2.530026e+01   1.130720e+00
2.303363e-01   2.673530e+01   1.130685e+00
2.324697e-01   2.823423e+01   1.130650e+00
2.346229e-01   2.979886e+01   1.130614e+00
2.367960e-01   3.143099e+01   1.130577e+00
2.389893e-01   3.313244e+01   1.130537e+00
2.412028e-01   3.490498e+01   1.130495e+00
2.434369e-01   3.675040e+01   1.130451e+00
2.456916e-01   3.867047e+01   1.130402e+00
2.479673e-01   4.066693e+01   1.130350e+00
2.502640e-01   4.274152e+01   1.130293e+00
2.525820e-01   4.489597e+01   1.130235e+00
2.549215e-01   4.713208e+01   1.130176e+00
2.572826e-01   4.945164e+01   1.130117e+00
2.596656e-01   5.185647e+01   1.130058e+00
2.620707e-01   5.434834e+01   1.129998e+00
2.644980e-01   5.692906e+01   1.129937e+00
2.669478e-01   5.960039e+01   1.129875e+00
2.694204e-01   6.236411e+01   1.129811e+00
2.719158e-01   6.522199e+01   1.129746e+00
2.744343e-01   6.817579e+01   1.129680e+00
2.769762e-01   7.122725e+01   1.129611e+00
2.795416e-01   7.437812e+01   1.129540e+00
2.821308e-01   7.763014e+01   1.129467e+00
2.847439e-01   8.098504e+01   1.129391e+00
2.873813e-01   8.444455e+01   1.129312e+00
2.900430e-01   8.801039e+01   1.129230e+00
2.927295e-01   9.168429e+01   1.129144e+00
2.954408e-01   9.546796e+01   1.129056e+00
2.981772e-01   9.936312e+01   1.128963e+00
3.009390e-01   1.033715e+02   1.128867e+00
3.037264e-01   1.074946e+02   1.128761e+00
3.065395e-01   1.117336e+02   1.128647e+00
3.093788e-01   1.160897e+02   1.128525e+00
3.122443e-01   1.205638e+02   1.128395e+00
3.151363e-01   1.251569e+02   1.128257e+00
3.180552e-01   1.298698e+02   1.128114e+00
3.210011e-01   1.347032e+02   1.127964e+00
3.239743e-01   1.396579e+02   1.127809e+00
3.269750e-01   1.447344e+02   1.127650e+00
3.300035e-01   1.499331e+02   1.127487e+00
3.330600e-01   1.552545e+02   1.127321e+00
3.361449e-01   1.606987e+02   1.127153e+00
3.392583e-01   1.662660e+02   1.126982e+00
3.424006e-01   1.719564e+02   1.126810e+00
3.455720e-01   1.777698e+02   1.126638e+00
3.487727e-01   1.837061e+02   1.126466e+00
3.520031e-01   1.897649e+02   1.126287e+00
3.552635e-01   1.959459e+02   1.126082e+00
3.585540e-01   2.022487e+02   1.125853e+00
3.618750e-01   2.086725e+02   1.125607e+00
3.652267e-01   2.152168e+02   1.125350e+00
3.686095e-01   2.218808e+02   1.125087e+00
3.720237e-01   2.286634e+02   1.124825e+00
3.754694e-01   2.355636e+02   1.124570e+00
3.789471e-01   2.425803e+02   1.124329e+00
3.824570e-01   2.497123e+02   1.124107e+00
3.859994e-01   2.569580e+02   1.123910e+00
3.895746e-01   2.643161e+02   1.123744e+00
3.931829e-01   2.717849e+02   1.123617e+00
3.968246e-01   2.793627e+02   1.123533e+00
4.005001e-01   2.870476e+02   1.123498e+00
4.042096e-01   2.948381e+02   1.123485e+00
4.079535e-01   3.027330e+02   1.123475e+00
4.117320e-01   3.107316e+02   1.123467e+00
4.155455e-01   3.188329e+02   1.123461e+00
4.193944e-01   3.270363e+02   1.123456e+00
4.232789e-01   3.353408e+02   1.123451e+00
4.271994e-01   3.437458e+02   1.123447e+00
4.311562e-01   3.522506e+02   1.123442e+00
4.351497e-01   3.608545e+02   1.123437e+00
4.391801e-01   3.695570e+02   1.123430e+00
4.432479e-01   3.783576e+02   1.123420e+00
4.473533e-01   3.872557e+02   1.123409e+00
4.514968e-01   3.962511e+02   1.123392e+00
4.556786e-01   4.053430e+02   1.123348e+00
4.598992e-01   4.145303e+02   1.123274e+00
4.641589e-01   4.238119e+02   1.123175e+00
4.684580e-01   4.331865e+02   1.123055e+00
4.727970e-01   4.426530e+02   1.122919e+00
4.771761e-01   4.522102e+02   1.122771e+00
4.815958e-01   4.618571e+02   1.122615e+00
4.860564e-01   4.715925e+02   1.122457e+00
4.905584e-01   4.814155e+02   1.122300e+00
4.951020e-01   4.913248e+02   1.122149e+00
4.996877e-01   5.013197e+02   1.122009e+00
5.043159e-01   5.113991e+02   1.121874e+00
5.089870e-01   5.215625e+02   1.121734e+00
5.137014e-01   5.318095e+02   1.121590e+00
5.184594e-01   5.421396e+02   1.121442e+00
5.232614e-01   5.525526e+02   1.121291e+00
5.281080e-01   5.630485e+02   1.121137e+00
5.329994e-01   5.736269e+02   1.120982e+00
5.379362e-01   5.842881e+02   1.120825e+00
5.429186e-01   5.950321e+02   1.120668e+00
5.479472e-01   6.058592e+02   1.120511e+00
5.530224e-01   6.167698e+02   1.120354e+00
5.581446e-01   6.277642e+02   1.120199e+00
5.633143e-01   6.388431e+02   1.120046e+00
5.685318e-01   6.500073e+02   1.119895e+00
5.737976e-01   6.612575e+02   1.119748e+00
5.791123e-01   6.725948e+02   1.119604e+00
5.844761e-01   6.840203e+02   1.119465e+00
5.898896e-01   6.955353e+02   1.119331e+00
5.953533e-01   7.071412e+02   1.119203e+00
6.008676e-01   7.188396e+02   1.119081e+00
6.064329e-01   7.306324e+02   1.118969e+00
6.120498e-01   7.425222e+02   1.118867e+00
6.177188e-01   7.545119e+02   1.118774e+00
6.234402e-01   7.666048e+02   1.118686e+00
6.292146e-01   7.788040e+02   1.118603e+00
6.350425e-01   7.911134e+02   1.118524e+00
6.409244e-01   8.035366e+02   1.118445e+00
6.468608e-01   8.160777e+02   1.118365e+00
6.528521e-01   8.287412e+02   1.118283e+00
6.588990e-01   8.415316e+02   1.118197e+00
6.650018e-01   8.544538e+02   1.118105e+00
6.711612e-01   8.675128e+02   1.118005e+00
6.773776e-01   8.807142e+02   1.117895e+00
6.836516e-01   8.940637e+02   1.117774e+00
6.899837e-01   9.075672e+02   1.117640e+00
6.963745e-01   9.212310e+02   1.117491e+00
7.028244e-01   9.350617e+02   1.117320e+00
7.093341e-01   9.490652e+02   1.117089e+00
7.159041e-01   9.632461e+02   1.116795e+00
7.225349e-01   9.776093e+02   1.116446e+00
7.292272e-01   9.921596e+02   1.116051e+00
7.359814e-01   1.006902e+03   1.115617e+00
7.427982e-01   1.021843e+03   1.115152e+00
7.496782e-01   1.036987e+03   1.114662e+00
7.566219e-01   1.052340e+03   1.114157e+00
7.636298e-01   1.067909e+03   1.113644e+00
7.707027e-01   1.083699e+03   1.113130e+00
7.778411e-01   1.099718e+03   1.112623e+00
7.850456e-01   1.115971e+03   1.112130e+00
7.923169e-01   1.132467e+03   1.111660e+00
7.996555e-01   1.149211e+03   1.111220e+00
8.070620e-01   1.166213e+03   1.110792e+00
8.145372e-01   1.183480e+03   1.110353e+00
8.220816e-01   1.201021e+03   1.109907e+00
8.296959e-01   1.218846e+03   1.109456e+00
8.373807e-01   1.236963e+03   1.109006e+00
8.451366e-01   1.255384e+03   1.108559e+00
8.529644e-01   1.274119e+03   1.108119e+00
8.608648e-01   1.293177e+03   1.107691e+00
8.688383e-01   1.312571e+03   1.107277e+00
8.768856e-01   1.332312e+03   1.106882e+00
8.850075e-01   1.352412e+03   1.106509e+00
8.932046e-01   1.372884e+03   1.106163e+00
9.014776e-01   1.393740e+03   1.105846e+00
9.098273e-01   1.414994e+03   1.105562e+00
9.182543e-01   1.436663e+03   1.105306e+00
9.267593e-01   1.458764e+03   1.105071e+00
9.353432e-01   1.481312e+03   1.104851e+00
9.440065e-01   1.504328e+03   1.104640e+00
9.527500e-01   1.527830e+03   1.104430e+00
9.615746e-01   1.551837e+03   1.104215e+00
9.704809e-01   1.576370e+03   1.103990e+00
9.794697e-01   1.601450e+03   1.103746e+00
9.885417e-01   1.627100e+03   1.103479e+00
9.976978e-01   1.653344e+03   1.103180e+00
1.006939e+00   1.680203e+03   1.102844e+00
1.016265e+00   1.707693e+03   1.102465e+00
1.025678e+00   1.735822e+03   1.102047e+00
1.035178e+00   1.764599e+03   1.101594e+00
1.044766e+00   1.794035e+03   1.101108e+00
1.054443e+00   1.824137e+03   1.100592e+00
1.064209e+00   1.854916e+03   1.100050e+00
1.074066e+00   1.886380e+03   1.099485e+00
1.084014e+00   1.918539e+03   1.098899e+00
1.094055e+00   1.951400e+03   1.098297e+00
1.104188e+00   1.984974e+03   1.097681e+00
1.114415e+00   2.019269e+03   1.097054e+00
1.124737e+00   2.054294e+03   1.096420e+00
1.135155e+00   2.090056e+03   1.095781e+00
1.145669e+00   2.126565e+03   1.095140e+00
1.156280e+00   2.163829e+03   1.094502e+00
1.166990e+00   2.201854e+03   1.093868e+00
1.177799e+00   2.240650e+03   1.093242e+00
1.188708e+00   2.280223e+03   1.092627e+00
1.199718e+00   2.320580e+03   1.092026e+00
1.210830e+00   2.361729e+03   1.091442e+00
1.222045e+00   2.403676e+03   1.090878e+00
1.233363e+00   2.446426e+03   1.090338e+00
1.244787e+00   2.489987e+03   1.089824e+00
1.256317e+00   2.534363e+03   1.089334e+00
1.267953e+00   2.579562e+03   1.088845e+00
1.279697e+00   2.625595e+03   1.088356e+00
1.291550e+00   2.672474e+03   1.087867e+00
1.303512e+00   2.720207e+03   1.087379e+00
1.315586e+00   2.768806e+03   1.086895e+00
1.327771e+00   2.818282e+03   1.086414e+00
1.340069e+00   2.868644e+03   1.085939e+00
1.352481e+00   2.919904e+03   1.085470e+00
1.365008e+00   2.972070e+03   1.085009e+00
1.377651e+00   3.025153e+03   1.084556e+00
1.390411e+00   3.079163e+03   1.084113e+00
1.403289e+00   3.134109e+03   1.083682e+00
1.416287e+00   3.190002e+03   1.083263e+00
1.429405e+00   3.246850e+03   1.082857e+00
1.442644e+00   3.304662e+03   1.082466e+00
1.456006e+00   3.363447e+03   1.082090e+00
1.469492e+00   3.423215e+03   1.081732e+00
1.483103e+00   3.483973e+03   1.081392e+00
1.496839e+00   3.545729e+03   1.081071e+00
1.510703e+00   3.608492e+03   1.080768e+00
1.524696e+00   3.672269e+03   1.080481e+00
1.538818e+00   3.737065e+03   1.080206e+00
1.553071e+00   3.802889e+03   1.079943e+00
1.567455e+00   3.869745e+03   1.079690e+00
1.581973e+00   3.937639e+03   1.079446e+00
1.596626e+00   4.006576e+03   1.079210e+00
1.611414e+00   4.076562e+03   1.078981e+00
1.626340e+00   4.147599e+03   1.078756e+00
1.641403e+00   4.219692e+03   1.078535e+00
1.656606e+00   4.292845e+03   1.078317e+00
1.671950e+00   4.367059e+03   1.078100e+00
1.687436e+00   4.442336e+03   1.077883e+00
1.703065e+00   4.518679e+03   1.077665e+00
1.718839e+00   4.596087e+03   1.077444e+00
1.734759e+00   4.674562e+03   1.077219e+00
1.750827e+00   4.754102e+03   1.076988e+00
1.767044e+00   4.834707e+03   1.076754e+00
1.783410e+00   4.916378e+03   1.076518e+00
1.799929e+00   4.999113e+03   1.076281e+00
1.816600e+00   5.082914e+03   1.076044e+00
1.833425e+00   5.167779e+03   1.075808e+00
1.850407e+00   5.253706e+03   1.075572e+00
1.867546e+00   5.340692e+03   1.075337e+00
1.884843e+00   5.428736e+03   1.075105e+00
1.902301e+00   5.517832e+03   1.074876e+00
1.919921e+00   5.607978e+03   1.074649e+00
1.937703e+00   5.699167e+03   1.074427e+00
1.955651e+00   5.791393e+03   1.074208e+00
1.973764e+00   5.884651e+03   1.073995e+00
1.992046e+00   5.978933e+03   1.073788e+00
2.010496e+00   6.074230e+03   1.073584e+00
2.029118e+00   6.170530e+03   1.073371e+00
2.047912e+00   6.267818e+03   1.073151e+00
2.066880e+00   6.366079e+03   1.072924e+00
2.086024e+00   6.465294e+03   1.072691e+00
2.105345e+00   6.565444e+03   1.072455e+00
2.124845e+00   6.666509e+03   1.072218e+00
2.144526e+00   6.768468e+03   1.071980e+00
2.164389e+00   6.871299e+03   1.071743e+00
2.184436e+00   6.974976e+03   1.071509e+00
2.204669e+00   7.079475e+03   1.071279e+00
2.225089e+00   7.184769e+03   1.071055e+00
2.245698e+00   7.290829e+03   1.070839e+00
2.266498e+00   7.397626e+03   1.070632e+00
2.287491e+00   7.505129e+03   1.070435e+00
2.308678e+00   7.613305e+03   1.070251e+00
2.330061e+00   7.722119e+03   1.070081e+00
2.351643e+00   7.831537e+03   1.069926e+00
2.373424e+00   7.941521e+03   1.069787e+00
2.395407e+00   8.052032e+03   1.069668e+00
2.417594e+00   8.163031e+03   1.069568e+00
2.439986e+00   8.274476e+03   1.069490e+00
2.462586e+00   8.386323e+03   1.069435e+00
2.485395e+00   8.498527e+03   1.069405e+00
2.508415e+00   8.611044e+03   1.069402e+00
2.531648e+00   8.723854e+03   1.069420e+00
2.555097e+00   8.836984e+03   1.069459e+00
2.578763e+00   8.950463e+03   1.069515e+00
2.602648e+00   9.064324e+03   1.069587e+00
2.626754e+00   9.178603e+03   1.069671e+00
2.651084e+00   9.293336e+03   1.069766e+00
2.675638e+00   9.408565e+03   1.069869e+00
2.700421e+00   9.524332e+03   1.069978e+00
2.725433e+00   9.640683e+03   1.070090e+00
2.750676e+00   9.757665e+03   1.070204e+00
2.776153e+00   9.875328e+03   1.070317e+00
2.801867e+00   9.993727e+03   1.070426e+00
2.827818e+00   1.011292e+04   1.070529e+00
2.854010e+00   1.023295e+04   1.070624e+00
2.880444e+00   1.035391e+04   1.070709e+00
2.907123e+00   1.047583e+04   1.070781e+00
2.934050e+00   1.059880e+04   1.070839e+00
2.961225e+00   1.072288e+04   1.070878e+00
2.988653e+00   1.084815e+04   1.070898e+00
3.016334e+00   1.097467e+04   1.070871e+00
3.044272e+00   1.110243e+04   1.070696e+00
3.072469e+00   1.123132e+04   1.070382e+00
3.100927e+00   1.136123e+04   1.069949e+00
3.129648e+00   1.149205e+04   1.069418e+00
3.158635e+00   1.162365e+04   1.068810e+00
3.187891e+00   1.175591e+04   1.068145e+00
3.217418e+00   1.188870e+04   1.067444e+00
3.247218e+00   1.202188e+04   1.066728e+00
3.277295e+00   1.215530e+04   1.066017e+00
3.307650e+00   1.228882e+04   1.065332e+00
3.338286e+00   1.242229e+04   1.064693e+00
3.369206e+00   1.255554e+04   1.064120e+00
3.400412e+00   1.268840e+04   1.063634e+00
3.431907e+00   1.282072e+04   1.063255e+00
3.463694e+00   1.295230e+04   1.063004e+00
3.495776e+00   1.308296e+04   1.062901e+00
3.528154e+00   1.321255e+04   1.062922e+00
3.560833e+00   1.334106e+04   1.062996e+00
3.593814e+00   1.346856e+04   1.063114e+00
3.627100e+00   1.359510e+04   1.063269e+00
3.660695e+00   1.372075e+04   1.063452e+00
3.694601e+00   1.384559e+04   1.063655e+00
3.728821e+00   1.396970e+04   1.063868e+00
3.763358e+00   1.409316e+04   1.064086e+00
3.798215e+00   1.421605e+04   1.064297e+00
3.833395e+00   1.433847e+04   1.064496e+00
3.868901e+00   1.446051e+04   1.064673e+00
3.904735e+00   1.458226e+04   1.064819e+00
3.940902e+00   1.470383e+04   1.064927e+00
3.977403e+00   1.482533e+04   1.064989e+00
4.014242e+00   1.494686e+04   1.064999e+00
4.051423e+00   1.506849e+04   1.064984e+00
4.088948e+00   1.519018e+04   1.064953e+00
4.126821e+00   1.531191e+04   1.064908e+00
4.165044e+00   1.543365e+04   1.064850e+00
4.203622e+00   1.555537e+04   1.064779e+00
4.242556e+00   1.567705e+04   1.064697e+00
4.281852e+00   1.579864e+04   1.064605e+00
4.321511e+00   1.592012e+04   1.064504e+00
4.361538e+00   1.604146e+04   1.064395e+00
4.401935e+00   1.616262e+04   1.064279e+00
4.442707e+00   1.628357e+04   1.064158e+00
4.483856e+00   1.640428e+04   1.064032e+00
4.525386e+00   1.652471e+04   1.063903e+00
4.567301e+00   1.664483e+04   1.063772e+00
4.609604e+00   1.676460e+04   1.063640e+00
4.652300e+00   1.688399e+04   1.063507e+00
4.695390e+00   1.700296e+04   1.063376e+00
4.738880e+00   1.712148e+04   1.063247e+00
4.782772e+00   1.723950e+04   1.063122e+00
4.827071e+00   1.735700e+04   1.063001e+00
4.871780e+00   1.747392e+04   1.062885e+00
4.916904e+00   1.759024e+04   1.062777e+00
4.962445e+00   1.770591e+04   1.062676e+00
5.008408e+00   1.782090e+04   1.062584e+00
5.054797e+00   1.793517e+04   1.062491e+00
5.101615e+00   1.804869e+04   1.062392e+00
5.148867e+00   1.816145e+04   1.062290e+00
5.196557e+00   1.827341e+04   1.062185e+00
5.244689e+00   1.838457e+04   1.062077e+00
5.293266e+00   1.849488e+04   1.061969e+00
5.342293e+00   1.860434e+04   1.061861e+00
5.391775e+00   1.871291e+04   1.061755e+00
5.441714e+00   1.882058e+04   1.061651e+00
5.492116e+00   1.892733e+04   1.061551e+00
5.542986e+00   1.903313e+04   1.061456e+00
5.594326e+00   1.913795e+04   1.061367e+00
5.646141e+00   1.924179e+04   1.061285e+00
5.698437e+00   1.934461e+04   1.061211e+00
5.751217e+00   1.944639e+04   1.061146e+00
5.804486e+00   1.954712e+04   1.061092e+00
5.858248e+00   1.964677e+04   1.061049e+00
5.912508e+00   1.974531e+04   1.061019e+00
5.967271e+00   1.984274e+04   1.061003e+00
6.022541e+00   1.993902e+04   1.061000e+00
6.078323e+00   2.003418e+04   1.061004e+00
6.134622e+00   2.012827e+04   1.061011e+00
6.191442e+00   2.022136e+04   1.061022e+00
6.248788e+00   2.031351e+04   1.061034e+00
6.306666e+00   2.040480e+04   1.061049e+00
6.365079e+00   2.049529e+04   1.061066e+00
6.424034e+00   2.058506e+04   1.061083e+00
6.483534e+00   2.067417e+04   1.061101e+00
6.543586e+00   2.076270e+04   1.061119e+00
6.604194e+00   2.085074e+04   1.061136e+00
6.665363e+00   2.093834e+04   1.061152e+00
6.727099e+00   2.102561e+04   1.061167e+00
6.789407e+00   2.111260e+04   1.061180e+00
6.852292e+00   2.119942e+04   1.061190e+00
6.915759e+00   2.128613e+04   1.061196e+00
6.979814e+00   2.137283e+04   1.061200e+00
7.044462e+00   2.145959e+04   1.061179e+00
7.109709e+00   2.154636e+04   1.061080e+00
7.175561e+00   2.163302e+04   1.060910e+00
7.242022e+00   2.171943e+04   1.060683e+00
7.309099e+00   2.180546e+04   1.060411e+00
7.376798e+00   2.189099e+04   1.060106e+00
7.445123e+00   2.197588e+04   1.059782e+00
7.514081e+00   2.205998e+04   1.059452e+00
7.583678e+00   2.214317e+04   1.059126e+00
7.653919e+00   2.222530e+04   1.058820e+00
7.724811e+00   2.230623e+04   1.058544e+00
7.796360e+00   2.238581e+04   1.058311e+00
7.868572e+00   2.246390e+04   1.058135e+00
7.941452e+00   2.254036e+04   1.058028e+00
8.015007e+00   2.261503e+04   1.058000e+00
8.089243e+00   2.268781e+04   1.058001e+00
8.164168e+00   2.275871e+04   1.058003e+00
8.239786e+00   2.282776e+04   1.058007e+00
8.316104e+00   2.289498e+04   1.058012e+00
8.393129e+00   2.296040e+04   1.058018e+00
8.470868e+00   2.302403e+04   1.058026e+00
8.549327e+00   2.308592e+04   1.058034e+00
8.628513e+00   2.314608e+04   1.058044e+00
8.708431e+00   2.320454e+04   1.058054e+00
8.789091e+00   2.326134e+04   1.058066e+00
8.870497e+00   2.331651e+04   1.058079e+00
8.952657e+00   2.337007e+04   1.058092e+00
9.035578e+00   2.342206e+04   1.058107e+00
9.119268e+00   2.347251e+04   1.058134e+00
9.203732e+00   2.352145e+04   1.058174e+00
9.288979e+00   2.356893e+04   1.058225e+00
9.375015e+00   2.361496e+04   1.058287e+00
9.461848e+00   2.365960e+04   1.058357e+00
9.549486e+00   2.370286e+04   1.058435e+00
9.637935e+00   2.374480e+04   1.058520e+00
9.727203e+00   2.378545e+04   1.058610e+00
9.817298e+00   2.382484e+04   1.058704e+00
9.908228e+00   2.386301e+04   1.058801e+00
1.000000e+01   2.390000e+04   1.058900e+00
