# C14 + t > N17 + g   [C14_t__N17_g]   ref=TALYS2, Koning et al. 2023
# detailed balance: alpha=3.8615e+10 beta=1.5 gamma=-117.19  Q=10.0987
# T9                 rate                error
1.000000e-03   1.000000e-35   1.000000e+02
1.009262e-03   1.003768e-35   1.000000e+02
1.018610e-03   1.007066e-35   1.000000e+02
1.028045e-03   1.009897e-35   1.000000e+02
1.037567e-03   1.012267e-35   1.000000e+02
1.047177e-03   1.014180e-35   1.000000e+02
1.056876e-03   1.015642e-35   1.000000e+02
1.066665e-03   1.016659e-35   1.000000e+02
1.076545e-03   1.017239e-35   1.000000e+02
1.086516e-03   1.017390e-35   1.000000e+02
1.096579e-03   1.017118e-35   1.000000e+02
1.106736e-03   1.016435e-35   1.000000e+02
1.116987e-03   1.015347e-35   1.000000e+02
1.127333e-03   1.013866e-35   1.000000e+02
1.137774e-03   1.012001e-35   1.000000e+02
1.148312e-03   1.009762e-35   1.000000e+02
1.158948e-03   1.007162e-35   1.000000e+02
1.169683e-03   1.004210e-35   1.000000e+02
1.180517e-03   1.000918e-35   1.000000e+02
1.191451e-03   9.972978e-36   1.000000e+02
1.202486e-03   9.933614e-36   1.000000e+02
1.213624e-03   9.891208e-36   1.000000e+02
1.224865e-03   9.845880e-36   1.000000e+02
1.236210e-03   9.797755e-36   1.000000e+02
1.247660e-03   9.746955e-36   1.000000e+02
1.259216e-03   9.693606e-36   1.000000e+02
1.270879e-03   9.637831e-36   1.000000e+02
1.282650e-03   9.579756e-36   1.000000e+02
1.294530e-03   9.519505e-36   1.000000e+02
1.306520e-03   9.457201e-36   1.000000e+02
1.318621e-03   9.392968e-36   1.000000e+02
1.330835e-03   9.326928e-36   1.000000e+02
1.343161e-03   9.259201e-36   1.000000e+02
1.355602e-03   9.189909e-36   1.000000e+02
1.368158e-03   9.119168e-36   1.000000e+02
1.380830e-03   9.047095e-36   1.000000e+02
1.393619e-03   8.973805e-36   1.000000e+02
1.406527e-03   8.899410e-36   1.000000e+02
1.419555e-03   8.824022e-36   1.000000e+02
1.432703e-03   8.747747e-36   1.000000e+02
1.445973e-03   8.670692e-36   1.000000e+02
1.459366e-03   8.592961e-36   1.000000e+02
1.472883e-03   8.514654e-36   1.000000e+02
1.486525e-03   8.435871e-36   1.000000e+02
1.500293e-03   8.356705e-36   1.000000e+02
1.514189e-03   8.277251e-36   1.000000e+02
1.528214e-03   8.197600e-36   1.000000e+02
1.542369e-03   8.117837e-36   1.000000e+02
1.556654e-03   8.038049e-36   1.000000e+02
1.571072e-03   7.958317e-36   1.000000e+02
1.585624e-03   7.878721e-36   1.000000e+02
1.600310e-03   7.799336e-36   1.000000e+02
1.615133e-03   7.720237e-36   1.000000e+02
1.630092e-03   7.641494e-36   1.000000e+02
1.645191e-03   7.563176e-36   1.000000e+02
1.660429e-03   7.485347e-36   1.000000e+02
1.675808e-03   7.408071e-36   1.000000e+02
1.691330e-03   7.331408e-36   1.000000e+02
1.706995e-03   7.255415e-36   1.000000e+02
1.722805e-03   7.180147e-36   1.000000e+02
1.738762e-03   7.105658e-36   1.000000e+02
1.754867e-03   7.031996e-36   1.000000e+02
1.771121e-03   6.959211e-36   1.000000e+02
1.787526e-03   6.887347e-36   1.000000e+02
1.804082e-03   6.816448e-36   1.000000e+02
1.820792e-03   6.746556e-36   1.000000e+02
1.837656e-03   6.677710e-36   1.000000e+02
1.854677e-03   6.609946e-36   1.000000e+02
1.871855e-03   6.543301e-36   1.000000e+02
1.889193e-03   6.477808e-36   1.000000e+02
1.906691e-03   6.413499e-36   1.000000e+02
1.924351e-03   6.350404e-36   1.000000e+02
1.942175e-03   6.288552e-36   1.000000e+02
1.960163e-03   6.227970e-36   1.000000e+02
1.978319e-03   6.168684e-36   1.000000e+02
1.996642e-03   6.110719e-36   1.000000e+02
2.015136e-03   6.054099e-36   1.000000e+02
2.033800e-03   5.998844e-36   1.000000e+02
2.052638e-03   5.944978e-36   1.000000e+02
2.071650e-03   5.892520e-36   1.000000e+02
2.090838e-03   5.841489e-36   1.000000e+02
2.110203e-03   5.791905e-36   1.000000e+02
2.129749e-03   5.743786e-36   1.000000e+02
2.149475e-03   5.697149e-36   1.000000e+02
2.169384e-03   5.652011e-36   1.000000e+02
2.189477e-03   5.608389e-36   1.000000e+02
2.209756e-03   5.566300e-36   1.000000e+02
2.230223e-03   5.525760e-36   1.000000e+02
2.250880e-03   5.486784e-36   1.000000e+02
2.271728e-03   5.449389e-36   1.000000e+02
2.292769e-03   5.413592e-36   1.000000e+02
2.314005e-03   5.379408e-36   1.000000e+02
2.335438e-03   5.346854e-36   1.000000e+02
2.357069e-03   5.315947e-36   1.000000e+02
2.378901e-03   5.286705e-36   1.000000e+02
2.400935e-03   5.259145e-36   1.000000e+02
2.423173e-03   5.233286e-36   1.000000e+02
2.445617e-03   5.209148e-36   1.000000e+02
2.468268e-03   5.186751e-36   1.000000e+02
2.491130e-03   5.166115e-36   1.000000e+02
2.514203e-03   5.147264e-36   1.000000e+02
2.537490e-03   5.130221e-36   1.000000e+02
2.560993e-03   5.115011e-36   1.000000e+02
2.584714e-03   5.101659e-36   1.000000e+02
2.608654e-03   5.090195e-36   1.000000e+02
2.632815e-03   5.080646e-36   1.000000e+02
2.657201e-03   5.073045e-36   1.000000e+02
2.681813e-03   5.067425e-36   1.000000e+02
2.706652e-03   5.063821e-36   1.000000e+02
2.731722e-03   5.062271e-36   1.000000e+02
2.757023e-03   5.062815e-36   1.000000e+02
2.782559e-03   5.065495e-36   1.000000e+02
2.808332e-03   5.070357e-36   1.000000e+02
2.834343e-03   5.077449e-36   1.000000e+02
2.860596e-03   5.086822e-36   1.000000e+02
2.887091e-03   5.098532e-36   1.000000e+02
2.913832e-03   5.112637e-36   1.000000e+02
2.940820e-03   5.129198e-36   1.000000e+02
2.968059e-03   5.148283e-36   1.000000e+02
2.995549e-03   5.169962e-36   1.000000e+02
3.023295e-03   5.194283e-36   1.000000e+02
3.051297e-03   5.221126e-36   1.000000e+02
3.079559e-03   5.250304e-36   1.000000e+02
3.108082e-03   5.281625e-36   1.000000e+02
3.136870e-03   5.314896e-36   1.000000e+02
3.165924e-03   5.349920e-36   1.000000e+02
3.195248e-03   5.386496e-36   1.000000e+02
3.224842e-03   5.424418e-36   1.000000e+02
3.254712e-03   5.463475e-36   1.000000e+02
3.284857e-03   5.503450e-36   1.000000e+02
3.315282e-03   5.544118e-36   1.000000e+02
3.345989e-03   5.585251e-36   1.000000e+02
3.376980e-03   5.626610e-36   1.000000e+02
3.408259e-03   5.667951e-36   1.000000e+02
3.439826e-03   5.709022e-36   1.000000e+02
3.471687e-03   5.749564e-36   1.000000e+02
3.503842e-03   5.789313e-36   1.000000e+02
3.536296e-03   5.827995e-36   1.000000e+02
3.569049e-03   5.865332e-36   1.000000e+02
3.602107e-03   5.901040e-36   1.000000e+02
3.635470e-03   5.934830e-36   1.000000e+02
3.669142e-03   5.966408e-36   1.000000e+02
3.703127e-03   5.995479e-36   1.000000e+02
3.737426e-03   6.021743e-36   1.000000e+02
3.772042e-03   6.044902e-36   1.000000e+02
3.806980e-03   6.064656e-36   1.000000e+02
3.842241e-03   6.080709e-36   1.000000e+02
3.877828e-03   6.092768e-36   1.000000e+02
3.913746e-03   6.100545e-36   1.000000e+02
3.949995e-03   6.103761e-36   1.000000e+02
3.986581e-03   6.102143e-36   1.000000e+02
4.023506e-03   6.095528e-36   1.000000e+02
4.060772e-03   6.085015e-36   1.000000e+02
4.098384e-03   6.072578e-36   1.000000e+02
4.136344e-03   6.060195e-36   1.000000e+02
4.174655e-03   6.049830e-36   1.000000e+02
4.213322e-03   6.043435e-36   1.000000e+02
4.252346e-03   6.042959e-36   1.000000e+02
4.291732e-03   6.050366e-36   1.000000e+02
4.331483e-03   6.067653e-36   1.000000e+02
4.371602e-03   6.096886e-36   1.000000e+02
4.412093e-03   6.140229e-36   1.000000e+02
4.452959e-03   6.199993e-36   1.000000e+02
4.494203e-03   6.278691e-36   1.000000e+02
4.535829e-03   6.379098e-36   1.000000e+02
4.577841e-03   6.504331e-36   1.000000e+02
4.620241e-03   6.657947e-36   1.000000e+02
4.663035e-03   6.844051e-36   1.000000e+02
4.706225e-03   7.067445e-36   1.000000e+02
4.749815e-03   7.333799e-36   1.000000e+02
4.793808e-03   7.649866e-36   1.000000e+02
4.838210e-03   8.023761e-36   1.000000e+02
4.883022e-03   8.465304e-36   1.000000e+02
4.928250e-03   8.986456e-36   1.000000e+02
4.973896e-03   9.601890e-36   1.000000e+02
5.019965e-03   1.032963e-35   1.000000e+02
5.066461e-03   1.118884e-35   1.000000e+02
5.113388e-03   1.219897e-35   1.000000e+02
5.160749e-03   1.338306e-35   1.000000e+02
5.208549e-03   1.476856e-35   1.000000e+02
5.256791e-03   1.638806e-35   1.000000e+02
5.305481e-03   1.828015e-35   1.000000e+02
5.354621e-03   2.049045e-35   1.000000e+02
5.404216e-03   2.307272e-35   1.000000e+02
5.454271e-03   2.609025e-35   1.000000e+02
5.504790e-03   2.961734e-35   1.000000e+02
5.555776e-03   3.374104e-35   1.000000e+02
5.607235e-03   3.856310e-35   1.000000e+02
5.659170e-03   4.420209e-35   1.000000e+02
5.711586e-03   5.079575e-35   1.000000e+02
5.764488e-03   5.850351e-35   1.000000e+02
5.817880e-03   6.750919e-35   1.000000e+02
5.871766e-03   7.802369e-35   1.000000e+02
5.926152e-03   9.028782e-35   1.000000e+02
5.981041e-03   1.045748e-34   1.000000e+02
6.036439e-03   1.211958e-34   1.000000e+02
6.092349e-03   1.405425e-34   1.000000e+02
6.148778e-03   1.631060e-34   1.000000e+02
6.205729e-03   1.894782e-34   1.000000e+02
6.263207e-03   2.203738e-34   1.000000e+02
6.321218e-03   2.566592e-34   1.000000e+02
6.379767e-03   2.993878e-34   1.000000e+02
6.438857e-03   3.498458e-34   1.000000e+02
6.498495e-03   4.096083e-34   1.000000e+02
6.558686e-03   4.806124e-34   1.000000e+02
6.619433e-03   5.652492e-34   1.000000e+02
6.680744e-03   6.664816e-34   1.000000e+02
6.742622e-03   7.879962e-34   1.000000e+02
6.805074e-03   9.343990e-34   1.000000e+02
6.868104e-03   1.111469e-33   1.000000e+02
6.931717e-03   1.326490e-33   1.000000e+02
6.995920e-03   1.588679e-33   1.000000e+02
7.060718e-03   1.909676e-33   1.000000e+02
7.126115e-03   2.303801e-33   1.000000e+02
7.192119e-03   2.788913e-33   1.000000e+02
7.258734e-03   3.387445e-33   1.000000e+02
7.325965e-03   4.127616e-33   1.000000e+02
7.393820e-03   5.044974e-33   1.000000e+02
7.462303e-03   6.184343e-33   1.000000e+02
7.531420e-03   7.602317e-33   1.000000e+02
7.601178e-03   9.370412e-33   1.000000e+02
7.671581e-03   1.157909e-32   1.000000e+02
7.742637e-03   1.434285e-32   1.000000e+02
7.814351e-03   1.780676e-32   1.000000e+02
7.886729e-03   2.215465e-32   1.000000e+02
7.959777e-03   2.761967e-32   1.000000e+02
8.033502e-03   3.449800e-32   1.000000e+02
8.107910e-03   4.318288e-32   1.000000e+02
8.183007e-03   5.421082e-32   1.000000e+02
8.258799e-03   6.830332e-32   1.000000e+02
8.335294e-03   8.643784e-32   1.000000e+02
8.412497e-03   1.099505e-31   1.000000e+02
8.490415e-03   1.406845e-31   1.000000e+02
8.569055e-03   1.812074e-31   1.000000e+02
8.648423e-03   2.351318e-31   1.000000e+02
8.728527e-03   3.075933e-31   1.000000e+02
8.809372e-03   4.059735e-31   1.000000e+02
8.890966e-03   5.410014e-31   1.000000e+02
8.973316e-03   7.284568e-31   1.000000e+02
9.056428e-03   9.916475e-31   1.000000e+02
9.140311e-03   1.362678e-30   1.000000e+02
9.224970e-03   1.884849e-30   1.000000e+02
9.310413e-03   2.616759e-30   1.000000e+02
9.396648e-03   3.635893e-30   1.000000e+02
9.483682e-03   5.041679e-30   1.000000e+02
9.571522e-03   6.956845e-30   1.000000e+02
9.660175e-03   9.525303e-30   1.000000e+02
9.749649e-03   1.290420e-29   1.000000e+02
9.839952e-03   1.724748e-29   1.000000e+02
9.931092e-03   2.267873e-29   1.000000e+02
1.002308e-02   2.925318e-29   1.000000e+02
1.011591e-02   3.697658e-29   1.000000e+02
1.020961e-02   4.591157e-29   1.000000e+02
1.030417e-02   5.615330e-29   1.000000e+02
1.039961e-02   6.784249e-29   1.000000e+02
1.049593e-02   8.119277e-29   1.000000e+02
1.059315e-02   9.652454e-29   1.000000e+02
1.069126e-02   1.143085e-28   1.000000e+02
1.079029e-02   1.352246e-28   1.000000e+02
1.089023e-02   1.602452e-28   1.000000e+02
1.099110e-02   1.907576e-28   1.000000e+02
1.109290e-02   2.286447e-28   1.000000e+02
1.119564e-02   2.759251e-28   1.000000e+02
1.129934e-02   3.349656e-28   1.000000e+02
1.140400e-02   4.087105e-28   1.000000e+02
1.150962e-02   5.008022e-28   1.000000e+02
1.161623e-02   6.157145e-28   1.000000e+02
1.172382e-02   7.588977e-28   1.000000e+02
1.183241e-02   9.369271e-28   1.000000e+02
1.194200e-02   1.157644e-27   1.000000e+02
1.205261e-02   1.430301e-27   1.000000e+02
1.216424e-02   1.766542e-27   1.000000e+02
1.227691e-02   2.181548e-27   1.000000e+02
1.239062e-02   2.694399e-27   1.000000e+02
1.250539e-02   3.329107e-27   1.000000e+02
1.262121e-02   4.115988e-27   1.000000e+02
1.273811e-02   5.093462e-27   1.000000e+02
1.285610e-02   6.310399e-27   1.000000e+02
1.297517e-02   7.829199e-27   1.000000e+02
1.309535e-02   9.729588e-27   1.000000e+02
1.321664e-02   1.211143e-26   1.000000e+02
1.333906e-02   1.510027e-26   1.000000e+02
1.346261e-02   1.885503e-26   1.000000e+02
1.358730e-02   2.357693e-26   1.000000e+02
1.371315e-02   2.952088e-26   1.000000e+02
1.384016e-02   3.700990e-26   1.000000e+02
1.396835e-02   4.645342e-26   1.000000e+02
1.409773e-02   5.837085e-26   1.000000e+02
1.422830e-02   7.342543e-26   1.000000e+02
1.436009e-02   9.246459e-26   1.000000e+02
1.449310e-02   1.165708e-25   1.000000e+02
1.462733e-02   1.471281e-25   1.000000e+02
1.476281e-02   1.859089e-25   1.000000e+02
1.489955e-02   2.351852e-25   1.000000e+02
1.503755e-02   2.978731e-25   1.000000e+02
1.517683e-02   3.777176e-25   1.000000e+02
1.531740e-02   4.795273e-25   1.000000e+02
1.545928e-02   6.094872e-25   1.000000e+02
1.560246e-02   7.755608e-25   1.000000e+02
1.574698e-02   9.880119e-25   1.000000e+02
1.589283e-02   1.260081e-24   1.000000e+02
1.604003e-02   1.608865e-24   1.000000e+02
1.618860e-02   2.056457e-24   1.000000e+02
1.633854e-02   2.631416e-24   1.000000e+02
1.648987e-02   3.370704e-24   1.000000e+02
1.664260e-02   4.322196e-24   1.000000e+02
1.679675e-02   5.547943e-24   1.000000e+02
1.695232e-02   7.128441e-24   1.000000e+02
1.710934e-02   9.168184e-24   1.000000e+02
1.726781e-02   1.180292e-23   1.000000e+02
1.742775e-02   1.520913e-23   1.000000e+02
1.758917e-02   1.961640e-23   1.000000e+02
1.775208e-02   2.532359e-23   1.000000e+02
1.791650e-02   3.272003e-23   1.000000e+02
1.808245e-02   4.231320e-23   1.000000e+02
1.824993e-02   5.476558e-23   1.000000e+02
1.841897e-02   7.094296e-23   1.000000e+02
1.858957e-02   9.197743e-23   1.000000e+02
1.876175e-02   1.193504e-22   1.000000e+02
1.893552e-02   1.550022e-22   1.000000e+02
1.911091e-02   2.014760e-22   1.000000e+02
1.928792e-02   2.621084e-22   1.000000e+02
1.946656e-02   3.412801e-22   1.000000e+02
1.964687e-02   4.447481e-22   1.000000e+02
1.982884e-02   5.800836e-22   1.000000e+02
2.001250e-02   7.572530e-22   1.000000e+02
2.019786e-02   9.893717e-22   1.000000e+02
2.038493e-02   1.293660e-21   1.000000e+02
2.057374e-02   1.692748e-21   1.000000e+02
2.076430e-02   2.216391e-21   1.000000e+02
2.095662e-02   2.903701e-21   1.000000e+02
2.115073e-02   3.806087e-21   1.000000e+02
2.134663e-02   4.991104e-21   1.000000e+02
2.154435e-02   6.547497e-21   1.000000e+02
2.174389e-02   8.591812e-21   1.000000e+02
2.194529e-02   1.127703e-20   1.000000e+02
2.214855e-02   1.480386e-20   1.000000e+02
2.235370e-02   1.943548e-20   1.000000e+02
2.256074e-02   2.551675e-20   1.000000e+02
2.276970e-02   3.349927e-20   1.000000e+02
2.298060e-02   4.397389e-20   1.000000e+02
2.319345e-02   5.771300e-20   1.000000e+02
2.340827e-02   7.572541e-20   1.000000e+02
2.362508e-02   9.932727e-20   1.000000e+02
2.384390e-02   1.302339e-19   1.000000e+02
2.406475e-02   1.706783e-19   1.000000e+02
2.428764e-02   2.235635e-19   1.000000e+02
2.451260e-02   2.926588e-19   1.000000e+02
2.473964e-02   3.828514e-19   1.000000e+02
2.496878e-02   5.004684e-19   1.000000e+02
2.520005e-02   6.536976e-19   1.000000e+02
2.543346e-02   8.531874e-19   1.000000e+02
2.566903e-02   1.112773e-18   1.000000e+02
2.590678e-02   1.450411e-18   1.000000e+02
2.614673e-02   1.889407e-18   1.000000e+02
2.638891e-02   2.460011e-18   1.000000e+02
2.663333e-02   3.201498e-18   1.000000e+02
2.688001e-02   4.164872e-18   1.000000e+02
2.712898e-02   5.416389e-18   1.000000e+02
2.738025e-02   7.042150e-18   1.000000e+02
2.763385e-02   9.154093e-18   1.000000e+02
2.788980e-02   1.189783e-17   1.000000e+02
2.814812e-02   1.546285e-17   1.000000e+02
2.840884e-02   2.009596e-17   1.000000e+02
2.867196e-02   2.611876e-17   1.000000e+02
2.893753e-02   3.395069e-17   1.000000e+02
2.920556e-02   4.413919e-17   1.000000e+02
2.947606e-02   5.739938e-17   1.000000e+02
2.974908e-02   7.466631e-17   1.000000e+02
3.002462e-02   9.716377e-17   1.000000e+02
3.030271e-02   1.264824e-16   1.000000e+02
3.058338e-02   1.646469e-16   1.000000e+02
3.086665e-02   2.142397e-16   1.000000e+02
3.115254e-02   2.785448e-16   1.000000e+02
3.144108e-02   3.617135e-16   1.000000e+02
3.173230e-02   4.689586e-16   1.000000e+02
3.202621e-02   6.067784e-16   1.000000e+02
3.232284e-02   7.832084e-16   1.000000e+02
3.262222e-02   1.008096e-15   1.000000e+02
3.292437e-02   1.293389e-15   1.000000e+02
3.322933e-02   1.653428e-15   1.000000e+02
3.353710e-02   2.105211e-15   1.000000e+02
3.384773e-02   2.668616e-15   1.000000e+02
3.416123e-02   3.366528e-15   1.000000e+02
3.447764e-02   4.224836e-15   1.000000e+02
3.479698e-02   5.272232e-15   1.000000e+02
3.511928e-02   6.539764e-15   1.000000e+02
3.544456e-02   8.060056e-15   1.000000e+02
3.577285e-02   9.866163e-15   1.000000e+02
3.610419e-02   1.198998e-14   1.000000e+02
3.643859e-02   1.446019e-14   1.000000e+02
3.677609e-02   1.729980e-14   1.000000e+02
3.711672e-02   2.052320e-14   1.000000e+02
3.746050e-02   2.413303e-14   1.000000e+02
3.780747e-02   2.811686e-14   1.000000e+02
3.815765e-02   3.244412e-14   1.000000e+02
3.851107e-02   3.706337e-14   1.000000e+02
3.886777e-02   4.190050e-14   1.000000e+02
3.922777e-02   4.685811e-14   1.000000e+02
3.959110e-02   5.181638e-14   1.000000e+02
3.995780e-02   5.663592e-14   1.000000e+02
4.032790e-02   6.117315e-14   1.000000e+02
4.070142e-02   6.534362e-14   1.000000e+02
4.107841e-02   6.910333e-14   1.000000e+02
4.145888e-02   7.243161e-14   1.000000e+02
4.184289e-02   7.533047e-14   1.000000e+02
4.223044e-02   7.782277e-14   1.000000e+02
4.262159e-02   7.994958e-14   1.000000e+02
4.301636e-02   8.176721e-14   1.000000e+02
4.341478e-02   8.334425e-14   1.000000e+02
4.381690e-02   8.475896e-14   1.000000e+02
4.422274e-02   8.609723e-14   1.000000e+02
4.463234e-02   8.745131e-14   1.000000e+02
4.504573e-02   8.891951e-14   1.000000e+02
4.546295e-02   9.060692e-14   1.000000e+02
4.588404e-02   9.262738e-14   1.000000e+02
4.630903e-02   9.510668e-14   1.000000e+02
4.673795e-02   9.818753e-14   1.000000e+02
4.717085e-02   1.020365e-13   1.000000e+02
4.760775e-02   1.068534e-13   1.000000e+02
4.804870e-02   1.128846e-13   1.000000e+02
4.849374e-02   1.204412e-13   1.000000e+02
4.894290e-02   1.299239e-13   1.000000e+02
4.939622e-02   1.418590e-13   1.000000e+02
4.985373e-02   1.569491e-13   1.000000e+02
5.031549e-02   1.761270e-13   1.000000e+02
5.078152e-02   2.004278e-13   1.000000e+02
5.125187e-02   2.310602e-13   1.000000e+02
5.172657e-02   2.695830e-13   1.000000e+02
5.220568e-02   3.179989e-13   1.000000e+02
5.268921e-02   3.788693e-13   1.000000e+02
5.317723e-02   4.554590e-13   1.000000e+02
5.366977e-02   5.519128e-13   1.000000e+02
5.416687e-02   6.734700e-13   1.000000e+02
5.466857e-02   8.267190e-13   1.000000e+02
5.517492e-02   1.019893e-12   1.000000e+02
5.568596e-02   1.263205e-12   1.000000e+02
5.620174e-02   1.569208e-12   1.000000e+02
5.672229e-02   1.953170e-12   1.000000e+02
5.724766e-02   2.433423e-12   1.000000e+02
5.777790e-02   3.031647e-12   1.000000e+02
5.831305e-02   3.773013e-12   1.000000e+02
5.885316e-02   4.686104e-12   1.000000e+02
5.939827e-02   5.802493e-12   1.000000e+02
5.994843e-02   7.155858e-12   1.000000e+02
6.050368e-02   8.781821e-12   1.000000e+02
6.106408e-02   1.072421e-11   1.000000e+02
6.162966e-02   1.303471e-11   1.000000e+02
6.220049e-02   1.577214e-11   1.000000e+02
6.277660e-02   1.900339e-11   1.000000e+02
6.335805e-02   2.280446e-11   1.000000e+02
6.394488e-02   2.726184e-11   1.000000e+02
6.453715e-02   3.247390e-11   1.000000e+02
6.513491e-02   3.855278e-11   1.000000e+02
6.573820e-02   4.562642e-11   1.000000e+02
6.634708e-02   5.384117e-11   1.000000e+02
6.696160e-02   6.336473e-11   1.000000e+02
6.758181e-02   7.438981e-11   1.000000e+02
6.820777e-02   8.713844e-11   1.000000e+02
6.883952e-02   1.018672e-10   1.000000e+02
6.947713e-02   1.188734e-10   1.000000e+02
7.012064e-02   1.385029e-10   1.000000e+02
7.077011e-02   1.611457e-10   1.000000e+02
7.142559e-02   1.872166e-10   1.000000e+02
7.208715e-02   2.171724e-10   1.000000e+02
7.275484e-02   2.515174e-10   1.000000e+02
7.342870e-02   2.908059e-10   1.000000e+02
7.410882e-02   3.356439e-10   1.000000e+02
7.479523e-02   3.866902e-10   1.000000e+02
7.548799e-02   4.446572e-10   1.000000e+02
7.618718e-02   5.103094e-10   1.000000e+02
7.689284e-02   5.844626e-10   1.000000e+02
7.760503e-02   6.679797e-10   1.000000e+02
7.832383e-02   7.617665e-10   1.000000e+02
7.904928e-02   8.667646e-10   1.000000e+02
7.978145e-02   9.839425e-10   1.000000e+02
8.052040e-02   1.114241e-09   1.000000e+02
8.126619e-02   1.258076e-09   1.000000e+02
8.201889e-02   1.415235e-09   1.000000e+02
8.277857e-02   1.584961e-09   1.000000e+02
8.354528e-02   1.765840e-09   1.000000e+02
8.431909e-02   1.955697e-09   1.000000e+02
8.510007e-02   2.151509e-09   1.000000e+02
8.588829e-02   2.349367e-09   1.000000e+02
8.668380e-02   2.544480e-09   1.000000e+02
8.748668e-02   2.731253e-09   1.000000e+02
8.829700e-02   2.903447e-09   1.000000e+02
8.911482e-02   3.054426e-09   1.000000e+02
8.994022e-02   3.177484e-09   1.000000e+02
9.077327e-02   3.267727e-09   1.000000e+02
9.161402e-02   3.328605e-09   1.000000e+02
9.246257e-02   3.367292e-09   1.000000e+02
9.331898e-02   3.391949e-09   1.000000e+02
9.418332e-02   3.411266e-09   1.000000e+02
9.505566e-02   3.434216e-09   1.000000e+02
9.593608e-02   3.470029e-09   1.000000e+02
9.682466e-02   3.528420e-09   1.000000e+02
9.772147e-02   3.620068e-09   1.000000e+02
9.862658e-02   3.757426e-09   1.000000e+02
9.954008e-02   3.955937e-09   1.000000e+02
1.004620e-01   4.235423e-09   1.000000e+02
1.013925e-01   4.612219e-09   1.000000e+02
1.023317e-01   5.097297e-09   1.000000e+02
1.032795e-01   5.704182e-09   1.000000e+02
1.042361e-01   6.448771e-09   1.000000e+02
1.052015e-01   7.348473e-09   1.000000e+02
1.061759e-01   8.420939e-09   1.000000e+02
1.071593e-01   9.682193e-09   1.000000e+02
1.081519e-01   1.114406e-08   1.000000e+02
1.091536e-01   1.281079e-08   1.000000e+02
1.101646e-01   1.467502e-08   1.000000e+02
1.111850e-01   1.672591e-08   1.000000e+02
1.122148e-01   1.897428e-08   1.000000e+02
1.132541e-01   2.143815e-08   1.000000e+02
1.143031e-01   2.414003e-08   1.000000e+02
1.153618e-01   2.710804e-08   1.000000e+02
1.164303e-01   3.037739e-08   1.000000e+02
1.175087e-01   3.399197e-08   1.000000e+02
1.185971e-01   3.800647e-08   1.000000e+02
1.196956e-01   4.248895e-08   1.000000e+02
1.208042e-01   4.752148e-08   1.000000e+02
1.219231e-01   5.317832e-08   1.000000e+02
1.230524e-01   5.952808e-08   1.000000e+02
1.241921e-01   6.664424e-08   1.000000e+02
1.253424e-01   7.460494e-08   1.000000e+02
1.265034e-01   8.349250e-08   1.000000e+02
1.276751e-01   9.339272e-08   1.000000e+02
1.288576e-01   1.043939e-07   1.000000e+02
1.300511e-01   1.165854e-07   1.000000e+02
1.312557e-01   1.300568e-07   1.000000e+02
1.324714e-01   1.448966e-07   1.000000e+02
1.336984e-01   1.611901e-07   1.000000e+02
1.349367e-01   1.790162e-07   1.000000e+02
1.361865e-01   1.984440e-07   1.000000e+02
1.374479e-01   2.195299e-07   1.000000e+02
1.387210e-01   2.423138e-07   1.000000e+02
1.400058e-01   2.668147e-07   1.000000e+02
1.413026e-01   2.930727e-07   1.000000e+02
1.426114e-01   3.213170e-07   1.000000e+02
1.439323e-01   3.518923e-07   1.000000e+02
1.452654e-01   3.852380e-07   1.000000e+02
1.466109e-01   4.219072e-07   1.000000e+02
1.479688e-01   4.625926e-07   1.000000e+02
1.493393e-01   5.081589e-07   1.000000e+02
1.507225e-01   5.596695e-07   1.000000e+02
1.521186e-01   6.180629e-07   1.000000e+02
1.535275e-01   6.840382e-07   1.000000e+02
1.549495e-01   7.583021e-07   1.000000e+02
1.563847e-01   8.415617e-07   1.000000e+02
1.578331e-01   9.344994e-07   1.000000e+02
1.592950e-01   1.037741e-06   1.000000e+02
1.607704e-01   1.151832e-06   1.000000e+02
1.622595e-01   1.277520e-06   1.000000e+02
1.637624e-01   1.415868e-06   1.000000e+02
1.652792e-01   1.568038e-06   1.000000e+02
1.668101e-01   1.735285e-06   1.000000e+02
1.683551e-01   1.918970e-06   1.000000e+02
1.699144e-01   2.120559e-06   1.000000e+02
1.714882e-01   2.341638e-06   1.000000e+02
1.730766e-01   2.583916e-06   1.000000e+02
1.746796e-01   2.849236e-06   1.000000e+02
1.762975e-01   3.139584e-06   1.000000e+02
1.779304e-01   3.457095e-06   1.000000e+02
1.795785e-01   3.804070e-06   1.000000e+02
1.812418e-01   4.182993e-06   1.000000e+02
1.829205e-01   4.596681e-06   1.000000e+02
1.846147e-01   5.048289e-06   1.000000e+02
1.863246e-01   5.541287e-06   1.000000e+02
1.880504e-01   6.079500e-06   1.000000e+02
1.897922e-01   6.667145e-06   1.000000e+02
1.915501e-01   7.308882e-06   1.000000e+02
1.933242e-01   8.009862e-06   1.000000e+02
1.951148e-01   8.775790e-06   1.000000e+02
1.969220e-01   9.612995e-06   1.000000e+02
1.987460e-01   1.052850e-05   1.000000e+02
2.005868e-01   1.153011e-05   1.000000e+02
2.024447e-01   1.262621e-05   1.000000e+02
2.043197e-01   1.382550e-05   1.000000e+02
2.062122e-01   1.513739e-05   1.000000e+02
2.081222e-01   1.657212e-05   1.000000e+02
2.100498e-01   1.814079e-05   1.000000e+02
2.119953e-01   1.985544e-05   1.000000e+02
2.139589e-01   2.172913e-05   1.000000e+02
2.159406e-01   2.377601e-05   1.000000e+02
2.179407e-01   2.601140e-05   1.000000e+02
2.199593e-01   2.845185e-05   1.000000e+02
2.219966e-01   3.111530e-05   1.000000e+02
2.240528e-01   3.402108e-05   1.000000e+02
2.261280e-01   3.719009e-05   1.000000e+02
2.282224e-01   4.064486e-05   1.000000e+02
2.303363e-01   4.440966e-05   1.000000e+02
2.324697e-01   4.851065e-05   1.000000e+02
2.346229e-01   5.297594e-05   1.000000e+02
2.367960e-01   5.783577e-05   1.000000e+02
2.389893e-01   6.312260e-05   1.000000e+02
2.412028e-01   6.887124e-05   1.000000e+02
2.434369e-01   7.511902e-05   1.000000e+02
2.456916e-01   8.190589e-05   1.000000e+02
2.479673e-01   8.927459e-05   1.000000e+02
2.502640e-01   9.727075e-05   1.000000e+02
2.525820e-01   1.059436e-04   1.000000e+02
2.549215e-01   1.153473e-04   1.000000e+02
2.572826e-01   1.255405e-04   1.000000e+02
2.596656e-01   1.365864e-04   1.000000e+02
2.620707e-01   1.485529e-04   1.000000e+02
2.644980e-01   1.615133e-04   1.000000e+02
2.669478e-01   1.755467e-04   1.000000e+02
2.694204e-01   1.907379e-04   1.000000e+02
2.719158e-01   2.071786e-04   1.000000e+02
2.744343e-01   2.249675e-04   1.000000e+02
2.769762e-01   2.442108e-04   1.000000e+02
2.795416e-01   2.650229e-04   1.000000e+02
2.821308e-01   2.875271e-04   1.000000e+02
2.847439e-01   3.118561e-04   1.000000e+02
2.873813e-01   3.381530e-04   1.000000e+02
2.900430e-01   3.665717e-04   1.000000e+02
2.927295e-01   3.972782e-04   1.000000e+02
2.954408e-01   4.304513e-04   1.000000e+02
2.981772e-01   4.662835e-04   1.000000e+02
3.009390e-01   5.049822e-04   1.000000e+02
3.037264e-01   5.467679e-04   1.000000e+02
3.065395e-01   5.918722e-04   1.000000e+02
3.093788e-01   6.405424e-04   1.000000e+02
3.122443e-01   6.930421e-04   1.000000e+02
3.151363e-01   7.496527e-04   1.000000e+02
3.180552e-01   8.106739e-04   1.000000e+02
3.210011e-01   8.764250e-04   1.000000e+02
3.239743e-01   9.472457e-04   1.000000e+02
3.269750e-01   1.023498e-03   1.000000e+02
3.300035e-01   1.105565e-03   1.000000e+02
3.330600e-01   1.193854e-03   1.000000e+02
3.361449e-01   1.288800e-03   1.000000e+02
3.392583e-01   1.390860e-03   1.000000e+02
3.424006e-01   1.500521e-03   1.000000e+02
3.455720e-01   1.618297e-03   1.000000e+02
3.487727e-01   1.744732e-03   1.000000e+02
3.520031e-01   1.880403e-03   1.000000e+02
3.552635e-01   2.025943e-03   1.000000e+02
3.585540e-01   2.182044e-03   1.000000e+02
3.618750e-01   2.349451e-03   1.000000e+02
3.652267e-01   2.528960e-03   1.000000e+02
3.686095e-01   2.721424e-03   1.000000e+02
3.720237e-01   2.927762e-03   1.000000e+02
3.754694e-01   3.148956e-03   1.000000e+02
3.789471e-01   3.386063e-03   1.000000e+02
3.824570e-01   3.640217e-03   1.000000e+02
3.859994e-01   3.912637e-03   1.000000e+02
3.895746e-01   4.204632e-03   1.000000e+02
3.931829e-01   4.517614e-03   1.000000e+02
3.968246e-01   4.853096e-03   1.000000e+02
4.005001e-01   5.212710e-03   1.000000e+02
4.042096e-01   5.598165e-03   1.000000e+02
4.079535e-01   6.011152e-03   1.000000e+02
4.117320e-01   6.453425e-03   1.000000e+02
4.155455e-01   6.926823e-03   1.000000e+02
4.193944e-01   7.433271e-03   1.000000e+02
4.232789e-01   7.974779e-03   1.000000e+02
4.271994e-01   8.553440e-03   1.000000e+02
4.311562e-01   9.171434e-03   1.000000e+02
4.351497e-01   9.831022e-03   1.000000e+02
4.391801e-01   1.053454e-02   1.000000e+02
4.432479e-01   1.128442e-02   1.000000e+02
4.473533e-01   1.208315e-02   1.000000e+02
4.514968e-01   1.293329e-02   1.000000e+02
4.556786e-01   1.383770e-02   1.000000e+02
4.598992e-01   1.479972e-02   1.000000e+02
4.641589e-01   1.582293e-02   1.000000e+02
4.684580e-01   1.691116e-02   1.000000e+02
4.727970e-01   1.806851e-02   1.000000e+02
4.771761e-01   1.929935e-02   1.000000e+02
4.815958e-01   2.060838e-02   1.000000e+02
4.860564e-01   2.200063e-02   1.000000e+02
4.905584e-01   2.348149e-02   1.000000e+02
4.951020e-01   2.505676e-02   1.000000e+02
4.996877e-01   2.673264e-02   1.000000e+02
5.043159e-01   2.851572e-02   1.000000e+02
5.089870e-01   3.041254e-02   1.000000e+02
5.137014e-01   3.242984e-02   1.000000e+02
5.184594e-01   3.457473e-02   1.000000e+02
5.232614e-01   3.685466e-02   1.000000e+02
5.281080e-01   3.927750e-02   1.000000e+02
5.329994e-01   4.185149e-02   1.000000e+02
5.379362e-01   4.458531e-02   1.000000e+02
5.429186e-01   4.748804e-02   1.000000e+02
5.479472e-01   5.056924e-02   1.000000e+02
5.530224e-01   5.383892e-02   1.000000e+02
5.581446e-01   5.730755e-02   1.000000e+02
5.633143e-01   6.098611e-02   1.000000e+02
5.685318e-01   6.488610e-02   1.000000e+02
5.737976e-01   6.901952e-02   1.000000e+02
5.791123e-01   7.339895e-02   1.000000e+02
5.844761e-01   7.803749e-02   1.000000e+02
5.898896e-01   8.294883e-02   1.000000e+02
5.953533e-01   8.814725e-02   1.000000e+02
6.008676e-01   9.364762e-02   1.000000e+02
6.064329e-01   9.946563e-02   1.000000e+02
6.120498e-01   1.056181e-01   1.000000e+02
6.177188e-01   1.121226e-01   1.000000e+02
6.234402e-01   1.189979e-01   1.000000e+02
6.292146e-01   1.262633e-01   1.000000e+02
6.350425e-01   1.339393e-01   1.000000e+02
6.409244e-01   1.420472e-01   1.000000e+02
6.468608e-01   1.506094e-01   1.000000e+02
6.528521e-01   1.596493e-01   1.000000e+02
6.588990e-01   1.691917e-01   1.000000e+02
6.650018e-01   1.792622e-01   1.000000e+02
6.711612e-01   1.898879e-01   1.000000e+02
6.773776e-01   2.010969e-01   1.000000e+02
6.836516e-01   2.129190e-01   1.000000e+02
6.899837e-01   2.253849e-01   1.000000e+02
6.963745e-01   2.385273e-01   1.000000e+02
7.028244e-01   2.523800e-01   1.000000e+02
7.093341e-01   2.669782e-01   1.000000e+02
7.159041e-01   2.823584e-01   1.000000e+02
7.225349e-01   2.985586e-01   1.000000e+02
7.292272e-01   3.156184e-01   1.000000e+02
7.359814e-01   3.335789e-01   1.000000e+02
7.427982e-01   3.524833e-01   1.000000e+02
7.496782e-01   3.723762e-01   1.000000e+02
7.566219e-01   3.933042e-01   1.000000e+02
7.636298e-01   4.153159e-01   1.000000e+02
7.707027e-01   4.384617e-01   1.000000e+02
7.778411e-01   4.627941e-01   1.000000e+02
7.850456e-01   4.883676e-01   1.000000e+02
7.923169e-01   5.152389e-01   1.000000e+02
7.996555e-01   5.434669e-01   1.000000e+02
8.070620e-01   5.731129e-01   1.000000e+02
8.145372e-01   6.042409e-01   1.000000e+02
8.220816e-01   6.369176e-01   1.000000e+02
8.296959e-01   6.712122e-01   1.000000e+02
8.373807e-01   7.071967e-01   1.000000e+02
8.451366e-01   7.449459e-01   1.000000e+02
8.529644e-01   7.845375e-01   1.000000e+02
8.608648e-01   8.260520e-01   1.000000e+02
8.688383e-01   8.695731e-01   1.000000e+02
8.768856e-01   9.151877e-01   1.000000e+02
8.850075e-01   9.629859e-01   1.000000e+02
8.932046e-01   1.013061e+00   1.000000e+02
9.014776e-01   1.065511e+00   1.000000e+02
9.098273e-01   1.120434e+00   1.000000e+02
9.182543e-01   1.177935e+00   1.000000e+02
9.267593e-01   1.238119e+00   1.000000e+02
9.353432e-01   1.301098e+00   1.000000e+02
9.440065e-01   1.366984e+00   1.000000e+02
9.527500e-01   1.435896e+00   1.000000e+02
9.615746e-01   1.507954e+00   1.000000e+02
9.704809e-01   1.583284e+00   1.000000e+02
9.794697e-01   1.662017e+00   1.000000e+02
9.885417e-01   1.744284e+00   1.000000e+02
9.976978e-01   1.830224e+00   1.000000e+02
1.006939e+00   1.919980e+00   1.000000e+02
1.016265e+00   2.013698e+00   1.000000e+02
1.025678e+00   2.111532e+00   1.000000e+02
1.035178e+00   2.213639e+00   1.000000e+02
1.044766e+00   2.320181e+00   1.000000e+02
1.054443e+00   2.431326e+00   1.000000e+02
1.064209e+00   2.547248e+00   1.000000e+02
1.074066e+00   2.668124e+00   1.000000e+02
1.084014e+00   2.794137e+00   1.000000e+02
1.094055e+00   2.925477e+00   1.000000e+02
1.104188e+00   3.062339e+00   1.000000e+02
1.114415e+00   3.204922e+00   1.000000e+02
1.124737e+00   3.353434e+00   1.000000e+02
1.135155e+00   3.508086e+00   1.000000e+02
1.145669e+00   3.669096e+00   1.000000e+02
1.156280e+00   3.836690e+00   1.000000e+02
1.166990e+00   4.011099e+00   1.000000e+02
1.177799e+00   4.192559e+00   1.000000e+02
1.188708e+00   4.381314e+00   1.000000e+02
1.199718e+00   4.577615e+00   1.000000e+02
1.210830e+00   4.781719e+00   1.000000e+02
1.222045e+00   4.993891e+00   1.000000e+02
1.233363e+00   5.214401e+00   1.000000e+02
1.244787e+00   5.443528e+00   1.000000e+02
1.256317e+00   5.681557e+00   1.000000e+02
1.267953e+00   5.928795e+00   1.000000e+02
1.279697e+00   6.185567e+00   1.000000e+02
1.291550e+00   6.452213e+00   1.000000e+02
1.303512e+00   6.729083e+00   1.000000e+02
1.315586e+00   7.016542e+00   1.000000e+02
1.327771e+00   7.314966e+00   1.000000e+02
1.340069e+00   7.624748e+00   1.000000e+02
1.352481e+00   7.946295e+00   1.000000e+02
1.365008e+00   8.280028e+00   1.000000e+02
1.377651e+00   8.626386e+00   1.000000e+02
1.390411e+00   8.985824e+00   1.000000e+02
1.403289e+00   9.358814e+00   1.000000e+02
1.416287e+00   9.745848e+00   1.000000e+02
1.429405e+00   1.014744e+01   1.000000e+02
1.442644e+00   1.056411e+01   1.000000e+02
1.456006e+00   1.099642e+01   1.000000e+02
1.469492e+00   1.144494e+01   1.000000e+02
1.483103e+00   1.191027e+01   1.000000e+02
1.496839e+00   1.239303e+01   1.000000e+02
1.510703e+00   1.289385e+01   1.000000e+02
1.524696e+00   1.341323e+01   1.000000e+02
1.538818e+00   1.395161e+01   1.000000e+02
1.553071e+00   1.450938e+01   1.000000e+02
1.567455e+00   1.508697e+01   1.000000e+02
1.581973e+00   1.568474e+01   1.000000e+02
1.596626e+00   1.630307e+01   1.000000e+02
1.611414e+00   1.694229e+01   1.000000e+02
1.626340e+00   1.760272e+01   1.000000e+02
1.641403e+00   1.828464e+01   1.000000e+02
1.656606e+00   1.898831e+01   1.000000e+02
1.671950e+00   1.971395e+01   1.000000e+02
1.687436e+00   2.046174e+01   1.000000e+02
1.703065e+00   2.123181e+01   1.000000e+02
1.718839e+00   2.202427e+01   1.000000e+02
1.734759e+00   2.283915e+01   1.000000e+02
1.750827e+00   2.367645e+01   1.000000e+02
1.767044e+00   2.453626e+01   1.000000e+02
1.783410e+00   2.541913e+01   1.000000e+02
1.799929e+00   2.632579e+01   1.000000e+02
1.816600e+00   2.725701e+01   1.000000e+02
1.833425e+00   2.821362e+01   1.000000e+02
1.850407e+00   2.919649e+01   1.000000e+02
1.867546e+00   3.020659e+01   1.000000e+02
1.884843e+00   3.124492e+01   1.000000e+02
1.902301e+00   3.231257e+01   1.000000e+02
1.919921e+00   3.341070e+01   1.000000e+02
1.937703e+00   3.454057e+01   1.000000e+02
1.955651e+00   3.570349e+01   1.000000e+02
1.973764e+00   3.690090e+01   1.000000e+02
1.992046e+00   3.813432e+01   1.000000e+02
2.010496e+00   3.940534e+01   1.000000e+02
2.029118e+00   4.071521e+01   1.000000e+02
2.047912e+00   4.206484e+01   1.000000e+02
2.066880e+00   4.345511e+01   1.000000e+02
2.086024e+00   4.488692e+01   1.000000e+02
2.105345e+00   4.636116e+01   1.000000e+02
2.124845e+00   4.787871e+01   1.000000e+02
2.144526e+00   4.944046e+01   1.000000e+02
2.164389e+00   5.104730e+01   1.000000e+02
2.184436e+00   5.270009e+01   1.000000e+02
2.204669e+00   5.439970e+01   1.000000e+02
2.225089e+00   5.614699e+01   1.000000e+02
2.245698e+00   5.794278e+01   1.000000e+02
2.266498e+00   5.978792e+01   1.000000e+02
2.287491e+00   6.168321e+01   1.000000e+02
2.308678e+00   6.362943e+01   1.000000e+02
2.330061e+00   6.562736e+01   1.000000e+02
2.351643e+00   6.767775e+01   1.000000e+02
2.373424e+00   6.978130e+01   1.000000e+02
2.395407e+00   7.193871e+01   1.000000e+02
2.417594e+00   7.415064e+01   1.000000e+02
2.439986e+00   7.641771e+01   1.000000e+02
2.462586e+00   7.874051e+01   1.000000e+02
2.485395e+00   8.111958e+01   1.000000e+02
2.508415e+00   8.355543e+01   1.000000e+02
2.531648e+00   8.604874e+01   1.000000e+02
2.555097e+00   8.860048e+01   1.000000e+02
2.578763e+00   9.121166e+01   1.000000e+02
2.602648e+00   9.388331e+01   1.000000e+02
2.626754e+00   9.661648e+01   1.000000e+02
2.651084e+00   9.941222e+01   1.000000e+02
2.675638e+00   1.022716e+02   1.000000e+02
2.700421e+00   1.051958e+02   1.000000e+02
2.725433e+00   1.081858e+02   1.000000e+02
2.750676e+00   1.112428e+02   1.000000e+02
2.776153e+00   1.143680e+02   1.000000e+02
2.801867e+00   1.175626e+02   1.000000e+02
2.827818e+00   1.208277e+02   1.000000e+02
2.854010e+00   1.241645e+02   1.000000e+02
2.880444e+00   1.275744e+02   1.000000e+02
2.907123e+00   1.310586e+02   1.000000e+02
2.934050e+00   1.346184e+02   1.000000e+02
2.961225e+00   1.382550e+02   1.000000e+02
2.988653e+00   1.419700e+02   1.000000e+02
3.016334e+00   1.457646e+02   1.000000e+02
3.044272e+00   1.496401e+02   1.000000e+02
3.072469e+00   1.535975e+02   1.000000e+02
3.100927e+00   1.576380e+02   1.000000e+02
3.129648e+00   1.617626e+02   1.000000e+02
3.158635e+00   1.659724e+02   1.000000e+02
3.187891e+00   1.702684e+02   1.000000e+02
3.217418e+00   1.746517e+02   1.000000e+02
3.247218e+00   1.791233e+02   1.000000e+02
3.277295e+00   1.836844e+02   1.000000e+02
3.307650e+00   1.883359e+02   1.000000e+02
3.338286e+00   1.930788e+02   1.000000e+02
3.369206e+00   1.979141e+02   1.000000e+02
3.400412e+00   2.028429e+02   1.000000e+02
3.431907e+00   2.078661e+02   1.000000e+02
3.463694e+00   2.129847e+02   1.000000e+02
3.495776e+00   2.181997e+02   1.000000e+02
3.528154e+00   2.235120e+02   1.000000e+02
3.560833e+00   2.289226e+02   1.000000e+02
3.593814e+00   2.344327e+02   1.000000e+02
3.627100e+00   2.400434e+02   1.000000e+02
3.660695e+00   2.457557e+02   1.000000e+02
3.694601e+00   2.515708e+02   1.000000e+02
3.728821e+00   2.574897e+02   1.000000e+02
3.763358e+00   2.635136e+02   1.000000e+02
3.798215e+00   2.696435e+02   1.000000e+02
3.833395e+00   2.758805e+02   1.000000e+02
3.868901e+00   2.822258e+02   1.000000e+02
3.904735e+00   2.886803e+02   1.000000e+02
3.940902e+00   2.952452e+02   1.000000e+02
3.977403e+00   3.019217e+02   1.000000e+02
4.014242e+00   3.087107e+02   1.000000e+02
4.051423e+00   3.156133e+02   1.000000e+02
4.088948e+00   3.226306e+02   1.000000e+02
4.126821e+00   3.297637e+02   1.000000e+02
4.165044e+00   3.370134e+02   1.000000e+02
4.203622e+00   3.443809e+02   1.000000e+02
4.242556e+00   3.518672e+02   1.000000e+02
4.281852e+00   3.594732e+02   1.000000e+02
4.321511e+00   3.672000e+02   1.000000e+02
4.361538e+00   3.750486e+02   1.000000e+02
4.401935e+00   3.830199e+02   1.000000e+02
4.442707e+00   3.911149e+02   1.000000e+02
4.483856e+00   3.993346e+02   1.000000e+02
4.525386e+00   4.076801e+02   1.000000e+02
4.567301e+00   4.161521e+02   1.000000e+02
4.609604e+00   4.247517e+02   1.000000e+02
4.652300e+00   4.334799e+02   1.000000e+02
4.695390e+00   4.423376e+02   1.000000e+02
4.738880e+00   4.513256e+02   1.000000e+02
4.782772e+00   4.604451e+02   1.000000e+02
4.827071e+00   4.696967e+02   1.000000e+02
4.871780e+00   4.790816e+02   1.000000e+02
4.916904e+00   4.886005e+02   1.000000e+02
4.962445e+00   4.982545e+02   1.000000e+02
5.008408e+00   5.080443e+02   1.000000e+02
5.054797e+00   5.179709e+02   1.000000e+02
5.101615e+00   5.280351e+02   1.000000e+02
5.148867e+00   5.382380e+02   1.000000e+02
5.196557e+00   5.485804e+02   1.000000e+02
5.244689e+00   5.590632e+02   1.000000e+02
5.293266e+00   5.696873e+02   1.000000e+02
5.342293e+00   5.804536e+02   1.000000e+02
5.391775e+00   5.913631e+02   1.000000e+02
5.441714e+00   6.024165e+02   1.000000e+02
5.492116e+00   6.136149e+02   1.000000e+02
5.542986e+00   6.249590e+02   1.000000e+02
5.594326e+00   6.364498e+02   1.000000e+02
5.646141e+00   6.480882e+02   1.000000e+02
5.698437e+00   6.598750e+02   1.000000e+02
5.751217e+00   6.718111e+02   1.000000e+02
5.804486e+00   6.838974e+02   1.000000e+02
5.858248e+00   6.961348e+02   1.000000e+02
5.912508e+00   7.085242e+02   1.000000e+02
5.967271e+00   7.210664e+02   1.000000e+02
6.022541e+00   7.337624e+02   1.000000e+02
6.078323e+00   7.466129e+02   1.000000e+02
6.134622e+00   7.596189e+02   1.000000e+02
6.191442e+00   7.727813e+02   1.000000e+02
6.248788e+00   7.861010e+02   1.000000e+02
6.306666e+00   7.995788e+02   1.000000e+02
6.365079e+00   8.132156e+02   1.000000e+02
6.424034e+00   8.270124e+02   1.000000e+02
6.483534e+00   8.409700e+02   1.000000e+02
6.543586e+00   8.550893e+02   1.000000e+02
6.604194e+00   8.693713e+02   1.000000e+02
6.665363e+00   8.838168e+02   1.000000e+02
6.727099e+00   8.984268e+02   1.000000e+02
6.789407e+00   9.132021e+02   1.000000e+02
6.852292e+00   9.281438e+02   1.000000e+02
6.915759e+00   9.432528e+02   1.000000e+02
6.979814e+00   9.585299e+02   1.000000e+02
7.044462e+00   9.739762e+02   1.000000e+02
7.109709e+00   9.895928e+02   1.000000e+02
7.175561e+00   1.005381e+03   1.000000e+02
7.242022e+00   1.021341e+03   1.000000e+02
7.309099e+00   1.037476e+03   1.000000e+02
7.376798e+00   1.053785e+03   1.000000e+02
7.445123e+00   1.070271e+03   1.000000e+02
7.514081e+00   1.086934e+03   1.000000e+02
7.583678e+00   1.103776e+03   1.000000e+02
7.653919e+00   1.120799e+03   1.000000e+02
7.724811e+00   1.138003e+03   1.000000e+02
7.796360e+00   1.155390e+03   1.000000e+02
7.868572e+00   1.172961e+03   1.000000e+02
7.941452e+00   1.190718e+03   1.000000e+02
8.015007e+00   1.208663e+03   1.000000e+02
8.089243e+00   1.226797e+03   1.000000e+02
8.164168e+00   1.245120e+03   1.000000e+02
8.239786e+00   1.263636e+03   1.000000e+02
8.316104e+00   1.282346e+03   1.000000e+02
8.393129e+00   1.301250e+03   1.000000e+02
8.470868e+00   1.320351e+03   1.000000e+02
8.549327e+00   1.339650e+03   1.000000e+02
8.628513e+00   1.359150e+03   1.000000e+02
8.708431e+00   1.378851e+03   1.000000e+02
8.789091e+00   1.398756e+03   1.000000e+02
8.870497e+00   1.418866e+03   1.000000e+02
8.952657e+00   1.439183e+03   1.000000e+02
9.035578e+00   1.459710e+03   1.000000e+02
9.119268e+00   1.480447e+03   1.000000e+02
9.203732e+00   1.501398e+03   1.000000e+02
9.288979e+00   1.522564e+03   1.000000e+02
9.375015e+00   1.543947e+03   1.000000e+02
9.461848e+00   1.565550e+03   1.000000e+02
9.549486e+00   1.587374e+03   1.000000e+02
9.637935e+00   1.609422e+03   1.000000e+02
9.727203e+00   1.631696e+03   1.000000e+02
9.817298e+00   1.654199e+03   1.000000e+02
9.908228e+00   1.676933e+03   1.000000e+02
1.000000e+01   1.699900e+03   1.000000e+02
