# Be9 + p > B10 + g   [Be9_p__B10_g]   ref=NACRE, Xu et al. 2010, 2011
# detailed balance: alpha=9.7437e+09 beta=1.5 gamma=-76.4258  Q=6.5859
# T9                 rate                error
1.000000e-03   1.000000e-35   1.000000e+00
1.009262e-03   2.782332e-36   9.961274e-01
1.018610e-03   8.129587e-37   9.924203e-01
1.028045e-03   2.492996e-37   9.888752e-01
1.037567e-03   8.018835e-38   9.854884e-01
1.047177e-03   2.703835e-38   9.822565e-01
1.056876e-03   9.551499e-39   9.791762e-01
1.066665e-03   3.532873e-39   9.762442e-01
1.076545e-03   1.367391e-39   9.734575e-01
1.086516e-03   5.534879e-40   9.708128e-01
1.096579e-03   2.341626e-40   9.683072e-01
1.106736e-03   1.034818e-40   9.659379e-01
1.116987e-03   4.774082e-41   9.637019e-01
1.127333e-03   2.297939e-41   9.615966e-01
1.137774e-03   1.153327e-41   9.596193e-01
1.148312e-03   6.032193e-42   9.577672e-01
1.158948e-03   3.285861e-42   9.560379e-01
1.169683e-03   1.863019e-42   9.544289e-01
1.180517e-03   1.098810e-42   9.529377e-01
1.191451e-03   6.737644e-43   9.515620e-01
1.202486e-03   4.292560e-43   9.502994e-01
1.213624e-03   2.839819e-43   9.491476e-01
1.224865e-03   1.949726e-43   9.481045e-01
1.236210e-03   1.388380e-43   9.471678e-01
1.247660e-03   1.024796e-43   9.463354e-01
1.259216e-03   7.836180e-44   9.456051e-01
1.270879e-03   6.203711e-44   9.449751e-01
1.282650e-03   5.081852e-44   9.444431e-01
1.294530e-03   4.304857e-44   9.440072e-01
1.306520e-03   3.768813e-44   9.436655e-01
1.318621e-03   3.408022e-44   9.434160e-01
1.330835e-03   3.181231e-44   9.432569e-01
1.343161e-03   3.063556e-44   9.431863e-01
1.355602e-03   3.041845e-44   9.432023e-01
1.368158e-03   3.112233e-44   9.433031e-01
1.380830e-03   3.279244e-44   9.434870e-01
1.393619e-03   3.556188e-44   9.437521e-01
1.406527e-03   3.966871e-44   9.440967e-01
1.419555e-03   4.548904e-44   9.445191e-01
1.432703e-03   5.359245e-44   9.450175e-01
1.445973e-03   6.483082e-44   9.455903e-01
1.459366e-03   8.047916e-44   9.462357e-01
1.472883e-03   1.024595e-43   9.469520e-01
1.486525e-03   1.336998e-43   9.477377e-01
1.500293e-03   1.787155e-43   9.485910e-01
1.514189e-03   2.445621e-43   9.495103e-01
1.528214e-03   3.424164e-43   9.504939e-01
1.542369e-03   4.902318e-43   9.515402e-01
1.556654e-03   7.172535e-43   9.526475e-01
1.571072e-03   1.071793e-42   9.538143e-01
1.585624e-03   1.634781e-42   9.550390e-01
1.600310e-03   2.543673e-42   9.563197e-01
1.615133e-03   4.035143e-42   9.576551e-01
1.630092e-03   6.522219e-42   9.590433e-01
1.645191e-03   1.073529e-41   9.604829e-01
1.660429e-03   1.798277e-41   9.619720e-01
1.675808e-03   3.063847e-41   9.635093e-01
1.691330e-03   5.306254e-41   9.650929e-01
1.706995e-03   9.336033e-41   9.667212e-01
1.722805e-03   1.667758e-40   9.683926e-01
1.738762e-03   3.023033e-40   9.701054e-01
1.754867e-03   5.556929e-40   9.718580e-01
1.771121e-03   1.035266e-39   9.736487e-01
1.787526e-03   1.953605e-39   9.754758e-01
1.804082e-03   3.731922e-39   9.773375e-01
1.820792e-03   7.212436e-39   9.792323e-01
1.837656e-03   1.409380e-38   9.811583e-01
1.854677e-03   2.783003e-38   9.831139e-01
1.871855e-03   5.549858e-38   9.850973e-01
1.889193e-03   1.117057e-37   9.871067e-01
1.906691e-03   2.267969e-37   9.891405e-01
1.924351e-03   4.642051e-37   9.911967e-01
1.942175e-03   9.572754e-37   9.932737e-01
1.960163e-03   1.987746e-36   9.953695e-01
1.978319e-03   4.153600e-36   9.974825e-01
1.996642e-03   8.729137e-36   9.996107e-01
2.015136e-03   1.843927e-35   1.001752e+00
2.033800e-03   3.912772e-35   1.003905e+00
2.052638e-03   8.335603e-35   1.006068e+00
2.071650e-03   1.781738e-34   1.008238e+00
2.090838e-03   3.818986e-34   1.010415e+00
2.110203e-03   8.203374e-34   1.012595e+00
2.129749e-03   1.764900e-33   1.014777e+00
2.149475e-03   3.800788e-33   1.016959e+00
2.169384e-03   8.188346e-33   1.019138e+00
2.189477e-03   1.763724e-32   1.021314e+00
2.209756e-03   3.795943e-32   1.023484e+00
2.230223e-03   8.158429e-32   1.025645e+00
2.250880e-03   1.749983e-31   1.027797e+00
2.271728e-03   3.744077e-31   1.029936e+00
2.292769e-03   7.985130e-31   1.032061e+00
2.314005e-03   1.696635e-30   1.034169e+00
2.335438e-03   3.589279e-30   1.036259e+00
2.357069e-03   7.555810e-30   1.038328e+00
2.378901e-03   1.581805e-29   1.040374e+00
2.400935e-03   3.291286e-29   1.042395e+00
2.423173e-03   6.802400e-29   1.044390e+00
2.445617e-03   1.395679e-28   1.046354e+00
2.468268e-03   2.841047e-28   1.048287e+00
2.491130e-03   5.734345e-28   1.050187e+00
2.514203e-03   1.146950e-27   1.052050e+00
2.537490e-03   2.271977e-27   1.053875e+00
2.560993e-03   4.454556e-27   1.055659e+00
2.584714e-03   8.639508e-27   1.057401e+00
2.608654e-03   1.656535e-26   1.059098e+00
2.632815e-03   3.138213e-26   1.060747e+00
2.657201e-03   5.870525e-26   1.062347e+00
2.681813e-03   1.083746e-25   1.063895e+00
2.706652e-03   1.973224e-25   1.065388e+00
2.731722e-03   3.541335e-25   1.066826e+00
2.757023e-03   6.260977e-25   1.068204e+00
2.782559e-03   1.089795e-24   1.069521e+00
2.808332e-03   1.866455e-24   1.070775e+00
2.834343e-03   3.143428e-24   1.071964e+00
2.860596e-03   5.202903e-24   1.073084e+00
2.887091e-03   8.458375e-24   1.074135e+00
2.913832e-03   1.349802e-23   1.075112e+00
2.940820e-03   2.113188e-23   1.076015e+00
2.968059e-03   3.243649e-23   1.076841e+00
2.995549e-03   4.878656e-23   1.077587e+00
3.023295e-03   7.186904e-23   1.078253e+00
3.051297e-03   1.037446e-22   1.078839e+00
3.079559e-03   1.468723e-22   1.079350e+00
3.108082e-03   2.040957e-22   1.079788e+00
3.136870e-03   2.786227e-22   1.080158e+00
3.165924e-03   3.739872e-22   1.080462e+00
3.195248e-03   4.939960e-22   1.080705e+00
3.224842e-03   6.426665e-22   1.080889e+00
3.254712e-03   8.241614e-22   1.081018e+00
3.284857e-03   1.042731e-21   1.081096e+00
3.315282e-03   1.302671e-21   1.081126e+00
3.345989e-03   1.608305e-21   1.081112e+00
3.376980e-03   1.964005e-21   1.081057e+00
3.408259e-03   2.374247e-21   1.080965e+00
3.439826e-03   2.843724e-21   1.080840e+00
3.471687e-03   3.377506e-21   1.080684e+00
3.503842e-03   3.981264e-21   1.080502e+00
3.536296e-03   4.661557e-21   1.080297e+00
3.569049e-03   5.426190e-21   1.080073e+00
3.602107e-03   6.284665e-21   1.079833e+00
3.635470e-03   7.248719e-21   1.079580e+00
3.669142e-03   8.332999e-21   1.079319e+00
3.703127e-03   9.555894e-21   1.079053e+00
3.737426e-03   1.094058e-20   1.078785e+00
3.772042e-03   1.251633e-20   1.078519e+00
3.806980e-03   1.432025e-20   1.078258e+00
3.842241e-03   1.639947e-20   1.078006e+00
3.877828e-03   1.881412e-20   1.077767e+00
3.913746e-03   2.164122e-20   1.077544e+00
3.949995e-03   2.497999e-20   1.077340e+00
3.986581e-03   2.895905e-20   1.077159e+00
4.023506e-03   3.374467e-20   1.077005e+00
4.060772e-03   3.952917e-20   1.076878e+00
4.098384e-03   4.653558e-20   1.076776e+00
4.136344e-03   5.503855e-20   1.076698e+00
4.174655e-03   6.537664e-20   1.076644e+00
4.213322e-03   7.796707e-20   1.076611e+00
4.252346e-03   9.332377e-20   1.076597e+00
4.291732e-03   1.120792e-19   1.076603e+00
4.331483e-03   1.350109e-19   1.076626e+00
4.371602e-03   1.630735e-19   1.076665e+00
4.412093e-03   1.974365e-19   1.076719e+00
4.452959e-03   2.395304e-19   1.076786e+00
4.494203e-03   2.911001e-19   1.076865e+00
4.535829e-03   3.542680e-19   1.076955e+00
4.577841e-03   4.316072e-19   1.077054e+00
4.620241e-03   5.262254e-19   1.077160e+00
4.663035e-03   6.418609e-19   1.077274e+00
4.706225e-03   7.829880e-19   1.077392e+00
4.749815e-03   9.549352e-19   1.077514e+00
4.793808e-03   1.164010e-18   1.077639e+00
4.838210e-03   1.417629e-18   1.077764e+00
4.883022e-03   1.724451e-18   1.077889e+00
4.928250e-03   2.094504e-18   1.078013e+00
4.973896e-03   2.539294e-18   1.078133e+00
5.019965e-03   3.071905e-18   1.078250e+00
5.066461e-03   3.707753e-18   1.078360e+00
5.113388e-03   4.465465e-18   1.078465e+00
5.160749e-03   5.366926e-18   1.078562e+00
5.208549e-03   6.437806e-18   1.078652e+00
5.256791e-03   7.708214e-18   1.078734e+00
5.305481e-03   9.213476e-18   1.078807e+00
5.354621e-03   1.099506e-17   1.078871e+00
5.404216e-03   1.310165e-17   1.078924e+00
5.454271e-03   1.559047e-17   1.078966e+00
5.504790e-03   1.852880e-17   1.078997e+00
5.555776e-03   2.199585e-17   1.079015e+00
5.607235e-03   2.608495e-17   1.079021e+00
5.659170e-03   3.090616e-17   1.079013e+00
5.711586e-03   3.658948e-17   1.078990e+00
5.764488e-03   4.328864e-17   1.078953e+00
5.817880e-03   5.118567e-17   1.078900e+00
5.871766e-03   6.049645e-17   1.078830e+00
5.926152e-03   7.147739e-17   1.078744e+00
5.981041e-03   8.443355e-17   1.078640e+00
6.036439e-03   9.972782e-17   1.078518e+00
6.092349e-03   1.177832e-16   1.078378e+00
6.148778e-03   1.390922e-16   1.078224e+00
6.205729e-03   1.642332e-16   1.078057e+00
6.263207e-03   1.938849e-16   1.077879e+00
6.321218e-03   2.288434e-16   1.077693e+00
6.379767e-03   2.700415e-16   1.077500e+00
6.438857e-03   3.185711e-16   1.077303e+00
6.498495e-03   3.757098e-16   1.077105e+00
6.558686e-03   4.429504e-16   1.076907e+00
6.619433e-03   5.220360e-16   1.076711e+00
6.680744e-03   6.149996e-16   1.076520e+00
6.742622e-03   7.242101e-16   1.076335e+00
6.805074e-03   8.524245e-16   1.076160e+00
6.868104e-03   1.002848e-15   1.075995e+00
6.931717e-03   1.179203e-15   1.075844e+00
6.995920e-03   1.385807e-15   1.075708e+00
7.060718e-03   1.627667e-15   1.075589e+00
7.126115e-03   1.910625e-15   1.075485e+00
7.192119e-03   2.241473e-15   1.075394e+00
7.258734e-03   2.628094e-15   1.075313e+00
7.325965e-03   3.079633e-15   1.075240e+00
7.393820e-03   3.606689e-15   1.075171e+00
7.462303e-03   4.221545e-15   1.075104e+00
7.531420e-03   4.938423e-15   1.075037e+00
7.601178e-03   5.773782e-15   1.074966e+00
7.671581e-03   6.746661e-15   1.074890e+00
7.742637e-03   7.879073e-15   1.074806e+00
7.814351e-03   9.196449e-15   1.074710e+00
7.886729e-03   1.072816e-14   1.074601e+00
7.959777e-03   1.250810e-14   1.074476e+00
8.033502e-03   1.457539e-14   1.074332e+00
8.107910e-03   1.697516e-14   1.074171e+00
8.183007e-03   1.975955e-14   1.073997e+00
8.258799e-03   2.298870e-14   1.073817e+00
8.335294e-03   2.673191e-14   1.073635e+00
8.412497e-03   3.106910e-14   1.073458e+00
8.490415e-03   3.609231e-14   1.073290e+00
8.569055e-03   4.190759e-14   1.073137e+00
8.648423e-03   4.863702e-14   1.073004e+00
8.728527e-03   5.642116e-14   1.072898e+00
8.809372e-03   6.542179e-14   1.072823e+00
8.890966e-03   7.582502e-14   1.072785e+00
8.973316e-03   8.784498e-14   1.072789e+00
9.056428e-03   1.017278e-13   1.072840e+00
9.140311e-03   1.177553e-13   1.072935e+00
9.224970e-03   1.362499e-13   1.073066e+00
9.310413e-03   1.575810e-13   1.073225e+00
9.396648e-03   1.821714e-13   1.073403e+00
9.483682e-03   2.105050e-13   1.073593e+00
9.571522e-03   2.431349e-13   1.073787e+00
9.660175e-03   2.806931e-13   1.073975e+00
9.749649e-03   3.239012e-13   1.074151e+00
9.839952e-03   3.735828e-13   1.074305e+00
9.931092e-03   4.306768e-13   1.074430e+00
1.002308e-02   4.962533e-13   1.074518e+00
1.011591e-02   5.715335e-13   1.074565e+00
1.020961e-02   6.579154e-13   1.074574e+00
1.030417e-02   7.569940e-13   1.074553e+00
1.039961e-02   8.705887e-13   1.074507e+00
1.049593e-02   1.000774e-12   1.074441e+00
1.059315e-02   1.149913e-12   1.074360e+00
1.069126e-02   1.320701e-12   1.074271e+00
1.079029e-02   1.516207e-12   1.074178e+00
1.089023e-02   1.739926e-12   1.074088e+00
1.099110e-02   1.995841e-12   1.074007e+00
1.109290e-02   2.288477e-12   1.073938e+00
1.119564e-02   2.622953e-12   1.073884e+00
1.129934e-02   3.005062e-12   1.073847e+00
1.140400e-02   3.441369e-12   1.073828e+00
1.150962e-02   3.939308e-12   1.073828e+00
1.161623e-02   4.507286e-12   1.073848e+00
1.172382e-02   5.154812e-12   1.073890e+00
1.183241e-02   5.892625e-12   1.073955e+00
1.194200e-02   6.732850e-12   1.074043e+00
1.205261e-02   7.689166e-12   1.074157e+00
1.216424e-02   8.777112e-12   1.074292e+00
1.227691e-02   1.001439e-11   1.074438e+00
1.239062e-02   1.142104e-11   1.074586e+00
1.250539e-02   1.301979e-11   1.074726e+00
1.262121e-02   1.483637e-11   1.074848e+00
1.273811e-02   1.689996e-11   1.074941e+00
1.285610e-02   1.924357e-11   1.074997e+00
1.297517e-02   2.190467e-11   1.075005e+00
1.309535e-02   2.492557e-11   1.074957e+00
1.321664e-02   2.835336e-11   1.074858e+00
1.333906e-02   3.224058e-11   1.074717e+00
1.346261e-02   3.664608e-11   1.074545e+00
1.358730e-02   4.163572e-11   1.074352e+00
1.371315e-02   4.728313e-11   1.074147e+00
1.384016e-02   5.367048e-11   1.073942e+00
1.396835e-02   6.088938e-11   1.073746e+00
1.409773e-02   6.904214e-11   1.073568e+00
1.422830e-02   7.824602e-11   1.073410e+00
1.436009e-02   8.863475e-11   1.073271e+00
1.449310e-02   1.003594e-10   1.073148e+00
1.462733e-02   1.135907e-10   1.073039e+00
1.476281e-02   1.285218e-10   1.072943e+00
1.489955e-02   1.453712e-10   1.072857e+00
1.503755e-02   1.643864e-10   1.072780e+00
1.517683e-02   1.858436e-10   1.072709e+00
1.531740e-02   2.100445e-10   1.072644e+00
1.545928e-02   2.373250e-10   1.072585e+00
1.560246e-02   2.680590e-10   1.072531e+00
1.574698e-02   3.026625e-10   1.072480e+00
1.589283e-02   3.415971e-10   1.072433e+00
1.604003e-02   3.853750e-10   1.072388e+00
1.618860e-02   4.345690e-10   1.072345e+00
1.633854e-02   4.898259e-10   1.072304e+00
1.648987e-02   5.518689e-10   1.072263e+00
1.664260e-02   6.215051e-10   1.072222e+00
1.679675e-02   6.996345e-10   1.072181e+00
1.695232e-02   7.872611e-10   1.072139e+00
1.710934e-02   8.855044e-10   1.072095e+00
1.726781e-02   9.956124e-10   1.072049e+00
1.742775e-02   1.118976e-09   1.072001e+00
1.758917e-02   1.257145e-09   1.071949e+00
1.775208e-02   1.411847e-09   1.071893e+00
1.791650e-02   1.585005e-09   1.071832e+00
1.808245e-02   1.778761e-09   1.071767e+00
1.824993e-02   1.995492e-09   1.071696e+00
1.841897e-02   2.237830e-09   1.071622e+00
1.858957e-02   2.508698e-09   1.071544e+00
1.876175e-02   2.811338e-09   1.071463e+00
1.893552e-02   3.149348e-09   1.071381e+00
1.911091e-02   3.526717e-09   1.071298e+00
1.928792e-02   3.947863e-09   1.071214e+00
1.946656e-02   4.417683e-09   1.071131e+00
1.964687e-02   4.941598e-09   1.071050e+00
1.982884e-02   5.525607e-09   1.070971e+00
2.001250e-02   6.176346e-09   1.070895e+00
2.019786e-02   6.901158e-09   1.070823e+00
2.038493e-02   7.708178e-09   1.070754e+00
2.057374e-02   8.606401e-09   1.070688e+00
2.076430e-02   9.605775e-09   1.070625e+00
2.095662e-02   1.071729e-08   1.070565e+00
2.115073e-02   1.195309e-08   1.070507e+00
2.134663e-02   1.332657e-08   1.070451e+00
2.154435e-02   1.485255e-08   1.070396e+00
2.174389e-02   1.654736e-08   1.070343e+00
2.194529e-02   1.842901e-08   1.070291e+00
2.214855e-02   2.051737e-08   1.070240e+00
2.235370e-02   2.283436e-08   1.070190e+00
2.256074e-02   2.540412e-08   1.070139e+00
2.276970e-02   2.825325e-08   1.070088e+00
2.298060e-02   3.141104e-08   1.070037e+00
2.319345e-02   3.490976e-08   1.069986e+00
2.340827e-02   3.878490e-08   1.069933e+00
2.362508e-02   4.307553e-08   1.069879e+00
2.384390e-02   4.782462e-08   1.069823e+00
2.406475e-02   5.307942e-08   1.069765e+00
2.428764e-02   5.889187e-08   1.069705e+00
2.451260e-02   6.531905e-08   1.069643e+00
2.473964e-02   7.242367e-08   1.069578e+00
2.496878e-02   8.027459e-08   1.069510e+00
2.520005e-02   8.894741e-08   1.069438e+00
2.543346e-02   9.852497e-08   1.069363e+00
2.566903e-02   1.090981e-07   1.069286e+00
2.590678e-02   1.207663e-07   1.069207e+00
2.614673e-02   1.336386e-07   1.069126e+00
2.638891e-02   1.478346e-07   1.069045e+00
2.663333e-02   1.634850e-07   1.068963e+00
2.688001e-02   1.807329e-07   1.068881e+00
2.712898e-02   1.997351e-07   1.068800e+00
2.738025e-02   2.206628e-07   1.068720e+00
2.763385e-02   2.437033e-07   1.068641e+00
2.788980e-02   2.690614e-07   1.068565e+00
2.814812e-02   2.969606e-07   1.068492e+00
2.840884e-02   3.276452e-07   1.068421e+00
2.867196e-02   3.613818e-07   1.068355e+00
2.893753e-02   3.984614e-07   1.068293e+00
2.920556e-02   4.392013e-07   1.068235e+00
2.947606e-02   4.839478e-07   1.068183e+00
2.974908e-02   5.330780e-07   1.068137e+00
3.002462e-02   5.870031e-07   1.068097e+00
3.030271e-02   6.461713e-07   1.068063e+00
3.058338e-02   7.110715e-07   1.068036e+00
3.086665e-02   7.822368e-07   1.068014e+00
3.115254e-02   8.602478e-07   1.067997e+00
3.144108e-02   9.457364e-07   1.067985e+00
3.173230e-02   1.039391e-06   1.067976e+00
3.202621e-02   1.141960e-06   1.067970e+00
3.232284e-02   1.254257e-06   1.067966e+00
3.262222e-02   1.377171e-06   1.067965e+00
3.292437e-02   1.511662e-06   1.067964e+00
3.322933e-02   1.658780e-06   1.067964e+00
3.353710e-02   1.819662e-06   1.067964e+00
3.384773e-02   1.995545e-06   1.067963e+00
3.416123e-02   2.187772e-06   1.067960e+00
3.447764e-02   2.397802e-06   1.067956e+00
3.479698e-02   2.627220e-06   1.067949e+00
3.511928e-02   2.877743e-06   1.067939e+00
3.544456e-02   3.151239e-06   1.067926e+00
3.577285e-02   3.449731e-06   1.067907e+00
3.610419e-02   3.775414e-06   1.067884e+00
3.643859e-02   4.130669e-06   1.067855e+00
3.677609e-02   4.518077e-06   1.067820e+00
3.711672e-02   4.940435e-06   1.067777e+00
3.746050e-02   5.400775e-06   1.067727e+00
3.780747e-02   5.902381e-06   1.067669e+00
3.815765e-02   6.448810e-06   1.067602e+00
3.851107e-02   7.043915e-06   1.067526e+00
3.886777e-02   7.691867e-06   1.067440e+00
3.922777e-02   8.397180e-06   1.067343e+00
3.959110e-02   9.164740e-06   1.067235e+00
3.995780e-02   9.999835e-06   1.067115e+00
4.032790e-02   1.090818e-05   1.066982e+00
4.070142e-02   1.189592e-05   1.066838e+00
4.107841e-02   1.296970e-05   1.066683e+00
4.145888e-02   1.413667e-05   1.066518e+00
4.184289e-02   1.540455e-05   1.066345e+00
4.223044e-02   1.678166e-05   1.066163e+00
4.262159e-02   1.827699e-05   1.065975e+00
4.301636e-02   1.990019e-05   1.065780e+00
4.341478e-02   2.166168e-05   1.065581e+00
4.381690e-02   2.357267e-05   1.065378e+00
4.422274e-02   2.564524e-05   1.065171e+00
4.463234e-02   2.789236e-05   1.064963e+00
4.504573e-02   3.032800e-05   1.064753e+00
4.546295e-02   3.296717e-05   1.064544e+00
4.588404e-02   3.582602e-05   1.064335e+00
4.630903e-02   3.892186e-05   1.064128e+00
4.673795e-02   4.227331e-05   1.063923e+00
4.717085e-02   4.590036e-05   1.063722e+00
4.760775e-02   4.982443e-05   1.063526e+00
4.804870e-02   5.406853e-05   1.063336e+00
4.849374e-02   5.865729e-05   1.063152e+00
4.894290e-02   6.361715e-05   1.062975e+00
4.939622e-02   6.897641e-05   1.062807e+00
4.985373e-02   7.476536e-05   1.062648e+00
5.031549e-02   8.101648e-05   1.062500e+00
5.078152e-02   8.776483e-05   1.062361e+00
5.125187e-02   9.504821e-05   1.062230e+00
5.172657e-02   1.029072e-04   1.062106e+00
5.220568e-02   1.113853e-04   1.061987e+00
5.268921e-02   1.205292e-04   1.061872e+00
5.317723e-02   1.303891e-04   1.061760e+00
5.366977e-02   1.410187e-04   1.061647e+00
5.416687e-02   1.524759e-04   1.061534e+00
5.466857e-02   1.648223e-04   1.061419e+00
5.517492e-02   1.781246e-04   1.061301e+00
5.568596e-02   1.924538e-04   1.061177e+00
5.620174e-02   2.078863e-04   1.061046e+00
5.672229e-02   2.245042e-04   1.060907e+00
5.724766e-02   2.423952e-04   1.060759e+00
5.777790e-02   2.616536e-04   1.060599e+00
5.831305e-02   2.823804e-04   1.060427e+00
5.885316e-02   3.046840e-04   1.060241e+00
5.939827e-02   3.286806e-04   1.060040e+00
5.994843e-02   3.544948e-04   1.059821e+00
6.050368e-02   3.822597e-04   1.059585e+00
6.106408e-02   4.121147e-04   1.059333e+00
6.162966e-02   4.442070e-04   1.059068e+00
6.220049e-02   4.786934e-04   1.058794e+00
6.277660e-02   5.157405e-04   1.058513e+00
6.335805e-02   5.555249e-04   1.058229e+00
6.394488e-02   5.982345e-04   1.057945e+00
6.453715e-02   6.440681e-04   1.057664e+00
6.513491e-02   6.932368e-04   1.057389e+00
6.573820e-02   7.459637e-04   1.057124e+00
6.634708e-02   8.024854e-04   1.056870e+00
6.696160e-02   8.630515e-04   1.056632e+00
6.758181e-02   9.279263e-04   1.056413e+00
6.820777e-02   9.973884e-04   1.056215e+00
6.883952e-02   1.071732e-03   1.056041e+00
6.947713e-02   1.151267e-03   1.055896e+00
7.012064e-02   1.236319e-03   1.055781e+00
7.077011e-02   1.327240e-03   1.055698e+00
7.142559e-02   1.424418e-03   1.055643e+00
7.208715e-02   1.528269e-03   1.055612e+00
7.275484e-02   1.639239e-03   1.055600e+00
7.342870e-02   1.757803e-03   1.055602e+00
7.410882e-02   1.884471e-03   1.055614e+00
7.479523e-02   2.019785e-03   1.055631e+00
7.548799e-02   2.164329e-03   1.055650e+00
7.618718e-02   2.318724e-03   1.055665e+00
7.689284e-02   2.483637e-03   1.055671e+00
7.760503e-02   2.659782e-03   1.055665e+00
7.832383e-02   2.847924e-03   1.055642e+00
7.904928e-02   3.048882e-03   1.055598e+00
7.978145e-02   3.263535e-03   1.055527e+00
8.052040e-02   3.492821e-03   1.055426e+00
8.126619e-02   3.737688e-03   1.055295e+00
8.201889e-02   3.999103e-03   1.055139e+00
8.277857e-02   4.278085e-03   1.054962e+00
8.354528e-02   4.575701e-03   1.054766e+00
8.431909e-02   4.893072e-03   1.054556e+00
8.510007e-02   5.231373e-03   1.054337e+00
8.588829e-02   5.591832e-03   1.054110e+00
8.668380e-02   5.975732e-03   1.053881e+00
8.748668e-02   6.384415e-03   1.053653e+00
8.829700e-02   6.819275e-03   1.053430e+00
8.911482e-02   7.281767e-03   1.053216e+00
8.994022e-02   7.773402e-03   1.053014e+00
9.077327e-02   8.295782e-03   1.052828e+00
9.161402e-02   8.850758e-03   1.052655e+00
9.246257e-02   9.440356e-03   1.052494e+00
9.331898e-02   1.006674e-02   1.052342e+00
9.418332e-02   1.073223e-02   1.052195e+00
9.505566e-02   1.143930e-02   1.052052e+00
9.593608e-02   1.219060e-02   1.051909e+00
9.682466e-02   1.298898e-02   1.051764e+00
9.772147e-02   1.383747e-02   1.051614e+00
9.862658e-02   1.473935e-02   1.051456e+00
9.954008e-02   1.569812e-02   1.051289e+00
1.004620e-01   1.671753e-02   1.051108e+00
1.013925e-01   1.780132e-02   1.050914e+00
1.023317e-01   1.895316e-02   1.050711e+00
1.032795e-01   2.017684e-02   1.050500e+00
1.042361e-01   2.147632e-02   1.050286e+00
1.052015e-01   2.285572e-02   1.050070e+00
1.061759e-01   2.431932e-02   1.049855e+00
1.071593e-01   2.587155e-02   1.049645e+00
1.081519e-01   2.751699e-02   1.049443e+00
1.091536e-01   2.926038e-02   1.049251e+00
1.101646e-01   3.110661e-02   1.049072e+00
1.111850e-01   3.306097e-02   1.048908e+00
1.122148e-01   3.512958e-02   1.048755e+00
1.132541e-01   3.731906e-02   1.048611e+00
1.143031e-01   3.963643e-02   1.048473e+00
1.153618e-01   4.208917e-02   1.048336e+00
1.164303e-01   4.468520e-02   1.048198e+00
1.175087e-01   4.743299e-02   1.048057e+00
1.185971e-01   5.034154e-02   1.047907e+00
1.196956e-01   5.342044e-02   1.047747e+00
1.208042e-01   5.667982e-02   1.047572e+00
1.219231e-01   6.012976e-02   1.047386e+00
1.230524e-01   6.378037e-02   1.047190e+00
1.241921e-01   6.764224e-02   1.046987e+00
1.253424e-01   7.172640e-02   1.046782e+00
1.265034e-01   7.604434e-02   1.046576e+00
1.276751e-01   8.060803e-02   1.046374e+00
1.288576e-01   8.542991e-02   1.046178e+00
1.300511e-01   9.052292e-02   1.045992e+00
1.312557e-01   9.590092e-02   1.045818e+00
1.324714e-01   1.015800e-01   1.045650e+00
1.336984e-01   1.075774e-01   1.045484e+00
1.349367e-01   1.139119e-01   1.045315e+00
1.361865e-01   1.206032e-01   1.045137e+00
1.374479e-01   1.276725e-01   1.044945e+00
1.387210e-01   1.351423e-01   1.044734e+00
1.400058e-01   1.430367e-01   1.044499e+00
1.413026e-01   1.513808e-01   1.044237e+00
1.426114e-01   1.601983e-01   1.043957e+00
1.439323e-01   1.695127e-01   1.043674e+00
1.452654e-01   1.793488e-01   1.043400e+00
1.466109e-01   1.897320e-01   1.043148e+00
1.479688e-01   2.006886e-01   1.042931e+00
1.493393e-01   2.122458e-01   1.042761e+00
1.507225e-01   2.244316e-01   1.042651e+00
1.521186e-01   2.372771e-01   1.042599e+00
1.535275e-01   2.508171e-01   1.042591e+00
1.549495e-01   2.650882e-01   1.042612e+00
1.563847e-01   2.801288e-01   1.042647e+00
1.578331e-01   2.959798e-01   1.042682e+00
1.592950e-01   3.126839e-01   1.042701e+00
1.607704e-01   3.302865e-01   1.042690e+00
1.622595e-01   3.488356e-01   1.042645e+00
1.637624e-01   3.683822e-01   1.042570e+00
1.652792e-01   3.889803e-01   1.042470e+00
1.668101e-01   4.106870e-01   1.042351e+00
1.683551e-01   4.335628e-01   1.042218e+00
1.699144e-01   4.576715e-01   1.042076e+00
1.714882e-01   4.830810e-01   1.041930e+00
1.730766e-01   5.098629e-01   1.041784e+00
1.746796e-01   5.380932e-01   1.041646e+00
1.762975e-01   5.678525e-01   1.041518e+00
1.779304e-01   5.992261e-01   1.041408e+00
1.795785e-01   6.323046e-01   1.041319e+00
1.812418e-01   6.671834e-01   1.041256e+00
1.829205e-01   7.039586e-01   1.041219e+00
1.846147e-01   7.427284e-01   1.041203e+00
1.863246e-01   7.835956e-01   1.041207e+00
1.880504e-01   8.266677e-01   1.041226e+00
1.897922e-01   8.720572e-01   1.041258e+00
1.915501e-01   9.198819e-01   1.041298e+00
1.933242e-01   9.702646e-01   1.041343e+00
1.951148e-01   1.023334e+00   1.041390e+00
1.969220e-01   1.079224e+00   1.041436e+00
1.987460e-01   1.138075e+00   1.041477e+00
2.005868e-01   1.200034e+00   1.041509e+00
2.024447e-01   1.265255e+00   1.041532e+00
2.043197e-01   1.333905e+00   1.041546e+00
2.062122e-01   1.406161e+00   1.041553e+00
2.081222e-01   1.482207e+00   1.041553e+00
2.100498e-01   1.562237e+00   1.041549e+00
2.119953e-01   1.646454e+00   1.041542e+00
2.139589e-01   1.735073e+00   1.041533e+00
2.159406e-01   1.828319e+00   1.041523e+00
2.179407e-01   1.926427e+00   1.041514e+00
2.199593e-01   2.029647e+00   1.041508e+00
2.219966e-01   2.138237e+00   1.041505e+00
2.240528e-01   2.252474e+00   1.041507e+00
2.261280e-01   2.372643e+00   1.041515e+00
2.282224e-01   2.499047e+00   1.041531e+00
2.303363e-01   2.632004e+00   1.041557e+00
2.324697e-01   2.771847e+00   1.041592e+00
2.346229e-01   2.918926e+00   1.041640e+00
2.367960e-01   3.073610e+00   1.041701e+00
2.389893e-01   3.236284e+00   1.041776e+00
2.412028e-01   3.407356e+00   1.041867e+00
2.434369e-01   3.587251e+00   1.041976e+00
2.456916e-01   3.776419e+00   1.042104e+00
2.479673e-01   3.975330e+00   1.042251e+00
2.502640e-01   4.184479e+00   1.042420e+00
2.525820e-01   4.404383e+00   1.042612e+00
2.549215e-01   4.635570e+00   1.042823e+00
2.572826e-01   4.878594e+00   1.043053e+00
2.596656e-01   5.134029e+00   1.043298e+00
2.620707e-01   5.402480e+00   1.043557e+00
2.644980e-01   5.684574e+00   1.043828e+00
2.669478e-01   5.980970e+00   1.044107e+00
2.694204e-01   6.292352e+00   1.044394e+00
2.719158e-01   6.619436e+00   1.044685e+00
2.744343e-01   6.962969e+00   1.044979e+00
2.769762e-01   7.323729e+00   1.045273e+00
2.795416e-01   7.702529e+00   1.045565e+00
2.821308e-01   8.100215e+00   1.045853e+00
2.847439e-01   8.517668e+00   1.046135e+00
2.873813e-01   8.955807e+00   1.046408e+00
2.900430e-01   9.415590e+00   1.046670e+00
2.927295e-01   9.898011e+00   1.046919e+00
2.954408e-01   1.040411e+01   1.047152e+00
2.981772e-01   1.093496e+01   1.047368e+00
3.009390e-01   1.149168e+01   1.047564e+00
3.037264e-01   1.207543e+01   1.047740e+00
3.065395e-01   1.268736e+01   1.047898e+00
3.093788e-01   1.332867e+01   1.048042e+00
3.122443e-01   1.400059e+01   1.048173e+00
3.151363e-01   1.470439e+01   1.048295e+00
3.180552e-01   1.544137e+01   1.048410e+00
3.210011e-01   1.621289e+01   1.048522e+00
3.239743e-01   1.702032e+01   1.048632e+00
3.269750e-01   1.786507e+01   1.048745e+00
3.300035e-01   1.874860e+01   1.048862e+00
3.330600e-01   1.967238e+01   1.048986e+00
3.361449e-01   2.063794e+01   1.049121e+00
3.392583e-01   2.164683e+01   1.049268e+00
3.424006e-01   2.270063e+01   1.049432e+00
3.455720e-01   2.380095e+01   1.049613e+00
3.487727e-01   2.494942e+01   1.049816e+00
3.520031e-01   2.614773e+01   1.050043e+00
3.552635e-01   2.739766e+01   1.050294e+00
3.585540e-01   2.870112e+01   1.050566e+00
3.618750e-01   3.006009e+01   1.050857e+00
3.652267e-01   3.147658e+01   1.051165e+00
3.686095e-01   3.295267e+01   1.051487e+00
3.720237e-01   3.449049e+01   1.051822e+00
3.754694e-01   3.609225e+01   1.052166e+00
3.789471e-01   3.776019e+01   1.052517e+00
3.824570e-01   3.949663e+01   1.052873e+00
3.859994e-01   4.130394e+01   1.053232e+00
3.895746e-01   4.318457e+01   1.053591e+00
3.931829e-01   4.514100e+01   1.053948e+00
3.968246e-01   4.717579e+01   1.054301e+00
4.005001e-01   4.929157e+01   1.054646e+00
4.042096e-01   5.149105e+01   1.054983e+00
4.079535e-01   5.377711e+01   1.055309e+00
4.117320e-01   5.615273e+01   1.055623e+00
4.155455e-01   5.862099e+01   1.055922e+00
4.193944e-01   6.118505e+01   1.056207e+00
4.232789e-01   6.384816e+01   1.056474e+00
4.271994e-01   6.661371e+01   1.056723e+00
4.311562e-01   6.948514e+01   1.056951e+00
4.351497e-01   7.246604e+01   1.057158e+00
4.391801e-01   7.556009e+01   1.057341e+00
4.432479e-01   7.877109e+01   1.057499e+00
4.473533e-01   8.210294e+01   1.057631e+00
4.514968e-01   8.555967e+01   1.057734e+00
4.556786e-01   8.914495e+01   1.057811e+00
4.598992e-01   9.286174e+01   1.057866e+00
4.641589e-01   9.671286e+01   1.057906e+00
4.684580e-01   1.007011e+02   1.057937e+00
4.727970e-01   1.048289e+02   1.057965e+00
4.771761e-01   1.090989e+02   1.057995e+00
4.815958e-01   1.135133e+02   1.058033e+00
4.860564e-01   1.180743e+02   1.058086e+00
4.905584e-01   1.227838e+02   1.058159e+00
4.951020e-01   1.276435e+02   1.058258e+00
4.996877e-01   1.326549e+02   1.058390e+00
5.043159e-01   1.378196e+02   1.058558e+00
5.089870e-01   1.431406e+02   1.058762e+00
5.137014e-01   1.486217e+02   1.058998e+00
5.184594e-01   1.542665e+02   1.059263e+00
5.232614e-01   1.600788e+02   1.059555e+00
5.281080e-01   1.660628e+02   1.059868e+00
5.329994e-01   1.722223e+02   1.060202e+00
5.379362e-01   1.785618e+02   1.060551e+00
5.429186e-01   1.850855e+02   1.060914e+00
5.479472e-01   1.917979e+02   1.061287e+00
5.530224e-01   1.987036e+02   1.061666e+00
5.581446e-01   2.058076e+02   1.062049e+00
5.633143e-01   2.131146e+02   1.062432e+00
5.685318e-01   2.206299e+02   1.062811e+00
5.737976e-01   2.283589e+02   1.063185e+00
5.791123e-01   2.363069e+02   1.063549e+00
5.844761e-01   2.444799e+02   1.063900e+00
5.898896e-01   2.528837e+02   1.064235e+00
5.953533e-01   2.615245e+02   1.064551e+00
6.008676e-01   2.704087e+02   1.064844e+00
6.064329e-01   2.795425e+02   1.065113e+00
6.120498e-01   2.889305e+02   1.065359e+00
6.177188e-01   2.985769e+02   1.065585e+00
6.234402e-01   3.084862e+02   1.065792e+00
6.292146e-01   3.186625e+02   1.065982e+00
6.350425e-01   3.291100e+02   1.066158e+00
6.409244e-01   3.398327e+02   1.066323e+00
6.468608e-01   3.508346e+02   1.066477e+00
6.528521e-01   3.621197e+02   1.066623e+00
6.588990e-01   3.736915e+02   1.066764e+00
6.650018e-01   3.855537e+02   1.066901e+00
6.711612e-01   3.977098e+02   1.067037e+00
6.773776e-01   4.101632e+02   1.067174e+00
6.836516e-01   4.229170e+02   1.067313e+00
6.899837e-01   4.359741e+02   1.067458e+00
6.963745e-01   4.493375e+02   1.067610e+00
7.028244e-01   4.630097e+02   1.067772e+00
7.093341e-01   4.769948e+02   1.067943e+00
7.159041e-01   4.912982e+02   1.068121e+00
7.225349e-01   5.059259e+02   1.068303e+00
7.292272e-01   5.208839e+02   1.068488e+00
7.359814e-01   5.361784e+02   1.068672e+00
7.427982e-01   5.518160e+02   1.068853e+00
7.496782e-01   5.678033e+02   1.069029e+00
7.566219e-01   5.841473e+02   1.069197e+00
7.636298e-01   6.008550e+02   1.069355e+00
7.707027e-01   6.179338e+02   1.069499e+00
7.778411e-01   6.353916e+02   1.069628e+00
7.850456e-01   6.532361e+02   1.069739e+00
7.923169e-01   6.714757e+02   1.069830e+00
7.996555e-01   6.901189e+02   1.069897e+00
8.070620e-01   7.091748e+02   1.069940e+00
8.145372e-01   7.286539e+02   1.069961e+00
8.220816e-01   7.485673e+02   1.069963e+00
8.296959e-01   7.689269e+02   1.069949e+00
8.373807e-01   7.897451e+02   1.069923e+00
8.451366e-01   8.110347e+02   1.069889e+00
8.529644e-01   8.328095e+02   1.069850e+00
8.608648e-01   8.550835e+02   1.069809e+00
8.688383e-01   8.778719e+02   1.069770e+00
8.768856e-01   9.011902e+02   1.069736e+00
8.850075e-01   9.250550e+02   1.069711e+00
8.932046e-01   9.494834e+02   1.069699e+00
9.014776e-01   9.744935e+02   1.069702e+00
9.098273e-01   1.000102e+03   1.069723e+00
9.182543e-01   1.026322e+03   1.069760e+00
9.267593e-01   1.053165e+03   1.069813e+00
9.353432e-01   1.080643e+03   1.069879e+00
9.440065e-01   1.108769e+03   1.069956e+00
9.527500e-01   1.137554e+03   1.070043e+00
9.615746e-01   1.167012e+03   1.070139e+00
9.704809e-01   1.197154e+03   1.070241e+00
9.794697e-01   1.227994e+03   1.070349e+00
9.885417e-01   1.259544e+03   1.070459e+00
9.976978e-01   1.291817e+03   1.070572e+00
1.006939e+00   1.324827e+03   1.070684e+00
1.016265e+00   1.358592e+03   1.070797e+00
1.025678e+00   1.393131e+03   1.070908e+00
1.035178e+00   1.428466e+03   1.071020e+00
1.044766e+00   1.464618e+03   1.071131e+00
1.054443e+00   1.501612e+03   1.071243e+00
1.064209e+00   1.539470e+03   1.071354e+00
1.074066e+00   1.578216e+03   1.071464e+00
1.084014e+00   1.617878e+03   1.071575e+00
1.094055e+00   1.658481e+03   1.071686e+00
1.104188e+00   1.700053e+03   1.071796e+00
1.114415e+00   1.742622e+03   1.071907e+00
1.124737e+00   1.786220e+03   1.072018e+00
1.135155e+00   1.830877e+03   1.072128e+00
1.145669e+00   1.876626e+03   1.072239e+00
1.156280e+00   1.923500e+03   1.072350e+00
1.166990e+00   1.971534e+03   1.072462e+00
1.177799e+00   2.020766e+03   1.072573e+00
1.188708e+00   2.071233e+03   1.072685e+00
1.199718e+00   2.122975e+03   1.072797e+00
1.210830e+00   2.176034e+03   1.072909e+00
1.222045e+00   2.230452e+03   1.073022e+00
1.233363e+00   2.286275e+03   1.073135e+00
1.244787e+00   2.343548e+03   1.073248e+00
1.256317e+00   2.402321e+03   1.073362e+00
1.267953e+00   2.462637e+03   1.073476e+00
1.279697e+00   2.524531e+03   1.073590e+00
1.291550e+00   2.588044e+03   1.073701e+00
1.303512e+00   2.653213e+03   1.073810e+00
1.315586e+00   2.720077e+03   1.073915e+00
1.327771e+00   2.788677e+03   1.074015e+00
1.340069e+00   2.859054e+03   1.074111e+00
1.352481e+00   2.931248e+03   1.074200e+00
1.365008e+00   3.005302e+03   1.074282e+00
1.377651e+00   3.081258e+03   1.074356e+00
1.390411e+00   3.159161e+03   1.074420e+00
1.403289e+00   3.239055e+03   1.074476e+00
1.416287e+00   3.320984e+03   1.074520e+00
1.429405e+00   3.404994e+03   1.074553e+00
1.442644e+00   3.491132e+03   1.074573e+00
1.456006e+00   3.579444e+03   1.074580e+00
1.469492e+00   3.669978e+03   1.074573e+00
1.483103e+00   3.762782e+03   1.074550e+00
1.496839e+00   3.857905e+03   1.074511e+00
1.510703e+00   3.955397e+03   1.074456e+00
1.524696e+00   4.055298e+03   1.074384e+00
1.538818e+00   4.157649e+03   1.074299e+00
1.553071e+00   4.262486e+03   1.074200e+00
1.567455e+00   4.369848e+03   1.074090e+00
1.581973e+00   4.479770e+03   1.073971e+00
1.596626e+00   4.592289e+03   1.073844e+00
1.611414e+00   4.707438e+03   1.073711e+00
1.626340e+00   4.825252e+03   1.073573e+00
1.641403e+00   4.945762e+03   1.073432e+00
1.656606e+00   5.069001e+03   1.073290e+00
1.671950e+00   5.194996e+03   1.073147e+00
1.687436e+00   5.323777e+03   1.073007e+00
1.703065e+00   5.455370e+03   1.072870e+00
1.718839e+00   5.589799e+03   1.072737e+00
1.734759e+00   5.727086e+03   1.072612e+00
1.750827e+00   5.867253e+03   1.072494e+00
1.767044e+00   6.010319e+03   1.072386e+00
1.783410e+00   6.156304e+03   1.072286e+00
1.799929e+00   6.305228e+03   1.072192e+00
1.816600e+00   6.457107e+03   1.072103e+00
1.833425e+00   6.611957e+03   1.072018e+00
1.850407e+00   6.769791e+03   1.071935e+00
1.867546e+00   6.930618e+03   1.071852e+00
1.884843e+00   7.094446e+03   1.071768e+00
1.902301e+00   7.261280e+03   1.071681e+00
1.919921e+00   7.431121e+03   1.071591e+00
1.937703e+00   7.603969e+03   1.071494e+00
1.955651e+00   7.779818e+03   1.071391e+00
1.973764e+00   7.958661e+03   1.071279e+00
1.992046e+00   8.140488e+03   1.071156e+00
2.010496e+00   8.325282e+03   1.071022e+00
2.029118e+00   8.513034e+03   1.070877e+00
2.047912e+00   8.703736e+03   1.070722e+00
2.066880e+00   8.897377e+03   1.070558e+00
2.086024e+00   9.093944e+03   1.070388e+00
2.105345e+00   9.293420e+03   1.070214e+00
2.124845e+00   9.495788e+03   1.070035e+00
2.144526e+00   9.701024e+03   1.069855e+00
2.164389e+00   9.909102e+03   1.069676e+00
2.184436e+00   1.011999e+04   1.069497e+00
2.204669e+00   1.033367e+04   1.069322e+00
2.225089e+00   1.055009e+04   1.069152e+00
2.245698e+00   1.076922e+04   1.068988e+00
2.266498e+00   1.099101e+04   1.068832e+00
2.287491e+00   1.121541e+04   1.068686e+00
2.308678e+00   1.144239e+04   1.068552e+00
2.330061e+00   1.167187e+04   1.068430e+00
2.351643e+00   1.190381e+04   1.068323e+00
2.373424e+00   1.213814e+04   1.068232e+00
2.395407e+00   1.237479e+04   1.068159e+00
2.417594e+00   1.261370e+04   1.068105e+00
2.439986e+00   1.285478e+04   1.068073e+00
2.462586e+00   1.309796e+04   1.068063e+00
2.485395e+00   1.334316e+04   1.068077e+00
2.508415e+00   1.359029e+04   1.068118e+00
2.531648e+00   1.383927e+04   1.068184e+00
2.555097e+00   1.409007e+04   1.068272e+00
2.578763e+00   1.434263e+04   1.068379e+00
2.602648e+00   1.459692e+04   1.068501e+00
2.626754e+00   1.485289e+04   1.068635e+00
2.651084e+00   1.511049e+04   1.068778e+00
2.675638e+00   1.536968e+04   1.068926e+00
2.700421e+00   1.563041e+04   1.069075e+00
2.725433e+00   1.589265e+04   1.069223e+00
2.750676e+00   1.615633e+04   1.069365e+00
2.776153e+00   1.642141e+04   1.069499e+00
2.801867e+00   1.668785e+04   1.069620e+00
2.827818e+00   1.695559e+04   1.069726e+00
2.854010e+00   1.722460e+04   1.069812e+00
2.880444e+00   1.749482e+04   1.069876e+00
2.907123e+00   1.776620e+04   1.069914e+00
2.934050e+00   1.803870e+04   1.069922e+00
2.961225e+00   1.831227e+04   1.069898e+00
2.988653e+00   1.858685e+04   1.069836e+00
3.016334e+00   1.886240e+04   1.069736e+00
3.044272e+00   1.913882e+04   1.069597e+00
3.072469e+00   1.941593e+04   1.069425e+00
3.100927e+00   1.969357e+04   1.069226e+00
3.129648e+00   1.997158e+04   1.069005e+00
3.158635e+00   2.024977e+04   1.068766e+00
3.187891e+00   2.052796e+04   1.068515e+00
3.217418e+00   2.080596e+04   1.068258e+00
3.247218e+00   2.108357e+04   1.067999e+00
3.277295e+00   2.136060e+04   1.067744e+00
3.307650e+00   2.163683e+04   1.067498e+00
3.338286e+00   2.191205e+04   1.067267e+00
3.369206e+00   2.218605e+04   1.067055e+00
3.400412e+00   2.245860e+04   1.066868e+00
3.431907e+00   2.272947e+04   1.066711e+00
3.463694e+00   2.299842e+04   1.066589e+00
3.495776e+00   2.326522e+04   1.066507e+00
3.528154e+00   2.352966e+04   1.066471e+00
3.560833e+00   2.379167e+04   1.066476e+00
3.593814e+00   2.405126e+04   1.066520e+00
3.627100e+00   2.430845e+04   1.066596e+00
3.660695e+00   2.456326e+04   1.066702e+00
3.694601e+00   2.481572e+04   1.066832e+00
3.728821e+00   2.506586e+04   1.066982e+00
3.763358e+00   2.531372e+04   1.067147e+00
3.798215e+00   2.555936e+04   1.067324e+00
3.833395e+00   2.580282e+04   1.067506e+00
3.868901e+00   2.604416e+04   1.067690e+00
3.904735e+00   2.628346e+04   1.067872e+00
3.940902e+00   2.652079e+04   1.068046e+00
3.977403e+00   2.675623e+04   1.068208e+00
4.014242e+00   2.698986e+04   1.068354e+00
4.051423e+00   2.722169e+04   1.068482e+00
4.088948e+00   2.745163e+04   1.068591e+00
4.126821e+00   2.767959e+04   1.068684e+00
4.165044e+00   2.790546e+04   1.068761e+00
4.203622e+00   2.812914e+04   1.068823e+00
4.242556e+00   2.835053e+04   1.068871e+00
4.281852e+00   2.856953e+04   1.068905e+00
4.321511e+00   2.878604e+04   1.068928e+00
4.361538e+00   2.899996e+04   1.068939e+00
4.401935e+00   2.921119e+04   1.068940e+00
4.442707e+00   2.941962e+04   1.068931e+00
4.483856e+00   2.962516e+04   1.068914e+00
4.525386e+00   2.982770e+04   1.068889e+00
4.567301e+00   3.002715e+04   1.068858e+00
4.609604e+00   3.022339e+04   1.068822e+00
4.652300e+00   3.041634e+04   1.068780e+00
4.695390e+00   3.060589e+04   1.068735e+00
4.738880e+00   3.079195e+04   1.068687e+00
4.782772e+00   3.097441e+04   1.068637e+00
4.827071e+00   3.115318e+04   1.068586e+00
4.871780e+00   3.132816e+04   1.068535e+00
4.916904e+00   3.149925e+04   1.068485e+00
4.962445e+00   3.166637e+04   1.068437e+00
5.008408e+00   3.182940e+04   1.068392e+00
5.054797e+00   3.198830e+04   1.068350e+00
5.101615e+00   3.214304e+04   1.068312e+00
5.148867e+00   3.229363e+04   1.068276e+00
5.196557e+00   3.244008e+04   1.068244e+00
5.244689e+00   3.258238e+04   1.068213e+00
5.293266e+00   3.272056e+04   1.068185e+00
5.342293e+00   3.285462e+04   1.068160e+00
5.391775e+00   3.298457e+04   1.068135e+00
5.441714e+00   3.311045e+04   1.068113e+00
5.492116e+00   3.323226e+04   1.068091e+00
5.542986e+00   3.335003e+04   1.068071e+00
5.594326e+00   3.346379e+04   1.068051e+00
5.646141e+00   3.357356e+04   1.068032e+00
5.698437e+00   3.367938e+04   1.068013e+00
5.751217e+00   3.378128e+04   1.067994e+00
5.804486e+00   3.387929e+04   1.067975e+00
5.858248e+00   3.397346e+04   1.067955e+00
5.912508e+00   3.406381e+04   1.067935e+00
5.967271e+00   3.415039e+04   1.067913e+00
6.022541e+00   3.423325e+04   1.067891e+00
6.078323e+00   3.431238e+04   1.067867e+00
6.134622e+00   3.438768e+04   1.067842e+00
6.191442e+00   3.445909e+04   1.067817e+00
6.248788e+00   3.452652e+04   1.067792e+00
6.306666e+00   3.458988e+04   1.067768e+00
6.365079e+00   3.464911e+04   1.067745e+00
6.424034e+00   3.470411e+04   1.067724e+00
6.483534e+00   3.475481e+04   1.067705e+00
6.543586e+00   3.480113e+04   1.067689e+00
6.604194e+00   3.484301e+04   1.067676e+00
6.665363e+00   3.488036e+04   1.067667e+00
6.727099e+00   3.491311e+04   1.067662e+00
6.789407e+00   3.494119e+04   1.067661e+00
6.852292e+00   3.496453e+04   1.067666e+00
6.915759e+00   3.498307e+04   1.067677e+00
6.979814e+00   3.499673e+04   1.067693e+00
7.044462e+00   3.500547e+04   1.067717e+00
7.109709e+00   3.500937e+04   1.067746e+00
7.175561e+00   3.500856e+04   1.067781e+00
7.242022e+00   3.500322e+04   1.067820e+00
7.309099e+00   3.499349e+04   1.067863e+00
7.376798e+00   3.497954e+04   1.067909e+00
7.445123e+00   3.496153e+04   1.067957e+00
7.514081e+00   3.493962e+04   1.068006e+00
7.583678e+00   3.491396e+04   1.068055e+00
7.653919e+00   3.488474e+04   1.068103e+00
7.724811e+00   3.485210e+04   1.068150e+00
7.796360e+00   3.481621e+04   1.068195e+00
7.868572e+00   3.477724e+04   1.068236e+00
7.941452e+00   3.473535e+04   1.068274e+00
8.015007e+00   3.469071e+04   1.068306e+00
8.089243e+00   3.464343e+04   1.068333e+00
8.164168e+00   3.459350e+04   1.068356e+00
8.239786e+00   3.454092e+04   1.068374e+00
8.316104e+00   3.448565e+04   1.068389e+00
8.393129e+00   3.442770e+04   1.068402e+00
8.470868e+00   3.436703e+04   1.068413e+00
8.549327e+00   3.430364e+04   1.068424e+00
8.628513e+00   3.423751e+04   1.068434e+00
8.708431e+00   3.416864e+04   1.068445e+00
8.789091e+00   3.409700e+04   1.068457e+00
8.870497e+00   3.402260e+04   1.068471e+00
8.952657e+00   3.394541e+04   1.068489e+00
9.035578e+00   3.386543e+04   1.068509e+00
9.119268e+00   3.378266e+04   1.068535e+00
9.203732e+00   3.369708e+04   1.068565e+00
9.288979e+00   3.360869e+04   1.068602e+00
9.375015e+00   3.351748e+04   1.068645e+00
9.461848e+00   3.342346e+04   1.068696e+00
9.549486e+00   3.332661e+04   1.068755e+00
9.637935e+00   3.322694e+04   1.068823e+00
9.727203e+00   3.312444e+04   1.068901e+00
9.817298e+00   3.301912e+04   1.068989e+00
9.908228e+00   3.291097e+04   1.069088e+00
1.000000e+01   3.280000e+04   1.069200e+00
