# O15 + a > Ne19 + g   [O15_a__Ne19_g]   ref=Iliadis et al. 2010
# detailed balance: alpha=5.5442e+10 beta=1.5 gamma=-40.9532  Q=3.5291
# T9                 rate                error
1.000000e-03   1.000000e-35   1.000000e+00
1.009262e-03   9.946266e-36   1.000027e+00
1.018610e-03   9.895148e-36   1.000054e+00
1.028045e-03   9.846572e-36   1.000079e+00
1.037567e-03   9.800468e-36   1.000102e+00
1.047177e-03   9.756766e-36   1.000125e+00
1.056876e-03   9.715401e-36   1.000147e+00
1.066665e-03   9.676309e-36   1.000167e+00
1.076545e-03   9.639428e-36   1.000187e+00
1.086516e-03   9.604699e-36   1.000205e+00
1.096579e-03   9.572064e-36   1.000222e+00
1.106736e-03   9.541467e-36   1.000239e+00
1.116987e-03   9.512855e-36   1.000254e+00
1.127333e-03   9.486175e-36   1.000268e+00
1.137774e-03   9.461376e-36   1.000281e+00
1.148312e-03   9.438410e-36   1.000294e+00
1.158948e-03   9.417228e-36   1.000305e+00
1.169683e-03   9.397785e-36   1.000316e+00
1.180517e-03   9.380034e-36   1.000325e+00
1.191451e-03   9.363932e-36   1.000334e+00
1.202486e-03   9.349437e-36   1.000342e+00
1.213624e-03   9.336505e-36   1.000349e+00
1.224865e-03   9.325097e-36   1.000355e+00
1.236210e-03   9.315173e-36   1.000361e+00
1.247660e-03   9.306693e-36   1.000365e+00
1.259216e-03   9.299620e-36   1.000369e+00
1.270879e-03   9.293915e-36   1.000372e+00
1.282650e-03   9.289542e-36   1.000375e+00
1.294530e-03   9.286466e-36   1.000376e+00
1.306520e-03   9.284649e-36   1.000377e+00
1.318621e-03   9.284059e-36   1.000378e+00
1.330835e-03   9.284659e-36   1.000377e+00
1.343161e-03   9.286416e-36   1.000376e+00
1.355602e-03   9.289296e-36   1.000375e+00
1.368158e-03   9.293266e-36   1.000372e+00
1.380830e-03   9.298294e-36   1.000370e+00
1.393619e-03   9.304346e-36   1.000366e+00
1.406527e-03   9.311390e-36   1.000363e+00
1.419555e-03   9.319395e-36   1.000358e+00
1.432703e-03   9.328328e-36   1.000353e+00
1.445973e-03   9.338157e-36   1.000348e+00
1.459366e-03   9.348851e-36   1.000342e+00
1.472883e-03   9.360378e-36   1.000336e+00
1.486525e-03   9.372707e-36   1.000329e+00
1.500293e-03   9.385806e-36   1.000322e+00
1.514189e-03   9.399643e-36   1.000315e+00
1.528214e-03   9.414188e-36   1.000307e+00
1.542369e-03   9.429408e-36   1.000299e+00
1.556654e-03   9.445273e-36   1.000290e+00
1.571072e-03   9.461749e-36   1.000281e+00
1.585624e-03   9.478806e-36   1.000272e+00
1.600310e-03   9.496412e-36   1.000263e+00
1.615133e-03   9.514533e-36   1.000253e+00
1.630092e-03   9.533139e-36   1.000243e+00
1.645191e-03   9.552196e-36   1.000233e+00
1.660429e-03   9.571672e-36   1.000222e+00
1.675808e-03   9.591533e-36   1.000212e+00
1.691330e-03   9.611747e-36   1.000201e+00
1.706995e-03   9.632280e-36   1.000190e+00
1.722805e-03   9.653098e-36   1.000179e+00
1.738762e-03   9.674168e-36   1.000168e+00
1.754867e-03   9.695454e-36   1.000157e+00
1.771121e-03   9.716923e-36   1.000146e+00
1.787526e-03   9.738539e-36   1.000135e+00
1.804082e-03   9.760267e-36   1.000123e+00
1.820792e-03   9.782072e-36   1.000112e+00
1.837656e-03   9.803918e-36   1.000101e+00
1.854677e-03   9.825768e-36   1.000089e+00
1.871855e-03   9.847587e-36   1.000078e+00
1.889193e-03   9.869337e-36   1.000067e+00
1.906691e-03   9.890981e-36   1.000056e+00
1.924351e-03   9.912481e-36   1.000045e+00
1.942175e-03   9.933801e-36   1.000034e+00
1.960163e-03   9.954901e-36   1.000023e+00
1.978319e-03   9.975744e-36   1.000012e+00
1.996642e-03   9.996291e-36   1.000002e+00
2.015136e-03   1.001650e-35   9.999916e-01
2.033800e-03   1.003634e-35   9.999816e-01
2.052638e-03   1.005576e-35   9.999717e-01
2.071650e-03   1.007473e-35   9.999622e-01
2.090838e-03   1.009321e-35   9.999529e-01
2.110203e-03   1.011115e-35   9.999438e-01
2.129749e-03   1.012852e-35   9.999351e-01
2.149475e-03   1.014527e-35   9.999267e-01
2.169384e-03   1.016137e-35   9.999187e-01
2.189477e-03   1.017677e-35   9.999110e-01
2.209756e-03   1.019144e-35   9.999037e-01
2.230223e-03   1.020533e-35   9.998967e-01
2.250880e-03   1.021840e-35   9.998902e-01
2.271728e-03   1.023061e-35   9.998842e-01
2.292769e-03   1.024192e-35   9.998786e-01
2.314005e-03   1.025229e-35   9.998734e-01
2.335438e-03   1.026168e-35   9.998688e-01
2.357069e-03   1.027004e-35   9.998646e-01
2.378901e-03   1.027735e-35   9.998610e-01
2.400935e-03   1.028355e-35   9.998579e-01
2.423173e-03   1.028860e-35   9.998555e-01
2.445617e-03   1.029248e-35   9.998535e-01
2.468268e-03   1.029513e-35   9.998522e-01
2.491130e-03   1.029652e-35   9.998515e-01
2.514203e-03   1.029661e-35   9.998515e-01
2.537490e-03   1.029537e-35   9.998521e-01
2.560993e-03   1.029275e-35   9.998534e-01
2.584714e-03   1.028871e-35   9.998554e-01
2.608654e-03   1.028323e-35   9.998581e-01
2.632815e-03   1.027627e-35   9.998615e-01
2.657201e-03   1.026779e-35   9.998657e-01
2.681813e-03   1.025775e-35   9.998707e-01
2.706652e-03   1.024613e-35   9.998765e-01
2.731722e-03   1.023290e-35   9.998830e-01
2.757023e-03   1.021801e-35   9.998904e-01
2.782559e-03   1.020144e-35   9.998987e-01
2.808332e-03   1.018317e-35   9.999078e-01
2.834343e-03   1.016315e-35   9.999178e-01
2.860596e-03   1.014137e-35   9.999287e-01
2.887091e-03   1.011781e-35   9.999405e-01
2.913832e-03   1.009242e-35   9.999533e-01
2.940820e-03   1.006520e-35   9.999670e-01
2.968059e-03   1.003612e-35   9.999817e-01
2.995549e-03   1.000516e-35   9.999974e-01
3.023295e-03   9.972346e-36   1.000014e+00
3.051297e-03   9.937970e-36   1.000032e+00
3.079559e-03   9.902440e-36   1.000050e+00
3.108082e-03   9.866153e-36   1.000068e+00
3.136870e-03   9.829505e-36   1.000087e+00
3.165924e-03   9.792884e-36   1.000106e+00
3.195248e-03   9.756671e-36   1.000125e+00
3.224842e-03   9.721244e-36   1.000144e+00
3.254712e-03   9.686975e-36   1.000162e+00
3.284857e-03   9.654229e-36   1.000179e+00
3.315282e-03   9.623370e-36   1.000195e+00
3.345989e-03   9.594754e-36   1.000210e+00
3.376980e-03   9.568736e-36   1.000224e+00
3.408259e-03   9.545671e-36   1.000236e+00
3.439826e-03   9.525909e-36   1.000247e+00
3.471687e-03   9.509801e-36   1.000255e+00
3.503842e-03   9.497703e-36   1.000262e+00
3.536296e-03   9.489969e-36   1.000266e+00
3.569049e-03   9.486960e-36   1.000268e+00
3.602107e-03   9.489042e-36   1.000267e+00
3.635470e-03   9.496592e-36   1.000262e+00
3.669142e-03   9.509994e-36   1.000255e+00
3.703127e-03   9.529646e-36   1.000245e+00
3.737426e-03   9.555960e-36   1.000231e+00
3.772042e-03   9.589367e-36   1.000213e+00
3.806980e-03   9.630317e-36   1.000191e+00
3.842241e-03   9.679285e-36   1.000166e+00
3.877828e-03   9.736771e-36   1.000136e+00
3.913746e-03   9.803309e-36   1.000101e+00
3.949995e-03   9.879465e-36   1.000062e+00
3.986581e-03   9.965847e-36   1.000017e+00
4.023506e-03   1.006299e-35   9.999681e-01
4.060772e-03   1.016998e-35   9.999144e-01
4.098384e-03   1.028483e-35   9.998573e-01
4.136344e-03   1.040544e-35   9.997981e-01
4.174655e-03   1.052960e-35   9.997378e-01
4.213322e-03   1.065504e-35   9.996777e-01
4.252346e-03   1.077933e-35   9.996188e-01
4.291732e-03   1.089995e-35   9.995623e-01
4.331483e-03   1.101428e-35   9.995093e-01
4.371602e-03   1.111959e-35   9.994610e-01
4.412093e-03   1.121308e-35   9.994184e-01
4.452959e-03   1.129191e-35   9.993829e-01
4.494203e-03   1.135320e-35   9.993554e-01
4.535829e-03   1.139411e-35   9.993371e-01
4.577841e-03   1.141185e-35   9.993292e-01
4.620241e-03   1.140375e-35   9.993328e-01
4.663035e-03   1.136732e-35   9.993491e-01
4.706225e-03   1.130029e-35   9.993791e-01
4.749815e-03   1.120068e-35   9.994241e-01
4.793808e-03   1.106689e-35   9.994851e-01
4.838210e-03   1.089770e-35   9.995633e-01
4.883022e-03   1.069240e-35   9.996599e-01
4.928250e-03   1.045080e-35   9.997760e-01
4.973896e-03   1.017324e-35   9.999127e-01
5.019965e-03   9.860884e-36   1.000071e+00
5.066461e-03   9.521165e-36   1.000249e+00
5.113388e-03   9.167787e-36   1.000442e+00
5.160749e-03   8.813323e-36   1.000642e+00
5.208549e-03   8.468691e-36   1.000845e+00
5.256791e-03   8.143198e-36   1.001044e+00
5.305481e-03   7.844700e-36   1.001234e+00
5.354621e-03   7.579858e-36   1.001409e+00
5.404216e-03   7.354443e-36   1.001562e+00
5.454271e-03   7.173698e-36   1.001689e+00
5.504790e-03   7.042740e-36   1.001783e+00
5.555776e-03   6.967005e-36   1.001838e+00
5.607235e-03   6.952758e-36   1.001848e+00
5.659170e-03   7.007697e-36   1.001808e+00
5.711586e-03   7.141695e-36   1.001712e+00
5.764488e-03   7.367764e-36   1.001553e+00
5.817880e-03   7.703343e-36   1.001327e+00
5.871766e-03   8.172077e-36   1.001026e+00
5.926152e-03   8.806352e-36   1.000646e+00
5.981041e-03   9.650963e-36   1.000181e+00
6.036439e-03   1.076512e-35   9.996255e-01
6.092349e-03   1.218532e-35   9.989963e-01
6.148778e-03   1.391936e-35   9.983212e-01
6.205729e-03   1.595654e-35   9.976286e-01
6.263207e-03   1.825447e-35   9.969469e-01
6.321218e-03   2.072452e-35   9.963043e-01
6.379767e-03   2.321978e-35   9.957290e-01
6.438857e-03   2.553077e-35   9.952491e-01
6.498495e-03   2.739525e-35   9.948927e-01
6.558686e-03   2.852765e-35   9.946880e-01
6.619433e-03   2.866883e-35   9.946630e-01
6.680744e-03   2.764906e-35   9.948461e-01
6.742622e-03   2.544787e-35   9.952655e-01
6.805074e-03   2.222779e-35   9.959499e-01
6.868104e-03   1.832268e-35   9.969280e-01
6.931717e-03   1.417434e-35   9.982291e-01
6.995920e-03   1.023321e-35   9.998829e-01
7.060718e-03   6.886069e-36   1.001897e+00
7.126115e-03   4.404929e-36   1.004174e+00
7.192119e-03   2.749296e-36   1.006582e+00
7.258734e-03   1.718409e-36   1.008988e+00
7.325965e-03   1.103981e-36   1.011259e+00
7.393820e-03   7.482272e-37   1.013260e+00
7.462303e-03   5.490984e-37   1.014854e+00
7.531420e-03   4.478359e-37   1.015906e+00
7.601178e-03   4.166266e-37   1.016279e+00
7.671581e-03   4.537765e-37   1.015838e+00
7.742637e-03   5.938970e-37   1.014450e+00
7.814351e-03   9.586541e-37   1.011985e+00
7.886729e-03   1.958852e-36   1.008317e+00
7.959777e-03   5.200414e-36   1.003328e+00
8.033502e-03   1.836994e-35   9.969150e-01
8.107910e-03   8.288086e-35   9.893125e-01
8.183007e-03   4.261693e-34   9.811160e-01
8.258799e-03   2.219698e-33   9.729239e-01
8.335294e-03   1.040858e-32   9.653152e-01
8.412497e-03   3.905507e-32   9.588514e-01
8.490415e-03   1.042207e-31   9.540814e-01
8.569055e-03   1.758017e-31   9.515503e-01
8.648423e-03   1.666048e-31   9.518101e-01
8.728527e-03   7.884046e-32   9.554353e-01
8.809372e-03   1.655810e-32   9.630409e-01
8.890966e-03   1.371746e-33   9.753059e-01
8.973316e-03   3.984202e-35   9.930012e-01
9.056428e-03   3.670792e-37   1.016934e+00
9.140311e-03   1.184463e-39   1.047031e+00
9.224970e-03   1.673916e-42   1.082601e+00
9.310413e-03   1.298179e-45   1.122884e+00
9.396648e-03   6.922491e-49   1.167005e+00
9.483682e-03   3.180201e-52   1.213940e+00
9.571522e-03   1.577064e-55   1.262476e+00
9.660175e-03   1.057754e-58   1.311189e+00
9.749649e-03   1.202260e-61   1.358432e+00
9.839952e-03   2.901540e-64   1.402349e+00
9.931092e-03   1.863001e-66   1.440902e+00
1.002308e-02   3.983292e-68   1.471939e+00
1.011591e-02   3.133666e-69   1.494189e+00
1.020961e-02   7.866957e-70   1.508276e+00
1.030417e-02   5.315970e-70   1.515217e+00
1.039961e-02   8.155639e-70   1.516167e+00
1.049593e-02   2.396136e-69   1.512363e+00
1.059315e-02   1.137159e-68   1.505085e+00
1.069126e-02   7.353014e-68   1.495620e+00
1.079029e-02   5.464142e-67   1.485236e+00
1.089023e-02   3.936130e-66   1.475173e+00
1.099110e-02   2.318386e-65   1.466637e+00
1.109290e-02   9.686476e-65   1.460609e+00
1.119564e-02   2.883877e-64   1.457012e+00
1.129934e-02   6.445580e-64   1.455443e+00
1.140400e-02   1.139400e-63   1.455510e+00
1.150962e-02   1.678315e-63   1.456829e+00
1.161623e-02   2.170244e-63   1.459016e+00
1.172382e-02   2.595588e-63   1.461687e+00
1.183241e-02   3.024889e-63   1.464459e+00
1.194200e-02   3.618964e-63   1.466942e+00
1.205261e-02   4.677228e-63   1.468756e+00
1.216424e-02   6.658406e-63   1.469762e+00
1.227691e-02   1.029331e-62   1.470082e+00
1.239062e-02   1.700805e-62   1.469849e+00
1.250539e-02   2.956509e-62   1.469201e+00
1.262121e-02   5.321578e-62   1.468273e+00
1.273811e-02   9.762235e-62   1.467201e+00
1.285610e-02   1.796457e-61   1.466121e+00
1.297517e-02   3.264031e-61   1.465169e+00
1.309535e-02   5.773249e-61   1.464464e+00
1.321664e-02   9.929602e-61   1.464012e+00
1.333906e-02   1.668763e-60   1.463765e+00
1.346261e-02   2.753769e-60   1.463678e+00
1.358730e-02   4.483836e-60   1.463703e+00
1.371315e-02   7.239026e-60   1.463795e+00
1.384016e-02   1.164496e-59   1.463906e+00
1.396835e-02   1.875607e-59   1.463989e+00
1.409773e-02   3.038171e-59   1.464000e+00
1.422830e-02   4.951808e-59   1.463905e+00
1.436009e-02   8.108570e-59   1.463678e+00
1.449310e-02   1.331970e-58   1.463291e+00
1.462733e-02   2.191570e-58   1.462719e+00
1.476281e-02   3.606346e-58   1.461934e+00
1.489955e-02   5.926136e-58   1.460911e+00
1.503755e-02   9.709829e-58   1.459624e+00
1.517683e-02   1.584908e-57   1.458098e+00
1.531740e-02   2.577905e-57   1.456453e+00
1.545928e-02   4.179950e-57   1.454820e+00
1.560246e-02   6.759087e-57   1.453328e+00
1.574698e-02   1.090408e-56   1.452104e+00
1.589283e-02   1.755679e-56   1.451278e+00
1.604003e-02   2.822455e-56   1.450977e+00
1.618860e-02   4.531577e-56   1.451258e+00
1.633854e-02   7.266480e-56   1.452051e+00
1.648987e-02   1.163729e-55   1.453271e+00
1.664260e-02   1.861372e-55   1.454834e+00
1.679675e-02   2.973509e-55   1.456656e+00
1.695232e-02   4.744173e-55   1.458654e+00
1.710934e-02   7.559758e-55   1.460741e+00
1.726781e-02   1.203129e-54   1.462833e+00
1.742775e-02   1.912379e-54   1.464843e+00
1.758917e-02   3.035947e-54   1.466687e+00
1.775208e-02   4.813638e-54   1.468277e+00
1.791650e-02   7.622768e-54   1.469527e+00
1.808245e-02   1.205625e-53   1.470351e+00
1.824993e-02   1.904442e-53   1.470734e+00
1.841897e-02   3.004477e-53   1.470726e+00
1.858957e-02   4.733750e-53   1.470379e+00
1.876175e-02   7.448466e-53   1.469749e+00
1.893552e-02   1.170424e-52   1.468889e+00
1.911091e-02   1.836639e-52   1.467854e+00
1.928792e-02   2.878053e-52   1.466697e+00
1.946656e-02   4.503577e-52   1.465472e+00
1.964687e-02   7.037039e-52   1.464234e+00
1.982884e-02   1.097958e-51   1.463035e+00
2.001250e-02   1.710544e-51   1.461929e+00
2.019786e-02   2.660901e-51   1.460957e+00
2.038493e-02   4.133062e-51   1.460120e+00
2.057374e-02   6.410158e-51   1.459411e+00
2.076430e-02   9.927142e-51   1.458823e+00
2.095662e-02   1.535124e-50   1.458349e+00
2.115073e-02   2.370452e-50   1.457983e+00
2.134663e-02   3.655043e-50   1.457716e+00
2.154435e-02   5.627720e-50   1.457543e+00
2.174389e-02   8.652786e-50   1.457457e+00
2.194529e-02   1.328520e-49   1.457451e+00
2.214855e-02   2.036918e-49   1.457517e+00
2.235370e-02   3.118728e-49   1.457650e+00
2.256074e-02   4.768535e-49   1.457843e+00
2.276970e-02   7.281164e-49   1.458088e+00
2.298060e-02   1.110274e-48   1.458379e+00
2.319345e-02   1.690744e-48   1.458709e+00
2.340827e-02   2.571277e-48   1.459071e+00
2.362508e-02   3.905245e-48   1.459460e+00
2.384390e-02   5.923536e-48   1.459867e+00
2.406475e-02   8.973298e-48   1.460286e+00
2.428764e-02   1.357583e-47   1.460710e+00
2.451260e-02   2.051299e-47   1.461133e+00
2.473964e-02   3.095600e-47   1.461548e+00
2.496878e-02   4.665722e-47   1.461947e+00
2.520005e-02   7.023533e-47   1.462326e+00
2.543346e-02   1.055983e-46   1.462680e+00
2.566903e-02   1.585712e-46   1.463010e+00
2.590678e-02   2.378254e-46   1.463314e+00
2.614673e-02   3.562541e-46   1.463592e+00
2.638891e-02   5.330037e-46   1.463843e+00
2.663333e-02   7.964715e-46   1.464065e+00
2.688001e-02   1.188724e-45   1.464258e+00
2.712898e-02   1.771998e-45   1.464421e+00
2.738025e-02   2.638265e-45   1.464554e+00
2.763385e-02   3.923260e-45   1.464654e+00
2.788980e-02   5.827072e-45   1.464722e+00
2.814812e-02   8.644291e-45   1.464756e+00
2.840884e-02   1.280811e-44   1.464756e+00
2.867196e-02   1.895476e-44   1.464720e+00
2.893753e-02   2.801755e-44   1.464648e+00
2.920556e-02   4.136393e-44   1.464538e+00
2.947606e-02   6.099495e-44   1.464391e+00
2.974908e-02   8.983543e-44   1.464204e+00
3.002462e-02   1.321551e-43   1.463978e+00
3.030271e-02   1.941797e-43   1.463712e+00
3.058338e-02   2.849761e-43   1.463410e+00
3.086665e-02   4.177327e-43   1.463074e+00
3.115254e-02   6.116106e-43   1.462709e+00
3.144108e-02   8.944149e-43   1.462318e+00
3.173230e-02   1.306446e-42   1.461906e+00
3.202621e-02   1.906046e-42   1.461474e+00
3.232284e-02   2.777573e-42   1.461028e+00
3.262222e-02   4.042864e-42   1.460571e+00
3.292437e-02   5.877668e-42   1.460106e+00
3.322933e-02   8.535210e-42   1.459637e+00
3.353710e-02   1.237992e-41   1.459168e+00
3.384773e-02   1.793562e-41   1.458702e+00
3.416123e-02   2.595441e-41   1.458243e+00
3.447764e-02   3.751485e-41   1.457795e+00
3.479698e-02   5.416184e-41   1.457360e+00
3.511928e-02   7.810569e-41   1.456943e+00
3.544456e-02   1.125051e-40   1.456548e+00
3.577285e-02   1.618685e-40   1.456177e+00
3.610419e-02   2.326242e-40   1.455835e+00
3.643859e-02   3.339260e-40   1.455525e+00
3.677609e-02   4.787949e-40   1.455250e+00
3.711672e-02   6.857311e-40   1.455015e+00
3.746050e-02   9.809886e-40   1.454822e+00
3.780747e-02   1.401784e-39   1.454676e+00
3.815765e-02   2.000810e-39   1.454579e+00
3.851107e-02   2.852591e-39   1.454536e+00
3.886777e-02   4.062402e-39   1.454550e+00
3.922777e-02   5.778792e-39   1.454625e+00
3.959110e-02   8.211130e-39   1.454765e+00
3.995780e-02   1.165417e-38   1.454972e+00
4.032790e-02   1.652243e-38   1.455249e+00
4.070142e-02   2.339817e-38   1.455593e+00
4.107841e-02   3.309848e-38   1.455997e+00
4.145888e-02   4.676861e-38   1.456455e+00
4.184289e-02   6.601207e-38   1.456959e+00
4.223044e-02   9.307159e-38   1.457505e+00
4.262159e-02   1.310804e-37   1.458084e+00
4.301636e-02   1.844115e-37   1.458692e+00
4.341478e-02   2.591611e-37   1.459322e+00
4.381690e-02   3.638190e-37   1.459966e+00
4.422274e-02   5.101959e-37   1.460619e+00
4.463234e-02   7.147053e-37   1.461275e+00
4.504573e-02   1.000133e-36   1.461926e+00
4.546295e-02   1.398077e-36   1.462567e+00
4.588404e-02   1.952315e-36   1.463191e+00
4.630903e-02   2.723428e-36   1.463791e+00
4.673795e-02   3.795174e-36   1.464361e+00
4.717085e-02   5.283228e-36   1.464894e+00
4.760775e-02   7.347189e-36   1.465384e+00
4.804870e-02   1.020703e-35   1.465825e+00
4.849374e-02   1.416565e-35   1.466209e+00
4.894290e-02   1.963969e-35   1.466531e+00
4.939622e-02   2.720168e-35   1.466784e+00
4.985373e-02   3.763765e-35   1.466961e+00
5.031549e-02   5.202557e-35   1.467056e+00
5.078152e-02   7.184228e-35   1.467069e+00
5.125187e-02   9.910896e-35   1.467004e+00
5.172657e-02   1.365891e-34   1.466863e+00
5.220568e-02   1.880572e-34   1.466650e+00
5.268921e-02   2.586637e-34   1.466368e+00
5.317723e-02   3.554292e-34   1.466021e+00
5.366977e-02   4.879144e-34   1.465612e+00
5.416687e-02   6.691256e-34   1.465144e+00
5.466857e-02   9.167392e-34   1.464620e+00
5.517492e-02   1.254755e-33   1.464045e+00
5.568596e-02   1.715723e-33   1.463422e+00
5.620174e-02   2.343753e-33   1.462753e+00
5.672229e-02   3.198550e-33   1.462042e+00
5.724766e-02   4.360858e-33   1.461292e+00
5.777790e-02   5.939759e-33   1.460508e+00
5.831305e-02   8.082476e-33   1.459691e+00
5.885316e-02   1.098751e-32   1.458846e+00
5.939827e-02   1.492226e-32   1.457976e+00
5.994843e-02   2.024651e-32   1.457084e+00
6.050368e-02   2.744404e-32   1.456176e+00
6.106408e-02   3.716486e-32   1.455272e+00
6.162966e-02   5.028167e-32   1.454396e+00
6.220049e-02   6.796499e-32   1.453571e+00
6.277660e-02   9.178362e-32   1.452821e+00
6.335805e-02   1.238384e-31   1.452171e+00
6.394488e-02   1.669404e-31   1.451643e+00
6.453715e-02   2.248482e-31   1.451263e+00
6.513491e-02   3.025835e-31   1.451053e+00
6.573820e-02   4.068504e-31   1.451038e+00
6.634708e-02   5.465925e-31   1.451241e+00
6.696160e-02   7.337329e-31   1.451687e+00
6.758181e-02   9.841550e-31   1.452399e+00
6.820777e-02   1.319004e-30   1.453403e+00
6.883952e-02   1.766411e-30   1.454722e+00
6.947713e-02   2.363774e-30   1.456382e+00
7.012064e-02   3.160785e-30   1.458407e+00
7.077011e-02   4.223318e-30   1.460776e+00
7.142559e-02   5.638370e-30   1.463356e+00
7.208715e-02   7.520759e-30   1.466000e+00
7.275484e-02   1.002180e-29   1.468558e+00
7.342870e-02   1.334053e-29   1.470878e+00
7.410882e-02   1.773827e-29   1.472811e+00
7.479523e-02   2.355742e-29   1.474204e+00
7.548799e-02   3.124570e-29   1.474905e+00
7.618718e-02   4.138720e-29   1.474764e+00
7.689284e-02   5.474227e-29   1.473629e+00
7.760503e-02   7.229827e-29   1.471353e+00
7.832383e-02   9.533423e-29   1.467792e+00
7.904928e-02   1.255028e-28   1.462806e+00
7.978145e-02   1.649334e-28   1.456261e+00
8.052040e-02   2.163734e-28   1.448082e+00
8.126619e-02   2.834986e-28   1.438728e+00
8.201889e-02   3.712707e-28   1.428955e+00
8.277857e-02   4.863692e-28   1.419504e+00
8.354528e-02   6.378522e-28   1.411097e+00
8.431909e-02   8.380995e-28   1.404439e+00
8.510007e-02   1.104169e-27   1.400228e+00
8.588829e-02   1.459763e-27   1.399164e+00
8.668380e-02   1.938116e-27   1.401961e+00
8.748668e-02   2.586247e-27   1.409370e+00
8.829700e-02   3.471332e-27   1.422197e+00
8.911482e-02   4.690306e-27   1.441332e+00
8.994022e-02   6.384515e-27   1.467781e+00
9.077327e-02   8.761930e-27   1.502470e+00
9.161402e-02   1.212951e-26   1.545257e+00
9.246257e-02   1.694554e-26   1.595665e+00
9.331898e-02   2.390192e-26   1.653196e+00
9.418332e-02   3.405428e-26   1.717290e+00
9.505566e-02   4.903082e-26   1.787290e+00
9.593608e-02   7.137098e-26   1.862404e+00
9.682466e-02   1.050814e-25   1.941672e+00
9.772147e-02   1.565592e-25   2.023931e+00
9.862658e-02   2.361436e-25   2.107800e+00
9.954008e-02   3.607577e-25   2.191653e+00
1.004620e-01   5.584351e-25   2.273659e+00
1.013925e-01   8.752787e-25   2.352580e+00
1.023317e-01   1.386624e-24   2.427934e+00
1.032795e-01   2.216212e-24   2.499291e+00
1.042361e-01   3.567017e-24   2.566247e+00
1.052015e-01   5.770877e-24   2.628429e+00
1.061759e-01   9.367479e-24   2.685495e+00
1.071593e-01   1.522822e-23   2.737138e+00
1.081519e-01   2.474699e-23   2.783094e+00
1.091536e-01   4.012766e-23   2.823137e+00
1.101646e-01   6.480604e-23   2.857086e+00
1.111850e-01   1.041050e-22   2.884965e+00
1.122148e-01   1.663496e-22   2.907255e+00
1.132541e-01   2.644627e-22   2.924555e+00
1.143031e-01   4.184058e-22   2.937509e+00
1.153618e-01   6.589000e-22   2.946794e+00
1.164303e-01   1.033065e-21   2.953115e+00
1.175087e-01   1.612950e-21   2.957192e+00
1.185971e-01   2.508398e-21   2.959756e+00
1.196956e-01   3.886447e-21   2.961545e+00
1.208042e-01   6.000388e-21   2.963247e+00
1.219231e-01   9.231806e-21   2.965076e+00
1.230524e-01   1.415275e-20   2.966982e+00
1.241921e-01   2.161763e-20   2.968912e+00
1.253424e-01   3.289684e-20   2.970812e+00
1.265034e-01   4.987064e-20   2.972629e+00
1.276751e-01   7.530893e-20   2.974310e+00
1.288576e-01   1.132725e-19   2.975800e+00
1.300511e-01   1.696857e-19   2.977047e+00
1.312557e-01   2.531557e-19   2.978015e+00
1.324714e-01   3.761646e-19   2.978730e+00
1.336984e-01   5.567398e-19   2.979233e+00
1.349367e-01   8.208182e-19   2.979565e+00
1.361865e-01   1.205586e-18   2.979767e+00
1.374479e-01   1.764179e-18   2.979879e+00
1.387210e-01   2.572269e-18   2.979943e+00
1.400058e-01   3.737280e-18   2.980000e+00
1.413026e-01   5.411182e-18   2.980080e+00
1.426114e-01   7.807978e-18   2.980173e+00
1.439323e-01   1.122803e-17   2.980258e+00
1.452654e-01   1.609143e-17   2.980315e+00
1.466109e-01   2.298376e-17   2.980323e+00
1.479688e-01   3.271827e-17   2.980262e+00
1.493393e-01   4.642063e-17   2.980110e+00
1.507225e-01   6.564347e-17   2.979850e+00
1.521186e-01   9.252143e-17   2.979486e+00
1.535275e-01   1.299799e-16   2.979048e+00
1.549495e-01   1.820146e-16   2.978568e+00
1.563847e-01   2.540651e-16   2.978075e+00
1.578331e-01   3.535130e-16   2.977601e+00
1.592950e-01   4.903432e-16   2.977177e+00
1.607704e-01   6.780196e-16   2.976831e+00
1.622595e-01   9.346392e-16   2.976575e+00
1.637624e-01   1.284450e-15   2.976399e+00
1.652792e-01   1.759843e-15   2.976293e+00
1.668101e-01   2.403953e-15   2.976249e+00
1.683551e-01   3.274049e-15   2.976257e+00
1.699144e-01   4.445939e-15   2.976307e+00
1.714882e-01   6.019673e-15   2.976391e+00
1.730766e-01   8.126904e-15   2.976498e+00
1.746796e-01   1.094038e-14   2.976620e+00
1.762975e-01   1.468608e-14   2.976746e+00
1.779304e-01   1.965886e-14   2.976868e+00
1.795785e-01   2.624226e-14   2.976976e+00
1.812418e-01   3.493384e-14   2.977061e+00
1.829205e-01   4.637709e-14   2.977122e+00
1.846147e-01   6.140191e-14   2.977162e+00
1.863246e-01   8.107567e-14   2.977184e+00
1.880504e-01   1.067674e-13   2.977189e+00
1.897922e-01   1.402280e-13   2.977180e+00
1.915501e-01   1.836913e-13   2.977161e+00
1.933242e-01   2.399986e-13   2.977133e+00
1.951148e-01   3.127551e-13   2.977099e+00
1.969220e-01   4.065225e-13   2.977062e+00
1.987460e-01   5.270580e-13   2.977025e+00
2.005868e-01   6.816082e-13   2.976989e+00
2.024447e-01   8.792718e-13   2.976957e+00
2.043197e-01   1.131443e-12   2.976928e+00
2.062122e-01   1.452357e-12   2.976903e+00
2.081222e-01   1.859750e-12   2.976881e+00
2.100498e-01   2.375667e-12   2.976863e+00
2.119953e-01   3.027444e-12   2.976847e+00
2.139589e-01   3.848893e-12   2.976835e+00
2.159406e-01   4.881734e-12   2.976826e+00
2.179407e-01   6.177326e-12   2.976819e+00
2.199593e-01   7.798743e-12   2.976816e+00
2.219966e-01   9.823266e-12   2.976815e+00
2.240528e-01   1.234537e-11   2.976817e+00
2.261280e-01   1.548026e-11   2.976821e+00
2.282224e-01   1.936817e-11   2.976827e+00
2.303363e-01   2.417932e-11   2.976836e+00
2.324697e-01   3.011997e-11   2.976847e+00
2.346229e-01   3.743945e-11   2.976860e+00
2.367960e-01   4.643852e-11   2.976875e+00
2.389893e-01   5.747920e-11   2.976892e+00
2.412028e-01   7.099638e-11   2.976911e+00
2.434369e-01   8.751132e-11   2.976932e+00
2.456916e-01   1.076476e-10   2.976954e+00
2.479673e-01   1.321497e-10   2.976978e+00
2.502640e-01   1.619047e-10   2.977003e+00
2.525820e-01   1.979669e-10   2.977029e+00
2.549215e-01   2.415870e-10   2.977056e+00
2.572826e-01   2.942453e-10   2.977083e+00
2.596656e-01   3.576907e-10   2.977110e+00
2.620707e-01   4.339855e-10   2.977136e+00
2.644980e-01   5.255565e-10   2.977159e+00
2.669478e-01   6.352542e-10   2.977181e+00
2.694204e-01   7.664200e-10   2.977199e+00
2.719158e-01   9.229635e-10   2.977214e+00
2.744343e-01   1.109450e-09   2.977225e+00
2.769762e-01   1.331202e-09   2.977231e+00
2.795416e-01   1.594411e-09   2.977232e+00
2.821308e-01   1.906267e-09   2.977227e+00
2.847439e-01   2.275108e-09   2.977216e+00
2.873813e-01   2.710578e-09   2.977197e+00
2.900430e-01   3.223821e-09   2.977171e+00
2.927295e-01   3.827686e-09   2.977137e+00
2.954408e-01   4.536962e-09   2.977093e+00
2.981772e-01   5.368646e-09   2.977040e+00
3.009390e-01   6.342235e-09   2.976978e+00
3.037264e-01   7.480052e-09   2.976904e+00
3.065395e-01   8.807597e-09   2.976819e+00
3.093788e-01   1.035396e-08   2.976722e+00
3.122443e-01   1.215228e-08   2.976613e+00
3.151363e-01   1.424022e-08   2.976491e+00
3.180552e-01   1.666056e-08   2.976355e+00
3.210011e-01   1.946174e-08   2.976205e+00
3.239743e-01   2.269859e-08   2.976041e+00
3.269750e-01   2.643305e-08   2.975861e+00
3.300035e-01   3.073493e-08   2.975665e+00
3.330600e-01   3.568288e-08   2.975452e+00
3.361449e-01   4.136526e-08   2.975223e+00
3.392583e-01   4.788128e-08   2.974975e+00
3.424006e-01   5.534209e-08   2.974710e+00
3.455720e-01   6.387208e-08   2.974425e+00
3.487727e-01   7.361020e-08   2.974121e+00
3.520031e-01   8.471145e-08   2.973797e+00
3.552635e-01   9.734855e-08   2.973446e+00
3.585540e-01   1.117136e-07   2.973057e+00
3.618750e-01   1.280202e-07   2.972622e+00
3.652267e-01   1.465050e-07   2.972129e+00
3.686095e-01   1.674305e-07   2.971568e+00
3.720237e-01   1.910867e-07   2.970929e+00
3.754694e-01   2.177944e-07   2.970201e+00
3.789471e-01   2.479072e-07   2.969374e+00
3.824570e-01   2.818151e-07   2.968439e+00
3.859994e-01   3.199471e-07   2.967384e+00
3.895746e-01   3.627746e-07   2.966200e+00
3.931829e-01   4.108153e-07   2.964876e+00
3.968246e-01   4.646367e-07   2.963402e+00
4.005001e-01   5.248605e-07   2.961769e+00
4.042096e-01   5.921679e-07   2.959968e+00
4.079535e-01   6.673083e-07   2.958001e+00
4.117320e-01   7.511029e-07   2.955867e+00
4.155455e-01   8.444506e-07   2.953567e+00
4.193944e-01   9.483343e-07   2.951104e+00
4.232789e-01   1.063829e-06   2.948478e+00
4.271994e-01   1.192107e-06   2.945691e+00
4.311562e-01   1.334453e-06   2.942743e+00
4.351497e-01   1.492264e-06   2.939635e+00
4.391801e-01   1.667069e-06   2.936370e+00
4.432479e-01   1.860532e-06   2.932948e+00
4.473533e-01   2.074469e-06   2.929370e+00
4.514968e-01   2.310861e-06   2.925637e+00
4.556786e-01   2.571809e-06   2.921696e+00
4.598992e-01   2.859502e-06   2.917417e+00
4.641589e-01   3.176262e-06   2.912665e+00
4.684580e-01   3.524552e-06   2.907306e+00
4.727970e-01   3.906976e-06   2.901209e+00
4.771761e-01   4.326277e-06   2.894242e+00
4.815958e-01   4.785333e-06   2.886276e+00
4.860564e-01   5.287151e-06   2.877186e+00
4.905584e-01   5.834861e-06   2.866847e+00
4.951020e-01   6.431704e-06   2.855141e+00
4.996877e-01   7.081020e-06   2.841950e+00
5.043159e-01   7.786411e-06   2.827202e+00
5.089870e-01   8.552569e-06   2.811008e+00
5.137014e-01   9.385011e-06   2.793538e+00
5.184594e-01   1.028994e-05   2.774959e+00
5.232614e-01   1.127436e-05   2.755433e+00
5.281080e-01   1.234620e-05   2.735125e+00
5.329994e-01   1.351442e-05   2.714190e+00
5.379362e-01   1.478924e-05   2.692784e+00
5.429186e-01   1.618227e-05   2.671057e+00
5.479472e-01   1.770677e-05   2.649155e+00
5.530224e-01   1.937789e-05   2.627220e+00
5.581446e-01   2.121300e-05   2.605387e+00
5.633143e-01   2.323203e-05   2.583791e+00
5.685318e-01   2.545790e-05   2.562558e+00
5.737976e-01   2.791706e-05   2.541813e+00
5.791123e-01   3.064004e-05   2.521676e+00
5.844761e-01   3.366221e-05   2.502262e+00
5.898896e-01   3.702462e-05   2.483685e+00
5.953533e-01   4.077503e-05   2.466054e+00
6.008676e-01   4.496916e-05   2.449476e+00
6.064329e-01   4.966879e-05   2.434016e+00
6.120498e-01   5.493614e-05   2.419646e+00
6.177188e-01   6.083929e-05   2.406321e+00
6.234402e-01   6.745398e-05   2.394000e+00
6.292146e-01   7.486422e-05   2.382643e+00
6.350425e-01   8.316300e-05   2.372212e+00
6.409244e-01   9.245301e-05   2.362670e+00
6.468608e-01   1.028473e-04   2.353983e+00
6.528521e-01   1.144699e-04   2.346117e+00
6.588990e-01   1.274566e-04   2.339039e+00
6.650018e-01   1.419554e-04   2.332717e+00
6.711612e-01   1.581269e-04   2.327121e+00
6.773776e-01   1.761448e-04   2.322221e+00
6.836516e-01   1.961959e-04   2.317990e+00
6.899837e-01   2.184802e-04   2.314398e+00
6.963745e-01   2.432103e-04   2.311418e+00
7.028244e-01   2.706115e-04   2.309025e+00
7.093341e-01   3.009362e-04   2.307179e+00
7.159041e-01   3.344745e-04   2.305830e+00
7.225349e-01   3.715441e-04   2.304926e+00
7.292272e-01   4.124910e-04   2.304418e+00
7.359814e-01   4.576921e-04   2.304253e+00
7.427982e-01   5.075578e-04   2.304383e+00
7.496782e-01   5.625340e-04   2.304756e+00
7.566219e-01   6.231052e-04   2.305323e+00
7.636298e-01   6.897974e-04   2.306033e+00
7.707027e-01   7.631805e-04   2.306836e+00
7.778411e-01   8.438725e-04   2.307682e+00
7.850456e-01   9.325417e-04   2.308520e+00
7.923169e-01   1.029911e-03   2.309300e+00
7.996555e-01   1.136762e-03   2.309972e+00
8.070620e-01   1.253936e-03   2.310494e+00
8.145372e-01   1.382343e-03   2.310871e+00
8.220816e-01   1.522960e-03   2.311117e+00
8.296959e-01   1.676838e-03   2.311249e+00
8.373807e-01   1.845109e-03   2.311283e+00
8.451366e-01   2.028986e-03   2.311236e+00
8.529644e-01   2.229770e-03   2.311123e+00
8.608648e-01   2.448854e-03   2.310961e+00
8.688383e-01   2.687731e-03   2.310765e+00
8.768856e-01   2.947993e-03   2.310553e+00
8.850075e-01   3.231343e-03   2.310339e+00
8.932046e-01   3.539592e-03   2.310140e+00
9.014776e-01   3.874674e-03   2.309973e+00
9.098273e-01   4.238663e-03   2.309848e+00
9.182543e-01   4.633819e-03   2.309761e+00
9.267593e-01   5.062576e-03   2.309709e+00
9.353432e-01   5.527539e-03   2.309687e+00
9.440065e-01   6.031502e-03   2.309691e+00
9.527500e-01   6.577459e-03   2.309715e+00
9.615746e-01   7.168619e-03   2.309755e+00
9.704809e-01   7.808418e-03   2.309807e+00
9.794697e-01   8.500539e-03   2.309866e+00
9.885417e-01   9.248926e-03   2.309927e+00
9.976978e-01   1.005780e-02   2.309986e+00
1.006939e+00   1.093169e-02   2.310039e+00
1.016265e+00   1.187525e-02   2.310084e+00
1.025678e+00   1.289337e-02   2.310122e+00
1.035178e+00   1.399122e-02   2.310153e+00
1.044766e+00   1.517422e-02   2.310177e+00
1.054443e+00   1.644811e-02   2.310196e+00
1.064209e+00   1.781889e-02   2.310209e+00
1.074066e+00   1.929290e-02   2.310218e+00
1.084014e+00   2.087677e-02   2.310221e+00
1.094055e+00   2.257744e-02   2.310221e+00
1.104188e+00   2.440217e-02   2.310216e+00
1.114415e+00   2.635853e-02   2.310208e+00
1.124737e+00   2.845443e-02   2.310198e+00
1.135155e+00   3.069807e-02   2.310184e+00
1.145669e+00   3.309798e-02   2.310169e+00
1.156280e+00   3.566302e-02   2.310152e+00
1.166990e+00   3.840233e-02   2.310134e+00
1.177799e+00   4.132535e-02   2.310115e+00
1.188708e+00   4.444182e-02   2.310095e+00
1.199718e+00   4.776174e-02   2.310075e+00
1.210830e+00   5.129539e-02   2.310056e+00
1.222045e+00   5.505326e-02   2.310038e+00
1.233363e+00   5.904607e-02   2.310021e+00
1.244787e+00   6.328475e-02   2.310006e+00
1.256317e+00   6.778042e-02   2.309993e+00
1.267953e+00   7.254525e-02   2.309982e+00
1.279697e+00   7.759268e-02   2.309974e+00
1.291550e+00   8.293675e-02   2.309967e+00
1.303512e+00   8.859218e-02   2.309962e+00
1.315586e+00   9.457434e-02   2.309959e+00
1.327771e+00   1.008994e-01   2.309957e+00
1.340069e+00   1.075842e-01   2.309956e+00
1.352481e+00   1.146464e-01   2.309957e+00
1.365008e+00   1.221047e-01   2.309959e+00
1.377651e+00   1.299785e-01   2.309961e+00
1.390411e+00   1.382883e-01   2.309965e+00
1.403289e+00   1.470558e-01   2.309969e+00
1.416287e+00   1.563034e-01   2.309973e+00
1.429405e+00   1.660552e-01   2.309977e+00
1.442644e+00   1.763362e-01   2.309982e+00
1.456006e+00   1.871730e-01   2.309987e+00
1.469492e+00   1.985935e-01   2.309991e+00
1.483103e+00   2.106272e-01   2.309996e+00
1.496839e+00   2.233053e-01   2.309999e+00
1.510703e+00   2.366606e-01   2.310002e+00
1.524696e+00   2.507243e-01   2.310005e+00
1.538818e+00   2.655278e-01   2.310007e+00
1.553071e+00   2.811029e-01   2.310008e+00
1.567455e+00   2.974828e-01   2.310009e+00
1.581973e+00   3.147012e-01   2.310009e+00
1.596626e+00   3.327929e-01   2.310009e+00
1.611414e+00   3.517937e-01   2.310009e+00
1.626340e+00   3.717402e-01   2.310008e+00
1.641403e+00   3.926696e-01   2.310007e+00
1.656606e+00   4.146204e-01   2.310006e+00
1.671950e+00   4.376316e-01   2.310005e+00
1.687436e+00   4.617430e-01   2.310004e+00
1.703065e+00   4.869952e-01   2.310003e+00
1.718839e+00   5.134297e-01   2.310002e+00
1.734759e+00   5.410883e-01   2.310001e+00
1.750827e+00   5.700138e-01   2.310000e+00
1.767044e+00   6.002498e-01   2.309999e+00
1.783410e+00   6.318424e-01   2.309999e+00
1.799929e+00   6.648388e-01   2.309998e+00
1.816600e+00   6.992873e-01   2.309998e+00
1.833425e+00   7.352374e-01   2.309998e+00
1.850407e+00   7.727392e-01   2.309998e+00
1.867546e+00   8.118440e-01   2.309998e+00
1.884843e+00   8.526040e-01   2.309998e+00
1.902301e+00   8.950724e-01   2.309998e+00
1.919921e+00   9.393032e-01   2.309999e+00
1.937703e+00   9.853513e-01   2.309999e+00
1.955651e+00   1.033273e+00   2.309999e+00
1.973764e+00   1.083124e+00   2.310000e+00
1.992046e+00   1.134963e+00   2.310000e+00
2.010496e+00   1.188848e+00   2.310000e+00
2.029118e+00   1.244840e+00   2.310000e+00
2.047912e+00   1.303000e+00   2.310001e+00
2.066880e+00   1.363393e+00   2.310001e+00
2.086024e+00   1.426084e+00   2.310001e+00
2.105345e+00   1.491138e+00   2.310001e+00
2.124845e+00   1.558624e+00   2.310001e+00
2.144526e+00   1.628609e+00   2.310001e+00
2.164389e+00   1.701163e+00   2.310001e+00
2.184436e+00   1.776358e+00   2.310001e+00
2.204669e+00   1.854266e+00   2.310001e+00
2.225089e+00   1.934961e+00   2.310001e+00
2.245698e+00   2.018518e+00   2.310001e+00
2.266498e+00   2.105013e+00   2.310001e+00
2.287491e+00   2.194525e+00   2.310001e+00
2.308678e+00   2.287133e+00   2.310001e+00
2.330061e+00   2.382918e+00   2.310001e+00
2.351643e+00   2.481961e+00   2.310001e+00
2.373424e+00   2.584347e+00   2.310000e+00
2.395407e+00   2.690162e+00   2.310000e+00
2.417594e+00   2.799491e+00   2.310000e+00
2.439986e+00   2.912424e+00   2.310000e+00
2.462586e+00   3.029052e+00   2.310000e+00
2.485395e+00   3.149465e+00   2.310000e+00
2.508415e+00   3.273758e+00   2.310000e+00
2.531648e+00   3.402024e+00   2.310000e+00
2.555097e+00   3.534355e+00   2.310000e+00
2.578763e+00   3.670842e+00   2.310000e+00
2.602648e+00   3.811578e+00   2.310000e+00
2.626754e+00   3.956657e+00   2.310000e+00
2.651084e+00   4.106173e+00   2.310000e+00
2.675638e+00   4.260224e+00   2.310000e+00
2.700421e+00   4.418904e+00   2.310000e+00
2.725433e+00   4.582312e+00   2.310000e+00
2.750676e+00   4.750546e+00   2.310000e+00
2.776153e+00   4.923704e+00   2.310000e+00
2.801867e+00   5.101888e+00   2.310000e+00
2.827818e+00   5.285197e+00   2.310000e+00
2.854010e+00   5.473733e+00   2.310000e+00
2.880444e+00   5.667599e+00   2.310000e+00
2.907123e+00   5.866898e+00   2.310000e+00
2.934050e+00   6.071733e+00   2.310000e+00
2.961225e+00   6.282210e+00   2.310000e+00
2.988653e+00   6.498434e+00   2.310000e+00
3.016334e+00   6.720511e+00   2.310000e+00
3.044272e+00   6.948551e+00   2.310000e+00
3.072469e+00   7.182668e+00   2.310000e+00
3.100927e+00   7.422977e+00   2.310000e+00
3.129648e+00   7.669595e+00   2.310000e+00
3.158635e+00   7.922640e+00   2.310000e+00
3.187891e+00   8.182232e+00   2.310000e+00
3.217418e+00   8.448492e+00   2.310000e+00
3.247218e+00   8.721545e+00   2.310000e+00
3.277295e+00   9.001514e+00   2.310000e+00
3.307650e+00   9.288528e+00   2.310000e+00
3.338286e+00   9.582715e+00   2.310000e+00
3.369206e+00   9.884206e+00   2.310000e+00
3.400412e+00   1.019314e+01   2.310000e+00
3.431907e+00   1.050964e+01   2.310000e+00
3.463694e+00   1.083385e+01   2.310000e+00
3.495776e+00   1.116591e+01   2.310000e+00
3.528154e+00   1.150597e+01   2.310000e+00
3.560833e+00   1.185415e+01   2.310000e+00
3.593814e+00   1.221058e+01   2.310000e+00
3.627100e+00   1.257541e+01   2.310000e+00
3.660695e+00   1.294876e+01   2.310000e+00
3.694601e+00   1.333076e+01   2.310000e+00
3.728821e+00   1.372155e+01   2.310000e+00
3.763358e+00   1.412127e+01   2.310000e+00
3.798215e+00   1.453006e+01   2.310000e+00
3.833395e+00   1.494804e+01   2.310000e+00
3.868901e+00   1.537537e+01   2.310000e+00
3.904735e+00   1.581217e+01   2.310000e+00
3.940902e+00   1.625859e+01   2.310000e+00
3.977403e+00   1.671478e+01   2.310000e+00
4.014242e+00   1.718087e+01   2.310000e+00
4.051423e+00   1.765701e+01   2.310000e+00
4.088948e+00   1.814336e+01   2.310000e+00
4.126821e+00   1.864006e+01   2.310000e+00
4.165044e+00   1.914729e+01   2.310000e+00
4.203622e+00   1.966520e+01   2.310000e+00
4.242556e+00   2.019395e+01   2.310000e+00
4.281852e+00   2.073372e+01   2.310000e+00
4.321511e+00   2.128466e+01   2.310000e+00
4.361538e+00   2.184695e+01   2.310000e+00
4.401935e+00   2.242076e+01   2.310000e+00
4.442707e+00   2.300627e+01   2.310000e+00
4.483856e+00   2.360366e+01   2.310000e+00
4.525386e+00   2.421311e+01   2.310000e+00
4.567301e+00   2.483480e+01   2.310000e+00
4.609604e+00   2.546893e+01   2.310000e+00
4.652300e+00   2.611569e+01   2.310000e+00
4.695390e+00   2.677527e+01   2.310000e+00
4.738880e+00   2.744788e+01   2.310000e+00
4.782772e+00   2.813371e+01   2.310000e+00
4.827071e+00   2.883298e+01   2.310000e+00
4.871780e+00   2.954589e+01   2.310000e+00
4.916904e+00   3.027267e+01   2.310000e+00
4.962445e+00   3.101353e+01   2.310000e+00
5.008408e+00   3.176870e+01   2.310000e+00
5.054797e+00   3.253840e+01   2.310000e+00
5.101615e+00   3.332284e+01   2.310000e+00
5.148867e+00   3.412221e+01   2.310000e+00
5.196557e+00   3.493673e+01   2.310000e+00
5.244689e+00   3.576659e+01   2.310000e+00
5.293266e+00   3.661202e+01   2.310000e+00
5.342293e+00   3.747321e+01   2.310000e+00
5.391775e+00   3.835039e+01   2.310000e+00
5.441714e+00   3.924377e+01   2.310000e+00
5.492116e+00   4.015356e+01   2.310000e+00
5.542986e+00   4.107999e+01   2.310000e+00
5.594326e+00   4.202329e+01   2.310000e+00
5.646141e+00   4.298367e+01   2.310000e+00
5.698437e+00   4.396136e+01   2.310000e+00
5.751217e+00   4.495659e+01   2.310000e+00
5.804486e+00   4.596961e+01   2.310000e+00
5.858248e+00   4.700063e+01   2.310000e+00
5.912508e+00   4.804991e+01   2.310000e+00
5.967271e+00   4.911768e+01   2.310000e+00
6.022541e+00   5.020419e+01   2.310000e+00
6.078323e+00   5.130970e+01   2.310000e+00
6.134622e+00   5.243452e+01   2.310000e+00
6.191442e+00   5.357895e+01   2.310000e+00
6.248788e+00   5.474331e+01   2.310000e+00
6.306666e+00   5.592792e+01   2.310000e+00
6.365079e+00   5.713311e+01   2.310000e+00
6.424034e+00   5.835922e+01   2.310000e+00
6.483534e+00   5.960661e+01   2.310000e+00
6.543586e+00   6.087562e+01   2.310000e+00
6.604194e+00   6.216663e+01   2.310000e+00
6.665363e+00   6.348002e+01   2.310000e+00
6.727099e+00   6.481618e+01   2.310000e+00
6.789407e+00   6.617549e+01   2.310000e+00
6.852292e+00   6.755838e+01   2.310000e+00
6.915759e+00   6.896526e+01   2.310000e+00
6.979814e+00   7.039657e+01   2.310000e+00
7.044462e+00   7.185272e+01   2.310000e+00
7.109709e+00   7.333387e+01   2.310000e+00
7.175561e+00   7.483998e+01   2.310000e+00
7.242022e+00   7.637099e+01   2.310000e+00
7.309099e+00   7.792680e+01   2.310000e+00
7.376798e+00   7.950730e+01   2.310000e+00
7.445123e+00   8.111232e+01   2.310000e+00
7.514081e+00   8.274169e+01   2.310000e+00
7.583678e+00   8.439518e+01   2.310000e+00
7.653919e+00   8.607254e+01   2.310000e+00
7.724811e+00   8.777349e+01   2.310000e+00
7.796360e+00   8.949768e+01   2.310000e+00
7.868572e+00   9.124477e+01   2.310000e+00
7.941452e+00   9.301434e+01   2.310000e+00
8.015007e+00   9.480596e+01   2.310000e+00
8.089243e+00   9.661996e+01   2.310000e+00
8.164168e+00   9.845856e+01   2.310000e+00
8.239786e+00   1.003244e+02   2.310000e+00
8.316104e+00   1.022203e+02   2.310000e+00
8.393129e+00   1.041493e+02   2.310000e+00
8.470868e+00   1.061146e+02   2.310000e+00
8.549327e+00   1.081196e+02   2.310000e+00
8.628513e+00   1.101679e+02   2.310000e+00
8.708431e+00   1.122635e+02   2.310000e+00
8.789091e+00   1.144105e+02   2.310000e+00
8.870497e+00   1.166132e+02   2.310000e+00
8.952657e+00   1.188763e+02   2.310000e+00
9.035578e+00   1.212047e+02   2.310000e+00
9.119268e+00   1.236038e+02   2.310000e+00
9.203732e+00   1.260790e+02   2.310000e+00
9.288979e+00   1.286363e+02   2.310000e+00
9.375015e+00   1.312820e+02   2.310000e+00
9.461848e+00   1.340228e+02   2.310000e+00
9.549486e+00   1.368659e+02   2.310000e+00
9.637935e+00   1.398188e+02   2.310000e+00
9.727203e+00   1.428897e+02   2.310000e+00
9.817298e+00   1.460873e+02   2.310000e+00
9.908228e+00   1.494208e+02   2.310000e+00
1.000000e+01   1.529000e+02   2.310000e+00
