# Be11 + t > B13 + n   [Be11_t__B13_n]   ref=TALYS2, Koning et al. 2023
# detailed balance: alpha=2.0141 beta=0 gamma=-121.735  Q=10.4903
# T9                 rate                error
1.000000e-03   1.000000e-35   1.000000e+02
1.009262e-03   1.030421e-35   1.000000e+02
1.018610e-03   1.062311e-35   1.000000e+02
1.028045e-03   1.095758e-35   1.000000e+02
1.037567e-03   1.130857e-35   1.000000e+02
1.047177e-03   1.167711e-35   1.000000e+02
1.056876e-03   1.206429e-35   1.000000e+02
1.066665e-03   1.247128e-35   1.000000e+02
1.076545e-03   1.289934e-35   1.000000e+02
1.086516e-03   1.334981e-35   1.000000e+02
1.096579e-03   1.382413e-35   1.000000e+02
1.106736e-03   1.432387e-35   1.000000e+02
1.116987e-03   1.485069e-35   1.000000e+02
1.127333e-03   1.540638e-35   1.000000e+02
1.137774e-03   1.599288e-35   1.000000e+02
1.148312e-03   1.661228e-35   1.000000e+02
1.158948e-03   1.726681e-35   1.000000e+02
1.169683e-03   1.795889e-35   1.000000e+02
1.180517e-03   1.869114e-35   1.000000e+02
1.191451e-03   1.946638e-35   1.000000e+02
1.202486e-03   2.028764e-35   1.000000e+02
1.213624e-03   2.115822e-35   1.000000e+02
1.224865e-03   2.208169e-35   1.000000e+02
1.236210e-03   2.306191e-35   1.000000e+02
1.247660e-03   2.410305e-35   1.000000e+02
1.259216e-03   2.520964e-35   1.000000e+02
1.270879e-03   2.638661e-35   1.000000e+02
1.282650e-03   2.763929e-35   1.000000e+02
1.294530e-03   2.897349e-35   1.000000e+02
1.306520e-03   3.039550e-35   1.000000e+02
1.318621e-03   3.191220e-35   1.000000e+02
1.330835e-03   3.353107e-35   1.000000e+02
1.343161e-03   3.526023e-35   1.000000e+02
1.355602e-03   3.710859e-35   1.000000e+02
1.368158e-03   3.908582e-35   1.000000e+02
1.380830e-03   4.120253e-35   1.000000e+02
1.393619e-03   4.347028e-35   1.000000e+02
1.406527e-03   4.590175e-35   1.000000e+02
1.419555e-03   4.851078e-35   1.000000e+02
1.432703e-03   5.131257e-35   1.000000e+02
1.445973e-03   5.432377e-35   1.000000e+02
1.459366e-03   5.756267e-35   1.000000e+02
1.472883e-03   6.104934e-35   1.000000e+02
1.486525e-03   6.480585e-35   1.000000e+02
1.500293e-03   6.885648e-35   1.000000e+02
1.514189e-03   7.322797e-35   1.000000e+02
1.528214e-03   7.794977e-35   1.000000e+02
1.542369e-03   8.305439e-35   1.000000e+02
1.556654e-03   8.857770e-35   1.000000e+02
1.571072e-03   9.455935e-35   1.000000e+02
1.585624e-03   1.010432e-34   1.000000e+02
1.600310e-03   1.080777e-34   1.000000e+02
1.615133e-03   1.157167e-34   1.000000e+02
1.630092e-03   1.240197e-34   1.000000e+02
1.645191e-03   1.330530e-34   1.000000e+02
1.660429e-03   1.428900e-34   1.000000e+02
1.675808e-03   1.536126e-34   1.000000e+02
1.691330e-03   1.653115e-34   1.000000e+02
1.706995e-03   1.780883e-34   1.000000e+02
1.722805e-03   1.920559e-34   1.000000e+02
1.738762e-03   2.073404e-34   1.000000e+02
1.754867e-03   2.240829e-34   1.000000e+02
1.771121e-03   2.424410e-34   1.000000e+02
1.787526e-03   2.625912e-34   1.000000e+02
1.804082e-03   2.847312e-34   1.000000e+02
1.820792e-03   3.090829e-34   1.000000e+02
1.837656e-03   3.358955e-34   1.000000e+02
1.854677e-03   3.654491e-34   1.000000e+02
1.871855e-03   3.980587e-34   1.000000e+02
1.889193e-03   4.340793e-34   1.000000e+02
1.906691e-03   4.739113e-34   1.000000e+02
1.924351e-03   5.180064e-34   1.000000e+02
1.942175e-03   5.668752e-34   1.000000e+02
1.960163e-03   6.210954e-34   1.000000e+02
1.978319e-03   6.813210e-34   1.000000e+02
1.996642e-03   7.482937e-34   1.000000e+02
2.015136e-03   8.228552e-34   1.000000e+02
2.033800e-03   9.059619e-34   1.000000e+02
2.052638e-03   9.987017e-34   1.000000e+02
2.071650e-03   1.102314e-33   1.000000e+02
2.090838e-03   1.218210e-33   1.000000e+02
2.110203e-03   1.348004e-33   1.000000e+02
2.129749e-03   1.493538e-33   1.000000e+02
2.149475e-03   1.656920e-33   1.000000e+02
2.169384e-03   1.840565e-33   1.000000e+02
2.189477e-03   2.047243e-33   1.000000e+02
2.209756e-03   2.280134e-33   1.000000e+02
2.230223e-03   2.542895e-33   1.000000e+02
2.250880e-03   2.839732e-33   1.000000e+02
2.271728e-03   3.175498e-33   1.000000e+02
2.292769e-03   3.555786e-33   1.000000e+02
2.314005e-03   3.987063e-33   1.000000e+02
2.335438e-03   4.476807e-33   1.000000e+02
2.357069e-03   5.033680e-33   1.000000e+02
2.378901e-03   5.667729e-33   1.000000e+02
2.400935e-03   6.390618e-33   1.000000e+02
2.423173e-03   7.215912e-33   1.000000e+02
2.445617e-03   8.159400e-33   1.000000e+02
2.468268e-03   9.239493e-33   1.000000e+02
2.491130e-03   1.047768e-32   1.000000e+02
2.514203e-03   1.189908e-32   1.000000e+02
2.537490e-03   1.353309e-32   1.000000e+02
2.560993e-03   1.541416e-32   1.000000e+02
2.584714e-03   1.758275e-32   1.000000e+02
2.608654e-03   2.008638e-32   1.000000e+02
2.632815e-03   2.298099e-32   1.000000e+02
2.657201e-03   2.633249e-32   1.000000e+02
2.681813e-03   3.021869e-32   1.000000e+02
2.706652e-03   3.473153e-32   1.000000e+02
2.731722e-03   3.997984e-32   1.000000e+02
2.757023e-03   4.609260e-32   1.000000e+02
2.782559e-03   5.322290e-32   1.000000e+02
2.808332e-03   6.155271e-32   1.000000e+02
2.834343e-03   7.129865e-32   1.000000e+02
2.860596e-03   8.271898e-32   1.000000e+02
2.887091e-03   9.612202e-32   1.000000e+02
2.913832e-03   1.118764e-31   1.000000e+02
2.940820e-03   1.304237e-31   1.000000e+02
2.968059e-03   1.522934e-31   1.000000e+02
2.995549e-03   1.781213e-31   1.000000e+02
3.023295e-03   2.086762e-31   1.000000e+02
3.051297e-03   2.449122e-31   1.000000e+02
3.079559e-03   2.880090e-31   1.000000e+02
3.108082e-03   3.394199e-31   1.000000e+02
3.136870e-03   4.009424e-31   1.000000e+02
3.165924e-03   4.748075e-31   1.000000e+02
3.195248e-03   5.637956e-31   1.000000e+02
3.224842e-03   6.713855e-31   1.000000e+02
3.254712e-03   8.019474e-31   1.000000e+02
3.284857e-03   9.609951e-31   1.000000e+02
3.315282e-03   1.155514e-30   1.000000e+02
3.345989e-03   1.394396e-30   1.000000e+02
3.376980e-03   1.689005e-30   1.000000e+02
3.408259e-03   2.053938e-30   1.000000e+02
3.439826e-03   2.508033e-30   1.000000e+02
3.471687e-03   3.075715e-30   1.000000e+02
3.503842e-03   3.788814e-30   1.000000e+02
3.536296e-03   4.689027e-30   1.000000e+02
3.569049e-03   5.831252e-30   1.000000e+02
3.602107e-03   7.288165e-30   1.000000e+02
3.635470e-03   9.156501e-30   1.000000e+02
3.669142e-03   1.156574e-29   1.000000e+02
3.703127e-03   1.469019e-29   1.000000e+02
3.737426e-03   1.876588e-29   1.000000e+02
3.772042e-03   2.411437e-29   1.000000e+02
3.806980e-03   3.117639e-29   1.000000e+02
3.842241e-03   4.055983e-29   1.000000e+02
3.877828e-03   5.310857e-29   1.000000e+02
3.913746e-03   7.000174e-29   1.000000e+02
3.949995e-03   9.289799e-29   1.000000e+02
3.986581e-03   1.241466e-28   1.000000e+02
4.023506e-03   1.670923e-28   1.000000e+02
4.060772e-03   2.264312e-28   1.000000e+02
4.098384e-03   3.087451e-28   1.000000e+02
4.136344e-03   4.233225e-28   1.000000e+02
4.174655e-03   5.832750e-28   1.000000e+02
4.213322e-03   8.071033e-28   1.000000e+02
4.252346e-03   1.120888e-27   1.000000e+02
4.291732e-03   1.561332e-27   1.000000e+02
4.331483e-03   2.179978e-27   1.000000e+02
4.371602e-03   3.048989e-27   1.000000e+02
4.412093e-03   4.269034e-27   1.000000e+02
4.452959e-03   5.979939e-27   1.000000e+02
4.494203e-03   8.374915e-27   1.000000e+02
4.535829e-03   1.171936e-26   1.000000e+02
4.577841e-03   1.637534e-26   1.000000e+02
4.620241e-03   2.283301e-26   1.000000e+02
4.663035e-03   3.175013e-26   1.000000e+02
4.706225e-03   4.400081e-26   1.000000e+02
4.749815e-03   6.073399e-26   1.000000e+02
4.793808e-03   8.344152e-26   1.000000e+02
4.838210e-03   1.140342e-25   1.000000e+02
4.883022e-03   1.549222e-25   1.000000e+02
4.928250e-03   2.090939e-25   1.000000e+02
4.973896e-03   2.801826e-25   1.000000e+02
5.019965e-03   3.725152e-25   1.000000e+02
5.066461e-03   4.913836e-25   1.000000e+02
5.113388e-03   6.434715e-25   1.000000e+02
5.160749e-03   8.370372e-25   1.000000e+02
5.208549e-03   1.082286e-24   1.000000e+02
5.256791e-03   1.391860e-24   1.000000e+02
5.305481e-03   1.781477e-24   1.000000e+02
5.354621e-03   2.270760e-24   1.000000e+02
5.404216e-03   2.884319e-24   1.000000e+02
5.454271e-03   3.653179e-24   1.000000e+02
5.504790e-03   4.616676e-24   1.000000e+02
5.555776e-03   5.824964e-24   1.000000e+02
5.607235e-03   7.342389e-24   1.000000e+02
5.659170e-03   9.252023e-24   1.000000e+02
5.711586e-03   1.166181e-23   1.000000e+02
5.764488e-03   1.471296e-23   1.000000e+02
5.817880e-03   1.859147e-23   1.000000e+02
5.871766e-03   2.354409e-23   1.000000e+02
5.926152e-03   2.990056e-23   1.000000e+02
5.981041e-03   3.810490e-23   1.000000e+02
6.036439e-03   4.875782e-23   1.000000e+02
6.092349e-03   6.265001e-23   1.000000e+02
6.148778e-03   8.082137e-23   1.000000e+02
6.205729e-03   1.046579e-22   1.000000e+02
6.263207e-03   1.360101e-22   1.000000e+02
6.321218e-03   1.773518e-22   1.000000e+02
6.379767e-03   2.319949e-22   1.000000e+02
6.438857e-03   3.043769e-22   1.000000e+02
6.498495e-03   4.004497e-22   1.000000e+02
6.558686e-03   5.282017e-22   1.000000e+02
6.619433e-03   6.983602e-22   1.000000e+02
6.680744e-03   9.253361e-22   1.000000e+02
6.742622e-03   1.228492e-21   1.000000e+02
6.805074e-03   1.633844e-21   1.000000e+02
6.868104e-03   2.176339e-21   1.000000e+02
6.931717e-03   2.902903e-21   1.000000e+02
6.995920e-03   3.876514e-21   1.000000e+02
7.060718e-03   5.181735e-21   1.000000e+02
7.126115e-03   6.932738e-21   1.000000e+02
7.192119e-03   9.283578e-21   1.000000e+02
7.258734e-03   1.244206e-20   1.000000e+02
7.325965e-03   1.668863e-20   1.000000e+02
7.393820e-03   2.240195e-20   1.000000e+02
7.462303e-03   3.009352e-20   1.000000e+02
7.531420e-03   4.045456e-20   1.000000e+02
7.601178e-03   5.441949e-20   1.000000e+02
7.671581e-03   7.325196e-20   1.000000e+02
7.742637e-03   9.866135e-20   1.000000e+02
7.814351e-03   1.329607e-19   1.000000e+02
7.886729e-03   1.792804e-19   1.000000e+02
7.959777e-03   2.418584e-19   1.000000e+02
8.033502e-03   3.264349e-19   1.000000e+02
8.107910e-03   4.408678e-19   1.000000e+02
8.183007e-03   5.960165e-19   1.000000e+02
8.258799e-03   8.068878e-19   1.000000e+02
8.335294e-03   1.094308e-18   1.000000e+02
8.412497e-03   1.487319e-18   1.000000e+02
8.490415e-03   2.026626e-18   1.000000e+02
8.569055e-03   2.769584e-18   1.000000e+02
8.648423e-03   3.797464e-18   1.000000e+02
8.728527e-03   5.226101e-18   1.000000e+02
8.809372e-03   7.221599e-18   1.000000e+02
8.890966e-03   1.002368e-17   1.000000e+02
8.973316e-03   1.398060e-17   1.000000e+02
9.056428e-03   1.959946e-17   1.000000e+02
9.140311e-03   2.758785e-17   1.000000e+02
9.224970e-03   3.891530e-17   1.000000e+02
9.310413e-03   5.490593e-17   1.000000e+02
9.396648e-03   7.733613e-17   1.000000e+02
9.483682e-03   1.085369e-16   1.000000e+02
9.571522e-03   1.514859e-16   1.000000e+02
9.660175e-03   2.098623e-16   1.000000e+02
9.749649e-03   2.880260e-16   1.000000e+02
9.839952e-03   3.908697e-16   1.000000e+02
9.931092e-03   5.234832e-16   1.000000e+02
1.002308e-02   6.905841e-16   1.000000e+02
1.011591e-02   8.968299e-16   1.000000e+02
1.020961e-02   1.148724e-15   1.000000e+02
1.030417e-02   1.454427e-15   1.000000e+02
1.039961e-02   1.824304e-15   1.000000e+02
1.049593e-02   2.271904e-15   1.000000e+02
1.059315e-02   2.815325e-15   1.000000e+02
1.069126e-02   3.479135e-15   1.000000e+02
1.079029e-02   4.297112e-15   1.000000e+02
1.089023e-02   5.316224e-15   1.000000e+02
1.099110e-02   6.602513e-15   1.000000e+02
1.109290e-02   8.246970e-15   1.000000e+02
1.119564e-02   1.035931e-14   1.000000e+02
1.129934e-02   1.307740e-14   1.000000e+02
1.140400e-02   1.657943e-14   1.000000e+02
1.150962e-02   2.109496e-14   1.000000e+02
1.161623e-02   2.691853e-14   1.000000e+02
1.172382e-02   3.442636e-14   1.000000e+02
1.183241e-02   4.409617e-14   1.000000e+02
1.194200e-02   5.653063e-14   1.000000e+02
1.205261e-02   7.248529e-14   1.000000e+02
1.216424e-02   9.293636e-14   1.000000e+02
1.227691e-02   1.191699e-13   1.000000e+02
1.239062e-02   1.528540e-13   1.000000e+02
1.250539e-02   1.961559e-13   1.000000e+02
1.262121e-02   2.518980e-13   1.000000e+02
1.273811e-02   3.237662e-13   1.000000e+02
1.285610e-02   4.165874e-13   1.000000e+02
1.297517e-02   5.367020e-13   1.000000e+02
1.309535e-02   6.924489e-13   1.000000e+02
1.321664e-02   8.946858e-13   1.000000e+02
1.333906e-02   1.157575e-12   1.000000e+02
1.346261e-02   1.499651e-12   1.000000e+02
1.358730e-02   1.945187e-12   1.000000e+02
1.371315e-02   2.525976e-12   1.000000e+02
1.384016e-02   3.283683e-12   1.000000e+02
1.396835e-02   4.272917e-12   1.000000e+02
1.409773e-02   5.565293e-12   1.000000e+02
1.422830e-02   7.255055e-12   1.000000e+02
1.436009e-02   9.466312e-12   1.000000e+02
1.449310e-02   1.236251e-11   1.000000e+02
1.462733e-02   1.615909e-11   1.000000e+02
1.476281e-02   2.114024e-11   1.000000e+02
1.489955e-02   2.768114e-11   1.000000e+02
1.503755e-02   3.627753e-11   1.000000e+02
1.517683e-02   4.758463e-11   1.000000e+02
1.531740e-02   6.246867e-11   1.000000e+02
1.545928e-02   8.207578e-11   1.000000e+02
1.560246e-02   1.079234e-10   1.000000e+02
1.574698e-02   1.420216e-10   1.000000e+02
1.589283e-02   1.870347e-10   1.000000e+02
1.604003e-02   2.464960e-10   1.000000e+02
1.618860e-02   3.250902e-10   1.000000e+02
1.633854e-02   4.290276e-10   1.000000e+02
1.648987e-02   5.665437e-10   1.000000e+02
1.664260e-02   7.485630e-10   1.000000e+02
1.679675e-02   9.895775e-10   1.000000e+02
1.695232e-02   1.308813e-09   1.000000e+02
1.710934e-02   1.731776e-09   1.000000e+02
1.726781e-02   2.292300e-09   1.000000e+02
1.742775e-02   3.035269e-09   1.000000e+02
1.758917e-02   4.020207e-09   1.000000e+02
1.775208e-02   5.326047e-09   1.000000e+02
1.791650e-02   7.057433e-09   1.000000e+02
1.808245e-02   9.353064e-09   1.000000e+02
1.824993e-02   1.239701e-08   1.000000e+02
1.841897e-02   1.643375e-08   1.000000e+02
1.858957e-02   2.178786e-08   1.000000e+02
1.876175e-02   2.889027e-08   1.000000e+02
1.893552e-02   3.831327e-08   1.000000e+02
1.911091e-02   5.081697e-08   1.000000e+02
1.928792e-02   6.741112e-08   1.000000e+02
1.946656e-02   8.943732e-08   1.000000e+02
1.964687e-02   1.186784e-07   1.000000e+02
1.982884e-02   1.575041e-07   1.000000e+02
2.001250e-02   2.090644e-07   1.000000e+02
2.019786e-02   2.775398e-07   1.000000e+02
2.038493e-02   3.684456e-07   1.000000e+02
2.057374e-02   4.890600e-07   1.000000e+02
2.076430e-02   6.489766e-07   1.000000e+02
2.095662e-02   8.608190e-07   1.000000e+02
2.115073e-02   1.141164e-06   1.000000e+02
2.134663e-02   1.511735e-06   1.000000e+02
2.154435e-02   2.000929e-06   1.000000e+02
2.174389e-02   2.645783e-06   1.000000e+02
2.194529e-02   3.494466e-06   1.000000e+02
2.214855e-02   4.609449e-06   1.000000e+02
2.235370e-02   6.071507e-06   1.000000e+02
2.256074e-02   7.984743e-06   1.000000e+02
2.276970e-02   1.048286e-05   1.000000e+02
2.298060e-02   1.373697e-05   1.000000e+02
2.319345e-02   1.796520e-05   1.000000e+02
2.340827e-02   2.344446e-05   1.000000e+02
2.362508e-02   3.052487e-05   1.000000e+02
2.384390e-02   3.964696e-05   1.000000e+02
2.406475e-02   5.136253e-05   1.000000e+02
2.428764e-02   6.635916e-05   1.000000e+02
2.451260e-02   8.548913e-05   1.000000e+02
2.473964e-02   1.098030e-04   1.000000e+02
2.496878e-02   1.405880e-04   1.000000e+02
2.520005e-02   1.794178e-04   1.000000e+02
2.543346e-02   2.282471e-04   1.000000e+02
2.566903e-02   2.894946e-04   1.000000e+02
2.590678e-02   3.661366e-04   1.000000e+02
2.614673e-02   4.618341e-04   1.000000e+02
2.638891e-02   5.810875e-04   1.000000e+02
2.663333e-02   7.294275e-04   1.000000e+02
2.688001e-02   9.136509e-04   1.000000e+02
2.712898e-02   1.142112e-03   1.000000e+02
2.738025e-02   1.425080e-03   1.000000e+02
2.763385e-02   1.775191e-03   1.000000e+02
2.788980e-02   2.207997e-03   1.000000e+02
2.814812e-02   2.742659e-03   1.000000e+02
2.840884e-02   3.402809e-03   1.000000e+02
2.867196e-02   4.217628e-03   1.000000e+02
2.893753e-02   5.223198e-03   1.000000e+02
2.920556e-02   6.464196e-03   1.000000e+02
2.947606e-02   7.996041e-03   1.000000e+02
2.974908e-02   9.887587e-03   1.000000e+02
3.002462e-02   1.222455e-02   1.000000e+02
3.030271e-02   1.511060e-02   1.000000e+02
3.058338e-02   1.866072e-02   1.000000e+02
3.086665e-02   2.300432e-02   1.000000e+02
3.115254e-02   2.828535e-02   1.000000e+02
3.144108e-02   3.465946e-02   1.000000e+02
3.173230e-02   4.228892e-02   1.000000e+02
3.202621e-02   5.133491e-02   1.000000e+02
3.232284e-02   6.194654e-02   1.000000e+02
3.262222e-02   7.424652e-02   1.000000e+02
3.292437e-02   8.831340e-02   1.000000e+02
3.322933e-02   1.041610e-01   1.000000e+02
3.353710e-02   1.217164e-01   1.000000e+02
3.384773e-02   1.407973e-01   1.000000e+02
3.416123e-02   1.610935e-01   1.000000e+02
3.447764e-02   1.821531e-01   1.000000e+02
3.479698e-02   2.033794e-01   1.000000e+02
3.511928e-02   2.240402e-01   1.000000e+02
3.544456e-02   2.432933e-01   1.000000e+02
3.577285e-02   2.602294e-01   1.000000e+02
3.610419e-02   2.739309e-01   1.000000e+02
3.643859e-02   2.835445e-01   1.000000e+02
3.677609e-02   2.883589e-01   1.000000e+02
3.711672e-02   2.878818e-01   1.000000e+02
3.746050e-02   2.819036e-01   1.000000e+02
3.780747e-02   2.705387e-01   1.000000e+02
3.815765e-02   2.542359e-01   1.000000e+02
3.851107e-02   2.337546e-01   1.000000e+02
3.886777e-02   2.101046e-01   1.000000e+02
3.922777e-02   1.844592e-01   1.000000e+02
3.959110e-02   1.580486e-01   1.000000e+02
3.995780e-02   1.320516e-01   1.000000e+02
4.032790e-02   1.075397e-01   1.000000e+02
4.070142e-02   8.551734e-02   1.000000e+02
4.107841e-02   6.657813e-02   1.000000e+02
4.145888e-02   5.087834e-02   1.000000e+02
4.184289e-02   3.826397e-02   1.000000e+02
4.223044e-02   2.839455e-02   1.000000e+02
4.262159e-02   2.084489e-02   1.000000e+02
4.301636e-02   1.517805e-02   1.000000e+02
4.341478e-02   1.099046e-02   1.000000e+02
4.381690e-02   7.934717e-03   1.000000e+02
4.422274e-02   5.726569e-03   1.000000e+02
4.463234e-02   4.142257e-03   1.000000e+02
4.504573e-02   3.010863e-03   1.000000e+02
4.546295e-02   2.204897e-03   1.000000e+02
4.588404e-02   1.631027e-03   1.000000e+02
4.630903e-02   1.221915e-03   1.000000e+02
4.673795e-02   9.295231e-04   1.000000e+02
4.717085e-02   7.198642e-04   1.000000e+02
4.760775e-02   5.690417e-04   1.000000e+02
4.804870e-02   4.603336e-04   1.000000e+02
4.849374e-02   3.820923e-04   1.000000e+02
4.894290e-02   3.262593e-04   1.000000e+02
4.939622e-02   2.873349e-04   1.000000e+02
4.985373e-02   2.616838e-04   1.000000e+02
5.031549e-02   2.470268e-04   1.000000e+02
5.078152e-02   2.415627e-04   1.000000e+02
5.125187e-02   2.441095e-04   1.000000e+02
5.172657e-02   2.543003e-04   1.000000e+02
5.220568e-02   2.724302e-04   1.000000e+02
5.268921e-02   2.993977e-04   1.000000e+02
5.317723e-02   3.367169e-04   1.000000e+02
5.366977e-02   3.865833e-04   1.000000e+02
5.416687e-02   4.519828e-04   1.000000e+02
5.466857e-02   5.368335e-04   1.000000e+02
5.517492e-02   6.461525e-04   1.000000e+02
5.568596e-02   7.862245e-04   1.000000e+02
5.620174e-02   9.647458e-04   1.000000e+02
5.672229e-02   1.190893e-03   1.000000e+02
5.724766e-02   1.475245e-03   1.000000e+02
5.777790e-02   1.829475e-03   1.000000e+02
5.831305e-02   2.265675e-03   1.000000e+02
5.885316e-02   2.795224e-03   1.000000e+02
5.939827e-02   3.427061e-03   1.000000e+02
5.994843e-02   4.165354e-03   1.000000e+02
6.050368e-02   5.008617e-03   1.000000e+02
6.106408e-02   5.958592e-03   1.000000e+02
6.162966e-02   7.018675e-03   1.000000e+02
6.220049e-02   8.191774e-03   1.000000e+02
6.277660e-02   9.480647e-03   1.000000e+02
6.335805e-02   1.088832e-02   1.000000e+02
6.394488e-02   1.241860e-02   1.000000e+02
6.453715e-02   1.407663e-02   1.000000e+02
6.513491e-02   1.586956e-02   1.000000e+02
6.573820e-02   1.780727e-02   1.000000e+02
6.634708e-02   1.990314e-02   1.000000e+02
6.696160e-02   2.217499e-02   1.000000e+02
6.758181e-02   2.464612e-02   1.000000e+02
6.820777e-02   2.734657e-02   1.000000e+02
6.883952e-02   3.031462e-02   1.000000e+02
6.947713e-02   3.359867e-02   1.000000e+02
7.012064e-02   3.725959e-02   1.000000e+02
7.077011e-02   4.136248e-02   1.000000e+02
7.142559e-02   4.595781e-02   1.000000e+02
7.208715e-02   5.109625e-02   1.000000e+02
7.275484e-02   5.683141e-02   1.000000e+02
7.342870e-02   6.321940e-02   1.000000e+02
7.410882e-02   7.031819e-02   1.000000e+02
7.479523e-02   7.818674e-02   1.000000e+02
7.548799e-02   8.688392e-02   1.000000e+02
7.618718e-02   9.646714e-02   1.000000e+02
7.689284e-02   1.069907e-01   1.000000e+02
7.760503e-02   1.185036e-01   1.000000e+02
7.832383e-02   1.310477e-01   1.000000e+02
7.904928e-02   1.446545e-01   1.000000e+02
7.978145e-02   1.593428e-01   1.000000e+02
8.052040e-02   1.751124e-01   1.000000e+02
8.126619e-02   1.919160e-01   1.000000e+02
8.201889e-02   2.096546e-01   1.000000e+02
8.277857e-02   2.281839e-01   1.000000e+02
8.354528e-02   2.473102e-01   1.000000e+02
8.431909e-02   2.667867e-01   1.000000e+02
8.510007e-02   2.863124e-01   1.000000e+02
8.588829e-02   3.055334e-01   1.000000e+02
8.668380e-02   3.240476e-01   1.000000e+02
8.748668e-02   3.414122e-01   1.000000e+02
8.829700e-02   3.571562e-01   1.000000e+02
8.911482e-02   3.707960e-01   1.000000e+02
8.994022e-02   3.818549e-01   1.000000e+02
9.077327e-02   3.900100e-01   1.000000e+02
9.161402e-02   3.956254e-01   1.000000e+02
9.246257e-02   3.993505e-01   1.000000e+02
9.331898e-02   4.018990e-01   1.000000e+02
9.418332e-02   4.040202e-01   1.000000e+02
9.505566e-02   4.064839e-01   1.000000e+02
9.593608e-02   4.100801e-01   1.000000e+02
9.682466e-02   4.156328e-01   1.000000e+02
9.772147e-02   4.240309e-01   1.000000e+02
9.862658e-02   4.362774e-01   1.000000e+02
9.954008e-02   4.535615e-01   1.000000e+02
1.004620e-01   4.773273e-01   1.000000e+02
1.013925e-01   5.085771e-01   1.000000e+02
1.023317e-01   5.477304e-01   1.000000e+02
1.032795e-01   5.952822e-01   1.000000e+02
1.042361e-01   6.517810e-01   1.000000e+02
1.052015e-01   7.177611e-01   1.000000e+02
1.061759e-01   7.936594e-01   1.000000e+02
1.071593e-01   8.797133e-01   1.000000e+02
1.081519e-01   9.758373e-01   1.000000e+02
1.091536e-01   1.081483e+00   1.000000e+02
1.101646e-01   1.195488e+00   1.000000e+02
1.111850e-01   1.316654e+00   1.000000e+02
1.122148e-01   1.445149e+00   1.000000e+02
1.132541e-01   1.581513e+00   1.000000e+02
1.143031e-01   1.726461e+00   1.000000e+02
1.153618e-01   1.880916e+00   1.000000e+02
1.164303e-01   2.046046e+00   1.000000e+02
1.175087e-01   2.223307e+00   1.000000e+02
1.185971e-01   2.414495e+00   1.000000e+02
1.196956e-01   2.621806e+00   1.000000e+02
1.208042e-01   2.847803e+00   1.000000e+02
1.219231e-01   3.094425e+00   1.000000e+02
1.230524e-01   3.363156e+00   1.000000e+02
1.241921e-01   3.655495e+00   1.000000e+02
1.253424e-01   3.972946e+00   1.000000e+02
1.265034e-01   4.316998e+00   1.000000e+02
1.276751e-01   4.689092e+00   1.000000e+02
1.288576e-01   5.090598e+00   1.000000e+02
1.300511e-01   5.522773e+00   1.000000e+02
1.312557e-01   5.986731e+00   1.000000e+02
1.324714e-01   6.483427e+00   1.000000e+02
1.336984e-01   7.013592e+00   1.000000e+02
1.349367e-01   7.577676e+00   1.000000e+02
1.361865e-01   8.175793e+00   1.000000e+02
1.374479e-01   8.807662e+00   1.000000e+02
1.387210e-01   9.472553e+00   1.000000e+02
1.400058e-01   1.016922e+01   1.000000e+02
1.413026e-01   1.089714e+01   1.000000e+02
1.426114e-01   1.166095e+01   1.000000e+02
1.439323e-01   1.246792e+01   1.000000e+02
1.452654e-01   1.332709e+01   1.000000e+02
1.466109e-01   1.424952e+01   1.000000e+02
1.479688e-01   1.524864e+01   1.000000e+02
1.493393e-01   1.634066e+01   1.000000e+02
1.507225e-01   1.754482e+01   1.000000e+02
1.521186e-01   1.887543e+01   1.000000e+02
1.535275e-01   2.033987e+01   1.000000e+02
1.549495e-01   2.194472e+01   1.000000e+02
1.563847e-01   2.369569e+01   1.000000e+02
1.578331e-01   2.559726e+01   1.000000e+02
1.592950e-01   2.765219e+01   1.000000e+02
1.607704e-01   2.986129e+01   1.000000e+02
1.622595e-01   3.222907e+01   1.000000e+02
1.637624e-01   3.476526e+01   1.000000e+02
1.652792e-01   3.748031e+01   1.000000e+02
1.668101e-01   4.038520e+01   1.000000e+02
1.683551e-01   4.349151e+01   1.000000e+02
1.699144e-01   4.681135e+01   1.000000e+02
1.714882e-01   5.035747e+01   1.000000e+02
1.730766e-01   5.414323e+01   1.000000e+02
1.746796e-01   5.818266e+01   1.000000e+02
1.762975e-01   6.249043e+01   1.000000e+02
1.779304e-01   6.708193e+01   1.000000e+02
1.795785e-01   7.197327e+01   1.000000e+02
1.812418e-01   7.718149e+01   1.000000e+02
1.829205e-01   8.272639e+01   1.000000e+02
1.846147e-01   8.863023e+01   1.000000e+02
1.863246e-01   9.491710e+01   1.000000e+02
1.880504e-01   1.016131e+02   1.000000e+02
1.897922e-01   1.087467e+02   1.000000e+02
1.915501e-01   1.163485e+02   1.000000e+02
1.933242e-01   1.244522e+02   1.000000e+02
1.951148e-01   1.330941e+02   1.000000e+02
1.969220e-01   1.423139e+02   1.000000e+02
1.987460e-01   1.521552e+02   1.000000e+02
2.005868e-01   1.626651e+02   1.000000e+02
2.024447e-01   1.738923e+02   1.000000e+02
2.043197e-01   1.858838e+02   1.000000e+02
2.062122e-01   1.986888e+02   1.000000e+02
2.081222e-01   2.123595e+02   1.000000e+02
2.100498e-01   2.269510e+02   1.000000e+02
2.119953e-01   2.425217e+02   1.000000e+02
2.139589e-01   2.591329e+02   1.000000e+02
2.159406e-01   2.768496e+02   1.000000e+02
2.179407e-01   2.957400e+02   1.000000e+02
2.199593e-01   3.158763e+02   1.000000e+02
2.219966e-01   3.373341e+02   1.000000e+02
2.240528e-01   3.601933e+02   1.000000e+02
2.261280e-01   3.845375e+02   1.000000e+02
2.282224e-01   4.104548e+02   1.000000e+02
2.303363e-01   4.380372e+02   1.000000e+02
2.324697e-01   4.673816e+02   1.000000e+02
2.346229e-01   4.985891e+02   1.000000e+02
2.367960e-01   5.317654e+02   1.000000e+02
2.389893e-01   5.670214e+02   1.000000e+02
2.412028e-01   6.044723e+02   1.000000e+02
2.434369e-01   6.442385e+02   1.000000e+02
2.456916e-01   6.864454e+02   1.000000e+02
2.479673e-01   7.312233e+02   1.000000e+02
2.502640e-01   7.787078e+02   1.000000e+02
2.525820e-01   8.290423e+02   1.000000e+02
2.549215e-01   8.823851e+02   1.000000e+02
2.572826e-01   9.389046e+02   1.000000e+02
2.596656e-01   9.987781e+02   1.000000e+02
2.620707e-01   1.062193e+03   1.000000e+02
2.644980e-01   1.129345e+03   1.000000e+02
2.669478e-01   1.200443e+03   1.000000e+02
2.694204e-01   1.275706e+03   1.000000e+02
2.719158e-01   1.355365e+03   1.000000e+02
2.744343e-01   1.439663e+03   1.000000e+02
2.769762e-01   1.528857e+03   1.000000e+02
2.795416e-01   1.623217e+03   1.000000e+02
2.821308e-01   1.723029e+03   1.000000e+02
2.847439e-01   1.828595e+03   1.000000e+02
2.873813e-01   1.940231e+03   1.000000e+02
2.900430e-01   2.058274e+03   1.000000e+02
2.927295e-01   2.183077e+03   1.000000e+02
2.954408e-01   2.315013e+03   1.000000e+02
2.981772e-01   2.454476e+03   1.000000e+02
3.009390e-01   2.601882e+03   1.000000e+02
3.037264e-01   2.757659e+03   1.000000e+02
3.065395e-01   2.922237e+03   1.000000e+02
3.093788e-01   3.096064e+03   1.000000e+02
3.122443e-01   3.279606e+03   1.000000e+02
3.151363e-01   3.473349e+03   1.000000e+02
3.180552e-01   3.677798e+03   1.000000e+02
3.210011e-01   3.893477e+03   1.000000e+02
3.239743e-01   4.120931e+03   1.000000e+02
3.269750e-01   4.360725e+03   1.000000e+02
3.300035e-01   4.613446e+03   1.000000e+02
3.330600e-01   4.879700e+03   1.000000e+02
3.361449e-01   5.160116e+03   1.000000e+02
3.392583e-01   5.455344e+03   1.000000e+02
3.424006e-01   5.766056e+03   1.000000e+02
3.455720e-01   6.092944e+03   1.000000e+02
3.487727e-01   6.436725e+03   1.000000e+02
3.520031e-01   6.798138e+03   1.000000e+02
3.552635e-01   7.178009e+03   1.000000e+02
3.585540e-01   7.577251e+03   1.000000e+02
3.618750e-01   7.996823e+03   1.000000e+02
3.652267e-01   8.437740e+03   1.000000e+02
3.686095e-01   8.901069e+03   1.000000e+02
3.720237e-01   9.387938e+03   1.000000e+02
3.754694e-01   9.899537e+03   1.000000e+02
3.789471e-01   1.043712e+04   1.000000e+02
3.824570e-01   1.100202e+04   1.000000e+02
3.859994e-01   1.159564e+04   1.000000e+02
3.895746e-01   1.221945e+04   1.000000e+02
3.931829e-01   1.287504e+04   1.000000e+02
3.968246e-01   1.356406e+04   1.000000e+02
4.005001e-01   1.428827e+04   1.000000e+02
4.042096e-01   1.504944e+04   1.000000e+02
4.079535e-01   1.584915e+04   1.000000e+02
4.117320e-01   1.668898e+04   1.000000e+02
4.155455e-01   1.757054e+04   1.000000e+02
4.193944e-01   1.849544e+04   1.000000e+02
4.232789e-01   1.946534e+04   1.000000e+02
4.271994e-01   2.048189e+04   1.000000e+02
4.311562e-01   2.154676e+04   1.000000e+02
4.351497e-01   2.266162e+04   1.000000e+02
4.391801e-01   2.382814e+04   1.000000e+02
4.432479e-01   2.504798e+04   1.000000e+02
4.473533e-01   2.632277e+04   1.000000e+02
4.514968e-01   2.765415e+04   1.000000e+02
4.556786e-01   2.904406e+04   1.000000e+02
4.598992e-01   3.049501e+04   1.000000e+02
4.641589e-01   3.200970e+04   1.000000e+02
4.684580e-01   3.359097e+04   1.000000e+02
4.727970e-01   3.524182e+04   1.000000e+02
4.771761e-01   3.696545e+04   1.000000e+02
4.815958e-01   3.876522e+04   1.000000e+02
4.860564e-01   4.064470e+04   1.000000e+02
4.905584e-01   4.260768e+04   1.000000e+02
4.951020e-01   4.465816e+04   1.000000e+02
4.996877e-01   4.680041e+04   1.000000e+02
5.043159e-01   4.903883e+04   1.000000e+02
5.089870e-01   5.137742e+04   1.000000e+02
5.137014e-01   5.382012e+04   1.000000e+02
5.184594e-01   5.637102e+04   1.000000e+02
5.232614e-01   5.903429e+04   1.000000e+02
5.281080e-01   6.181424e+04   1.000000e+02
5.329994e-01   6.471530e+04   1.000000e+02
5.379362e-01   6.774202e+04   1.000000e+02
5.429186e-01   7.089908e+04   1.000000e+02
5.479472e-01   7.419127e+04   1.000000e+02
5.530224e-01   7.762350e+04   1.000000e+02
5.581446e-01   8.120082e+04   1.000000e+02
5.633143e-01   8.492838e+04   1.000000e+02
5.685318e-01   8.881147e+04   1.000000e+02
5.737976e-01   9.285546e+04   1.000000e+02
5.791123e-01   9.706589e+04   1.000000e+02
5.844761e-01   1.014484e+05   1.000000e+02
5.898896e-01   1.060086e+05   1.000000e+02
5.953533e-01   1.107525e+05   1.000000e+02
6.008676e-01   1.156860e+05   1.000000e+02
6.064329e-01   1.208152e+05   1.000000e+02
6.120498e-01   1.261470e+05   1.000000e+02
6.177188e-01   1.316882e+05   1.000000e+02
6.234402e-01   1.374462e+05   1.000000e+02
6.292146e-01   1.434282e+05   1.000000e+02
6.350425e-01   1.496420e+05   1.000000e+02
6.409244e-01   1.560954e+05   1.000000e+02
6.468608e-01   1.627965e+05   1.000000e+02
6.528521e-01   1.697536e+05   1.000000e+02
6.588990e-01   1.769753e+05   1.000000e+02
6.650018e-01   1.844704e+05   1.000000e+02
6.711612e-01   1.922479e+05   1.000000e+02
6.773776e-01   2.003173e+05   1.000000e+02
6.836516e-01   2.086880e+05   1.000000e+02
6.899837e-01   2.173700e+05   1.000000e+02
6.963745e-01   2.263735e+05   1.000000e+02
7.028244e-01   2.357089e+05   1.000000e+02
7.093341e-01   2.453867e+05   1.000000e+02
7.159041e-01   2.554175e+05   1.000000e+02
7.225349e-01   2.658123e+05   1.000000e+02
7.292272e-01   2.765821e+05   1.000000e+02
7.359814e-01   2.877381e+05   1.000000e+02
7.427982e-01   2.992921e+05   1.000000e+02
7.496782e-01   3.112557e+05   1.000000e+02
7.566219e-01   3.236411e+05   1.000000e+02
7.636298e-01   3.364606e+05   1.000000e+02
7.707027e-01   3.497268e+05   1.000000e+02
7.778411e-01   3.634524e+05   1.000000e+02
7.850456e-01   3.776506e+05   1.000000e+02
7.923169e-01   3.923346e+05   1.000000e+02
7.996555e-01   4.075181e+05   1.000000e+02
8.070620e-01   4.232149e+05   1.000000e+02
8.145372e-01   4.394393e+05   1.000000e+02
8.220816e-01   4.562060e+05   1.000000e+02
8.296959e-01   4.735298e+05   1.000000e+02
8.373807e-01   4.914259e+05   1.000000e+02
8.451366e-01   5.099100e+05   1.000000e+02
8.529644e-01   5.289978e+05   1.000000e+02
8.608648e-01   5.487053e+05   1.000000e+02
8.688383e-01   5.690491e+05   1.000000e+02
8.768856e-01   5.900459e+05   1.000000e+02
8.850075e-01   6.117125e+05   1.000000e+02
8.932046e-01   6.340665e+05   1.000000e+02
9.014776e-01   6.571253e+05   1.000000e+02
9.098273e-01   6.809068e+05   1.000000e+02
9.182543e-01   7.054288e+05   1.000000e+02
9.267593e-01   7.307094e+05   1.000000e+02
9.353432e-01   7.567668e+05   1.000000e+02
9.440065e-01   7.836194e+05   1.000000e+02
9.527500e-01   8.112860e+05   1.000000e+02
9.615746e-01   8.397856e+05   1.000000e+02
9.704809e-01   8.691372e+05   1.000000e+02
9.794697e-01   8.993603e+05   1.000000e+02
9.885417e-01   9.304744e+05   1.000000e+02
9.976978e-01   9.624992e+05   1.000000e+02
1.006939e+00   9.954547e+05   1.000000e+02
1.016265e+00   1.029361e+06   1.000000e+02
1.025678e+00   1.064240e+06   1.000000e+02
1.035178e+00   1.100112e+06   1.000000e+02
1.044766e+00   1.136999e+06   1.000000e+02
1.054443e+00   1.174923e+06   1.000000e+02
1.064209e+00   1.213904e+06   1.000000e+02
1.074066e+00   1.253966e+06   1.000000e+02
1.084014e+00   1.295131e+06   1.000000e+02
1.094055e+00   1.337421e+06   1.000000e+02
1.104188e+00   1.380859e+06   1.000000e+02
1.114415e+00   1.425467e+06   1.000000e+02
1.124737e+00   1.471270e+06   1.000000e+02
1.135155e+00   1.518290e+06   1.000000e+02
1.145669e+00   1.566550e+06   1.000000e+02
1.156280e+00   1.616076e+06   1.000000e+02
1.166990e+00   1.666889e+06   1.000000e+02
1.177799e+00   1.719015e+06   1.000000e+02
1.188708e+00   1.772476e+06   1.000000e+02
1.199718e+00   1.827299e+06   1.000000e+02
1.210830e+00   1.883507e+06   1.000000e+02
1.222045e+00   1.941124e+06   1.000000e+02
1.233363e+00   2.000175e+06   1.000000e+02
1.244787e+00   2.060685e+06   1.000000e+02
1.256317e+00   2.122679e+06   1.000000e+02
1.267953e+00   2.186185e+06   1.000000e+02
1.279697e+00   2.251236e+06   1.000000e+02
1.291550e+00   2.317865e+06   1.000000e+02
1.303512e+00   2.386106e+06   1.000000e+02
1.315586e+00   2.455993e+06   1.000000e+02
1.327771e+00   2.527563e+06   1.000000e+02
1.340069e+00   2.600854e+06   1.000000e+02
1.352481e+00   2.675903e+06   1.000000e+02
1.365008e+00   2.752750e+06   1.000000e+02
1.377651e+00   2.831436e+06   1.000000e+02
1.390411e+00   2.912002e+06   1.000000e+02
1.403289e+00   2.994492e+06   1.000000e+02
1.416287e+00   3.078950e+06   1.000000e+02
1.429405e+00   3.165422e+06   1.000000e+02
1.442644e+00   3.253957e+06   1.000000e+02
1.456006e+00   3.344602e+06   1.000000e+02
1.469492e+00   3.437408e+06   1.000000e+02
1.483103e+00   3.532428e+06   1.000000e+02
1.496839e+00   3.629717e+06   1.000000e+02
1.510703e+00   3.729325e+06   1.000000e+02
1.524696e+00   3.831275e+06   1.000000e+02
1.538818e+00   3.935571e+06   1.000000e+02
1.553071e+00   4.042213e+06   1.000000e+02
1.567455e+00   4.151197e+06   1.000000e+02
1.581973e+00   4.262516e+06   1.000000e+02
1.596626e+00   4.376155e+06   1.000000e+02
1.611414e+00   4.492098e+06   1.000000e+02
1.626340e+00   4.610322e+06   1.000000e+02
1.641403e+00   4.730800e+06   1.000000e+02
1.656606e+00   4.853497e+06   1.000000e+02
1.671950e+00   4.978375e+06   1.000000e+02
1.687436e+00   5.105389e+06   1.000000e+02
1.703065e+00   5.234485e+06   1.000000e+02
1.718839e+00   5.365608e+06   1.000000e+02
1.734759e+00   5.498690e+06   1.000000e+02
1.750827e+00   5.633662e+06   1.000000e+02
1.767044e+00   5.770468e+06   1.000000e+02
1.783410e+00   5.909141e+06   1.000000e+02
1.799929e+00   6.049738e+06   1.000000e+02
1.816600e+00   6.192321e+06   1.000000e+02
1.833425e+00   6.336955e+06   1.000000e+02
1.850407e+00   6.483716e+06   1.000000e+02
1.867546e+00   6.632682e+06   1.000000e+02
1.884843e+00   6.783940e+06   1.000000e+02
1.902301e+00   6.937584e+06   1.000000e+02
1.919921e+00   7.093713e+06   1.000000e+02
1.937703e+00   7.252436e+06   1.000000e+02
1.955651e+00   7.413869e+06   1.000000e+02
1.973764e+00   7.578134e+06   1.000000e+02
1.992046e+00   7.745364e+06   1.000000e+02
2.010496e+00   7.915695e+06   1.000000e+02
2.029118e+00   8.089207e+06   1.000000e+02
2.047912e+00   8.265920e+06   1.000000e+02
2.066880e+00   8.445855e+06   1.000000e+02
2.086024e+00   8.629028e+06   1.000000e+02
2.105345e+00   8.815456e+06   1.000000e+02
2.124845e+00   9.005150e+06   1.000000e+02
2.144526e+00   9.198122e+06   1.000000e+02
2.164389e+00   9.394381e+06   1.000000e+02
2.184436e+00   9.593932e+06   1.000000e+02
2.204669e+00   9.796779e+06   1.000000e+02
2.225089e+00   1.000292e+07   1.000000e+02
2.245698e+00   1.021236e+07   1.000000e+02
2.266498e+00   1.042509e+07   1.000000e+02
2.287491e+00   1.064110e+07   1.000000e+02
2.308678e+00   1.086039e+07   1.000000e+02
2.330061e+00   1.108293e+07   1.000000e+02
2.351643e+00   1.130871e+07   1.000000e+02
2.373424e+00   1.153770e+07   1.000000e+02
2.395407e+00   1.176989e+07   1.000000e+02
2.417594e+00   1.200525e+07   1.000000e+02
2.439986e+00   1.224374e+07   1.000000e+02
2.462586e+00   1.248532e+07   1.000000e+02
2.485395e+00   1.272996e+07   1.000000e+02
2.508415e+00   1.297761e+07   1.000000e+02
2.531648e+00   1.322825e+07   1.000000e+02
2.555097e+00   1.348188e+07   1.000000e+02
2.578763e+00   1.373852e+07   1.000000e+02
2.602648e+00   1.399819e+07   1.000000e+02
2.626754e+00   1.426088e+07   1.000000e+02
2.651084e+00   1.452662e+07   1.000000e+02
2.675638e+00   1.479541e+07   1.000000e+02
2.700421e+00   1.506728e+07   1.000000e+02
2.725433e+00   1.534223e+07   1.000000e+02
2.750676e+00   1.562028e+07   1.000000e+02
2.776153e+00   1.590144e+07   1.000000e+02
2.801867e+00   1.618574e+07   1.000000e+02
2.827818e+00   1.647319e+07   1.000000e+02
2.854010e+00   1.676380e+07   1.000000e+02
2.880444e+00   1.705759e+07   1.000000e+02
2.907123e+00   1.735458e+07   1.000000e+02
2.934050e+00   1.765480e+07   1.000000e+02
2.961225e+00   1.795826e+07   1.000000e+02
2.988653e+00   1.826498e+07   1.000000e+02
3.016334e+00   1.857498e+07   1.000000e+02
3.044272e+00   1.888827e+07   1.000000e+02
3.072469e+00   1.920484e+07   1.000000e+02
3.100927e+00   1.952468e+07   1.000000e+02
3.129648e+00   1.984776e+07   1.000000e+02
3.158635e+00   2.017408e+07   1.000000e+02
3.187891e+00   2.050362e+07   1.000000e+02
3.217418e+00   2.083637e+07   1.000000e+02
3.247218e+00   2.117229e+07   1.000000e+02
3.277295e+00   2.151138e+07   1.000000e+02
3.307650e+00   2.185361e+07   1.000000e+02
3.338286e+00   2.219896e+07   1.000000e+02
3.369206e+00   2.254740e+07   1.000000e+02
3.400412e+00   2.289891e+07   1.000000e+02
3.431907e+00   2.325345e+07   1.000000e+02
3.463694e+00   2.361101e+07   1.000000e+02
3.495776e+00   2.397155e+07   1.000000e+02
3.528154e+00   2.433504e+07   1.000000e+02
3.560833e+00   2.470146e+07   1.000000e+02
3.593814e+00   2.507078e+07   1.000000e+02
3.627100e+00   2.544297e+07   1.000000e+02
3.660695e+00   2.581802e+07   1.000000e+02
3.694601e+00   2.619590e+07   1.000000e+02
3.728821e+00   2.657657e+07   1.000000e+02
3.763358e+00   2.696002e+07   1.000000e+02
3.798215e+00   2.734621e+07   1.000000e+02
3.833395e+00   2.773512e+07   1.000000e+02
3.868901e+00   2.812671e+07   1.000000e+02
3.904735e+00   2.852095e+07   1.000000e+02
3.940902e+00   2.891782e+07   1.000000e+02
3.977403e+00   2.931727e+07   1.000000e+02
4.014242e+00   2.971928e+07   1.000000e+02
4.051423e+00   3.012381e+07   1.000000e+02
4.088948e+00   3.053082e+07   1.000000e+02
4.126821e+00   3.094025e+07   1.000000e+02
4.165044e+00   3.135207e+07   1.000000e+02
4.203622e+00   3.176622e+07   1.000000e+02
4.242556e+00   3.218266e+07   1.000000e+02
4.281852e+00   3.260134e+07   1.000000e+02
4.321511e+00   3.302220e+07   1.000000e+02
4.361538e+00   3.344519e+07   1.000000e+02
4.401935e+00   3.387027e+07   1.000000e+02
4.442707e+00   3.429736e+07   1.000000e+02
4.483856e+00   3.472643e+07   1.000000e+02
4.525386e+00   3.515740e+07   1.000000e+02
4.567301e+00   3.559023e+07   1.000000e+02
4.609604e+00   3.602485e+07   1.000000e+02
4.652300e+00   3.646120e+07   1.000000e+02
4.695390e+00   3.689923e+07   1.000000e+02
4.738880e+00   3.733886e+07   1.000000e+02
4.782772e+00   3.778003e+07   1.000000e+02
4.827071e+00   3.822268e+07   1.000000e+02
4.871780e+00   3.866674e+07   1.000000e+02
4.916904e+00   3.911214e+07   1.000000e+02
4.962445e+00   3.955882e+07   1.000000e+02
5.008408e+00   4.000671e+07   1.000000e+02
5.054797e+00   4.045573e+07   1.000000e+02
5.101615e+00   4.090581e+07   1.000000e+02
5.148867e+00   4.135686e+07   1.000000e+02
5.196557e+00   4.180881e+07   1.000000e+02
5.244689e+00   4.226158e+07   1.000000e+02
5.293266e+00   4.271507e+07   1.000000e+02
5.342293e+00   4.316922e+07   1.000000e+02
5.391775e+00   4.362393e+07   1.000000e+02
5.441714e+00   4.407911e+07   1.000000e+02
5.492116e+00   4.453468e+07   1.000000e+02
5.542986e+00   4.499056e+07   1.000000e+02
5.594326e+00   4.544664e+07   1.000000e+02
5.646141e+00   4.590284e+07   1.000000e+02
5.698437e+00   4.635907e+07   1.000000e+02
5.751217e+00   4.681523e+07   1.000000e+02
5.804486e+00   4.727124e+07   1.000000e+02
5.858248e+00   4.772699e+07   1.000000e+02
5.912508e+00   4.818239e+07   1.000000e+02
5.967271e+00   4.863734e+07   1.000000e+02
6.022541e+00   4.909175e+07   1.000000e+02
6.078323e+00   4.954551e+07   1.000000e+02
6.134622e+00   4.999853e+07   1.000000e+02
6.191442e+00   5.045070e+07   1.000000e+02
6.248788e+00   5.090193e+07   1.000000e+02
6.306666e+00   5.135210e+07   1.000000e+02
6.365079e+00   5.180111e+07   1.000000e+02
6.424034e+00   5.224886e+07   1.000000e+02
6.483534e+00   5.269525e+07   1.000000e+02
6.543586e+00   5.314016e+07   1.000000e+02
6.604194e+00   5.358350e+07   1.000000e+02
6.665363e+00   5.402514e+07   1.000000e+02
6.727099e+00   5.446500e+07   1.000000e+02
6.789407e+00   5.490295e+07   1.000000e+02
6.852292e+00   5.533888e+07   1.000000e+02
6.915759e+00   5.577270e+07   1.000000e+02
6.979814e+00   5.620429e+07   1.000000e+02
7.044462e+00   5.663354e+07   1.000000e+02
7.109709e+00   5.706034e+07   1.000000e+02
7.175561e+00   5.748459e+07   1.000000e+02
7.242022e+00   5.790620e+07   1.000000e+02
7.309099e+00   5.832506e+07   1.000000e+02
7.376798e+00   5.874107e+07   1.000000e+02
7.445123e+00   5.915412e+07   1.000000e+02
7.514081e+00   5.956412e+07   1.000000e+02
7.583678e+00   5.997096e+07   1.000000e+02
7.653919e+00   6.037454e+07   1.000000e+02
7.724811e+00   6.077477e+07   1.000000e+02
7.796360e+00   6.117154e+07   1.000000e+02
7.868572e+00   6.156476e+07   1.000000e+02
7.941452e+00   6.195431e+07   1.000000e+02
8.015007e+00   6.234012e+07   1.000000e+02
8.089243e+00   6.272207e+07   1.000000e+02
8.164168e+00   6.310008e+07   1.000000e+02
8.239786e+00   6.347407e+07   1.000000e+02
8.316104e+00   6.384395e+07   1.000000e+02
8.393129e+00   6.420964e+07   1.000000e+02
8.470868e+00   6.457105e+07   1.000000e+02
8.549327e+00   6.492809e+07   1.000000e+02
8.628513e+00   6.528069e+07   1.000000e+02
8.708431e+00   6.562877e+07   1.000000e+02
8.789091e+00   6.597225e+07   1.000000e+02
8.870497e+00   6.631104e+07   1.000000e+02
8.952657e+00   6.664508e+07   1.000000e+02
9.035578e+00   6.697428e+07   1.000000e+02
9.119268e+00   6.729857e+07   1.000000e+02
9.203732e+00   6.761788e+07   1.000000e+02
9.288979e+00   6.793214e+07   1.000000e+02
9.375015e+00   6.824127e+07   1.000000e+02
9.461848e+00   6.854520e+07   1.000000e+02
9.549486e+00   6.884387e+07   1.000000e+02
9.637935e+00   6.913721e+07   1.000000e+02
9.727203e+00   6.942516e+07   1.000000e+02
9.817298e+00   6.970765e+07   1.000000e+02
9.908228e+00   6.998462e+07   1.000000e+02
1.000000e+01   7.025600e+07   1.000000e+02
