# C11 + p > N12 + g   [C11_p__N12_g]   ref=Tang et al. 2003
# forward[T9] = With[{T923=T9^(2/3),T932=T9^(3/2),T913=T9^(1/3),T943=T9^(4/3),T953=T9^(5/3)},(1.670*^2*Exp[-4.166/T9]/T932+2.148*^5*Exp[-13.281/T913]/T923* (1.+4.639*T913-2.641*T923-1.543*T9+2.030*T943+4.657*T953))]   uncertainty factor f = 3
# T9                 rate                error
1.000000e-03   6.465439e-51   3.000000e+00
1.009262e-03   9.667026e-51   3.000000e+00
1.018610e-03   1.443595e-50   3.000000e+00
1.028045e-03   2.153064e-50   3.000000e+00
1.037567e-03   3.207227e-50   3.000000e+00
1.047177e-03   4.771609e-50   3.000000e+00
1.056876e-03   7.090294e-50   3.000000e+00
1.066665e-03   1.052276e-49   3.000000e+00
1.076545e-03   1.559776e-49   3.000000e+00
1.086516e-03   2.309215e-49   3.000000e+00
1.096579e-03   3.414578e-49   3.000000e+00
1.106736e-03   5.042922e-49   3.000000e+00
1.116987e-03   7.438774e-49   3.000000e+00
1.127333e-03   1.095964e-48   3.000000e+00
1.137774e-03   1.612755e-48   3.000000e+00
1.148312e-03   2.370387e-48   3.000000e+00
1.158948e-03   3.479771e-48   3.000000e+00
1.169683e-03   5.102277e-48   3.000000e+00
1.180517e-03   7.472418e-48   3.000000e+00
1.191451e-03   1.093059e-47   3.000000e+00
1.202486e-03   1.597029e-47   3.000000e+00
1.213624e-03   2.330613e-47   3.000000e+00
1.224865e-03   3.397174e-47   3.000000e+00
1.236210e-03   4.946030e-47   3.000000e+00
1.247660e-03   7.192650e-47   3.000000e+00
1.259216e-03   1.044758e-46   3.000000e+00
1.270879e-03   1.515789e-46   3.000000e+00
1.282650e-03   2.196643e-46   3.000000e+00
1.294530e-03   3.179651e-46   3.000000e+00
1.306520e-03   4.597274e-46   3.000000e+00
1.318621e-03   6.639320e-46   3.000000e+00
1.330835e-03   9.577468e-46   3.000000e+00
1.343161e-03   1.380013e-45   3.000000e+00
1.355602e-03   1.986199e-45   3.000000e+00
1.368158e-03   2.855425e-45   3.000000e+00
1.380830e-03   4.100423e-45   3.000000e+00
1.393619e-03   5.881634e-45   3.000000e+00
1.406527e-03   8.427142e-45   3.000000e+00
1.419555e-03   1.206083e-44   3.000000e+00
1.432703e-03   1.724209e-44   3.000000e+00
1.445973e-03   2.462182e-44   3.000000e+00
1.459366e-03   3.512119e-44   3.000000e+00
1.472883e-03   5.004248e-44   3.000000e+00
1.486525e-03   7.122464e-44   3.000000e+00
1.500293e-03   1.012617e-43   3.000000e+00
1.514189e-03   1.438085e-43   3.000000e+00
1.528214e-03   2.040095e-43   3.000000e+00
1.542369e-03   2.890973e-43   3.000000e+00
1.556654e-03   4.092293e-43   3.000000e+00
1.571072e-03   5.786556e-43   3.000000e+00
1.585624e-03   8.173453e-43   3.000000e+00
1.600310e-03   1.153253e-42   3.000000e+00
1.615133e-03   1.625468e-42   3.000000e+00
1.630092e-03   2.288594e-42   3.000000e+00
1.645191e-03   3.218820e-42   3.000000e+00
1.660429e-03   4.522348e-42   3.000000e+00
1.675808e-03   6.347049e-42   3.000000e+00
1.691330e-03   8.898601e-42   3.000000e+00
1.706995e-03   1.246278e-41   3.000000e+00
1.722805e-03   1.743626e-41   3.000000e+00
1.738762e-03   2.436900e-41   3.000000e+00
1.754867e-03   3.402278e-41   3.000000e+00
1.771121e-03   4.745160e-41   3.000000e+00
1.787526e-03   6.611232e-41   3.000000e+00
1.804082e-03   9.201650e-41   3.000000e+00
1.820792e-03   1.279388e-40   3.000000e+00
1.837656e-03   1.777024e-40   3.000000e+00
1.854677e-03   2.465699e-40   3.000000e+00
1.871855e-03   3.417782e-40   3.000000e+00
1.889193e-03   4.732680e-40   3.000000e+00
1.906691e-03   6.546814e-40   3.000000e+00
1.924351e-03   9.047200e-40   3.000000e+00
1.942175e-03   1.248996e-39   3.000000e+00
1.960163e-03   1.722550e-39   3.000000e+00
1.978319e-03   2.373276e-39   3.000000e+00
1.996642e-03   3.266564e-39   3.000000e+00
2.015136e-03   4.491612e-39   3.000000e+00
2.033800e-03   6.169963e-39   3.000000e+00
2.052638e-03   8.467080e-39   3.000000e+00
2.071650e-03   1.160798e-38   3.000000e+00
2.090838e-03   1.589839e-38   3.000000e+00
2.110203e-03   2.175325e-38   3.000000e+00
2.129749e-03   2.973522e-38   3.000000e+00
2.149475e-03   4.060648e-38   3.000000e+00
2.169384e-03   5.539851e-38   3.000000e+00
2.189477e-03   7.550587e-38   3.000000e+00
2.209756e-03   1.028121e-37   3.000000e+00
2.230223e-03   1.398590e-37   3.000000e+00
2.250880e-03   1.900730e-37   3.000000e+00
2.271728e-03   2.580686e-37   3.000000e+00
2.292769e-03   3.500549e-37   3.000000e+00
2.314005e-03   4.743783e-37   3.000000e+00
2.335438e-03   6.422471e-37   3.000000e+00
2.357069e-03   8.686994e-37   3.000000e+00
2.378901e-03   1.173892e-36   3.000000e+00
2.400935e-03   1.584818e-36   3.000000e+00
2.423173e-03   2.137591e-36   3.000000e+00
2.445617e-03   2.880479e-36   3.000000e+00
2.468268e-03   3.877941e-36   3.000000e+00
2.491130e-03   5.215971e-36   3.000000e+00
2.514203e-03   7.009193e-36   3.000000e+00
2.537490e-03   9.410242e-36   3.000000e+00
2.560993e-03   1.262219e-35   3.000000e+00
2.584714e-03   1.691497e-35   3.000000e+00
2.608654e-03   2.264705e-35   3.000000e+00
2.632815e-03   3.029400e-35   3.000000e+00
2.657201e-03   4.048628e-35   3.000000e+00
2.681813e-03   5.405881e-35   3.000000e+00
2.706652e-03   7.211632e-35   3.000000e+00
2.731722e-03   9.611925e-35   3.000000e+00
2.757023e-03   1.279965e-34   3.000000e+00
2.782559e-03   1.702935e-34   3.000000e+00
2.808332e-03   2.263660e-34   3.000000e+00
2.834343e-03   3.006346e-34   3.000000e+00
2.860596e-03   3.989169e-34   3.000000e+00
2.887091e-03   5.288624e-34   3.000000e+00
2.913832e-03   7.005209e-34   3.000000e+00
2.940820e-03   9.270831e-34   3.000000e+00
2.968059e-03   1.225848e-33   3.000000e+00
2.995549e-03   1.619482e-33   3.000000e+00
3.023295e-03   2.137659e-33   3.000000e+00
3.051297e-03   2.819191e-33   3.000000e+00
3.079559e-03   3.714802e-33   3.000000e+00
3.108082e-03   4.890723e-33   3.000000e+00
3.136870e-03   6.433359e-33   3.000000e+00
3.165924e-03   8.455337e-33   3.000000e+00
3.195248e-03   1.110334e-32   3.000000e+00
3.224842e-03   1.456825e-32   3.000000e+00
3.254712e-03   1.909821e-32   3.000000e+00
3.284857e-03   2.501561e-32   3.000000e+00
3.315282e-03   3.273888e-32   3.000000e+00
3.345989e-03   4.281063e-32   3.000000e+00
3.376980e-03   5.593401e-32   3.000000e+00
3.408259e-03   7.301931e-32   3.000000e+00
3.439826e-03   9.524411e-32   3.000000e+00
3.471687e-03   1.241304e-31   3.000000e+00
3.503842e-03   1.616439e-31   3.000000e+00
3.536296e-03   2.103208e-31   3.000000e+00
3.569049e-03   2.734312e-31   3.000000e+00
3.602107e-03   3.551880e-31   3.000000e+00
3.635470e-03   4.610134e-31   3.000000e+00
3.669142e-03   5.978816e-31   3.000000e+00
3.703127e-03   7.747548e-31   3.000000e+00
3.737426e-03   1.003141e-30   3.000000e+00
3.772042e-03   1.297803e-30   3.000000e+00
3.806980e-03   1.677670e-30   3.000000e+00
3.842241e-03   2.166986e-30   3.000000e+00
3.877828e-03   2.796780e-30   3.000000e+00
3.913746e-03   3.606737e-30   3.000000e+00
3.949995e-03   4.647565e-30   3.000000e+00
3.986581e-03   5.984012e-30   3.000000e+00
4.023506e-03   7.698684e-30   3.000000e+00
4.060772e-03   9.896887e-30   3.000000e+00
4.098384e-03   1.271276e-29   3.000000e+00
4.136344e-03   1.631703e-29   3.000000e+00
4.174655e-03   2.092685e-29   3.000000e+00
4.213322e-03   2.681815e-29   3.000000e+00
4.252346e-03   3.434132e-29   3.000000e+00
4.291732e-03   4.394096e-29   3.000000e+00
4.331483e-03   5.618073e-29   3.000000e+00
4.371602e-03   7.177475e-29   3.000000e+00
4.412093e-03   9.162699e-29   3.000000e+00
4.452959e-03   1.168809e-28   3.000000e+00
4.494203e-03   1.489818e-28   3.000000e+00
4.535829e-03   1.897550e-28   3.000000e+00
4.577841e-03   2.415042e-28   3.000000e+00
4.620241e-03   3.071346e-28   3.000000e+00
4.663035e-03   3.903070e-28   3.000000e+00
4.706225e-03   4.956309e-28   3.000000e+00
4.749815e-03   6.289062e-28   3.000000e+00
4.793808e-03   7.974251e-28   3.000000e+00
4.838210e-03   1.010349e-27   3.000000e+00
4.883022e-03   1.279179e-27   3.000000e+00
4.928250e-03   1.618344e-27   3.000000e+00
4.973896e-03   2.045930e-27   3.000000e+00
5.019965e-03   2.584593e-27   3.000000e+00
5.066461e-03   3.262690e-27   3.000000e+00
5.113388e-03   4.115693e-27   3.000000e+00
5.160749e-03   5.187934e-27   3.000000e+00
5.208549e-03   6.534783e-27   3.000000e+00
5.256791e-03   8.225348e-27   3.000000e+00
5.305481e-03   1.034581e-26   3.000000e+00
5.354621e-03   1.300359e-26   3.000000e+00
5.404216e-03   1.633243e-26   3.000000e+00
5.454271e-03   2.049881e-26   3.000000e+00
5.504790e-03   2.570973e-26   3.000000e+00
5.555776e-03   3.222245e-26   3.000000e+00
5.607235e-03   4.035640e-26   3.000000e+00
5.659170e-03   5.050800e-26   3.000000e+00
5.711586e-03   6.316883e-26   3.000000e+00
5.764488e-03   7.894803e-26   3.000000e+00
5.817880e-03   9.859990e-26   3.000000e+00
5.871766e-03   1.230578e-25   3.000000e+00
5.926152e-03   1.534761e-25   3.000000e+00
5.981041e-03   1.912809e-25   3.000000e+00
6.036439e-03   2.382335e-25   3.000000e+00
6.092349e-03   2.965074e-25   3.000000e+00
6.148778e-03   3.687826e-25   3.000000e+00
6.205729e-03   4.583619e-25   3.000000e+00
6.263207e-03   5.693125e-25   3.000000e+00
6.321218e-03   7.066395e-25   3.000000e+00
6.379767e-03   8.764981e-25   3.000000e+00
6.438857e-03   1.086453e-24   3.000000e+00
6.498495e-03   1.345794e-24   3.000000e+00
6.558686e-03   1.665922e-24   3.000000e+00
6.619433e-03   2.060821e-24   3.000000e+00
6.680744e-03   2.547630e-24   3.000000e+00
6.742622e-03   3.147341e-24   3.000000e+00
6.805074e-03   3.885646e-24   3.000000e+00
6.868104e-03   4.793976e-24   3.000000e+00
6.931717e-03   5.910746e-24   3.000000e+00
6.995920e-03   7.282887e-24   3.000000e+00
7.060718e-03   8.967689e-24   3.000000e+00
7.126115e-03   1.103504e-23   3.000000e+00
7.192119e-03   1.357016e-23   3.000000e+00
7.258734e-03   1.667686e-23   3.000000e+00
7.325965e-03   2.048154e-23   3.000000e+00
7.393820e-03   2.513801e-23   3.000000e+00
7.462303e-03   3.083331e-23   3.000000e+00
7.531420e-03   3.779472e-23   3.000000e+00
7.601178e-03   4.629827e-23   3.000000e+00
7.671581e-03   5.667894e-23   3.000000e+00
7.742637e-03   6.934306e-23   3.000000e+00
7.814351e-03   8.478313e-23   3.000000e+00
7.886729e-03   1.035957e-22   3.000000e+00
7.959777e-03   1.265031e-22   3.000000e+00
8.033502e-03   1.543789e-22   3.000000e+00
8.107910e-03   1.882796e-22   3.000000e+00
8.183007e-03   2.294816e-22   3.000000e+00
8.258799e-03   2.795263e-22   3.000000e+00
8.335294e-03   3.402738e-22   3.000000e+00
8.412497e-03   4.139674e-22   3.000000e+00
8.490415e-03   5.033109e-22   3.000000e+00
8.569055e-03   6.115613e-22   3.000000e+00
8.648423e-03   7.426394e-22   3.000000e+00
8.728527e-03   9.012619e-22   3.000000e+00
8.809372e-03   1.093100e-21   3.000000e+00
8.890966e-03   1.324968e-21   3.000000e+00
8.973316e-03   1.605050e-21   3.000000e+00
9.056428e-03   1.943167e-21   3.000000e+00
9.140311e-03   2.351098e-21   3.000000e+00
9.224970e-03   2.842963e-21   3.000000e+00
9.310413e-03   3.435678e-21   3.000000e+00
9.396648e-03   4.149495e-21   3.000000e+00
9.483682e-03   5.008645e-21   3.000000e+00
9.571522e-03   6.042107e-21   3.000000e+00
9.660175e-03   7.284512e-21   3.000000e+00
9.749649e-03   8.777224e-21   3.000000e+00
9.839952e-03   1.056962e-20   3.000000e+00
9.931092e-03   1.272061e-20   3.000000e+00
1.002308e-02   1.530042e-20   3.000000e+00
1.011591e-02   1.839274e-20   3.000000e+00
1.020961e-02   2.209725e-20   3.000000e+00
1.030417e-02   2.653257e-20   3.000000e+00
1.039961e-02   3.183982e-20   3.000000e+00
1.049593e-02   3.818675e-20   3.000000e+00
1.059315e-02   4.577269e-20   3.000000e+00
1.069126e-02   5.483434e-20   3.000000e+00
1.079029e-02   6.565260e-20   3.000000e+00
1.089023e-02   7.856067e-20   3.000000e+00
1.099110e-02   9.395353e-20   3.000000e+00
1.109290e-02   1.122991e-19   3.000000e+00
1.119564e-02   1.341516e-19   3.000000e+00
1.129934e-02   1.601668e-19   3.000000e+00
1.140400e-02   1.911201e-19   3.000000e+00
1.150962e-02   2.279287e-19   3.000000e+00
1.161623e-02   2.716756e-19   3.000000e+00
1.172382e-02   3.236400e-19   3.000000e+00
1.183241e-02   3.853315e-19   3.000000e+00
1.194200e-02   4.585303e-19   3.000000e+00
1.205261e-02   5.453354e-19   3.000000e+00
1.216424e-02   6.482197e-19   3.000000e+00
1.227691e-02   7.700949e-19   3.000000e+00
1.239062e-02   9.143882e-19   3.000000e+00
1.250539e-02   1.085130e-18   3.000000e+00
1.262121e-02   1.287061e-18   3.000000e+00
1.273811e-02   1.525747e-18   3.000000e+00
1.285610e-02   1.807729e-18   3.000000e+00
1.297517e-02   2.140680e-18   3.000000e+00
1.309535e-02   2.533605e-18   3.000000e+00
1.321664e-02   2.997060e-18   3.000000e+00
1.333906e-02   3.543414e-18   3.000000e+00
1.346261e-02   4.187155e-18   3.000000e+00
1.358730e-02   4.945243e-18   3.000000e+00
1.371315e-02   5.837520e-18   3.000000e+00
1.384016e-02   6.887187e-18   3.000000e+00
1.396835e-02   8.121364e-18   3.000000e+00
1.409773e-02   9.571725e-18   3.000000e+00
1.422830e-02   1.127526e-17   3.000000e+00
1.436009e-02   1.327511e-17   3.000000e+00
1.449310e-02   1.562162e-17   3.000000e+00
1.462733e-02   1.837347e-17   3.000000e+00
1.476281e-02   2.159901e-17   3.000000e+00
1.489955e-02   2.537786e-17   3.000000e+00
1.503755e-02   2.980266e-17   3.000000e+00
1.517683e-02   3.498120e-17   3.000000e+00
1.531740e-02   4.103881e-17   3.000000e+00
1.545928e-02   4.812115e-17   3.000000e+00
1.560246e-02   5.639737e-17   3.000000e+00
1.574698e-02   6.606389e-17   3.000000e+00
1.589283e-02   7.734860e-17   3.000000e+00
1.604003e-02   9.051582e-17   3.000000e+00
1.618860e-02   1.058720e-16   3.000000e+00
1.633854e-02   1.237720e-16   3.000000e+00
1.648987e-02   1.446271e-16   3.000000e+00
1.664260e-02   1.689131e-16   3.000000e+00
1.679675e-02   1.971805e-16   3.000000e+00
1.695232e-02   2.300659e-16   3.000000e+00
1.710934e-02   2.683050e-16   3.000000e+00
1.726781e-02   3.127479e-16   3.000000e+00
1.742775e-02   3.643759e-16   3.000000e+00
1.758917e-02   4.243217e-16   3.000000e+00
1.775208e-02   4.938916e-16   3.000000e+00
1.791650e-02   5.745921e-16   3.000000e+00
1.808245e-02   6.681591e-16   3.000000e+00
1.824993e-02   7.765921e-16   3.000000e+00
1.841897e-02   9.021931e-16   3.000000e+00
1.858957e-02   1.047611e-15   3.000000e+00
1.876175e-02   1.215894e-15   3.000000e+00
1.893552e-02   1.410543e-15   3.000000e+00
1.911091e-02   1.635585e-15   3.000000e+00
1.928792e-02   1.895643e-15   3.000000e+00
1.946656e-02   2.196025e-15   3.000000e+00
1.964687e-02   2.542822e-15   3.000000e+00
1.982884e-02   2.943018e-15   3.000000e+00
2.001250e-02   3.404624e-15   3.000000e+00
2.019786e-02   3.936816e-15   3.000000e+00
2.038493e-02   4.550106e-15   3.000000e+00
2.057374e-02   5.256526e-15   3.000000e+00
2.076430e-02   6.069846e-15   3.000000e+00
2.095662e-02   7.005816e-15   3.000000e+00
2.115073e-02   8.082442e-15   3.000000e+00
2.134663e-02   9.320300e-15   3.000000e+00
2.154435e-02   1.074289e-14   3.000000e+00
2.174389e-02   1.237705e-14   3.000000e+00
2.194529e-02   1.425339e-14   3.000000e+00
2.214855e-02   1.640685e-14   3.000000e+00
2.235370e-02   1.887725e-14   3.000000e+00
2.256074e-02   2.170996e-14   3.000000e+00
2.276970e-02   2.495670e-14   3.000000e+00
2.298060e-02   2.867631e-14   3.000000e+00
2.319345e-02   3.293581e-14   3.000000e+00
2.340827e-02   3.781140e-14   3.000000e+00
2.362508e-02   4.338974e-14   3.000000e+00
2.384390e-02   4.976935e-14   3.000000e+00
2.406475e-02   5.706214e-14   3.000000e+00
2.428764e-02   6.539519e-14   3.000000e+00
2.451260e-02   7.491278e-14   3.000000e+00
2.473964e-02   8.577858e-14   3.000000e+00
2.496878e-02   9.817825e-14   3.000000e+00
2.520005e-02   1.123222e-13   3.000000e+00
2.543346e-02   1.284490e-13   3.000000e+00
2.566903e-02   1.468287e-13   3.000000e+00
2.590678e-02   1.677672e-13   3.000000e+00
2.614673e-02   1.916105e-13   3.000000e+00
2.638891e-02   2.187502e-13   3.000000e+00
2.663333e-02   2.496290e-13   3.000000e+00
2.688001e-02   2.847473e-13   3.000000e+00
2.712898e-02   3.246705e-13   3.000000e+00
2.738025e-02   3.700370e-13   3.000000e+00
2.763385e-02   4.215676e-13   3.000000e+00
2.788980e-02   4.800754e-13   3.000000e+00
2.814812e-02   5.464778e-13   3.000000e+00
2.840884e-02   6.218090e-13   3.000000e+00
2.867196e-02   7.072343e-13   3.000000e+00
2.893753e-02   8.040668e-13   3.000000e+00
2.920556e-02   9.137848e-13   3.000000e+00
2.947606e-02   1.038052e-12   3.000000e+00
2.974908e-02   1.178742e-12   3.000000e+00
3.002462e-02   1.337959e-12   3.000000e+00
3.030271e-02   1.518071e-12   3.000000e+00
3.058338e-02   1.721739e-12   3.000000e+00
3.086665e-02   1.951949e-12   3.000000e+00
3.115254e-02   2.212059e-12   3.000000e+00
3.144108e-02   2.505833e-12   3.000000e+00
3.173230e-02   2.837497e-12   3.000000e+00
3.202621e-02   3.211791e-12   3.000000e+00
3.232284e-02   3.634025e-12   3.000000e+00
3.262222e-02   4.110154e-12   3.000000e+00
3.292437e-02   4.646846e-12   3.000000e+00
3.322933e-02   5.251568e-12   3.000000e+00
3.353710e-02   5.932678e-12   3.000000e+00
3.384773e-02   6.699527e-12   3.000000e+00
3.416123e-02   7.562573e-12   3.000000e+00
3.447764e-02   8.533509e-12   3.000000e+00
3.479698e-02   9.625403e-12   3.000000e+00
3.511928e-02   1.085285e-11   3.000000e+00
3.544456e-02   1.223215e-11   3.000000e+00
3.577285e-02   1.378151e-11   3.000000e+00
3.610419e-02   1.552121e-11   3.000000e+00
3.643859e-02   1.747392e-11   3.000000e+00
3.677609e-02   1.966488e-11   3.000000e+00
3.711672e-02   2.212224e-11   3.000000e+00
3.746050e-02   2.487734e-11   3.000000e+00
3.780747e-02   2.796512e-11   3.000000e+00
3.815765e-02   3.142445e-11   3.000000e+00
3.851107e-02   3.529860e-11   3.000000e+00
3.886777e-02   3.963569e-11   3.000000e+00
3.922777e-02   4.448927e-11   3.000000e+00
3.959110e-02   4.991883e-11   3.000000e+00
3.995780e-02   5.599049e-11   3.000000e+00
4.032790e-02   6.277770e-11   3.000000e+00
4.070142e-02   7.036202e-11   3.000000e+00
4.107841e-02   7.883398e-11   3.000000e+00
4.145888e-02   8.829404e-11   3.000000e+00
4.184289e-02   9.885362e-11   3.000000e+00
4.223044e-02   1.106363e-10   3.000000e+00
4.262159e-02   1.237789e-10   3.000000e+00
4.301636e-02   1.384333e-10   3.000000e+00
4.341478e-02   1.547674e-10   3.000000e+00
4.381690e-02   1.729675e-10   3.000000e+00
4.422274e-02   1.932393e-10   3.000000e+00
4.463234e-02   2.158107e-10   3.000000e+00
4.504573e-02   2.409338e-10   3.000000e+00
4.546295e-02   2.688872e-10   3.000000e+00
4.588404e-02   2.999788e-10   3.000000e+00
4.630903e-02   3.345489e-10   3.000000e+00
4.673795e-02   3.729733e-10   3.000000e+00
4.717085e-02   4.156669e-10   3.000000e+00
4.760775e-02   4.630875e-10   3.000000e+00
4.804870e-02   5.157405e-10   3.000000e+00
4.849374e-02   5.741830e-10   3.000000e+00
4.894290e-02   6.390294e-10   3.000000e+00
4.939622e-02   7.109569e-10   3.000000e+00
4.985373e-02   7.907114e-10   3.000000e+00
5.031549e-02   8.791149e-10   3.000000e+00
5.078152e-02   9.770719e-10   3.000000e+00
5.125187e-02   1.085578e-09   3.000000e+00
5.172657e-02   1.205730e-09   3.000000e+00
5.220568e-02   1.338732e-09   3.000000e+00
5.268921e-02   1.485909e-09   3.000000e+00
5.317723e-02   1.648719e-09   3.000000e+00
5.366977e-02   1.828762e-09   3.000000e+00
5.416687e-02   2.027795e-09   3.000000e+00
5.466857e-02   2.247750e-09   3.000000e+00
5.517492e-02   2.490745e-09   3.000000e+00
5.568596e-02   2.759107e-09   3.000000e+00
5.620174e-02   3.055386e-09   3.000000e+00
5.672229e-02   3.382381e-09   3.000000e+00
5.724766e-02   3.743158e-09   3.000000e+00
5.777790e-02   4.141079e-09   3.000000e+00
5.831305e-02   4.579826e-09   3.000000e+00
5.885316e-02   5.063433e-09   3.000000e+00
5.939827e-02   5.596316e-09   3.000000e+00
5.994843e-02   6.183308e-09   3.000000e+00
6.050368e-02   6.829697e-09   3.000000e+00
6.106408e-02   7.541269e-09   3.000000e+00
6.162966e-02   8.324348e-09   3.000000e+00
6.220049e-02   9.185849e-09   3.000000e+00
6.277660e-02   1.013333e-08   3.000000e+00
6.335805e-02   1.117504e-08   3.000000e+00
6.394488e-02   1.232000e-08   3.000000e+00
6.453715e-02   1.357804e-08   3.000000e+00
6.513491e-02   1.495992e-08   3.000000e+00
6.573820e-02   1.647734e-08   3.000000e+00
6.634708e-02   1.814310e-08   3.000000e+00
6.696160e-02   1.997112e-08   3.000000e+00
6.758181e-02   2.197661e-08   3.000000e+00
6.820777e-02   2.417612e-08   3.000000e+00
6.883952e-02   2.658769e-08   3.000000e+00
6.947713e-02   2.923096e-08   3.000000e+00
7.012064e-02   3.212732e-08   3.000000e+00
7.077011e-02   3.530005e-08   3.000000e+00
7.142559e-02   3.877447e-08   3.000000e+00
7.208715e-02   4.257814e-08   3.000000e+00
7.275484e-02   4.674102e-08   3.000000e+00
7.342870e-02   5.129567e-08   3.000000e+00
7.410882e-02   5.627750e-08   3.000000e+00
7.479523e-02   6.172495e-08   3.000000e+00
7.548799e-02   6.767980e-08   3.000000e+00
7.618718e-02   7.418740e-08   3.000000e+00
7.689284e-02   8.129698e-08   3.000000e+00
7.760503e-02   8.906198e-08   3.000000e+00
7.832383e-02   9.754034e-08   3.000000e+00
7.904928e-02   1.067949e-07   3.000000e+00
7.978145e-02   1.168939e-07   3.000000e+00
8.052040e-02   1.279112e-07   3.000000e+00
8.126619e-02   1.399267e-07   3.000000e+00
8.201889e-02   1.530274e-07   3.000000e+00
8.277857e-02   1.673070e-07   3.000000e+00
8.354528e-02   1.828673e-07   3.000000e+00
8.431909e-02   1.998183e-07   3.000000e+00
8.510007e-02   2.182792e-07   3.000000e+00
8.588829e-02   2.383787e-07   3.000000e+00
8.668380e-02   2.602564e-07   3.000000e+00
8.748668e-02   2.840628e-07   3.000000e+00
8.829700e-02   3.099607e-07   3.000000e+00
8.911482e-02   3.381262e-07   3.000000e+00
8.994022e-02   3.687493e-07   3.000000e+00
9.077327e-02   4.020354e-07   3.000000e+00
9.161402e-02   4.382062e-07   3.000000e+00
9.246257e-02   4.775009e-07   3.000000e+00
9.331898e-02   5.201777e-07   3.000000e+00
9.418332e-02   5.665152e-07   3.000000e+00
9.505566e-02   6.168138e-07   3.000000e+00
9.593608e-02   6.713976e-07   3.000000e+00
9.682466e-02   7.306156e-07   3.000000e+00
9.772147e-02   7.948442e-07   3.000000e+00
9.862658e-02   8.644889e-07   3.000000e+00
9.954008e-02   9.399865e-07   3.000000e+00
1.004620e-01   1.021807e-06   3.000000e+00
1.013925e-01   1.110457e-06   3.000000e+00
1.023317e-01   1.206481e-06   3.000000e+00
1.032795e-01   1.310465e-06   3.000000e+00
1.042361e-01   1.423041e-06   3.000000e+00
1.052015e-01   1.544886e-06   3.000000e+00
1.061759e-01   1.676729e-06   3.000000e+00
1.071593e-01   1.819354e-06   3.000000e+00
1.081519e-01   1.973604e-06   3.000000e+00
1.091536e-01   2.140384e-06   3.000000e+00
1.101646e-01   2.320664e-06   3.000000e+00
1.111850e-01   2.515490e-06   3.000000e+00
1.122148e-01   2.725980e-06   3.000000e+00
1.132541e-01   2.953338e-06   3.000000e+00
1.143031e-01   3.198854e-06   3.000000e+00
1.153618e-01   3.463911e-06   3.000000e+00
1.164303e-01   3.749995e-06   3.000000e+00
1.175087e-01   4.058695e-06   3.000000e+00
1.185971e-01   4.391719e-06   3.000000e+00
1.196956e-01   4.750895e-06   3.000000e+00
1.208042e-01   5.138181e-06   3.000000e+00
1.219231e-01   5.555676e-06   3.000000e+00
1.230524e-01   6.005626e-06   3.000000e+00
1.241921e-01   6.490438e-06   3.000000e+00
1.253424e-01   7.012687e-06   3.000000e+00
1.265034e-01   7.575129e-06   3.000000e+00
1.276751e-01   8.180711e-06   3.000000e+00
1.288576e-01   8.832590e-06   3.000000e+00
1.300511e-01   9.534137e-06   3.000000e+00
1.312557e-01   1.028896e-05   3.000000e+00
1.324714e-01   1.110091e-05   3.000000e+00
1.336984e-01   1.197411e-05   3.000000e+00
1.349367e-01   1.291297e-05   3.000000e+00
1.361865e-01   1.392217e-05   3.000000e+00
1.374479e-01   1.500676e-05   3.000000e+00
1.387210e-01   1.617208e-05   3.000000e+00
1.400058e-01   1.742387e-05   3.000000e+00
1.413026e-01   1.876824e-05   3.000000e+00
1.426114e-01   2.021170e-05   3.000000e+00
1.439323e-01   2.176122e-05   3.000000e+00
1.452654e-01   2.342422e-05   3.000000e+00
1.466109e-01   2.520861e-05   3.000000e+00
1.479688e-01   2.712283e-05   3.000000e+00
1.493393e-01   2.917588e-05   3.000000e+00
1.507225e-01   3.137737e-05   3.000000e+00
1.521186e-01   3.373750e-05   3.000000e+00
1.535275e-01   3.626718e-05   3.000000e+00
1.549495e-01   3.897801e-05   3.000000e+00
1.563847e-01   4.188237e-05   3.000000e+00
1.578331e-01   4.499343e-05   3.000000e+00
1.592950e-01   4.832522e-05   3.000000e+00
1.607704e-01   5.189269e-05   3.000000e+00
1.622595e-01   5.571175e-05   3.000000e+00
1.637624e-01   5.979934e-05   3.000000e+00
1.652792e-01   6.417351e-05   3.000000e+00
1.668101e-01   6.885347e-05   3.000000e+00
1.683551e-01   7.385967e-05   3.000000e+00
1.699144e-01   7.921388e-05   3.000000e+00
1.714882e-01   8.493930e-05   3.000000e+00
1.730766e-01   9.106059e-05   3.000000e+00
1.746796e-01   9.760404e-05   3.000000e+00
1.762975e-01   1.045976e-04   3.000000e+00
1.779304e-01   1.120712e-04   3.000000e+00
1.795785e-01   1.200564e-04   3.000000e+00
1.812418e-01   1.285870e-04   3.000000e+00
1.829205e-01   1.376992e-04   3.000000e+00
1.846147e-01   1.474312e-04   3.000000e+00
1.863246e-01   1.578239e-04   3.000000e+00
1.880504e-01   1.689210e-04   3.000000e+00
1.897922e-01   1.807688e-04   3.000000e+00
1.915501e-01   1.934169e-04   3.000000e+00
1.933242e-01   2.069182e-04   3.000000e+00
1.951148e-01   2.213291e-04   3.000000e+00
1.969220e-01   2.367098e-04   3.000000e+00
1.987460e-01   2.531246e-04   3.000000e+00
2.005868e-01   2.706422e-04   3.000000e+00
2.024447e-01   2.893359e-04   3.000000e+00
2.043197e-01   3.092844e-04   3.000000e+00
2.062122e-01   3.305714e-04   3.000000e+00
2.081222e-01   3.532868e-04   3.000000e+00
2.100498e-01   3.775267e-04   3.000000e+00
2.119953e-01   4.033941e-04   3.000000e+00
2.139589e-01   4.309992e-04   3.000000e+00
2.159406e-01   4.604604e-04   3.000000e+00
2.179407e-01   4.919044e-04   3.000000e+00
2.199593e-01   5.254672e-04   3.000000e+00
2.219966e-01   5.612948e-04   3.000000e+00
2.240528e-01   5.995441e-04   3.000000e+00
2.261280e-01   6.403833e-04   3.000000e+00
2.282224e-01   6.839935e-04   3.000000e+00
2.303363e-01   7.305692e-04   3.000000e+00
2.324697e-01   7.803196e-04   3.000000e+00
2.346229e-01   8.334697e-04   3.000000e+00
2.367960e-01   8.902618e-04   3.000000e+00
2.389893e-01   9.509565e-04   3.000000e+00
2.412028e-01   1.015834e-03   3.000000e+00
2.434369e-01   1.085197e-03   3.000000e+00
2.456916e-01   1.159371e-03   3.000000e+00
2.479673e-01   1.238706e-03   3.000000e+00
2.502640e-01   1.323580e-03   3.000000e+00
2.525820e-01   1.414399e-03   3.000000e+00
2.549215e-01   1.511602e-03   3.000000e+00
2.572826e-01   1.615660e-03   3.000000e+00
2.596656e-01   1.727082e-03   3.000000e+00
2.620707e-01   1.846416e-03   3.000000e+00
2.644980e-01   1.974250e-03   3.000000e+00
2.669478e-01   2.111220e-03   3.000000e+00
2.694204e-01   2.258010e-03   3.000000e+00
2.719158e-01   2.415355e-03   3.000000e+00
2.744343e-01   2.584046e-03   3.000000e+00
2.769762e-01   2.764934e-03   3.000000e+00
2.795416e-01   2.958934e-03   3.000000e+00
2.821308e-01   3.167030e-03   3.000000e+00
2.847439e-01   3.390279e-03   3.000000e+00
2.873813e-01   3.629814e-03   3.000000e+00
2.900430e-01   3.886855e-03   3.000000e+00
2.927295e-01   4.162706e-03   3.000000e+00
2.954408e-01   4.458770e-03   3.000000e+00
2.981772e-01   4.776546e-03   3.000000e+00
3.009390e-01   5.117644e-03   3.000000e+00
3.037264e-01   5.483782e-03   3.000000e+00
3.065395e-01   5.876803e-03   3.000000e+00
3.093788e-01   6.298674e-03   3.000000e+00
3.122443e-01   6.751498e-03   3.000000e+00
3.151363e-01   7.237518e-03   3.000000e+00
3.180552e-01   7.759131e-03   3.000000e+00
3.210011e-01   8.318888e-03   3.000000e+00
3.239743e-01   8.919511e-03   3.000000e+00
3.269750e-01   9.563894e-03   3.000000e+00
3.300035e-01   1.025512e-02   3.000000e+00
3.330600e-01   1.099646e-02   3.000000e+00
3.361449e-01   1.179140e-02   3.000000e+00
3.392583e-01   1.264363e-02   3.000000e+00
3.424006e-01   1.355707e-02   3.000000e+00
3.455720e-01   1.453586e-02   3.000000e+00
3.487727e-01   1.558441e-02   3.000000e+00
3.520031e-01   1.670736e-02   3.000000e+00
3.552635e-01   1.790964e-02   3.000000e+00
3.585540e-01   1.919644e-02   3.000000e+00
3.618750e-01   2.057326e-02   3.000000e+00
3.652267e-01   2.204586e-02   3.000000e+00
3.686095e-01   2.362037e-02   3.000000e+00
3.720237e-01   2.530319e-02   3.000000e+00
3.754694e-01   2.710110e-02   3.000000e+00
3.789471e-01   2.902119e-02   3.000000e+00
3.824570e-01   3.107095e-02   3.000000e+00
3.859994e-01   3.325820e-02   3.000000e+00
3.895746e-01   3.559118e-02   3.000000e+00
3.931829e-01   3.807851e-02   3.000000e+00
3.968246e-01   4.072921e-02   3.000000e+00
4.005001e-01   4.355275e-02   3.000000e+00
4.042096e-01   4.655900e-02   3.000000e+00
4.079535e-01   4.975829e-02   3.000000e+00
4.117320e-01   5.316140e-02   3.000000e+00
4.155455e-01   5.677958e-02   3.000000e+00
4.193944e-01   6.062457e-02   3.000000e+00
4.232789e-01   6.470859e-02   3.000000e+00
4.271994e-01   6.904435e-02   3.000000e+00
4.311562e-01   7.364509e-02   3.000000e+00
4.351497e-01   7.852457e-02   3.000000e+00
4.391801e-01   8.369707e-02   3.000000e+00
4.432479e-01   8.917743e-02   3.000000e+00
4.473533e-01   9.498103e-02   3.000000e+00
4.514968e-01   1.011238e-01   3.000000e+00
4.556786e-01   1.076223e-01   3.000000e+00
4.598992e-01   1.144937e-01   3.000000e+00
4.641589e-01   1.217555e-01   3.000000e+00
4.684580e-01   1.294262e-01   3.000000e+00
4.727970e-01   1.375245e-01   3.000000e+00
4.771761e-01   1.460701e-01   3.000000e+00
4.815958e-01   1.550830e-01   3.000000e+00
4.860564e-01   1.645840e-01   3.000000e+00
4.905584e-01   1.745946e-01   3.000000e+00
4.951020e-01   1.851367e-01   3.000000e+00
4.996877e-01   1.962331e-01   3.000000e+00
5.043159e-01   2.079072e-01   3.000000e+00
5.089870e-01   2.201829e-01   3.000000e+00
5.137014e-01   2.330850e-01   3.000000e+00
5.184594e-01   2.466388e-01   3.000000e+00
5.232614e-01   2.608704e-01   3.000000e+00
5.281080e-01   2.758065e-01   3.000000e+00
5.329994e-01   2.914747e-01   3.000000e+00
5.379362e-01   3.079029e-01   3.000000e+00
5.429186e-01   3.251202e-01   3.000000e+00
5.479472e-01   3.431561e-01   3.000000e+00
5.530224e-01   3.620410e-01   3.000000e+00
5.581446e-01   3.818057e-01   3.000000e+00
5.633143e-01   4.024823e-01   3.000000e+00
5.685318e-01   4.241031e-01   3.000000e+00
5.737976e-01   4.467015e-01   3.000000e+00
5.791123e-01   4.703117e-01   3.000000e+00
5.844761e-01   4.949684e-01   3.000000e+00
5.898896e-01   5.207073e-01   3.000000e+00
5.953533e-01   5.475648e-01   3.000000e+00
6.008676e-01   5.755784e-01   3.000000e+00
6.064329e-01   6.047862e-01   3.000000e+00
6.120498e-01   6.352270e-01   3.000000e+00
6.177188e-01   6.669409e-01   3.000000e+00
6.234402e-01   6.999685e-01   3.000000e+00
6.292146e-01   7.343517e-01   3.000000e+00
6.350425e-01   7.701330e-01   3.000000e+00
6.409244e-01   8.073560e-01   3.000000e+00
6.468608e-01   8.460653e-01   3.000000e+00
6.528521e-01   8.863066e-01   3.000000e+00
6.588990e-01   9.281266e-01   3.000000e+00
6.650018e-01   9.715731e-01   3.000000e+00
6.711612e-01   1.016695e+00   3.000000e+00
6.773776e-01   1.063542e+00   3.000000e+00
6.836516e-01   1.112166e+00   3.000000e+00
6.899837e-01   1.162620e+00   3.000000e+00
6.963745e-01   1.214957e+00   3.000000e+00
7.028244e-01   1.269232e+00   3.000000e+00
7.093341e-01   1.325503e+00   3.000000e+00
7.159041e-01   1.383827e+00   3.000000e+00
7.225349e-01   1.444265e+00   3.000000e+00
7.292272e-01   1.506877e+00   3.000000e+00
7.359814e-01   1.571727e+00   3.000000e+00
7.427982e-01   1.638879e+00   3.000000e+00
7.496782e-01   1.708400e+00   3.000000e+00
7.566219e-01   1.780360e+00   3.000000e+00
7.636298e-01   1.854828e+00   3.000000e+00
7.707027e-01   1.931877e+00   3.000000e+00
7.778411e-01   2.011582e+00   3.000000e+00
7.850456e-01   2.094022e+00   3.000000e+00
7.923169e-01   2.179275e+00   3.000000e+00
7.996555e-01   2.267424e+00   3.000000e+00
8.070620e-01   2.358554e+00   3.000000e+00
8.145372e-01   2.452754e+00   3.000000e+00
8.220816e-01   2.550114e+00   3.000000e+00
8.296959e-01   2.650728e+00   3.000000e+00
8.373807e-01   2.754694e+00   3.000000e+00
8.451366e-01   2.862113e+00   3.000000e+00
8.529644e-01   2.973088e+00   3.000000e+00
8.608648e-01   3.087729e+00   3.000000e+00
8.688383e-01   3.206147e+00   3.000000e+00
8.768856e-01   3.328459e+00   3.000000e+00
8.850075e-01   3.454786e+00   3.000000e+00
8.932046e-01   3.585252e+00   3.000000e+00
9.014776e-01   3.719988e+00   3.000000e+00
9.098273e-01   3.859129e+00   3.000000e+00
9.182543e-01   4.002815e+00   3.000000e+00
9.267593e-01   4.151193e+00   3.000000e+00
9.353432e-01   4.304413e+00   3.000000e+00
9.440065e-01   4.462633e+00   3.000000e+00
9.527500e-01   4.626018e+00   3.000000e+00
9.615746e-01   4.794737e+00   3.000000e+00
9.704809e-01   4.968968e+00   3.000000e+00
9.794697e-01   5.148896e+00   3.000000e+00
9.885417e-01   5.334712e+00   3.000000e+00
9.976978e-01   5.526616e+00   3.000000e+00
1.006939e+00   5.724817e+00   3.000000e+00
1.016265e+00   5.929531e+00   3.000000e+00
1.025678e+00   6.140984e+00   3.000000e+00
1.035178e+00   6.359410e+00   3.000000e+00
1.044766e+00   6.585053e+00   3.000000e+00
1.054443e+00   6.818169e+00   3.000000e+00
1.064209e+00   7.059023e+00   3.000000e+00
1.074066e+00   7.307891e+00   3.000000e+00
1.084014e+00   7.565059e+00   3.000000e+00
1.094055e+00   7.830829e+00   3.000000e+00
1.104188e+00   8.105511e+00   3.000000e+00
1.114415e+00   8.389430e+00   3.000000e+00
1.124737e+00   8.682925e+00   3.000000e+00
1.135155e+00   8.986348e+00   3.000000e+00
1.145669e+00   9.300065e+00   3.000000e+00
1.156280e+00   9.624459e+00   3.000000e+00
1.166990e+00   9.959926e+00   3.000000e+00
1.177799e+00   1.030688e+01   3.000000e+00
1.188708e+00   1.066575e+01   3.000000e+00
1.199718e+00   1.103699e+01   3.000000e+00
1.210830e+00   1.142107e+01   3.000000e+00
1.222045e+00   1.181846e+01   3.000000e+00
1.233363e+00   1.222967e+01   3.000000e+00
1.244787e+00   1.265524e+01   3.000000e+00
1.256317e+00   1.309570e+01   3.000000e+00
1.267953e+00   1.355163e+01   3.000000e+00
1.279697e+00   1.402362e+01   3.000000e+00
1.291550e+00   1.451229e+01   3.000000e+00
1.303512e+00   1.501827e+01   3.000000e+00
1.315586e+00   1.554223e+01   3.000000e+00
1.327771e+00   1.608486e+01   3.000000e+00
1.340069e+00   1.664688e+01   3.000000e+00
1.352481e+00   1.722905e+01   3.000000e+00
1.365008e+00   1.783213e+01   3.000000e+00
1.377651e+00   1.845695e+01   3.000000e+00
1.390411e+00   1.910432e+01   3.000000e+00
1.403289e+00   1.977514e+01   3.000000e+00
1.416287e+00   2.047030e+01   3.000000e+00
1.429405e+00   2.119075e+01   3.000000e+00
1.442644e+00   2.193746e+01   3.000000e+00
1.456006e+00   2.271144e+01   3.000000e+00
1.469492e+00   2.351377e+01   3.000000e+00
1.483103e+00   2.434551e+01   3.000000e+00
1.496839e+00   2.520783e+01   3.000000e+00
1.510703e+00   2.610188e+01   3.000000e+00
1.524696e+00   2.702890e+01   3.000000e+00
1.538818e+00   2.799015e+01   3.000000e+00
1.553071e+00   2.898696e+01   3.000000e+00
1.567455e+00   3.002069e+01   3.000000e+00
1.581973e+00   3.109275e+01   3.000000e+00
1.596626e+00   3.220462e+01   3.000000e+00
1.611414e+00   3.335783e+01   3.000000e+00
1.626340e+00   3.455394e+01   3.000000e+00
1.641403e+00   3.579461e+01   3.000000e+00
1.656606e+00   3.708153e+01   3.000000e+00
1.671950e+00   3.841647e+01   3.000000e+00
1.687436e+00   3.980124e+01   3.000000e+00
1.703065e+00   4.123775e+01   3.000000e+00
1.718839e+00   4.272794e+01   3.000000e+00
1.734759e+00   4.427387e+01   3.000000e+00
1.750827e+00   4.587762e+01   3.000000e+00
1.767044e+00   4.754137e+01   3.000000e+00
1.783410e+00   4.926740e+01   3.000000e+00
1.799929e+00   5.105803e+01   3.000000e+00
1.816600e+00   5.291568e+01   3.000000e+00
1.833425e+00   5.484287e+01   3.000000e+00
1.850407e+00   5.684219e+01   3.000000e+00
1.867546e+00   5.891633e+01   3.000000e+00
1.884843e+00   6.106807e+01   3.000000e+00
1.902301e+00   6.330028e+01   3.000000e+00
1.919921e+00   6.561595e+01   3.000000e+00
1.937703e+00   6.801816e+01   3.000000e+00
1.955651e+00   7.051010e+01   3.000000e+00
1.973764e+00   7.309507e+01   3.000000e+00
1.992046e+00   7.577648e+01   3.000000e+00
2.010496e+00   7.855787e+01   3.000000e+00
2.029118e+00   8.144289e+01   3.000000e+00
2.047912e+00   8.443531e+01   3.000000e+00
2.066880e+00   8.753904e+01   3.000000e+00
2.086024e+00   9.075812e+01   3.000000e+00
2.105345e+00   9.409673e+01   3.000000e+00
2.124845e+00   9.755918e+01   3.000000e+00
2.144526e+00   1.011499e+02   3.000000e+00
2.164389e+00   1.048736e+02   3.000000e+00
2.184436e+00   1.087349e+02   3.000000e+00
2.204669e+00   1.127389e+02   3.000000e+00
2.225089e+00   1.168905e+02   3.000000e+00
2.245698e+00   1.211952e+02   3.000000e+00
2.266498e+00   1.256581e+02   3.000000e+00
2.287491e+00   1.302851e+02   3.000000e+00
2.308678e+00   1.350819e+02   3.000000e+00
2.330061e+00   1.400545e+02   3.000000e+00
2.351643e+00   1.452090e+02   3.000000e+00
2.373424e+00   1.505519e+02   3.000000e+00
2.395407e+00   1.560897e+02   3.000000e+00
2.417594e+00   1.618293e+02   3.000000e+00
2.439986e+00   1.677776e+02   3.000000e+00
2.462586e+00   1.739420e+02   3.000000e+00
2.485395e+00   1.803299e+02   3.000000e+00
2.508415e+00   1.869491e+02   3.000000e+00
2.531648e+00   1.938074e+02   3.000000e+00
2.555097e+00   2.009133e+02   3.000000e+00
2.578763e+00   2.082751e+02   3.000000e+00
2.602648e+00   2.159016e+02   3.000000e+00
2.626754e+00   2.238019e+02   3.000000e+00
2.651084e+00   2.319852e+02   3.000000e+00
2.675638e+00   2.404613e+02   3.000000e+00
2.700421e+00   2.492400e+02   3.000000e+00
2.725433e+00   2.583316e+02   3.000000e+00
2.750676e+00   2.677466e+02   3.000000e+00
2.776153e+00   2.774959e+02   3.000000e+00
2.801867e+00   2.875908e+02   3.000000e+00
2.827818e+00   2.980427e+02   3.000000e+00
2.854010e+00   3.088637e+02   3.000000e+00
2.880444e+00   3.200660e+02   3.000000e+00
2.907123e+00   3.316624e+02   3.000000e+00
2.934050e+00   3.436658e+02   3.000000e+00
2.961225e+00   3.560898e+02   3.000000e+00
2.988653e+00   3.689482e+02   3.000000e+00
3.016334e+00   3.822554e+02   3.000000e+00
3.044272e+00   3.960260e+02   3.000000e+00
3.072469e+00   4.102753e+02   3.000000e+00
3.100927e+00   4.250188e+02   3.000000e+00
3.129648e+00   4.402727e+02   3.000000e+00
3.158635e+00   4.560537e+02   3.000000e+00
3.187891e+00   4.723787e+02   3.000000e+00
3.217418e+00   4.892655e+02   3.000000e+00
3.247218e+00   5.067320e+02   3.000000e+00
3.277295e+00   5.247971e+02   3.000000e+00
3.307650e+00   5.434799e+02   3.000000e+00
3.338286e+00   5.628002e+02   3.000000e+00
3.369206e+00   5.827784e+02   3.000000e+00
3.400412e+00   6.034355e+02   3.000000e+00
3.431907e+00   6.247931e+02   3.000000e+00
3.463694e+00   6.468733e+02   3.000000e+00
3.495776e+00   6.696991e+02   3.000000e+00
3.528154e+00   6.932941e+02   3.000000e+00
3.560833e+00   7.176823e+02   3.000000e+00
3.593814e+00   7.428888e+02   3.000000e+00
3.627100e+00   7.689393e+02   3.000000e+00
3.660695e+00   7.958600e+02   3.000000e+00
3.694601e+00   8.236782e+02   3.000000e+00
3.728821e+00   8.524218e+02   3.000000e+00
3.763358e+00   8.821194e+02   3.000000e+00
3.798215e+00   9.128007e+02   3.000000e+00
3.833395e+00   9.444960e+02   3.000000e+00
3.868901e+00   9.772365e+02   3.000000e+00
3.904735e+00   1.011055e+03   3.000000e+00
3.940902e+00   1.045983e+03   3.000000e+00
3.977403e+00   1.082056e+03   3.000000e+00
4.014242e+00   1.119308e+03   3.000000e+00
4.051423e+00   1.157775e+03   3.000000e+00
4.088948e+00   1.197495e+03   3.000000e+00
4.126821e+00   1.238504e+03   3.000000e+00
4.165044e+00   1.280843e+03   3.000000e+00
4.203622e+00   1.324550e+03   3.000000e+00
4.242556e+00   1.369668e+03   3.000000e+00
4.281852e+00   1.416239e+03   3.000000e+00
4.321511e+00   1.464306e+03   3.000000e+00
4.361538e+00   1.513913e+03   3.000000e+00
4.401935e+00   1.565107e+03   3.000000e+00
4.442707e+00   1.617935e+03   3.000000e+00
4.483856e+00   1.672444e+03   3.000000e+00
4.525386e+00   1.728686e+03   3.000000e+00
4.567301e+00   1.786711e+03   3.000000e+00
4.609604e+00   1.846571e+03   3.000000e+00
4.652300e+00   1.908321e+03   3.000000e+00
4.695390e+00   1.972015e+03   3.000000e+00
4.738880e+00   2.037711e+03   3.000000e+00
4.782772e+00   2.105466e+03   3.000000e+00
4.827071e+00   2.175342e+03   3.000000e+00
4.871780e+00   2.247398e+03   3.000000e+00
4.916904e+00   2.321698e+03   3.000000e+00
4.962445e+00   2.398308e+03   3.000000e+00
5.008408e+00   2.477293e+03   3.000000e+00
5.054797e+00   2.558722e+03   3.000000e+00
5.101615e+00   2.642665e+03   3.000000e+00
5.148867e+00   2.729193e+03   3.000000e+00
5.196557e+00   2.818380e+03   3.000000e+00
5.244689e+00   2.910303e+03   3.000000e+00
5.293266e+00   3.005038e+03   3.000000e+00
5.342293e+00   3.102665e+03   3.000000e+00
5.391775e+00   3.203266e+03   3.000000e+00
5.441714e+00   3.306925e+03   3.000000e+00
5.492116e+00   3.413728e+03   3.000000e+00
5.542986e+00   3.523762e+03   3.000000e+00
5.594326e+00   3.637118e+03   3.000000e+00
5.646141e+00   3.753890e+03   3.000000e+00
5.698437e+00   3.874171e+03   3.000000e+00
5.751217e+00   3.998060e+03   3.000000e+00
5.804486e+00   4.125656e+03   3.000000e+00
5.858248e+00   4.257061e+03   3.000000e+00
5.912508e+00   4.392382e+03   3.000000e+00
5.967271e+00   4.531726e+03   3.000000e+00
6.022541e+00   4.675202e+03   3.000000e+00
6.078323e+00   4.822924e+03   3.000000e+00
6.134622e+00   4.975009e+03   3.000000e+00
6.191442e+00   5.131574e+03   3.000000e+00
6.248788e+00   5.292742e+03   3.000000e+00
6.306666e+00   5.458638e+03   3.000000e+00
6.365079e+00   5.629389e+03   3.000000e+00
6.424034e+00   5.805126e+03   3.000000e+00
6.483534e+00   5.985985e+03   3.000000e+00
6.543586e+00   6.172101e+03   3.000000e+00
6.604194e+00   6.363616e+03   3.000000e+00
6.665363e+00   6.560675e+03   3.000000e+00
6.727099e+00   6.763426e+03   3.000000e+00
6.789407e+00   6.972019e+03   3.000000e+00
6.852292e+00   7.186610e+03   3.000000e+00
6.915759e+00   7.407357e+03   3.000000e+00
6.979814e+00   7.634424e+03   3.000000e+00
7.044462e+00   7.867976e+03   3.000000e+00
7.109709e+00   8.108185e+03   3.000000e+00
7.175561e+00   8.355225e+03   3.000000e+00
7.242022e+00   8.609274e+03   3.000000e+00
7.309099e+00   8.870516e+03   3.000000e+00
7.376798e+00   9.139139e+03   3.000000e+00
7.445123e+00   9.415333e+03   3.000000e+00
7.514081e+00   9.699295e+03   3.000000e+00
7.583678e+00   9.991226e+03   3.000000e+00
7.653919e+00   1.029133e+04   3.000000e+00
7.724811e+00   1.059982e+04   3.000000e+00
7.796360e+00   1.091691e+04   3.000000e+00
7.868572e+00   1.124282e+04   3.000000e+00
7.941452e+00   1.157778e+04   3.000000e+00
8.015007e+00   1.192202e+04   3.000000e+00
8.089243e+00   1.227577e+04   3.000000e+00
8.164168e+00   1.263927e+04   3.000000e+00
8.239786e+00   1.301277e+04   3.000000e+00
8.316104e+00   1.339653e+04   3.000000e+00
8.393129e+00   1.379080e+04   3.000000e+00
8.470868e+00   1.419584e+04   3.000000e+00
8.549327e+00   1.461194e+04   3.000000e+00
8.628513e+00   1.503936e+04   3.000000e+00
8.708431e+00   1.547838e+04   3.000000e+00
8.789091e+00   1.592930e+04   3.000000e+00
8.870497e+00   1.639241e+04   3.000000e+00
8.952657e+00   1.686801e+04   3.000000e+00
9.035578e+00   1.735642e+04   3.000000e+00
9.119268e+00   1.785795e+04   3.000000e+00
9.203732e+00   1.837292e+04   3.000000e+00
9.288979e+00   1.890166e+04   3.000000e+00
9.375015e+00   1.944451e+04   3.000000e+00
9.461848e+00   2.000181e+04   3.000000e+00
9.549486e+00   2.057392e+04   3.000000e+00
9.637935e+00   2.116120e+04   3.000000e+00
9.727203e+00   2.176402e+04   3.000000e+00
9.817298e+00   2.238275e+04   3.000000e+00
9.908228e+00   2.301777e+04   3.000000e+00
1.000000e+01   2.366949e+04   3.000000e+00
