# B12 + d > C13 + n   [B12_d__C13_n]   ref=TALYS2, Koning et al. 2023
# detailed balance: alpha=5.6383 beta=0 gamma=-177.645  Q=15.3083
# T9                 rate                error
1.000000e-03   1.000000e-35   1.000000e+02
1.009262e-03   1.019437e-35   1.000000e+02
1.018610e-03   1.038932e-35   1.000000e+02
1.028045e-03   1.058490e-35   1.000000e+02
1.037567e-03   1.078116e-35   1.000000e+02
1.047177e-03   1.097816e-35   1.000000e+02
1.056876e-03   1.117596e-35   1.000000e+02
1.066665e-03   1.137465e-35   1.000000e+02
1.076545e-03   1.157431e-35   1.000000e+02
1.086516e-03   1.177505e-35   1.000000e+02
1.096579e-03   1.197696e-35   1.000000e+02
1.106736e-03   1.218016e-35   1.000000e+02
1.116987e-03   1.238479e-35   1.000000e+02
1.127333e-03   1.259097e-35   1.000000e+02
1.137774e-03   1.279886e-35   1.000000e+02
1.148312e-03   1.300861e-35   1.000000e+02
1.158948e-03   1.322040e-35   1.000000e+02
1.169683e-03   1.343440e-35   1.000000e+02
1.180517e-03   1.365080e-35   1.000000e+02
1.191451e-03   1.386982e-35   1.000000e+02
1.202486e-03   1.409167e-35   1.000000e+02
1.213624e-03   1.431657e-35   1.000000e+02
1.224865e-03   1.454477e-35   1.000000e+02
1.236210e-03   1.477652e-35   1.000000e+02
1.247660e-03   1.501210e-35   1.000000e+02
1.259216e-03   1.525179e-35   1.000000e+02
1.270879e-03   1.549588e-35   1.000000e+02
1.282650e-03   1.574469e-35   1.000000e+02
1.294530e-03   1.599856e-35   1.000000e+02
1.306520e-03   1.625783e-35   1.000000e+02
1.318621e-03   1.652287e-35   1.000000e+02
1.330835e-03   1.679407e-35   1.000000e+02
1.343161e-03   1.707183e-35   1.000000e+02
1.355602e-03   1.735658e-35   1.000000e+02
1.368158e-03   1.764876e-35   1.000000e+02
1.380830e-03   1.794886e-35   1.000000e+02
1.393619e-03   1.825736e-35   1.000000e+02
1.406527e-03   1.857480e-35   1.000000e+02
1.419555e-03   1.890172e-35   1.000000e+02
1.432703e-03   1.923871e-35   1.000000e+02
1.445973e-03   1.958637e-35   1.000000e+02
1.459366e-03   1.994537e-35   1.000000e+02
1.472883e-03   2.031637e-35   1.000000e+02
1.486525e-03   2.070010e-35   1.000000e+02
1.500293e-03   2.109732e-35   1.000000e+02
1.514189e-03   2.150885e-35   1.000000e+02
1.528214e-03   2.193551e-35   1.000000e+02
1.542369e-03   2.237823e-35   1.000000e+02
1.556654e-03   2.283796e-35   1.000000e+02
1.571072e-03   2.331570e-35   1.000000e+02
1.585624e-03   2.381254e-35   1.000000e+02
1.600310e-03   2.432961e-35   1.000000e+02
1.615133e-03   2.486812e-35   1.000000e+02
1.630092e-03   2.542936e-35   1.000000e+02
1.645191e-03   2.601471e-35   1.000000e+02
1.660429e-03   2.662561e-35   1.000000e+02
1.675808e-03   2.726362e-35   1.000000e+02
1.691330e-03   2.793041e-35   1.000000e+02
1.706995e-03   2.862772e-35   1.000000e+02
1.722805e-03   2.935746e-35   1.000000e+02
1.738762e-03   3.012163e-35   1.000000e+02
1.754867e-03   3.092239e-35   1.000000e+02
1.771121e-03   3.176205e-35   1.000000e+02
1.787526e-03   3.264307e-35   1.000000e+02
1.804082e-03   3.356810e-35   1.000000e+02
1.820792e-03   3.453998e-35   1.000000e+02
1.837656e-03   3.556176e-35   1.000000e+02
1.854677e-03   3.663670e-35   1.000000e+02
1.871855e-03   3.776833e-35   1.000000e+02
1.889193e-03   3.896043e-35   1.000000e+02
1.906691e-03   4.021706e-35   1.000000e+02
1.924351e-03   4.154262e-35   1.000000e+02
1.942175e-03   4.294185e-35   1.000000e+02
1.960163e-03   4.441984e-35   1.000000e+02
1.978319e-03   4.598211e-35   1.000000e+02
1.996642e-03   4.763462e-35   1.000000e+02
2.015136e-03   4.938383e-35   1.000000e+02
2.033800e-03   5.123670e-35   1.000000e+02
2.052638e-03   5.320081e-35   1.000000e+02
2.071650e-03   5.528434e-35   1.000000e+02
2.090838e-03   5.749621e-35   1.000000e+02
2.110203e-03   5.984606e-35   1.000000e+02
2.129749e-03   6.234441e-35   1.000000e+02
2.149475e-03   6.500269e-35   1.000000e+02
2.169384e-03   6.783334e-35   1.000000e+02
2.189477e-03   7.084992e-35   1.000000e+02
2.209756e-03   7.406722e-35   1.000000e+02
2.230223e-03   7.750140e-35   1.000000e+02
2.250880e-03   8.117009e-35   1.000000e+02
2.271728e-03   8.509259e-35   1.000000e+02
2.292769e-03   8.929004e-35   1.000000e+02
2.314005e-03   9.378556e-35   1.000000e+02
2.335438e-03   9.860454e-35   1.000000e+02
2.357069e-03   1.037748e-34   1.000000e+02
2.378901e-03   1.093270e-34   1.000000e+02
2.400935e-03   1.152948e-34   1.000000e+02
2.423173e-03   1.217153e-34   1.000000e+02
2.445617e-03   1.286291e-34   1.000000e+02
2.468268e-03   1.360815e-34   1.000000e+02
2.491130e-03   1.441221e-34   1.000000e+02
2.514203e-03   1.528058e-34   1.000000e+02
2.537490e-03   1.621934e-34   1.000000e+02
2.560993e-03   1.723522e-34   1.000000e+02
2.584714e-03   1.833568e-34   1.000000e+02
2.608654e-03   1.952901e-34   1.000000e+02
2.632815e-03   2.082439e-34   1.000000e+02
2.657201e-03   2.223206e-34   1.000000e+02
2.681813e-03   2.376341e-34   1.000000e+02
2.706652e-03   2.543112e-34   1.000000e+02
2.731722e-03   2.724936e-34   1.000000e+02
2.757023e-03   2.923394e-34   1.000000e+02
2.782559e-03   3.140254e-34   1.000000e+02
2.808332e-03   3.377497e-34   1.000000e+02
2.834343e-03   3.637343e-34   1.000000e+02
2.860596e-03   3.922280e-34   1.000000e+02
2.887091e-03   4.235108e-34   1.000000e+02
2.913832e-03   4.578972e-34   1.000000e+02
2.940820e-03   4.957417e-34   1.000000e+02
2.968059e-03   5.374438e-34   1.000000e+02
2.995549e-03   5.834545e-34   1.000000e+02
3.023295e-03   6.342852e-34   1.000000e+02
3.051297e-03   6.905250e-34   1.000000e+02
3.079559e-03   7.528485e-34   1.000000e+02
3.108082e-03   8.220256e-34   1.000000e+02
3.136870e-03   8.989362e-34   1.000000e+02
3.165924e-03   9.845876e-34   1.000000e+02
3.195248e-03   1.080135e-33   1.000000e+02
3.224842e-03   1.186905e-33   1.000000e+02
3.254712e-03   1.306424e-33   1.000000e+02
3.284857e-03   1.440453e-33   1.000000e+02
3.315282e-03   1.591025e-33   1.000000e+02
3.345989e-03   1.760492e-33   1.000000e+02
3.376980e-03   1.951579e-33   1.000000e+02
3.408259e-03   2.167453e-33   1.000000e+02
3.439826e-03   2.411797e-33   1.000000e+02
3.471687e-03   2.688906e-33   1.000000e+02
3.503842e-03   3.003796e-33   1.000000e+02
3.536296e-03   3.362337e-33   1.000000e+02
3.569049e-03   3.771417e-33   1.000000e+02
3.602107e-03   4.239125e-33   1.000000e+02
3.635470e-03   4.774991e-33   1.000000e+02
3.669142e-03   5.390261e-33   1.000000e+02
3.703127e-03   6.098233e-33   1.000000e+02
3.737426e-03   6.914671e-33   1.000000e+02
3.772042e-03   7.858295e-33   1.000000e+02
3.806980e-03   8.951396e-33   1.000000e+02
3.842241e-03   1.022057e-32   1.000000e+02
3.877828e-03   1.169761e-32   1.000000e+02
3.913746e-03   1.342064e-32   1.000000e+02
3.949995e-03   1.543547e-32   1.000000e+02
3.986581e-03   1.779725e-32   1.000000e+02
4.023506e-03   2.057260e-32   1.000000e+02
4.060772e-03   2.384252e-32   1.000000e+02
4.098384e-03   2.770578e-32   1.000000e+02
4.136344e-03   3.228289e-32   1.000000e+02
4.174655e-03   3.772129e-32   1.000000e+02
4.213322e-03   4.420195e-32   1.000000e+02
4.252346e-03   5.194761e-32   1.000000e+02
4.291732e-03   6.123328e-32   1.000000e+02
4.331483e-03   7.239953e-32   1.000000e+02
4.371602e-03   8.586946e-32   1.000000e+02
4.412093e-03   1.021704e-31   1.000000e+02
4.452959e-03   1.219616e-31   1.000000e+02
4.494203e-03   1.460702e-31   1.000000e+02
4.535829e-03   1.755371e-31   1.000000e+02
4.577841e-03   2.116769e-31   1.000000e+02
4.620241e-03   2.561557e-31   1.000000e+02
4.663035e-03   3.110920e-31   1.000000e+02
4.706225e-03   3.791898e-31   1.000000e+02
4.749815e-03   4.639122e-31   1.000000e+02
4.793808e-03   5.697114e-31   1.000000e+02
4.838210e-03   7.023320e-31   1.000000e+02
4.883022e-03   8.692144e-31   1.000000e+02
4.928250e-03   1.080033e-30   1.000000e+02
4.973896e-03   1.347413e-30   1.000000e+02
5.019965e-03   1.687898e-30   1.000000e+02
5.066461e-03   2.123115e-30   1.000000e+02
5.113388e-03   2.681328e-30   1.000000e+02
5.160749e-03   3.399702e-30   1.000000e+02
5.208549e-03   4.327245e-30   1.000000e+02
5.256791e-03   5.528755e-30   1.000000e+02
5.305481e-03   7.090123e-30   1.000000e+02
5.354621e-03   9.125488e-30   1.000000e+02
5.404216e-03   1.178690e-29   1.000000e+02
5.454271e-03   1.527742e-29   1.000000e+02
5.504790e-03   1.986884e-29   1.000000e+02
5.555776e-03   2.592580e-29   1.000000e+02
5.607235e-03   3.393867e-29   1.000000e+02
5.659170e-03   4.456824e-29   1.000000e+02
5.711586e-03   5.870698e-29   1.000000e+02
5.764488e-03   7.756270e-29   1.000000e+02
5.817880e-03   1.027733e-28   1.000000e+02
5.871766e-03   1.365644e-28   1.000000e+02
5.926152e-03   1.819657e-28   1.000000e+02
5.981041e-03   2.431095e-28   1.000000e+02
6.036439e-03   3.256451e-28   1.000000e+02
6.092349e-03   4.373608e-28   1.000000e+02
6.148778e-03   5.890405e-28   1.000000e+02
6.205729e-03   7.956439e-28   1.000000e+02
6.263207e-03   1.077999e-27   1.000000e+02
6.321218e-03   1.465220e-27   1.000000e+02
6.379767e-03   1.998156e-27   1.000000e+02
6.438857e-03   2.734366e-27   1.000000e+02
6.498495e-03   3.755281e-27   1.000000e+02
6.558686e-03   5.176604e-27   1.000000e+02
6.619433e-03   7.163451e-27   1.000000e+02
6.680744e-03   9.952507e-27   1.000000e+02
6.742622e-03   1.388461e-26   1.000000e+02
6.805074e-03   1.945288e-26   1.000000e+02
6.868104e-03   2.737420e-26   1.000000e+02
6.931717e-03   3.869582e-26   1.000000e+02
6.995920e-03   5.495536e-26   1.000000e+02
7.060718e-03   7.841827e-26   1.000000e+02
7.126115e-03   1.124152e-25   1.000000e+02
7.192119e-03   1.618617e-25   1.000000e+02
7.258734e-03   2.340368e-25   1.000000e+02
7.325965e-03   3.397467e-25   1.000000e+02
7.393820e-03   4.950710e-25   1.000000e+02
7.462303e-03   7.239875e-25   1.000000e+02
7.531420e-03   1.062321e-24   1.000000e+02
7.601178e-03   1.563696e-24   1.000000e+02
7.671581e-03   2.308502e-24   1.000000e+02
7.742637e-03   3.417431e-24   1.000000e+02
7.814351e-03   5.071904e-24   1.000000e+02
7.886729e-03   7.544909e-24   1.000000e+02
7.959777e-03   1.124758e-23   1.000000e+02
8.033502e-03   1.679985e-23   1.000000e+02
8.107910e-03   2.515295e-23   1.000000e+02
8.183007e-03   3.779350e-23   1.000000e+02
8.258799e-03   5.705770e-23   1.000000e+02
8.335294e-03   8.665720e-23   1.000000e+02
8.412497e-03   1.325600e-22   1.000000e+02
8.490415e-03   2.044853e-22   1.000000e+02
8.569055e-03   3.184768e-22   1.000000e+02
8.648423e-03   5.013992e-22   1.000000e+02
8.728527e-03   7.989213e-22   1.000000e+02
8.809372e-03   1.289921e-21   1.000000e+02
8.890966e-03   2.112931e-21   1.000000e+02
8.973316e-03   3.515563e-21   1.000000e+02
9.056428e-03   5.946714e-21   1.000000e+02
9.140311e-03   1.019923e-20   1.000000e+02
9.224970e-03   1.764944e-20   1.000000e+02
9.310413e-03   3.066324e-20   1.000000e+02
9.396648e-03   5.322049e-20   1.000000e+02
9.483682e-03   9.182558e-20   1.000000e+02
9.571522e-03   1.567194e-19   1.000000e+02
9.660175e-03   2.632730e-19   1.000000e+02
9.749649e-03   4.331763e-19   1.000000e+02
9.839952e-03   6.946211e-19   1.000000e+02
9.931092e-03   1.080206e-18   1.000000e+02
1.002308e-02   1.621070e-18   1.000000e+02
1.011591e-02   2.343504e-18   1.000000e+02
1.020961e-02   3.277863e-18   1.000000e+02
1.030417e-02   4.458367e-18   1.000000e+02
1.039961e-02   5.926783e-18   1.000000e+02
1.049593e-02   7.739610e-18   1.000000e+02
1.059315e-02   9.978710e-18   1.000000e+02
1.069126e-02   1.276684e-17   1.000000e+02
1.079029e-02   1.629090e-17   1.000000e+02
1.089023e-02   2.083806e-17   1.000000e+02
1.099110e-02   2.685461e-17   1.000000e+02
1.109290e-02   3.501582e-17   1.000000e+02
1.119564e-02   4.618822e-17   1.000000e+02
1.129934e-02   6.153769e-17   1.000000e+02
1.140400e-02   8.268288e-17   1.000000e+02
1.150962e-02   1.118602e-16   1.000000e+02
1.161623e-02   1.521397e-16   1.000000e+02
1.172382e-02   2.077007e-16   1.000000e+02
1.183241e-02   2.841730e-16   1.000000e+02
1.194200e-02   3.890437e-16   1.000000e+02
1.205261e-02   5.321350e-16   1.000000e+02
1.216424e-02   7.267681e-16   1.000000e+02
1.227691e-02   9.915104e-16   1.000000e+02
1.239062e-02   1.351836e-15   1.000000e+02
1.250539e-02   1.842782e-15   1.000000e+02
1.262121e-02   2.512728e-15   1.000000e+02
1.273811e-02   3.428752e-15   1.000000e+02
1.285610e-02   4.684293e-15   1.000000e+02
1.297517e-02   6.410136e-15   1.000000e+02
1.309535e-02   8.789847e-15   1.000000e+02
1.321664e-02   1.207796e-14   1.000000e+02
1.333906e-02   1.662777e-14   1.000000e+02
1.346261e-02   2.293150e-14   1.000000e+02
1.358730e-02   3.167514e-14   1.000000e+02
1.371315e-02   4.381492e-14   1.000000e+02
1.384016e-02   6.068376e-14   1.000000e+02
1.396835e-02   8.413945e-14   1.000000e+02
1.409773e-02   1.167720e-13   1.000000e+02
1.422830e-02   1.622076e-13   1.000000e+02
1.436009e-02   2.255287e-13   1.000000e+02
1.449310e-02   3.138600e-13   1.000000e+02
1.462733e-02   4.371986e-13   1.000000e+02
1.476281e-02   6.095868e-13   1.000000e+02
1.489955e-02   8.507684e-13   1.000000e+02
1.503755e-02   1.188533e-12   1.000000e+02
1.517683e-02   1.662012e-12   1.000000e+02
1.531740e-02   2.326299e-12   1.000000e+02
1.545928e-02   3.259046e-12   1.000000e+02
1.560246e-02   4.569765e-12   1.000000e+02
1.574698e-02   6.412988e-12   1.000000e+02
1.589283e-02   9.006894e-12   1.000000e+02
1.604003e-02   1.265967e-11   1.000000e+02
1.618860e-02   1.780670e-11   1.000000e+02
1.633854e-02   2.506290e-11   1.000000e+02
1.648987e-02   3.529710e-11   1.000000e+02
1.664260e-02   4.973695e-11   1.000000e+02
1.679675e-02   7.011719e-11   1.000000e+02
1.695232e-02   9.888892e-11   1.000000e+02
1.710934e-02   1.395151e-10   1.000000e+02
1.726781e-02   1.968875e-10   1.000000e+02
1.742775e-02   2.779144e-10   1.000000e+02
1.758917e-02   3.923489e-10   1.000000e+02
1.775208e-02   5.539558e-10   1.000000e+02
1.791650e-02   7.821533e-10   1.000000e+02
1.808245e-02   1.104323e-09   1.000000e+02
1.824993e-02   1.559101e-09   1.000000e+02
1.841897e-02   2.201041e-09   1.000000e+02
1.858957e-02   3.107127e-09   1.000000e+02
1.876175e-02   4.385998e-09   1.000000e+02
1.893552e-02   6.190962e-09   1.000000e+02
1.911091e-02   8.738357e-09   1.000000e+02
1.928792e-02   1.233346e-08   1.000000e+02
1.946656e-02   1.740705e-08   1.000000e+02
1.964687e-02   2.456702e-08   1.000000e+02
1.982884e-02   3.467114e-08   1.000000e+02
2.001250e-02   4.892984e-08   1.000000e+02
2.019786e-02   6.904842e-08   1.000000e+02
2.038493e-02   9.741714e-08   1.000000e+02
2.057374e-02   1.373835e-07   1.000000e+02
2.076430e-02   1.936273e-07   1.000000e+02
2.095662e-02   2.726766e-07   1.000000e+02
2.115073e-02   3.836134e-07   1.000000e+02
2.134663e-02   5.390390e-07   1.000000e+02
2.154435e-02   7.563850e-07   1.000000e+02
2.174389e-02   1.059687e-06   1.000000e+02
2.194529e-02   1.481972e-06   1.000000e+02
2.214855e-02   2.068455e-06   1.000000e+02
2.235370e-02   2.880789e-06   1.000000e+02
2.256074e-02   4.002688e-06   1.000000e+02
2.276970e-02   5.547318e-06   1.000000e+02
2.298060e-02   7.666920e-06   1.000000e+02
2.319345e-02   1.056528e-05   1.000000e+02
2.340827e-02   1.451375e-05   1.000000e+02
2.362508e-02   1.987156e-05   1.000000e+02
2.384390e-02   2.711152e-05   1.000000e+02
2.406475e-02   3.685202e-05   1.000000e+02
2.428764e-02   4.989649e-05   1.000000e+02
2.451260e-02   6.728149e-05   1.000000e+02
2.473964e-02   9.033456e-05   1.000000e+02
2.496878e-02   1.207427e-04   1.000000e+02
2.520005e-02   1.606393e-04   1.000000e+02
2.543346e-02   2.127560e-04   1.000000e+02
2.566903e-02   2.805763e-04   1.000000e+02
2.590678e-02   3.685181e-04   1.000000e+02
2.614673e-02   4.821754e-04   1.000000e+02
2.638891e-02   6.286222e-04   1.000000e+02
2.663333e-02   8.167937e-04   1.000000e+02
2.688001e-02   1.057969e-03   1.000000e+02
2.712898e-02   1.366379e-03   1.000000e+02
2.738025e-02   1.759977e-03   1.000000e+02
2.763385e-02   2.261414e-03   1.000000e+02
2.788980e-02   2.899280e-03   1.000000e+02
2.814812e-02   3.709685e-03   1.000000e+02
2.840884e-02   4.738279e-03   1.000000e+02
2.867196e-02   6.042834e-03   1.000000e+02
2.893753e-02   7.696566e-03   1.000000e+02
2.920556e-02   9.792403e-03   1.000000e+02
2.947606e-02   1.244851e-02   1.000000e+02
2.974908e-02   1.581544e-02   1.000000e+02
3.002462e-02   2.008539e-02   1.000000e+02
3.030271e-02   2.549691e-02   1.000000e+02
3.058338e-02   3.232115e-02   1.000000e+02
3.086665e-02   4.086833e-02   1.000000e+02
3.115254e-02   5.148694e-02   1.000000e+02
3.144108e-02   6.455452e-02   1.000000e+02
3.173230e-02   8.046085e-02   1.000000e+02
3.202621e-02   9.958184e-02   1.000000e+02
3.232284e-02   1.222426e-01   1.000000e+02
3.262222e-02   1.486691e-01   1.000000e+02
3.292437e-02   1.789303e-01   1.000000e+02
3.322933e-02   2.128734e-01   1.000000e+02
3.353710e-02   2.500589e-01   1.000000e+02
3.384773e-02   2.897049e-01   1.000000e+02
3.416123e-02   3.306518e-01   1.000000e+02
3.447764e-02   3.713615e-01   1.000000e+02
3.479698e-02   4.099613e-01   1.000000e+02
3.511928e-02   4.443426e-01   1.000000e+02
3.544456e-02   4.723146e-01   1.000000e+02
3.577285e-02   4.918042e-01   1.000000e+02
3.610419e-02   5.010832e-01   1.000000e+02
3.643859e-02   4.989915e-01   1.000000e+02
3.677609e-02   4.851224e-01   1.000000e+02
3.711672e-02   4.599321e-01   1.000000e+02
3.746050e-02   4.247460e-01   1.000000e+02
3.780747e-02   3.816518e-01   1.000000e+02
3.815765e-02   3.332858e-01   1.000000e+02
3.851107e-02   2.825447e-01   1.000000e+02
3.886777e-02   2.322669e-01   1.000000e+02
3.922777e-02   1.849381e-01   1.000000e+02
3.959110e-02   1.424669e-01   1.000000e+02
3.995780e-02   1.060617e-01   1.000000e+02
4.032790e-02   7.626154e-02   1.000000e+02
4.070142e-02   5.309244e-02   1.000000e+02
4.107841e-02   3.591580e-02   1.000000e+02
4.145888e-02   2.369248e-02   1.000000e+02
4.184289e-02   1.529516e-02   1.000000e+02
4.223044e-02   9.697551e-03   1.000000e+02
4.262159e-02   6.060119e-03   1.000000e+02
4.301636e-02   3.745911e-03   1.000000e+02
4.341478e-02   2.298462e-03   1.000000e+02
4.381690e-02   1.404969e-03   1.000000e+02
4.422274e-02   8.586033e-04   1.000000e+02
4.463234e-02   5.264542e-04   1.000000e+02
4.504573e-02   3.250254e-04   1.000000e+02
4.546295e-02   2.027724e-04   1.000000e+02
4.588404e-02   1.282867e-04   1.000000e+02
4.630903e-02   8.260036e-05   1.000000e+02
4.673795e-02   5.431952e-05   1.000000e+02
4.717085e-02   3.661424e-05   1.000000e+02
4.760775e-02   2.538694e-05   1.000000e+02
4.804870e-02   1.817119e-05   1.000000e+02
4.849374e-02   1.347458e-05   1.000000e+02
4.894290e-02   1.038848e-05   1.000000e+02
4.939622e-02   8.356808e-06   1.000000e+02
4.985373e-02   7.039252e-06   1.000000e+02
5.031549e-02   6.228706e-06   1.000000e+02
5.078152e-02   5.784908e-06   1.000000e+02
5.125187e-02   5.620625e-06   1.000000e+02
5.172657e-02   5.693881e-06   1.000000e+02
5.220568e-02   5.993960e-06   1.000000e+02
5.268921e-02   6.535022e-06   1.000000e+02
5.317723e-02   7.354516e-06   1.000000e+02
5.366977e-02   8.514931e-06   1.000000e+02
5.416687e-02   1.010821e-05   1.000000e+02
5.466857e-02   1.226251e-05   1.000000e+02
5.517492e-02   1.515106e-05   1.000000e+02
5.568596e-02   1.900250e-05   1.000000e+02
5.620174e-02   2.411176e-05   1.000000e+02
5.672229e-02   3.084917e-05   1.000000e+02
5.724766e-02   3.966439e-05   1.000000e+02
5.777790e-02   5.107951e-05   1.000000e+02
5.831305e-02   6.566402e-05   1.000000e+02
5.885316e-02   8.398255e-05   1.000000e+02
5.939827e-02   1.065069e-04   1.000000e+02
5.994843e-02   1.334871e-04   1.000000e+02
6.050368e-02   1.648759e-04   1.000000e+02
6.106408e-02   2.007116e-04   1.000000e+02
6.162966e-02   2.410687e-04   1.000000e+02
6.220049e-02   2.859684e-04   1.000000e+02
6.277660e-02   3.353979e-04   1.000000e+02
6.335805e-02   3.893352e-04   1.000000e+02
6.394488e-02   4.477793e-04   1.000000e+02
6.453715e-02   5.107841e-04   1.000000e+02
6.513491e-02   5.784952e-04   1.000000e+02
6.573820e-02   6.511893e-04   1.000000e+02
6.634708e-02   7.293159e-04   1.000000e+02
6.696160e-02   8.135443e-04   1.000000e+02
6.758181e-02   9.048150e-04   1.000000e+02
6.820777e-02   1.004402e-03   1.000000e+02
6.883952e-02   1.113987e-03   1.000000e+02
6.947713e-02   1.235759e-03   1.000000e+02
7.012064e-02   1.372537e-03   1.000000e+02
7.077011e-02   1.527355e-03   1.000000e+02
7.142559e-02   1.702497e-03   1.000000e+02
7.208715e-02   1.900263e-03   1.000000e+02
7.275484e-02   2.123109e-03   1.000000e+02
7.342870e-02   2.373630e-03   1.000000e+02
7.410882e-02   2.654521e-03   1.000000e+02
7.479523e-02   2.968534e-03   1.000000e+02
7.548799e-02   3.318420e-03   1.000000e+02
7.618718e-02   3.706846e-03   1.000000e+02
7.689284e-02   4.136300e-03   1.000000e+02
7.760503e-02   4.608975e-03   1.000000e+02
7.832383e-02   5.126630e-03   1.000000e+02
7.904928e-02   5.690433e-03   1.000000e+02
7.978145e-02   6.300789e-03   1.000000e+02
8.052040e-02   6.957078e-03   1.000000e+02
8.126619e-02   7.656707e-03   1.000000e+02
8.201889e-02   8.394884e-03   1.000000e+02
8.277857e-02   9.164716e-03   1.000000e+02
8.354528e-02   9.957013e-03   1.000000e+02
8.431909e-02   1.076017e-02   1.000000e+02
8.510007e-02   1.156013e-02   1.000000e+02
8.588829e-02   1.234055e-02   1.000000e+02
8.668380e-02   1.308303e-02   1.000000e+02
8.748668e-02   1.376760e-02   1.000000e+02
8.829700e-02   1.437337e-02   1.000000e+02
8.911482e-02   1.487932e-02   1.000000e+02
8.994022e-02   1.526532e-02   1.000000e+02
9.077327e-02   1.551868e-02   1.000000e+02
9.161402e-02   1.565745e-02   1.000000e+02
9.246257e-02   1.571203e-02   1.000000e+02
9.331898e-02   1.571508e-02   1.000000e+02
9.418332e-02   1.570007e-02   1.000000e+02
9.505566e-02   1.570057e-02   1.000000e+02
9.593608e-02   1.575018e-02   1.000000e+02
9.682466e-02   1.588328e-02   1.000000e+02
9.772147e-02   1.613642e-02   1.000000e+02
9.862658e-02   1.655063e-02   1.000000e+02
9.954008e-02   1.717472e-02   1.000000e+02
1.004620e-01   1.806860e-02   1.000000e+02
1.013925e-01   1.927425e-02   1.000000e+02
1.023317e-01   2.081007e-02   1.000000e+02
1.032795e-01   2.269875e-02   1.000000e+02
1.042361e-01   2.496613e-02   1.000000e+02
1.052015e-01   2.763826e-02   1.000000e+02
1.061759e-01   3.073753e-02   1.000000e+02
1.071593e-01   3.427798e-02   1.000000e+02
1.081519e-01   3.825940e-02   1.000000e+02
1.091536e-01   4.266059e-02   1.000000e+02
1.101646e-01   4.743193e-02   1.000000e+02
1.111850e-01   5.252058e-02   1.000000e+02
1.122148e-01   5.793374e-02   1.000000e+02
1.132541e-01   6.369537e-02   1.000000e+02
1.143031e-01   6.983760e-02   1.000000e+02
1.153618e-01   7.640235e-02   1.000000e+02
1.164303e-01   8.344320e-02   1.000000e+02
1.175087e-01   9.102756e-02   1.000000e+02
1.185971e-01   9.923923e-02   1.000000e+02
1.196956e-01   1.081816e-01   1.000000e+02
1.208042e-01   1.179762e-01   1.000000e+02
1.219231e-01   1.287168e-01   1.000000e+02
1.230524e-01   1.404768e-01   1.000000e+02
1.241921e-01   1.533307e-01   1.000000e+02
1.253424e-01   1.673540e-01   1.000000e+02
1.265034e-01   1.826219e-01   1.000000e+02
1.276751e-01   1.992077e-01   1.000000e+02
1.288576e-01   2.171817e-01   1.000000e+02
1.300511e-01   2.366090e-01   1.000000e+02
1.312557e-01   2.575487e-01   1.000000e+02
1.324714e-01   2.800550e-01   1.000000e+02
1.336984e-01   3.041730e-01   1.000000e+02
1.349367e-01   3.299354e-01   1.000000e+02
1.361865e-01   3.573596e-01   1.000000e+02
1.374479e-01   3.864451e-01   1.000000e+02
1.387210e-01   4.171704e-01   1.000000e+02
1.400058e-01   4.494897e-01   1.000000e+02
1.413026e-01   4.833898e-01   1.000000e+02
1.426114e-01   5.190962e-01   1.000000e+02
1.439323e-01   5.569599e-01   1.000000e+02
1.452654e-01   5.974185e-01   1.000000e+02
1.466109e-01   6.410107e-01   1.000000e+02
1.479688e-01   6.883935e-01   1.000000e+02
1.493393e-01   7.403654e-01   1.000000e+02
1.507225e-01   7.978775e-01   1.000000e+02
1.521186e-01   8.616605e-01   1.000000e+02
1.535275e-01   9.321227e-01   1.000000e+02
1.549495e-01   1.009639e+00   1.000000e+02
1.563847e-01   1.094546e+00   1.000000e+02
1.578331e-01   1.187123e+00   1.000000e+02
1.592950e-01   1.287571e+00   1.000000e+02
1.607704e-01   1.395992e+00   1.000000e+02
1.622595e-01   1.512671e+00   1.000000e+02
1.637624e-01   1.638152e+00   1.000000e+02
1.652792e-01   1.773020e+00   1.000000e+02
1.668101e-01   1.917895e+00   1.000000e+02
1.683551e-01   2.073429e+00   1.000000e+02
1.699144e-01   2.240312e+00   1.000000e+02
1.714882e-01   2.419270e+00   1.000000e+02
1.730766e-01   2.611069e+00   1.000000e+02
1.746796e-01   2.816517e+00   1.000000e+02
1.762975e-01   3.036464e+00   1.000000e+02
1.779304e-01   3.271803e+00   1.000000e+02
1.795785e-01   3.523475e+00   1.000000e+02
1.812418e-01   3.792479e+00   1.000000e+02
1.829205e-01   4.079964e+00   1.000000e+02
1.846147e-01   4.387219e+00   1.000000e+02
1.863246e-01   4.715643e+00   1.000000e+02
1.880504e-01   5.066755e+00   1.000000e+02
1.897922e-01   5.442208e+00   1.000000e+02
1.915501e-01   5.843799e+00   1.000000e+02
1.933242e-01   6.273488e+00   1.000000e+02
1.951148e-01   6.733414e+00   1.000000e+02
1.969220e-01   7.225915e+00   1.000000e+02
1.987460e-01   7.753545e+00   1.000000e+02
2.005868e-01   8.319101e+00   1.000000e+02
2.024447e-01   8.925475e+00   1.000000e+02
2.043197e-01   9.575511e+00   1.000000e+02
2.062122e-01   1.027221e+01   1.000000e+02
2.081222e-01   1.101875e+01   1.000000e+02
2.100498e-01   1.181851e+01   1.000000e+02
2.119953e-01   1.267510e+01   1.000000e+02
2.139589e-01   1.359230e+01   1.000000e+02
2.159406e-01   1.457416e+01   1.000000e+02
2.179407e-01   1.562494e+01   1.000000e+02
2.199593e-01   1.674915e+01   1.000000e+02
2.219966e-01   1.795159e+01   1.000000e+02
2.240528e-01   1.923728e+01   1.000000e+02
2.261280e-01   2.061157e+01   1.000000e+02
2.282224e-01   2.208006e+01   1.000000e+02
2.303363e-01   2.364868e+01   1.000000e+02
2.324697e-01   2.532366e+01   1.000000e+02
2.346229e-01   2.711157e+01   1.000000e+02
2.367960e-01   2.901929e+01   1.000000e+02
2.389893e-01   3.105407e+01   1.000000e+02
2.412028e-01   3.322350e+01   1.000000e+02
2.434369e-01   3.553553e+01   1.000000e+02
2.456916e-01   3.799849e+01   1.000000e+02
2.479673e-01   4.062109e+01   1.000000e+02
2.502640e-01   4.341241e+01   1.000000e+02
2.525820e-01   4.638212e+01   1.000000e+02
2.549215e-01   4.954084e+01   1.000000e+02
2.572826e-01   5.289990e+01   1.000000e+02
2.596656e-01   5.647127e+01   1.000000e+02
2.620707e-01   6.026764e+01   1.000000e+02
2.644980e-01   6.430240e+01   1.000000e+02
2.669478e-01   6.858976e+01   1.000000e+02
2.694204e-01   7.314472e+01   1.000000e+02
2.719158e-01   7.798317e+01   1.000000e+02
2.744343e-01   8.312192e+01   1.000000e+02
2.769762e-01   8.857877e+01   1.000000e+02
2.795416e-01   9.437255e+01   1.000000e+02
2.821308e-01   1.005232e+02   1.000000e+02
2.847439e-01   1.070518e+02   1.000000e+02
2.873813e-01   1.139808e+02   1.000000e+02
2.900430e-01   1.213337e+02   1.000000e+02
2.927295e-01   1.291356e+02   1.000000e+02
2.954408e-01   1.374132e+02   1.000000e+02
2.981772e-01   1.461944e+02   1.000000e+02
3.009390e-01   1.555090e+02   1.000000e+02
3.037264e-01   1.653880e+02   1.000000e+02
3.065395e-01   1.758626e+02   1.000000e+02
3.093788e-01   1.869656e+02   1.000000e+02
3.122443e-01   1.987313e+02   1.000000e+02
3.151363e-01   2.111956e+02   1.000000e+02
3.180552e-01   2.243959e+02   1.000000e+02
3.210011e-01   2.383715e+02   1.000000e+02
3.239743e-01   2.531631e+02   1.000000e+02
3.269750e-01   2.688134e+02   1.000000e+02
3.300035e-01   2.853667e+02   1.000000e+02
3.330600e-01   3.028694e+02   1.000000e+02
3.361449e-01   3.213695e+02   1.000000e+02
3.392583e-01   3.409170e+02   1.000000e+02
3.424006e-01   3.615638e+02   1.000000e+02
3.455720e-01   3.833640e+02   1.000000e+02
3.487727e-01   4.063734e+02   1.000000e+02
3.520031e-01   4.306502e+02   1.000000e+02
3.552635e-01   4.562591e+02   1.000000e+02
3.585540e-01   4.832708e+02   1.000000e+02
3.618750e-01   5.117604e+02   1.000000e+02
3.652267e-01   5.418075e+02   1.000000e+02
3.686095e-01   5.734958e+02   1.000000e+02
3.720237e-01   6.069143e+02   1.000000e+02
3.754694e-01   6.421572e+02   1.000000e+02
3.789471e-01   6.793243e+02   1.000000e+02
3.824570e-01   7.185211e+02   1.000000e+02
3.859994e-01   7.598600e+02   1.000000e+02
3.895746e-01   8.034597e+02   1.000000e+02
3.931829e-01   8.494465e+02   1.000000e+02
3.968246e-01   8.979545e+02   1.000000e+02
4.005001e-01   9.491260e+02   1.000000e+02
4.042096e-01   1.003106e+03   1.000000e+02
4.079535e-01   1.060027e+03   1.000000e+02
4.117320e-01   1.120024e+03   1.000000e+02
4.155455e-01   1.183234e+03   1.000000e+02
4.193944e-01   1.249797e+03   1.000000e+02
4.232789e-01   1.319858e+03   1.000000e+02
4.271994e-01   1.393562e+03   1.000000e+02
4.311562e-01   1.471057e+03   1.000000e+02
4.351497e-01   1.552494e+03   1.000000e+02
4.391801e-01   1.638023e+03   1.000000e+02
4.432479e-01   1.727797e+03   1.000000e+02
4.473533e-01   1.821969e+03   1.000000e+02
4.514968e-01   1.920691e+03   1.000000e+02
4.556786e-01   2.024142e+03   1.000000e+02
4.598992e-01   2.132545e+03   1.000000e+02
4.641589e-01   2.246136e+03   1.000000e+02
4.684580e-01   2.365168e+03   1.000000e+02
4.727970e-01   2.489909e+03   1.000000e+02
4.771761e-01   2.620642e+03   1.000000e+02
4.815958e-01   2.757667e+03   1.000000e+02
4.860564e-01   2.901304e+03   1.000000e+02
4.905584e-01   3.051892e+03   1.000000e+02
4.951020e-01   3.209793e+03   1.000000e+02
4.996877e-01   3.375391e+03   1.000000e+02
5.043159e-01   3.549084e+03   1.000000e+02
5.089870e-01   3.731247e+03   1.000000e+02
5.137014e-01   3.922253e+03   1.000000e+02
5.184594e-01   4.122489e+03   1.000000e+02
5.232614e-01   4.332356e+03   1.000000e+02
5.281080e-01   4.552269e+03   1.000000e+02
5.329994e-01   4.782658e+03   1.000000e+02
5.379362e-01   5.023967e+03   1.000000e+02
5.429186e-01   5.276655e+03   1.000000e+02
5.479472e-01   5.541196e+03   1.000000e+02
5.530224e-01   5.818078e+03   1.000000e+02
5.581446e-01   6.107808e+03   1.000000e+02
5.633143e-01   6.410906e+03   1.000000e+02
5.685318e-01   6.727908e+03   1.000000e+02
5.737976e-01   7.059366e+03   1.000000e+02
5.791123e-01   7.405847e+03   1.000000e+02
5.844761e-01   7.767938e+03   1.000000e+02
5.898896e-01   8.146237e+03   1.000000e+02
5.953533e-01   8.541361e+03   1.000000e+02
6.008676e-01   8.953942e+03   1.000000e+02
6.064329e-01   9.384641e+03   1.000000e+02
6.120498e-01   9.834172e+03   1.000000e+02
6.177188e-01   1.030328e+04   1.000000e+02
6.234402e-01   1.079273e+04   1.000000e+02
6.292146e-01   1.130333e+04   1.000000e+02
6.350425e-01   1.183590e+04   1.000000e+02
6.409244e-01   1.239129e+04   1.000000e+02
6.468608e-01   1.297040e+04   1.000000e+02
6.528521e-01   1.357414e+04   1.000000e+02
6.588990e-01   1.420346e+04   1.000000e+02
6.650018e-01   1.485935e+04   1.000000e+02
6.711612e-01   1.554282e+04   1.000000e+02
6.773776e-01   1.625493e+04   1.000000e+02
6.836516e-01   1.699677e+04   1.000000e+02
6.899837e-01   1.776947e+04   1.000000e+02
6.963745e-01   1.857419e+04   1.000000e+02
7.028244e-01   1.941216e+04   1.000000e+02
7.093341e-01   2.028460e+04   1.000000e+02
7.159041e-01   2.119277e+04   1.000000e+02
7.225349e-01   2.213795e+04   1.000000e+02
7.292272e-01   2.312148e+04   1.000000e+02
7.359814e-01   2.414470e+04   1.000000e+02
7.427982e-01   2.520904e+04   1.000000e+02
7.496782e-01   2.631594e+04   1.000000e+02
7.566219e-01   2.746687e+04   1.000000e+02
7.636298e-01   2.866338e+04   1.000000e+02
7.707027e-01   2.990702e+04   1.000000e+02
7.778411e-01   3.119943e+04   1.000000e+02
7.850456e-01   3.254224e+04   1.000000e+02
7.923169e-01   3.393717e+04   1.000000e+02
7.996555e-01   3.538596e+04   1.000000e+02
8.070620e-01   3.689041e+04   1.000000e+02
8.145372e-01   3.845239e+04   1.000000e+02
8.220816e-01   4.007381e+04   1.000000e+02
8.296959e-01   4.175666e+04   1.000000e+02
8.373807e-01   4.350296e+04   1.000000e+02
8.451366e-01   4.531481e+04   1.000000e+02
8.529644e-01   4.719434e+04   1.000000e+02
8.608648e-01   4.914376e+04   1.000000e+02
8.688383e-01   5.116533e+04   1.000000e+02
8.768856e-01   5.326136e+04   1.000000e+02
8.850075e-01   5.543424e+04   1.000000e+02
8.932046e-01   5.768641e+04   1.000000e+02
9.014776e-01   6.002039e+04   1.000000e+02
9.098273e-01   6.243872e+04   1.000000e+02
9.182543e-01   6.494400e+04   1.000000e+02
9.267593e-01   6.753886e+04   1.000000e+02
9.353432e-01   7.022600e+04   1.000000e+02
9.440065e-01   7.300817e+04   1.000000e+02
9.527500e-01   7.588819e+04   1.000000e+02
9.615746e-01   7.886893e+04   1.000000e+02
9.704809e-01   8.195332e+04   1.000000e+02
9.794697e-01   8.514435e+04   1.000000e+02
9.885417e-01   8.844508e+04   1.000000e+02
9.976978e-01   9.185862e+04   1.000000e+02
1.006939e+00   9.538814e+04   1.000000e+02
1.016265e+00   9.903692e+04   1.000000e+02
1.025678e+00   1.028083e+05   1.000000e+02
1.035178e+00   1.067058e+05   1.000000e+02
1.044766e+00   1.107329e+05   1.000000e+02
1.054443e+00   1.148932e+05   1.000000e+02
1.064209e+00   1.191903e+05   1.000000e+02
1.074066e+00   1.236280e+05   1.000000e+02
1.084014e+00   1.282101e+05   1.000000e+02
1.094055e+00   1.329404e+05   1.000000e+02
1.104188e+00   1.378230e+05   1.000000e+02
1.114415e+00   1.428618e+05   1.000000e+02
1.124737e+00   1.480610e+05   1.000000e+02
1.135155e+00   1.534248e+05   1.000000e+02
1.145669e+00   1.589574e+05   1.000000e+02
1.156280e+00   1.646631e+05   1.000000e+02
1.166990e+00   1.705465e+05   1.000000e+02
1.177799e+00   1.766119e+05   1.000000e+02
1.188708e+00   1.828639e+05   1.000000e+02
1.199718e+00   1.893073e+05   1.000000e+02
1.210830e+00   1.959468e+05   1.000000e+02
1.222045e+00   2.027871e+05   1.000000e+02
1.233363e+00   2.098331e+05   1.000000e+02
1.244787e+00   2.170899e+05   1.000000e+02
1.256317e+00   2.245625e+05   1.000000e+02
1.267953e+00   2.322564e+05   1.000000e+02
1.279697e+00   2.401774e+05   1.000000e+02
1.291550e+00   2.483318e+05   1.000000e+02
1.303512e+00   2.567258e+05   1.000000e+02
1.315586e+00   2.653659e+05   1.000000e+02
1.327771e+00   2.742587e+05   1.000000e+02
1.340069e+00   2.834111e+05   1.000000e+02
1.352481e+00   2.928303e+05   1.000000e+02
1.365008e+00   3.025235e+05   1.000000e+02
1.377651e+00   3.124982e+05   1.000000e+02
1.390411e+00   3.227622e+05   1.000000e+02
1.403289e+00   3.333236e+05   1.000000e+02
1.416287e+00   3.441906e+05   1.000000e+02
1.429405e+00   3.553718e+05   1.000000e+02
1.442644e+00   3.668759e+05   1.000000e+02
1.456006e+00   3.787121e+05   1.000000e+02
1.469492e+00   3.908898e+05   1.000000e+02
1.483103e+00   4.034188e+05   1.000000e+02
1.496839e+00   4.163090e+05   1.000000e+02
1.510703e+00   4.295704e+05   1.000000e+02
1.524696e+00   4.432095e+05   1.000000e+02
1.538818e+00   4.572308e+05   1.000000e+02
1.553071e+00   4.716383e+05   1.000000e+02
1.567455e+00   4.864354e+05   1.000000e+02
1.581973e+00   5.016253e+05   1.000000e+02
1.596626e+00   5.172104e+05   1.000000e+02
1.611414e+00   5.331926e+05   1.000000e+02
1.626340e+00   5.495732e+05   1.000000e+02
1.641403e+00   5.663526e+05   1.000000e+02
1.656606e+00   5.835308e+05   1.000000e+02
1.671950e+00   6.011068e+05   1.000000e+02
1.687436e+00   6.190788e+05   1.000000e+02
1.703065e+00   6.374441e+05   1.000000e+02
1.718839e+00   6.561992e+05   1.000000e+02
1.734759e+00   6.753395e+05   1.000000e+02
1.750827e+00   6.948595e+05   1.000000e+02
1.767044e+00   7.147557e+05   1.000000e+02
1.783410e+00   7.350356e+05   1.000000e+02
1.799929e+00   7.557097e+05   1.000000e+02
1.816600e+00   7.767895e+05   1.000000e+02
1.833425e+00   7.982870e+05   1.000000e+02
1.850407e+00   8.202155e+05   1.000000e+02
1.867546e+00   8.425892e+05   1.000000e+02
1.884843e+00   8.654231e+05   1.000000e+02
1.902301e+00   8.887336e+05   1.000000e+02
1.919921e+00   9.125380e+05   1.000000e+02
1.937703e+00   9.368550e+05   1.000000e+02
1.955651e+00   9.617044e+05   1.000000e+02
1.973764e+00   9.871074e+05   1.000000e+02
1.992046e+00   1.013086e+06   1.000000e+02
2.010496e+00   1.039665e+06   1.000000e+02
2.029118e+00   1.066859e+06   1.000000e+02
2.047912e+00   1.094678e+06   1.000000e+02
2.066880e+00   1.123128e+06   1.000000e+02
2.086024e+00   1.152218e+06   1.000000e+02
2.105345e+00   1.181955e+06   1.000000e+02
2.124845e+00   1.212347e+06   1.000000e+02
2.144526e+00   1.243401e+06   1.000000e+02
2.164389e+00   1.275122e+06   1.000000e+02
2.184436e+00   1.307519e+06   1.000000e+02
2.204669e+00   1.340596e+06   1.000000e+02
2.225089e+00   1.374359e+06   1.000000e+02
2.245698e+00   1.408814e+06   1.000000e+02
2.266498e+00   1.443964e+06   1.000000e+02
2.287491e+00   1.479814e+06   1.000000e+02
2.308678e+00   1.516368e+06   1.000000e+02
2.330061e+00   1.553629e+06   1.000000e+02
2.351643e+00   1.591599e+06   1.000000e+02
2.373424e+00   1.630281e+06   1.000000e+02
2.395407e+00   1.669675e+06   1.000000e+02
2.417594e+00   1.709783e+06   1.000000e+02
2.439986e+00   1.750604e+06   1.000000e+02
2.462586e+00   1.792138e+06   1.000000e+02
2.485395e+00   1.834384e+06   1.000000e+02
2.508415e+00   1.877338e+06   1.000000e+02
2.531648e+00   1.921003e+06   1.000000e+02
2.555097e+00   1.965383e+06   1.000000e+02
2.578763e+00   2.010485e+06   1.000000e+02
2.602648e+00   2.056315e+06   1.000000e+02
2.626754e+00   2.102880e+06   1.000000e+02
2.651084e+00   2.150185e+06   1.000000e+02
2.675638e+00   2.198237e+06   1.000000e+02
2.700421e+00   2.247042e+06   1.000000e+02
2.725433e+00   2.296607e+06   1.000000e+02
2.750676e+00   2.346938e+06   1.000000e+02
2.776153e+00   2.398042e+06   1.000000e+02
2.801867e+00   2.449925e+06   1.000000e+02
2.827818e+00   2.502594e+06   1.000000e+02
2.854010e+00   2.556057e+06   1.000000e+02
2.880444e+00   2.610319e+06   1.000000e+02
2.907123e+00   2.665389e+06   1.000000e+02
2.934050e+00   2.721272e+06   1.000000e+02
2.961225e+00   2.777977e+06   1.000000e+02
2.988653e+00   2.835510e+06   1.000000e+02
3.016334e+00   2.893879e+06   1.000000e+02
3.044272e+00   2.953089e+06   1.000000e+02
3.072469e+00   3.013142e+06   1.000000e+02
3.100927e+00   3.074039e+06   1.000000e+02
3.129648e+00   3.135784e+06   1.000000e+02
3.158635e+00   3.198377e+06   1.000000e+02
3.187891e+00   3.261820e+06   1.000000e+02
3.217418e+00   3.326114e+06   1.000000e+02
3.247218e+00   3.391258e+06   1.000000e+02
3.277295e+00   3.457254e+06   1.000000e+02
3.307650e+00   3.524101e+06   1.000000e+02
3.338286e+00   3.591799e+06   1.000000e+02
3.369206e+00   3.660347e+06   1.000000e+02
3.400412e+00   3.729744e+06   1.000000e+02
3.431907e+00   3.799989e+06   1.000000e+02
3.463694e+00   3.871080e+06   1.000000e+02
3.495776e+00   3.943015e+06   1.000000e+02
3.528154e+00   4.015791e+06   1.000000e+02
3.560833e+00   4.089407e+06   1.000000e+02
3.593814e+00   4.163864e+06   1.000000e+02
3.627100e+00   4.239160e+06   1.000000e+02
3.660695e+00   4.315295e+06   1.000000e+02
3.694601e+00   4.392268e+06   1.000000e+02
3.728821e+00   4.470077e+06   1.000000e+02
3.763358e+00   4.548721e+06   1.000000e+02
3.798215e+00   4.628198e+06   1.000000e+02
3.833395e+00   4.708507e+06   1.000000e+02
3.868901e+00   4.789645e+06   1.000000e+02
3.904735e+00   4.871611e+06   1.000000e+02
3.940902e+00   4.954401e+06   1.000000e+02
3.977403e+00   5.038014e+06   1.000000e+02
4.014242e+00   5.122447e+06   1.000000e+02
4.051423e+00   5.207696e+06   1.000000e+02
4.088948e+00   5.293757e+06   1.000000e+02
4.126821e+00   5.380627e+06   1.000000e+02
4.165044e+00   5.468299e+06   1.000000e+02
4.203622e+00   5.556770e+06   1.000000e+02
4.242556e+00   5.646034e+06   1.000000e+02
4.281852e+00   5.736086e+06   1.000000e+02
4.321511e+00   5.826920e+06   1.000000e+02
4.361538e+00   5.918530e+06   1.000000e+02
4.401935e+00   6.010911e+06   1.000000e+02
4.442707e+00   6.104055e+06   1.000000e+02
4.483856e+00   6.197957e+06   1.000000e+02
4.525386e+00   6.292610e+06   1.000000e+02
4.567301e+00   6.388005e+06   1.000000e+02
4.609604e+00   6.484137e+06   1.000000e+02
4.652300e+00   6.580997e+06   1.000000e+02
4.695390e+00   6.678577e+06   1.000000e+02
4.738880e+00   6.776870e+06   1.000000e+02
4.782772e+00   6.875867e+06   1.000000e+02
4.827071e+00   6.975560e+06   1.000000e+02
4.871780e+00   7.075939e+06   1.000000e+02
4.916904e+00   7.176997e+06   1.000000e+02
4.962445e+00   7.278722e+06   1.000000e+02
5.008408e+00   7.381107e+06   1.000000e+02
5.054797e+00   7.484142e+06   1.000000e+02
5.101615e+00   7.587815e+06   1.000000e+02
5.148867e+00   7.692117e+06   1.000000e+02
5.196557e+00   7.797037e+06   1.000000e+02
5.244689e+00   7.902564e+06   1.000000e+02
5.293266e+00   8.008687e+06   1.000000e+02
5.342293e+00   8.115394e+06   1.000000e+02
5.391775e+00   8.222673e+06   1.000000e+02
5.441714e+00   8.330514e+06   1.000000e+02
5.492116e+00   8.438903e+06   1.000000e+02
5.542986e+00   8.547829e+06   1.000000e+02
5.594326e+00   8.657279e+06   1.000000e+02
5.646141e+00   8.767241e+06   1.000000e+02
5.698437e+00   8.877700e+06   1.000000e+02
5.751217e+00   8.988646e+06   1.000000e+02
5.804486e+00   9.100063e+06   1.000000e+02
5.858248e+00   9.211938e+06   1.000000e+02
5.912508e+00   9.324258e+06   1.000000e+02
5.967271e+00   9.437010e+06   1.000000e+02
6.022541e+00   9.550178e+06   1.000000e+02
6.078323e+00   9.663747e+06   1.000000e+02
6.134622e+00   9.777701e+06   1.000000e+02
6.191442e+00   9.892023e+06   1.000000e+02
6.248788e+00   1.000669e+07   1.000000e+02
6.306666e+00   1.012170e+07   1.000000e+02
6.365079e+00   1.023701e+07   1.000000e+02
6.424034e+00   1.035262e+07   1.000000e+02
6.483534e+00   1.046851e+07   1.000000e+02
6.543586e+00   1.058465e+07   1.000000e+02
6.604194e+00   1.070103e+07   1.000000e+02
6.665363e+00   1.081763e+07   1.000000e+02
6.727099e+00   1.093443e+07   1.000000e+02
6.789407e+00   1.105141e+07   1.000000e+02
6.852292e+00   1.116855e+07   1.000000e+02
6.915759e+00   1.128582e+07   1.000000e+02
6.979814e+00   1.140321e+07   1.000000e+02
7.044462e+00   1.152069e+07   1.000000e+02
7.109709e+00   1.163825e+07   1.000000e+02
7.175561e+00   1.175586e+07   1.000000e+02
7.242022e+00   1.187349e+07   1.000000e+02
7.309099e+00   1.199112e+07   1.000000e+02
7.376798e+00   1.210872e+07   1.000000e+02
7.445123e+00   1.222627e+07   1.000000e+02
7.514081e+00   1.234374e+07   1.000000e+02
7.583678e+00   1.246111e+07   1.000000e+02
7.653919e+00   1.257834e+07   1.000000e+02
7.724811e+00   1.269542e+07   1.000000e+02
7.796360e+00   1.281231e+07   1.000000e+02
7.868572e+00   1.292899e+07   1.000000e+02
7.941452e+00   1.304542e+07   1.000000e+02
8.015007e+00   1.316159e+07   1.000000e+02
8.089243e+00   1.327746e+07   1.000000e+02
8.164168e+00   1.339300e+07   1.000000e+02
8.239786e+00   1.350818e+07   1.000000e+02
8.316104e+00   1.362297e+07   1.000000e+02
8.393129e+00   1.373733e+07   1.000000e+02
8.470868e+00   1.385124e+07   1.000000e+02
8.549327e+00   1.396465e+07   1.000000e+02
8.628513e+00   1.407753e+07   1.000000e+02
8.708431e+00   1.418986e+07   1.000000e+02
8.789091e+00   1.430159e+07   1.000000e+02
8.870497e+00   1.441269e+07   1.000000e+02
8.952657e+00   1.452313e+07   1.000000e+02
9.035578e+00   1.463288e+07   1.000000e+02
9.119268e+00   1.474189e+07   1.000000e+02
9.203732e+00   1.485013e+07   1.000000e+02
9.288979e+00   1.495758e+07   1.000000e+02
9.375015e+00   1.506418e+07   1.000000e+02
9.461848e+00   1.516992e+07   1.000000e+02
9.549486e+00   1.527474e+07   1.000000e+02
9.637935e+00   1.537863e+07   1.000000e+02
9.727203e+00   1.548153e+07   1.000000e+02
9.817298e+00   1.558341e+07   1.000000e+02
9.908228e+00   1.568425e+07   1.000000e+02
1.000000e+01   1.578400e+07   1.000000e+02
