# He4 + n + n > He6 + g   [a_n_n__He6_g]   ref=Efros et al. 1996
# forward[T9] = If[T9<2, (2.65*^-3*T9^2.555*Exp[0.181/Max[T9,.1]]), (2.93*^-1*T9^(-3.51*^-1)*Exp[-5.24/T9])]   uncertainty factor f = 3
# T9                 rate                error
1.000000e-03   3.502022e-10   3.000000e+00
1.009262e-03   3.585495e-10   3.000000e+00
1.018610e-03   3.670957e-10   3.000000e+00
1.028045e-03   3.758457e-10   3.000000e+00
1.037567e-03   3.848042e-10   3.000000e+00
1.047177e-03   3.939762e-10   3.000000e+00
1.056876e-03   4.033669e-10   3.000000e+00
1.066665e-03   4.129814e-10   3.000000e+00
1.076545e-03   4.228251e-10   3.000000e+00
1.086516e-03   4.329034e-10   3.000000e+00
1.096579e-03   4.432219e-10   3.000000e+00
1.106736e-03   4.537863e-10   3.000000e+00
1.116987e-03   4.646026e-10   3.000000e+00
1.127333e-03   4.756767e-10   3.000000e+00
1.137774e-03   4.870147e-10   3.000000e+00
1.148312e-03   4.986230e-10   3.000000e+00
1.158948e-03   5.105080e-10   3.000000e+00
1.169683e-03   5.226763e-10   3.000000e+00
1.180517e-03   5.351346e-10   3.000000e+00
1.191451e-03   5.478899e-10   3.000000e+00
1.202486e-03   5.609491e-10   3.000000e+00
1.213624e-03   5.743197e-10   3.000000e+00
1.224865e-03   5.880090e-10   3.000000e+00
1.236210e-03   6.020245e-10   3.000000e+00
1.247660e-03   6.163741e-10   3.000000e+00
1.259216e-03   6.310658e-10   3.000000e+00
1.270879e-03   6.461076e-10   3.000000e+00
1.282650e-03   6.615080e-10   3.000000e+00
1.294530e-03   6.772754e-10   3.000000e+00
1.306520e-03   6.934187e-10   3.000000e+00
1.318621e-03   7.099468e-10   3.000000e+00
1.330835e-03   7.268688e-10   3.000000e+00
1.343161e-03   7.441942e-10   3.000000e+00
1.355602e-03   7.619325e-10   3.000000e+00
1.368158e-03   7.800936e-10   3.000000e+00
1.380830e-03   7.986876e-10   3.000000e+00
1.393619e-03   8.177248e-10   3.000000e+00
1.406527e-03   8.372158e-10   3.000000e+00
1.419555e-03   8.571713e-10   3.000000e+00
1.432703e-03   8.776025e-10   3.000000e+00
1.445973e-03   8.985207e-10   3.000000e+00
1.459366e-03   9.199375e-10   3.000000e+00
1.472883e-03   9.418648e-10   3.000000e+00
1.486525e-03   9.643147e-10   3.000000e+00
1.500293e-03   9.872997e-10   3.000000e+00
1.514189e-03   1.010833e-09   3.000000e+00
1.528214e-03   1.034926e-09   3.000000e+00
1.542369e-03   1.059595e-09   3.000000e+00
1.556654e-03   1.084851e-09   3.000000e+00
1.571072e-03   1.110709e-09   3.000000e+00
1.585624e-03   1.137183e-09   3.000000e+00
1.600310e-03   1.164289e-09   3.000000e+00
1.615133e-03   1.192040e-09   3.000000e+00
1.630092e-03   1.220453e-09   3.000000e+00
1.645191e-03   1.249543e-09   3.000000e+00
1.660429e-03   1.279327e-09   3.000000e+00
1.675808e-03   1.309820e-09   3.000000e+00
1.691330e-03   1.341041e-09   3.000000e+00
1.706995e-03   1.373005e-09   3.000000e+00
1.722805e-03   1.405732e-09   3.000000e+00
1.738762e-03   1.439238e-09   3.000000e+00
1.754867e-03   1.473543e-09   3.000000e+00
1.771121e-03   1.508666e-09   3.000000e+00
1.787526e-03   1.544626e-09   3.000000e+00
1.804082e-03   1.581443e-09   3.000000e+00
1.820792e-03   1.619138e-09   3.000000e+00
1.837656e-03   1.657731e-09   3.000000e+00
1.854677e-03   1.697244e-09   3.000000e+00
1.871855e-03   1.737699e-09   3.000000e+00
1.889193e-03   1.779118e-09   3.000000e+00
1.906691e-03   1.821524e-09   3.000000e+00
1.924351e-03   1.864942e-09   3.000000e+00
1.942175e-03   1.909394e-09   3.000000e+00
1.960163e-03   1.954905e-09   3.000000e+00
1.978319e-03   2.001502e-09   3.000000e+00
1.996642e-03   2.049209e-09   3.000000e+00
2.015136e-03   2.098053e-09   3.000000e+00
2.033800e-03   2.148061e-09   3.000000e+00
2.052638e-03   2.199261e-09   3.000000e+00
2.071650e-03   2.251682e-09   3.000000e+00
2.090838e-03   2.305352e-09   3.000000e+00
2.110203e-03   2.360302e-09   3.000000e+00
2.129749e-03   2.416561e-09   3.000000e+00
2.149475e-03   2.474161e-09   3.000000e+00
2.169384e-03   2.533134e-09   3.000000e+00
2.189477e-03   2.593513e-09   3.000000e+00
2.209756e-03   2.655331e-09   3.000000e+00
2.230223e-03   2.718623e-09   3.000000e+00
2.250880e-03   2.783423e-09   3.000000e+00
2.271728e-03   2.849767e-09   3.000000e+00
2.292769e-03   2.917693e-09   3.000000e+00
2.314005e-03   2.987238e-09   3.000000e+00
2.335438e-03   3.058441e-09   3.000000e+00
2.357069e-03   3.131341e-09   3.000000e+00
2.378901e-03   3.205978e-09   3.000000e+00
2.400935e-03   3.282394e-09   3.000000e+00
2.423173e-03   3.360632e-09   3.000000e+00
2.445617e-03   3.440735e-09   3.000000e+00
2.468268e-03   3.522747e-09   3.000000e+00
2.491130e-03   3.606714e-09   3.000000e+00
2.514203e-03   3.692682e-09   3.000000e+00
2.537490e-03   3.780699e-09   3.000000e+00
2.560993e-03   3.870815e-09   3.000000e+00
2.584714e-03   3.963078e-09   3.000000e+00
2.608654e-03   4.057540e-09   3.000000e+00
2.632815e-03   4.154254e-09   3.000000e+00
2.657201e-03   4.253273e-09   3.000000e+00
2.681813e-03   4.354653e-09   3.000000e+00
2.706652e-03   4.458448e-09   3.000000e+00
2.731722e-03   4.564718e-09   3.000000e+00
2.757023e-03   4.673521e-09   3.000000e+00
2.782559e-03   4.784917e-09   3.000000e+00
2.808332e-03   4.898969e-09   3.000000e+00
2.834343e-03   5.015739e-09   3.000000e+00
2.860596e-03   5.135292e-09   3.000000e+00
2.887091e-03   5.257695e-09   3.000000e+00
2.913832e-03   5.383015e-09   3.000000e+00
2.940820e-03   5.511322e-09   3.000000e+00
2.968059e-03   5.642688e-09   3.000000e+00
2.995549e-03   5.777185e-09   3.000000e+00
3.023295e-03   5.914888e-09   3.000000e+00
3.051297e-03   6.055873e-09   3.000000e+00
3.079559e-03   6.200218e-09   3.000000e+00
3.108082e-03   6.348004e-09   3.000000e+00
3.136870e-03   6.499313e-09   3.000000e+00
3.165924e-03   6.654228e-09   3.000000e+00
3.195248e-03   6.812835e-09   3.000000e+00
3.224842e-03   6.975223e-09   3.000000e+00
3.254712e-03   7.141482e-09   3.000000e+00
3.284857e-03   7.311704e-09   3.000000e+00
3.315282e-03   7.485983e-09   3.000000e+00
3.345989e-03   7.664416e-09   3.000000e+00
3.376980e-03   7.847102e-09   3.000000e+00
3.408259e-03   8.034142e-09   3.000000e+00
3.439826e-03   8.225641e-09   3.000000e+00
3.471687e-03   8.421704e-09   3.000000e+00
3.503842e-03   8.622440e-09   3.000000e+00
3.536296e-03   8.827961e-09   3.000000e+00
3.569049e-03   9.038381e-09   3.000000e+00
3.602107e-03   9.253817e-09   3.000000e+00
3.635470e-03   9.474387e-09   3.000000e+00
3.669142e-03   9.700215e-09   3.000000e+00
3.703127e-03   9.931425e-09   3.000000e+00
3.737426e-03   1.016815e-08   3.000000e+00
3.772042e-03   1.041051e-08   3.000000e+00
3.806980e-03   1.065865e-08   3.000000e+00
3.842241e-03   1.091271e-08   3.000000e+00
3.877828e-03   1.117282e-08   3.000000e+00
3.913746e-03   1.143913e-08   3.000000e+00
3.949995e-03   1.171179e-08   3.000000e+00
3.986581e-03   1.199095e-08   3.000000e+00
4.023506e-03   1.227676e-08   3.000000e+00
4.060772e-03   1.256938e-08   3.000000e+00
4.098384e-03   1.286898e-08   3.000000e+00
4.136344e-03   1.317572e-08   3.000000e+00
4.174655e-03   1.348977e-08   3.000000e+00
4.213322e-03   1.381131e-08   3.000000e+00
4.252346e-03   1.414051e-08   3.000000e+00
4.291732e-03   1.447756e-08   3.000000e+00
4.331483e-03   1.482264e-08   3.000000e+00
4.371602e-03   1.517594e-08   3.000000e+00
4.412093e-03   1.553767e-08   3.000000e+00
4.452959e-03   1.590802e-08   3.000000e+00
4.494203e-03   1.628720e-08   3.000000e+00
4.535829e-03   1.667541e-08   3.000000e+00
4.577841e-03   1.707288e-08   3.000000e+00
4.620241e-03   1.747983e-08   3.000000e+00
4.663035e-03   1.789647e-08   3.000000e+00
4.706225e-03   1.832304e-08   3.000000e+00
4.749815e-03   1.875978e-08   3.000000e+00
4.793808e-03   1.920693e-08   3.000000e+00
4.838210e-03   1.966474e-08   3.000000e+00
4.883022e-03   2.013346e-08   3.000000e+00
4.928250e-03   2.061336e-08   3.000000e+00
4.973896e-03   2.110469e-08   3.000000e+00
5.019965e-03   2.160773e-08   3.000000e+00
5.066461e-03   2.212277e-08   3.000000e+00
5.113388e-03   2.265007e-08   3.000000e+00
5.160749e-03   2.318995e-08   3.000000e+00
5.208549e-03   2.374270e-08   3.000000e+00
5.256791e-03   2.430862e-08   3.000000e+00
5.305481e-03   2.488803e-08   3.000000e+00
5.354621e-03   2.548125e-08   3.000000e+00
5.404216e-03   2.608861e-08   3.000000e+00
5.454271e-03   2.671045e-08   3.000000e+00
5.504790e-03   2.734711e-08   3.000000e+00
5.555776e-03   2.799895e-08   3.000000e+00
5.607235e-03   2.866632e-08   3.000000e+00
5.659170e-03   2.934960e-08   3.000000e+00
5.711586e-03   3.004916e-08   3.000000e+00
5.764488e-03   3.076540e-08   3.000000e+00
5.817880e-03   3.149872e-08   3.000000e+00
5.871766e-03   3.224951e-08   3.000000e+00
5.926152e-03   3.301819e-08   3.000000e+00
5.981041e-03   3.380520e-08   3.000000e+00
6.036439e-03   3.461097e-08   3.000000e+00
6.092349e-03   3.543594e-08   3.000000e+00
6.148778e-03   3.628058e-08   3.000000e+00
6.205729e-03   3.714535e-08   3.000000e+00
6.263207e-03   3.803073e-08   3.000000e+00
6.321218e-03   3.893722e-08   3.000000e+00
6.379767e-03   3.986531e-08   3.000000e+00
6.438857e-03   4.081553e-08   3.000000e+00
6.498495e-03   4.178839e-08   3.000000e+00
6.558686e-03   4.278444e-08   3.000000e+00
6.619433e-03   4.380423e-08   3.000000e+00
6.680744e-03   4.484833e-08   3.000000e+00
6.742622e-03   4.591732e-08   3.000000e+00
6.805074e-03   4.701179e-08   3.000000e+00
6.868104e-03   4.813234e-08   3.000000e+00
6.931717e-03   4.927961e-08   3.000000e+00
6.995920e-03   5.045422e-08   3.000000e+00
7.060718e-03   5.165682e-08   3.000000e+00
7.126115e-03   5.288810e-08   3.000000e+00
7.192119e-03   5.414872e-08   3.000000e+00
7.258734e-03   5.543938e-08   3.000000e+00
7.325965e-03   5.676081e-08   3.000000e+00
7.393820e-03   5.811374e-08   3.000000e+00
7.462303e-03   5.949892e-08   3.000000e+00
7.531420e-03   6.091711e-08   3.000000e+00
7.601178e-03   6.236911e-08   3.000000e+00
7.671581e-03   6.385571e-08   3.000000e+00
7.742637e-03   6.537775e-08   3.000000e+00
7.814351e-03   6.693607e-08   3.000000e+00
7.886729e-03   6.853153e-08   3.000000e+00
7.959777e-03   7.016503e-08   3.000000e+00
8.033502e-03   7.183745e-08   3.000000e+00
8.107910e-03   7.354974e-08   3.000000e+00
8.183007e-03   7.530284e-08   3.000000e+00
8.258799e-03   7.709773e-08   3.000000e+00
8.335294e-03   7.893540e-08   3.000000e+00
8.412497e-03   8.081688e-08   3.000000e+00
8.490415e-03   8.274320e-08   3.000000e+00
8.569055e-03   8.471543e-08   3.000000e+00
8.648423e-03   8.673468e-08   3.000000e+00
8.728527e-03   8.880205e-08   3.000000e+00
8.809372e-03   9.091870e-08   3.000000e+00
8.890966e-03   9.308580e-08   3.000000e+00
8.973316e-03   9.530456e-08   3.000000e+00
9.056428e-03   9.757620e-08   3.000000e+00
9.140311e-03   9.990199e-08   3.000000e+00
9.224970e-03   1.022832e-07   3.000000e+00
9.310413e-03   1.047212e-07   3.000000e+00
9.396648e-03   1.072173e-07   3.000000e+00
9.483682e-03   1.097729e-07   3.000000e+00
9.571522e-03   1.123894e-07   3.000000e+00
9.660175e-03   1.150683e-07   3.000000e+00
9.749649e-03   1.178110e-07   3.000000e+00
9.839952e-03   1.206191e-07   3.000000e+00
9.931092e-03   1.234941e-07   3.000000e+00
1.002308e-02   1.264377e-07   3.000000e+00
1.011591e-02   1.294514e-07   3.000000e+00
1.020961e-02   1.325369e-07   3.000000e+00
1.030417e-02   1.356960e-07   3.000000e+00
1.039961e-02   1.389304e-07   3.000000e+00
1.049593e-02   1.422419e-07   3.000000e+00
1.059315e-02   1.456323e-07   3.000000e+00
1.069126e-02   1.491036e-07   3.000000e+00
1.079029e-02   1.526575e-07   3.000000e+00
1.089023e-02   1.562962e-07   3.000000e+00
1.099110e-02   1.600217e-07   3.000000e+00
1.109290e-02   1.638359e-07   3.000000e+00
1.119564e-02   1.677410e-07   3.000000e+00
1.129934e-02   1.717392e-07   3.000000e+00
1.140400e-02   1.758327e-07   3.000000e+00
1.150962e-02   1.800238e-07   3.000000e+00
1.161623e-02   1.843148e-07   3.000000e+00
1.172382e-02   1.887080e-07   3.000000e+00
1.183241e-02   1.932060e-07   3.000000e+00
1.194200e-02   1.978112e-07   3.000000e+00
1.205261e-02   2.025261e-07   3.000000e+00
1.216424e-02   2.073535e-07   3.000000e+00
1.227691e-02   2.122959e-07   3.000000e+00
1.239062e-02   2.173561e-07   3.000000e+00
1.250539e-02   2.225369e-07   3.000000e+00
1.262121e-02   2.278412e-07   3.000000e+00
1.273811e-02   2.332719e-07   3.000000e+00
1.285610e-02   2.388321e-07   3.000000e+00
1.297517e-02   2.445248e-07   3.000000e+00
1.309535e-02   2.503532e-07   3.000000e+00
1.321664e-02   2.563205e-07   3.000000e+00
1.333906e-02   2.624301e-07   3.000000e+00
1.346261e-02   2.686852e-07   3.000000e+00
1.358730e-02   2.750895e-07   3.000000e+00
1.371315e-02   2.816464e-07   3.000000e+00
1.384016e-02   2.883597e-07   3.000000e+00
1.396835e-02   2.952329e-07   3.000000e+00
1.409773e-02   3.022699e-07   3.000000e+00
1.422830e-02   3.094747e-07   3.000000e+00
1.436009e-02   3.168512e-07   3.000000e+00
1.449310e-02   3.244036e-07   3.000000e+00
1.462733e-02   3.321359e-07   3.000000e+00
1.476281e-02   3.400526e-07   3.000000e+00
1.489955e-02   3.481580e-07   3.000000e+00
1.503755e-02   3.564565e-07   3.000000e+00
1.517683e-02   3.649529e-07   3.000000e+00
1.531740e-02   3.736518e-07   3.000000e+00
1.545928e-02   3.825580e-07   3.000000e+00
1.560246e-02   3.916765e-07   3.000000e+00
1.574698e-02   4.010123e-07   3.000000e+00
1.589283e-02   4.105707e-07   3.000000e+00
1.604003e-02   4.203569e-07   3.000000e+00
1.618860e-02   4.303764e-07   3.000000e+00
1.633854e-02   4.406347e-07   3.000000e+00
1.648987e-02   4.511374e-07   3.000000e+00
1.664260e-02   4.618906e-07   3.000000e+00
1.679675e-02   4.729000e-07   3.000000e+00
1.695232e-02   4.841719e-07   3.000000e+00
1.710934e-02   4.957124e-07   3.000000e+00
1.726781e-02   5.075280e-07   3.000000e+00
1.742775e-02   5.196253e-07   3.000000e+00
1.758917e-02   5.320108e-07   3.000000e+00
1.775208e-02   5.446917e-07   3.000000e+00
1.791650e-02   5.576747e-07   3.000000e+00
1.808245e-02   5.709672e-07   3.000000e+00
1.824993e-02   5.845766e-07   3.000000e+00
1.841897e-02   5.985103e-07   3.000000e+00
1.858957e-02   6.127762e-07   3.000000e+00
1.876175e-02   6.273821e-07   3.000000e+00
1.893552e-02   6.423361e-07   3.000000e+00
1.911091e-02   6.576466e-07   3.000000e+00
1.928792e-02   6.733220e-07   3.000000e+00
1.946656e-02   6.893710e-07   3.000000e+00
1.964687e-02   7.058026e-07   3.000000e+00
1.982884e-02   7.226258e-07   3.000000e+00
2.001250e-02   7.398501e-07   3.000000e+00
2.019786e-02   7.574848e-07   3.000000e+00
2.038493e-02   7.755399e-07   3.000000e+00
2.057374e-02   7.940254e-07   3.000000e+00
2.076430e-02   8.129515e-07   3.000000e+00
2.095662e-02   8.323287e-07   3.000000e+00
2.115073e-02   8.521677e-07   3.000000e+00
2.134663e-02   8.724797e-07   3.000000e+00
2.154435e-02   8.932758e-07   3.000000e+00
2.174389e-02   9.145675e-07   3.000000e+00
2.194529e-02   9.363668e-07   3.000000e+00
2.214855e-02   9.586857e-07   3.000000e+00
2.235370e-02   9.815365e-07   3.000000e+00
2.256074e-02   1.004932e-06   3.000000e+00
2.276970e-02   1.028885e-06   3.000000e+00
2.298060e-02   1.053409e-06   3.000000e+00
2.319345e-02   1.078518e-06   3.000000e+00
2.340827e-02   1.104225e-06   3.000000e+00
2.362508e-02   1.130545e-06   3.000000e+00
2.384390e-02   1.157492e-06   3.000000e+00
2.406475e-02   1.185082e-06   3.000000e+00
2.428764e-02   1.213329e-06   3.000000e+00
2.451260e-02   1.242249e-06   3.000000e+00
2.473964e-02   1.271859e-06   3.000000e+00
2.496878e-02   1.302175e-06   3.000000e+00
2.520005e-02   1.333213e-06   3.000000e+00
2.543346e-02   1.364991e-06   3.000000e+00
2.566903e-02   1.397526e-06   3.000000e+00
2.590678e-02   1.430837e-06   3.000000e+00
2.614673e-02   1.464942e-06   3.000000e+00
2.638891e-02   1.499860e-06   3.000000e+00
2.663333e-02   1.535610e-06   3.000000e+00
2.688001e-02   1.572212e-06   3.000000e+00
2.712898e-02   1.609687e-06   3.000000e+00
2.738025e-02   1.648054e-06   3.000000e+00
2.763385e-02   1.687337e-06   3.000000e+00
2.788980e-02   1.727555e-06   3.000000e+00
2.814812e-02   1.768733e-06   3.000000e+00
2.840884e-02   1.810892e-06   3.000000e+00
2.867196e-02   1.854055e-06   3.000000e+00
2.893753e-02   1.898248e-06   3.000000e+00
2.920556e-02   1.943494e-06   3.000000e+00
2.947606e-02   1.989818e-06   3.000000e+00
2.974908e-02   2.037247e-06   3.000000e+00
3.002462e-02   2.085806e-06   3.000000e+00
3.030271e-02   2.135522e-06   3.000000e+00
3.058338e-02   2.186424e-06   3.000000e+00
3.086665e-02   2.238538e-06   3.000000e+00
3.115254e-02   2.291895e-06   3.000000e+00
3.144108e-02   2.346524e-06   3.000000e+00
3.173230e-02   2.402455e-06   3.000000e+00
3.202621e-02   2.459719e-06   3.000000e+00
3.232284e-02   2.518348e-06   3.000000e+00
3.262222e-02   2.578374e-06   3.000000e+00
3.292437e-02   2.639831e-06   3.000000e+00
3.322933e-02   2.702753e-06   3.000000e+00
3.353710e-02   2.767175e-06   3.000000e+00
3.384773e-02   2.833132e-06   3.000000e+00
3.416123e-02   2.900662e-06   3.000000e+00
3.447764e-02   2.969801e-06   3.000000e+00
3.479698e-02   3.040588e-06   3.000000e+00
3.511928e-02   3.113062e-06   3.000000e+00
3.544456e-02   3.187264e-06   3.000000e+00
3.577285e-02   3.263234e-06   3.000000e+00
3.610419e-02   3.341015e-06   3.000000e+00
3.643859e-02   3.420650e-06   3.000000e+00
3.677609e-02   3.502184e-06   3.000000e+00
3.711672e-02   3.585660e-06   3.000000e+00
3.746050e-02   3.671127e-06   3.000000e+00
3.780747e-02   3.758630e-06   3.000000e+00
3.815765e-02   3.848219e-06   3.000000e+00
3.851107e-02   3.939944e-06   3.000000e+00
3.886777e-02   4.033855e-06   3.000000e+00
3.922777e-02   4.130004e-06   3.000000e+00
3.959110e-02   4.228446e-06   3.000000e+00
3.995780e-02   4.329233e-06   3.000000e+00
4.032790e-02   4.432423e-06   3.000000e+00
4.070142e-02   4.538073e-06   3.000000e+00
4.107841e-02   4.646240e-06   3.000000e+00
4.145888e-02   4.756986e-06   3.000000e+00
4.184289e-02   4.870372e-06   3.000000e+00
4.223044e-02   4.986460e-06   3.000000e+00
4.262159e-02   5.105316e-06   3.000000e+00
4.301636e-02   5.227004e-06   3.000000e+00
4.341478e-02   5.351593e-06   3.000000e+00
4.381690e-02   5.479151e-06   3.000000e+00
4.422274e-02   5.609750e-06   3.000000e+00
4.463234e-02   5.743462e-06   3.000000e+00
4.504573e-02   5.880361e-06   3.000000e+00
4.546295e-02   6.020523e-06   3.000000e+00
4.588404e-02   6.164026e-06   3.000000e+00
4.630903e-02   6.310949e-06   3.000000e+00
4.673795e-02   6.461374e-06   3.000000e+00
4.717085e-02   6.615385e-06   3.000000e+00
4.760775e-02   6.773067e-06   3.000000e+00
4.804870e-02   6.934507e-06   3.000000e+00
4.849374e-02   7.099795e-06   3.000000e+00
4.894290e-02   7.269023e-06   3.000000e+00
4.939622e-02   7.442285e-06   3.000000e+00
4.985373e-02   7.619676e-06   3.000000e+00
5.031549e-02   7.801296e-06   3.000000e+00
5.078152e-02   7.987244e-06   3.000000e+00
5.125187e-02   8.177625e-06   3.000000e+00
5.172657e-02   8.372544e-06   3.000000e+00
5.220568e-02   8.572108e-06   3.000000e+00
5.268921e-02   8.776430e-06   3.000000e+00
5.317723e-02   8.985621e-06   3.000000e+00
5.366977e-02   9.199799e-06   3.000000e+00
5.416687e-02   9.419082e-06   3.000000e+00
5.466857e-02   9.643592e-06   3.000000e+00
5.517492e-02   9.873452e-06   3.000000e+00
5.568596e-02   1.010879e-05   3.000000e+00
5.620174e-02   1.034974e-05   3.000000e+00
5.672229e-02   1.059643e-05   3.000000e+00
5.724766e-02   1.084901e-05   3.000000e+00
5.777790e-02   1.110760e-05   3.000000e+00
5.831305e-02   1.137236e-05   3.000000e+00
5.885316e-02   1.164342e-05   3.000000e+00
5.939827e-02   1.192095e-05   3.000000e+00
5.994843e-02   1.220509e-05   3.000000e+00
6.050368e-02   1.249601e-05   3.000000e+00
6.106408e-02   1.279386e-05   3.000000e+00
6.162966e-02   1.309881e-05   3.000000e+00
6.220049e-02   1.341103e-05   3.000000e+00
6.277660e-02   1.373069e-05   3.000000e+00
6.335805e-02   1.405797e-05   3.000000e+00
6.394488e-02   1.439305e-05   3.000000e+00
6.453715e-02   1.473611e-05   3.000000e+00
6.513491e-02   1.508736e-05   3.000000e+00
6.573820e-02   1.544697e-05   3.000000e+00
6.634708e-02   1.581516e-05   3.000000e+00
6.696160e-02   1.619213e-05   3.000000e+00
6.758181e-02   1.657808e-05   3.000000e+00
6.820777e-02   1.697322e-05   3.000000e+00
6.883952e-02   1.737779e-05   3.000000e+00
6.947713e-02   1.779200e-05   3.000000e+00
7.012064e-02   1.821608e-05   3.000000e+00
7.077011e-02   1.865028e-05   3.000000e+00
7.142559e-02   1.909482e-05   3.000000e+00
7.208715e-02   1.954995e-05   3.000000e+00
7.275484e-02   2.001594e-05   3.000000e+00
7.342870e-02   2.049303e-05   3.000000e+00
7.410882e-02   2.098149e-05   3.000000e+00
7.479523e-02   2.148160e-05   3.000000e+00
7.548799e-02   2.199363e-05   3.000000e+00
7.618718e-02   2.251786e-05   3.000000e+00
7.689284e-02   2.305459e-05   3.000000e+00
7.760503e-02   2.360411e-05   3.000000e+00
7.832383e-02   2.416672e-05   3.000000e+00
7.904928e-02   2.474275e-05   3.000000e+00
7.978145e-02   2.533251e-05   3.000000e+00
8.052040e-02   2.593633e-05   3.000000e+00
8.126619e-02   2.655454e-05   3.000000e+00
8.201889e-02   2.718748e-05   3.000000e+00
8.277857e-02   2.783551e-05   3.000000e+00
8.354528e-02   2.849899e-05   3.000000e+00
8.431909e-02   2.917828e-05   3.000000e+00
8.510007e-02   2.987376e-05   3.000000e+00
8.588829e-02   3.058582e-05   3.000000e+00
8.668380e-02   3.131485e-05   3.000000e+00
8.748668e-02   3.206126e-05   3.000000e+00
8.829700e-02   3.282546e-05   3.000000e+00
8.911482e-02   3.360787e-05   3.000000e+00
8.994022e-02   3.440894e-05   3.000000e+00
9.077327e-02   3.522909e-05   3.000000e+00
9.161402e-02   3.606880e-05   3.000000e+00
9.246257e-02   3.692852e-05   3.000000e+00
9.331898e-02   3.780874e-05   3.000000e+00
9.418332e-02   3.870993e-05   3.000000e+00
9.505566e-02   3.963261e-05   3.000000e+00
9.593608e-02   4.057727e-05   3.000000e+00
9.682466e-02   4.154446e-05   3.000000e+00
9.772147e-02   4.253469e-05   3.000000e+00
9.862658e-02   4.354853e-05   3.000000e+00
9.954008e-02   4.458654e-05   3.000000e+00
1.004620e-01   4.527086e-05   3.000000e+00
1.013925e-01   4.558985e-05   3.000000e+00
1.023317e-01   4.591806e-05   3.000000e+00
1.032795e-01   4.625559e-05   3.000000e+00
1.042361e-01   4.660254e-05   3.000000e+00
1.052015e-01   4.695902e-05   3.000000e+00
1.061759e-01   4.732515e-05   3.000000e+00
1.071593e-01   4.770105e-05   3.000000e+00
1.081519e-01   4.808683e-05   3.000000e+00
1.091536e-01   4.848263e-05   3.000000e+00
1.101646e-01   4.888858e-05   3.000000e+00
1.111850e-01   4.930481e-05   3.000000e+00
1.122148e-01   4.973147e-05   3.000000e+00
1.132541e-01   5.016870e-05   3.000000e+00
1.143031e-01   5.061665e-05   3.000000e+00
1.153618e-01   5.107547e-05   3.000000e+00
1.164303e-01   5.154533e-05   3.000000e+00
1.175087e-01   5.202638e-05   3.000000e+00
1.185971e-01   5.251880e-05   3.000000e+00
1.196956e-01   5.302275e-05   3.000000e+00
1.208042e-01   5.353842e-05   3.000000e+00
1.219231e-01   5.406600e-05   3.000000e+00
1.230524e-01   5.460566e-05   3.000000e+00
1.241921e-01   5.515760e-05   3.000000e+00
1.253424e-01   5.572203e-05   3.000000e+00
1.265034e-01   5.629914e-05   3.000000e+00
1.276751e-01   5.688915e-05   3.000000e+00
1.288576e-01   5.749227e-05   3.000000e+00
1.300511e-01   5.810872e-05   3.000000e+00
1.312557e-01   5.873872e-05   3.000000e+00
1.324714e-01   5.938252e-05   3.000000e+00
1.336984e-01   6.004035e-05   3.000000e+00
1.349367e-01   6.071245e-05   3.000000e+00
1.361865e-01   6.139907e-05   3.000000e+00
1.374479e-01   6.210048e-05   3.000000e+00
1.387210e-01   6.281693e-05   3.000000e+00
1.400058e-01   6.354869e-05   3.000000e+00
1.413026e-01   6.429604e-05   3.000000e+00
1.426114e-01   6.505926e-05   3.000000e+00
1.439323e-01   6.583865e-05   3.000000e+00
1.452654e-01   6.663449e-05   3.000000e+00
1.466109e-01   6.744710e-05   3.000000e+00
1.479688e-01   6.827678e-05   3.000000e+00
1.493393e-01   6.912386e-05   3.000000e+00
1.507225e-01   6.998865e-05   3.000000e+00
1.521186e-01   7.087150e-05   3.000000e+00
1.535275e-01   7.177274e-05   3.000000e+00
1.549495e-01   7.269273e-05   3.000000e+00
1.563847e-01   7.363182e-05   3.000000e+00
1.578331e-01   7.459038e-05   3.000000e+00
1.592950e-01   7.556878e-05   3.000000e+00
1.607704e-01   7.656741e-05   3.000000e+00
1.622595e-01   7.758667e-05   3.000000e+00
1.637624e-01   7.862695e-05   3.000000e+00
1.652792e-01   7.968866e-05   3.000000e+00
1.668101e-01   8.077222e-05   3.000000e+00
1.683551e-01   8.187808e-05   3.000000e+00
1.699144e-01   8.300665e-05   3.000000e+00
1.714882e-01   8.415841e-05   3.000000e+00
1.730766e-01   8.533380e-05   3.000000e+00
1.746796e-01   8.653329e-05   3.000000e+00
1.762975e-01   8.775738e-05   3.000000e+00
1.779304e-01   8.900655e-05   3.000000e+00
1.795785e-01   9.028131e-05   3.000000e+00
1.812418e-01   9.158217e-05   3.000000e+00
1.829205e-01   9.290966e-05   3.000000e+00
1.846147e-01   9.426432e-05   3.000000e+00
1.863246e-01   9.564670e-05   3.000000e+00
1.880504e-01   9.705737e-05   3.000000e+00
1.897922e-01   9.849690e-05   3.000000e+00
1.915501e-01   9.996589e-05   3.000000e+00
1.933242e-01   1.014649e-04   3.000000e+00
1.951148e-01   1.029947e-04   3.000000e+00
1.969220e-01   1.045557e-04   3.000000e+00
1.987460e-01   1.061487e-04   3.000000e+00
2.005868e-01   1.077743e-04   3.000000e+00
2.024447e-01   1.094331e-04   3.000000e+00
2.043197e-01   1.111260e-04   3.000000e+00
2.062122e-01   1.128535e-04   3.000000e+00
2.081222e-01   1.146165e-04   3.000000e+00
2.100498e-01   1.164156e-04   3.000000e+00
2.119953e-01   1.182516e-04   3.000000e+00
2.139589e-01   1.201252e-04   3.000000e+00
2.159406e-01   1.220374e-04   3.000000e+00
2.179407e-01   1.239888e-04   3.000000e+00
2.199593e-01   1.259803e-04   3.000000e+00
2.219966e-01   1.280127e-04   3.000000e+00
2.240528e-01   1.300870e-04   3.000000e+00
2.261280e-01   1.322039e-04   3.000000e+00
2.282224e-01   1.343644e-04   3.000000e+00
2.303363e-01   1.365695e-04   3.000000e+00
2.324697e-01   1.388200e-04   3.000000e+00
2.346229e-01   1.411169e-04   3.000000e+00
2.367960e-01   1.434612e-04   3.000000e+00
2.389893e-01   1.458540e-04   3.000000e+00
2.412028e-01   1.482962e-04   3.000000e+00
2.434369e-01   1.507889e-04   3.000000e+00
2.456916e-01   1.533332e-04   3.000000e+00
2.479673e-01   1.559302e-04   3.000000e+00
2.502640e-01   1.585810e-04   3.000000e+00
2.525820e-01   1.612869e-04   3.000000e+00
2.549215e-01   1.640488e-04   3.000000e+00
2.572826e-01   1.668682e-04   3.000000e+00
2.596656e-01   1.697461e-04   3.000000e+00
2.620707e-01   1.726839e-04   3.000000e+00
2.644980e-01   1.756829e-04   3.000000e+00
2.669478e-01   1.787443e-04   3.000000e+00
2.694204e-01   1.818696e-04   3.000000e+00
2.719158e-01   1.850601e-04   3.000000e+00
2.744343e-01   1.883172e-04   3.000000e+00
2.769762e-01   1.916424e-04   3.000000e+00
2.795416e-01   1.950371e-04   3.000000e+00
2.821308e-01   1.985029e-04   3.000000e+00
2.847439e-01   2.020413e-04   3.000000e+00
2.873813e-01   2.056539e-04   3.000000e+00
2.900430e-01   2.093423e-04   3.000000e+00
2.927295e-01   2.131081e-04   3.000000e+00
2.954408e-01   2.169531e-04   3.000000e+00
2.981772e-01   2.208789e-04   3.000000e+00
3.009390e-01   2.248874e-04   3.000000e+00
3.037264e-01   2.289804e-04   3.000000e+00
3.065395e-01   2.331596e-04   3.000000e+00
3.093788e-01   2.374271e-04   3.000000e+00
3.122443e-01   2.417846e-04   3.000000e+00
3.151363e-01   2.462343e-04   3.000000e+00
3.180552e-01   2.507781e-04   3.000000e+00
3.210011e-01   2.554181e-04   3.000000e+00
3.239743e-01   2.601565e-04   3.000000e+00
3.269750e-01   2.649953e-04   3.000000e+00
3.300035e-01   2.699368e-04   3.000000e+00
3.330600e-01   2.749833e-04   3.000000e+00
3.361449e-01   2.801371e-04   3.000000e+00
3.392583e-01   2.854005e-04   3.000000e+00
3.424006e-01   2.907760e-04   3.000000e+00
3.455720e-01   2.962661e-04   3.000000e+00
3.487727e-01   3.018733e-04   3.000000e+00
3.520031e-01   3.076001e-04   3.000000e+00
3.552635e-01   3.134493e-04   3.000000e+00
3.585540e-01   3.194236e-04   3.000000e+00
3.618750e-01   3.255257e-04   3.000000e+00
3.652267e-01   3.317584e-04   3.000000e+00
3.686095e-01   3.381248e-04   3.000000e+00
3.720237e-01   3.446277e-04   3.000000e+00
3.754694e-01   3.512702e-04   3.000000e+00
3.789471e-01   3.580554e-04   3.000000e+00
3.824570e-01   3.649865e-04   3.000000e+00
3.859994e-01   3.720667e-04   3.000000e+00
3.895746e-01   3.792994e-04   3.000000e+00
3.931829e-01   3.866879e-04   3.000000e+00
3.968246e-01   3.942358e-04   3.000000e+00
4.005001e-01   4.019466e-04   3.000000e+00
4.042096e-01   4.098240e-04   3.000000e+00
4.079535e-01   4.178717e-04   3.000000e+00
4.117320e-01   4.260934e-04   3.000000e+00
4.155455e-01   4.344932e-04   3.000000e+00
4.193944e-01   4.430749e-04   3.000000e+00
4.232789e-01   4.518428e-04   3.000000e+00
4.271994e-01   4.608008e-04   3.000000e+00
4.311562e-01   4.699534e-04   3.000000e+00
4.351497e-01   4.793049e-04   3.000000e+00
4.391801e-01   4.888598e-04   3.000000e+00
4.432479e-01   4.986226e-04   3.000000e+00
4.473533e-01   5.085980e-04   3.000000e+00
4.514968e-01   5.187909e-04   3.000000e+00
4.556786e-01   5.292060e-04   3.000000e+00
4.598992e-01   5.398485e-04   3.000000e+00
4.641589e-01   5.507234e-04   3.000000e+00
4.684580e-01   5.618360e-04   3.000000e+00
4.727970e-01   5.731916e-04   3.000000e+00
4.771761e-01   5.847958e-04   3.000000e+00
4.815958e-01   5.966542e-04   3.000000e+00
4.860564e-01   6.087725e-04   3.000000e+00
4.905584e-01   6.211565e-04   3.000000e+00
4.951020e-01   6.338124e-04   3.000000e+00
4.996877e-01   6.467462e-04   3.000000e+00
5.043159e-01   6.599643e-04   3.000000e+00
5.089870e-01   6.734731e-04   3.000000e+00
5.137014e-01   6.872791e-04   3.000000e+00
5.184594e-01   7.013892e-04   3.000000e+00
5.232614e-01   7.158102e-04   3.000000e+00
5.281080e-01   7.305492e-04   3.000000e+00
5.329994e-01   7.456134e-04   3.000000e+00
5.379362e-01   7.610102e-04   3.000000e+00
5.429186e-01   7.767471e-04   3.000000e+00
5.479472e-01   7.928320e-04   3.000000e+00
5.530224e-01   8.092726e-04   3.000000e+00
5.581446e-01   8.260771e-04   3.000000e+00
5.633143e-01   8.432539e-04   3.000000e+00
5.685318e-01   8.608113e-04   3.000000e+00
5.737976e-01   8.787581e-04   3.000000e+00
5.791123e-01   8.971030e-04   3.000000e+00
5.844761e-01   9.158553e-04   3.000000e+00
5.898896e-01   9.350242e-04   3.000000e+00
5.953533e-01   9.546191e-04   3.000000e+00
6.008676e-01   9.746499e-04   3.000000e+00
6.064329e-01   9.951265e-04   3.000000e+00
6.120498e-01   1.016059e-03   3.000000e+00
6.177188e-01   1.037458e-03   3.000000e+00
6.234402e-01   1.059334e-03   3.000000e+00
6.292146e-01   1.081698e-03   3.000000e+00
6.350425e-01   1.104561e-03   3.000000e+00
6.409244e-01   1.127935e-03   3.000000e+00
6.468608e-01   1.151831e-03   3.000000e+00
6.528521e-01   1.176261e-03   3.000000e+00
6.588990e-01   1.201238e-03   3.000000e+00
6.650018e-01   1.226773e-03   3.000000e+00
6.711612e-01   1.252881e-03   3.000000e+00
6.773776e-01   1.279573e-03   3.000000e+00
6.836516e-01   1.306864e-03   3.000000e+00
6.899837e-01   1.334767e-03   3.000000e+00
6.963745e-01   1.363296e-03   3.000000e+00
7.028244e-01   1.392465e-03   3.000000e+00
7.093341e-01   1.422290e-03   3.000000e+00
7.159041e-01   1.452785e-03   3.000000e+00
7.225349e-01   1.483966e-03   3.000000e+00
7.292272e-01   1.515849e-03   3.000000e+00
7.359814e-01   1.548449e-03   3.000000e+00
7.427982e-01   1.581783e-03   3.000000e+00
7.496782e-01   1.615868e-03   3.000000e+00
7.566219e-01   1.650722e-03   3.000000e+00
7.636298e-01   1.686361e-03   3.000000e+00
7.707027e-01   1.722805e-03   3.000000e+00
7.778411e-01   1.760072e-03   3.000000e+00
7.850456e-01   1.798180e-03   3.000000e+00
7.923169e-01   1.837150e-03   3.000000e+00
7.996555e-01   1.877000e-03   3.000000e+00
8.070620e-01   1.917752e-03   3.000000e+00
8.145372e-01   1.959425e-03   3.000000e+00
8.220816e-01   2.002043e-03   3.000000e+00
8.296959e-01   2.045625e-03   3.000000e+00
8.373807e-01   2.090195e-03   3.000000e+00
8.451366e-01   2.135775e-03   3.000000e+00
8.529644e-01   2.182389e-03   3.000000e+00
8.608648e-01   2.230061e-03   3.000000e+00
8.688383e-01   2.278814e-03   3.000000e+00
8.768856e-01   2.328675e-03   3.000000e+00
8.850075e-01   2.379668e-03   3.000000e+00
8.932046e-01   2.431820e-03   3.000000e+00
9.014776e-01   2.485158e-03   3.000000e+00
9.098273e-01   2.539710e-03   3.000000e+00
9.182543e-01   2.595502e-03   3.000000e+00
9.267593e-01   2.652565e-03   3.000000e+00
9.353432e-01   2.710927e-03   3.000000e+00
9.440065e-01   2.770619e-03   3.000000e+00
9.527500e-01   2.831671e-03   3.000000e+00
9.615746e-01   2.894116e-03   3.000000e+00
9.704809e-01   2.957985e-03   3.000000e+00
9.794697e-01   3.023311e-03   3.000000e+00
9.885417e-01   3.090128e-03   3.000000e+00
9.976978e-01   3.158472e-03   3.000000e+00
1.006939e+00   3.228377e-03   3.000000e+00
1.016265e+00   3.299879e-03   3.000000e+00
1.025678e+00   3.373016e-03   3.000000e+00
1.035178e+00   3.447825e-03   3.000000e+00
1.044766e+00   3.524347e-03   3.000000e+00
1.054443e+00   3.602619e-03   3.000000e+00
1.064209e+00   3.682684e-03   3.000000e+00
1.074066e+00   3.764582e-03   3.000000e+00
1.084014e+00   3.848357e-03   3.000000e+00
1.094055e+00   3.934052e-03   3.000000e+00
1.104188e+00   4.021712e-03   3.000000e+00
1.114415e+00   4.111383e-03   3.000000e+00
1.124737e+00   4.203110e-03   3.000000e+00
1.135155e+00   4.296943e-03   3.000000e+00
1.145669e+00   4.392931e-03   3.000000e+00
1.156280e+00   4.491123e-03   3.000000e+00
1.166990e+00   4.591571e-03   3.000000e+00
1.177799e+00   4.694327e-03   3.000000e+00
1.188708e+00   4.799445e-03   3.000000e+00
1.199718e+00   4.906981e-03   3.000000e+00
1.210830e+00   5.016991e-03   3.000000e+00
1.222045e+00   5.129533e-03   3.000000e+00
1.233363e+00   5.244664e-03   3.000000e+00
1.244787e+00   5.362447e-03   3.000000e+00
1.256317e+00   5.482943e-03   3.000000e+00
1.267953e+00   5.606215e-03   3.000000e+00
1.279697e+00   5.732328e-03   3.000000e+00
1.291550e+00   5.861348e-03   3.000000e+00
1.303512e+00   5.993344e-03   3.000000e+00
1.315586e+00   6.128385e-03   3.000000e+00
1.327771e+00   6.266541e-03   3.000000e+00
1.340069e+00   6.407887e-03   3.000000e+00
1.352481e+00   6.552496e-03   3.000000e+00
1.365008e+00   6.700444e-03   3.000000e+00
1.377651e+00   6.851810e-03   3.000000e+00
1.390411e+00   7.006674e-03   3.000000e+00
1.403289e+00   7.165117e-03   3.000000e+00
1.416287e+00   7.327224e-03   3.000000e+00
1.429405e+00   7.493079e-03   3.000000e+00
1.442644e+00   7.662772e-03   3.000000e+00
1.456006e+00   7.836390e-03   3.000000e+00
1.469492e+00   8.014028e-03   3.000000e+00
1.483103e+00   8.195777e-03   3.000000e+00
1.496839e+00   8.381736e-03   3.000000e+00
1.510703e+00   8.572002e-03   3.000000e+00
1.524696e+00   8.766676e-03   3.000000e+00
1.538818e+00   8.965862e-03   3.000000e+00
1.553071e+00   9.169665e-03   3.000000e+00
1.567455e+00   9.378194e-03   3.000000e+00
1.581973e+00   9.591559e-03   3.000000e+00
1.596626e+00   9.809874e-03   3.000000e+00
1.611414e+00   1.003325e-02   3.000000e+00
1.626340e+00   1.026182e-02   3.000000e+00
1.641403e+00   1.049569e-02   3.000000e+00
1.656606e+00   1.073499e-02   3.000000e+00
1.671950e+00   1.097985e-02   3.000000e+00
1.687436e+00   1.123040e-02   3.000000e+00
1.703065e+00   1.148677e-02   3.000000e+00
1.718839e+00   1.174910e-02   3.000000e+00
1.734759e+00   1.201753e-02   3.000000e+00
1.750827e+00   1.229220e-02   3.000000e+00
1.767044e+00   1.257326e-02   3.000000e+00
1.783410e+00   1.286085e-02   3.000000e+00
1.799929e+00   1.315514e-02   3.000000e+00
1.816600e+00   1.345628e-02   3.000000e+00
1.833425e+00   1.376442e-02   3.000000e+00
1.850407e+00   1.407975e-02   3.000000e+00
1.867546e+00   1.440241e-02   3.000000e+00
1.884843e+00   1.473259e-02   3.000000e+00
1.902301e+00   1.507046e-02   3.000000e+00
1.919921e+00   1.541621e-02   3.000000e+00
1.937703e+00   1.577002e-02   3.000000e+00
1.955651e+00   1.613207e-02   3.000000e+00
1.973764e+00   1.650256e-02   3.000000e+00
1.992046e+00   1.688170e-02   3.000000e+00
2.010496e+00   1.692377e-02   3.000000e+00
2.029118e+00   1.727744e-02   3.000000e+00
2.047912e+00   1.763464e-02   3.000000e+00
2.066880e+00   1.799530e-02   3.000000e+00
2.086024e+00   1.835938e-02   3.000000e+00
2.105345e+00   1.872683e-02   3.000000e+00
2.124845e+00   1.909760e-02   3.000000e+00
2.144526e+00   1.947162e-02   3.000000e+00
2.164389e+00   1.984884e-02   3.000000e+00
2.184436e+00   2.022921e-02   3.000000e+00
2.204669e+00   2.061266e-02   3.000000e+00
2.225089e+00   2.099915e-02   3.000000e+00
2.245698e+00   2.138859e-02   3.000000e+00
2.266498e+00   2.178094e-02   3.000000e+00
2.287491e+00   2.217612e-02   3.000000e+00
2.308678e+00   2.257408e-02   3.000000e+00
2.330061e+00   2.297475e-02   3.000000e+00
2.351643e+00   2.337806e-02   3.000000e+00
2.373424e+00   2.378395e-02   3.000000e+00
2.395407e+00   2.419234e-02   3.000000e+00
2.417594e+00   2.460317e-02   3.000000e+00
2.439986e+00   2.501637e-02   3.000000e+00
2.462586e+00   2.543186e-02   3.000000e+00
2.485395e+00   2.584958e-02   3.000000e+00
2.508415e+00   2.626945e-02   3.000000e+00
2.531648e+00   2.669140e-02   3.000000e+00
2.555097e+00   2.711536e-02   3.000000e+00
2.578763e+00   2.754125e-02   3.000000e+00
2.602648e+00   2.796900e-02   3.000000e+00
2.626754e+00   2.839853e-02   3.000000e+00
2.651084e+00   2.882977e-02   3.000000e+00
2.675638e+00   2.926264e-02   3.000000e+00
2.700421e+00   2.969706e-02   3.000000e+00
2.725433e+00   3.013297e-02   3.000000e+00
2.750676e+00   3.057028e-02   3.000000e+00
2.776153e+00   3.100891e-02   3.000000e+00
2.801867e+00   3.144879e-02   3.000000e+00
2.827818e+00   3.188984e-02   3.000000e+00
2.854010e+00   3.233198e-02   3.000000e+00
2.880444e+00   3.277514e-02   3.000000e+00
2.907123e+00   3.321923e-02   3.000000e+00
2.934050e+00   3.366418e-02   3.000000e+00
2.961225e+00   3.410992e-02   3.000000e+00
2.988653e+00   3.455636e-02   3.000000e+00
3.016334e+00   3.500342e-02   3.000000e+00
3.044272e+00   3.545103e-02   3.000000e+00
3.072469e+00   3.589912e-02   3.000000e+00
3.100927e+00   3.634760e-02   3.000000e+00
3.129648e+00   3.679639e-02   3.000000e+00
3.158635e+00   3.724543e-02   3.000000e+00
3.187891e+00   3.769463e-02   3.000000e+00
3.217418e+00   3.814392e-02   3.000000e+00
3.247218e+00   3.859321e-02   3.000000e+00
3.277295e+00   3.904245e-02   3.000000e+00
3.307650e+00   3.949155e-02   3.000000e+00
3.338286e+00   3.994043e-02   3.000000e+00
3.369206e+00   4.038903e-02   3.000000e+00
3.400412e+00   4.083727e-02   3.000000e+00
3.431907e+00   4.128507e-02   3.000000e+00
3.463694e+00   4.173237e-02   3.000000e+00
3.495776e+00   4.217909e-02   3.000000e+00
3.528154e+00   4.262516e-02   3.000000e+00
3.560833e+00   4.307051e-02   3.000000e+00
3.593814e+00   4.351507e-02   3.000000e+00
3.627100e+00   4.395877e-02   3.000000e+00
3.660695e+00   4.440155e-02   3.000000e+00
3.694601e+00   4.484332e-02   3.000000e+00
3.728821e+00   4.528403e-02   3.000000e+00
3.763358e+00   4.572361e-02   3.000000e+00
3.798215e+00   4.616199e-02   3.000000e+00
3.833395e+00   4.659912e-02   3.000000e+00
3.868901e+00   4.703491e-02   3.000000e+00
3.904735e+00   4.746932e-02   3.000000e+00
3.940902e+00   4.790227e-02   3.000000e+00
3.977403e+00   4.833371e-02   3.000000e+00
4.014242e+00   4.876357e-02   3.000000e+00
4.051423e+00   4.919180e-02   3.000000e+00
4.088948e+00   4.961834e-02   3.000000e+00
4.126821e+00   5.004312e-02   3.000000e+00
4.165044e+00   5.046609e-02   3.000000e+00
4.203622e+00   5.088719e-02   3.000000e+00
4.242556e+00   5.130637e-02   3.000000e+00
4.281852e+00   5.172358e-02   3.000000e+00
4.321511e+00   5.213875e-02   3.000000e+00
4.361538e+00   5.255184e-02   3.000000e+00
4.401935e+00   5.296279e-02   3.000000e+00
4.442707e+00   5.337155e-02   3.000000e+00
4.483856e+00   5.377808e-02   3.000000e+00
4.525386e+00   5.418232e-02   3.000000e+00
4.567301e+00   5.458423e-02   3.000000e+00
4.609604e+00   5.498376e-02   3.000000e+00
4.652300e+00   5.538085e-02   3.000000e+00
4.695390e+00   5.577548e-02   3.000000e+00
4.738880e+00   5.616759e-02   3.000000e+00
4.782772e+00   5.655714e-02   3.000000e+00
4.827071e+00   5.694409e-02   3.000000e+00
4.871780e+00   5.732840e-02   3.000000e+00
4.916904e+00   5.771003e-02   3.000000e+00
4.962445e+00   5.808893e-02   3.000000e+00
5.008408e+00   5.846507e-02   3.000000e+00
5.054797e+00   5.883842e-02   3.000000e+00
5.101615e+00   5.920893e-02   3.000000e+00
5.148867e+00   5.957657e-02   3.000000e+00
5.196557e+00   5.994131e-02   3.000000e+00
5.244689e+00   6.030312e-02   3.000000e+00
5.293266e+00   6.066196e-02   3.000000e+00
5.342293e+00   6.101779e-02   3.000000e+00
5.391775e+00   6.137060e-02   3.000000e+00
5.441714e+00   6.172035e-02   3.000000e+00
5.492116e+00   6.206701e-02   3.000000e+00
5.542986e+00   6.241056e-02   3.000000e+00
5.594326e+00   6.275097e-02   3.000000e+00
5.646141e+00   6.308821e-02   3.000000e+00
5.698437e+00   6.342226e-02   3.000000e+00
5.751217e+00   6.375309e-02   3.000000e+00
5.804486e+00   6.408069e-02   3.000000e+00
5.858248e+00   6.440503e-02   3.000000e+00
5.912508e+00   6.472609e-02   3.000000e+00
5.967271e+00   6.504385e-02   3.000000e+00
6.022541e+00   6.535829e-02   3.000000e+00
6.078323e+00   6.566939e-02   3.000000e+00
6.134622e+00   6.597714e-02   3.000000e+00
6.191442e+00   6.628152e-02   3.000000e+00
6.248788e+00   6.658251e-02   3.000000e+00
6.306666e+00   6.688011e-02   3.000000e+00
6.365079e+00   6.717429e-02   3.000000e+00
6.424034e+00   6.746504e-02   3.000000e+00
6.483534e+00   6.775235e-02   3.000000e+00
6.543586e+00   6.803621e-02   3.000000e+00
6.604194e+00   6.831661e-02   3.000000e+00
6.665363e+00   6.859354e-02   3.000000e+00
6.727099e+00   6.886700e-02   3.000000e+00
6.789407e+00   6.913696e-02   3.000000e+00
6.852292e+00   6.940343e-02   3.000000e+00
6.915759e+00   6.966639e-02   3.000000e+00
6.979814e+00   6.992585e-02   3.000000e+00
7.044462e+00   7.018180e-02   3.000000e+00
7.109709e+00   7.043423e-02   3.000000e+00
7.175561e+00   7.068314e-02   3.000000e+00
7.242022e+00   7.092853e-02   3.000000e+00
7.309099e+00   7.117039e-02   3.000000e+00
7.376798e+00   7.140873e-02   3.000000e+00
7.445123e+00   7.164353e-02   3.000000e+00
7.514081e+00   7.187481e-02   3.000000e+00
7.583678e+00   7.210256e-02   3.000000e+00
7.653919e+00   7.232679e-02   3.000000e+00
7.724811e+00   7.254749e-02   3.000000e+00
7.796360e+00   7.276467e-02   3.000000e+00
7.868572e+00   7.297833e-02   3.000000e+00
7.941452e+00   7.318847e-02   3.000000e+00
8.015007e+00   7.339510e-02   3.000000e+00
8.089243e+00   7.359823e-02   3.000000e+00
8.164168e+00   7.379785e-02   3.000000e+00
8.239786e+00   7.399398e-02   3.000000e+00
8.316104e+00   7.418662e-02   3.000000e+00
8.393129e+00   7.437578e-02   3.000000e+00
8.470868e+00   7.456146e-02   3.000000e+00
8.549327e+00   7.474368e-02   3.000000e+00
8.628513e+00   7.492244e-02   3.000000e+00
8.708431e+00   7.509774e-02   3.000000e+00
8.789091e+00   7.526961e-02   3.000000e+00
8.870497e+00   7.543805e-02   3.000000e+00
8.952657e+00   7.560307e-02   3.000000e+00
9.035578e+00   7.576469e-02   3.000000e+00
9.119268e+00   7.592290e-02   3.000000e+00
9.203732e+00   7.607773e-02   3.000000e+00
9.288979e+00   7.622918e-02   3.000000e+00
9.375015e+00   7.637728e-02   3.000000e+00
9.461848e+00   7.652203e-02   3.000000e+00
9.549486e+00   7.666344e-02   3.000000e+00
9.637935e+00   7.680153e-02   3.000000e+00
9.727203e+00   7.693631e-02   3.000000e+00
9.817298e+00   7.706781e-02   3.000000e+00
9.908228e+00   7.719602e-02   3.000000e+00
1.000000e+01   7.732097e-02   3.000000e+00
