# B12 + n > B13 + g   [B12_n__B13_g]   ref=TALYS2, Koning et al. 2023
# detailed balance: alpha=1.3296e+10 beta=1.5 gamma=-56.607  Q=4.878
# T9                 rate                error
1.000000e-03   1.152600e+04   1.000000e+02
1.009262e-03   1.151207e+04   1.000000e+02
1.018610e-03   1.149804e+04   1.000000e+02
1.028045e-03   1.148391e+04   1.000000e+02
1.037567e-03   1.146968e+04   1.000000e+02
1.047177e-03   1.145536e+04   1.000000e+02
1.056876e-03   1.144094e+04   1.000000e+02
1.066665e-03   1.142643e+04   1.000000e+02
1.076545e-03   1.141182e+04   1.000000e+02
1.086516e-03   1.139711e+04   1.000000e+02
1.096579e-03   1.138231e+04   1.000000e+02
1.106736e-03   1.136742e+04   1.000000e+02
1.116987e-03   1.135243e+04   1.000000e+02
1.127333e-03   1.133734e+04   1.000000e+02
1.137774e-03   1.132217e+04   1.000000e+02
1.148312e-03   1.130690e+04   1.000000e+02
1.158948e-03   1.129154e+04   1.000000e+02
1.169683e-03   1.127608e+04   1.000000e+02
1.180517e-03   1.126054e+04   1.000000e+02
1.191451e-03   1.124490e+04   1.000000e+02
1.202486e-03   1.122918e+04   1.000000e+02
1.213624e-03   1.121336e+04   1.000000e+02
1.224865e-03   1.119745e+04   1.000000e+02
1.236210e-03   1.118145e+04   1.000000e+02
1.247660e-03   1.116537e+04   1.000000e+02
1.259216e-03   1.114919e+04   1.000000e+02
1.270879e-03   1.113293e+04   1.000000e+02
1.282650e-03   1.111658e+04   1.000000e+02
1.294530e-03   1.110014e+04   1.000000e+02
1.306520e-03   1.108362e+04   1.000000e+02
1.318621e-03   1.106701e+04   1.000000e+02
1.330835e-03   1.105031e+04   1.000000e+02
1.343161e-03   1.103353e+04   1.000000e+02
1.355602e-03   1.101666e+04   1.000000e+02
1.368158e-03   1.099971e+04   1.000000e+02
1.380830e-03   1.098267e+04   1.000000e+02
1.393619e-03   1.096555e+04   1.000000e+02
1.406527e-03   1.094835e+04   1.000000e+02
1.419555e-03   1.093106e+04   1.000000e+02
1.432703e-03   1.091369e+04   1.000000e+02
1.445973e-03   1.089624e+04   1.000000e+02
1.459366e-03   1.087871e+04   1.000000e+02
1.472883e-03   1.086110e+04   1.000000e+02
1.486525e-03   1.084341e+04   1.000000e+02
1.500293e-03   1.082563e+04   1.000000e+02
1.514189e-03   1.080778e+04   1.000000e+02
1.528214e-03   1.078985e+04   1.000000e+02
1.542369e-03   1.077184e+04   1.000000e+02
1.556654e-03   1.075375e+04   1.000000e+02
1.571072e-03   1.073559e+04   1.000000e+02
1.585624e-03   1.071734e+04   1.000000e+02
1.600310e-03   1.069903e+04   1.000000e+02
1.615133e-03   1.068063e+04   1.000000e+02
1.630092e-03   1.066216e+04   1.000000e+02
1.645191e-03   1.064361e+04   1.000000e+02
1.660429e-03   1.062499e+04   1.000000e+02
1.675808e-03   1.060630e+04   1.000000e+02
1.691330e-03   1.058753e+04   1.000000e+02
1.706995e-03   1.056869e+04   1.000000e+02
1.722805e-03   1.054977e+04   1.000000e+02
1.738762e-03   1.053078e+04   1.000000e+02
1.754867e-03   1.051172e+04   1.000000e+02
1.771121e-03   1.049259e+04   1.000000e+02
1.787526e-03   1.047339e+04   1.000000e+02
1.804082e-03   1.045412e+04   1.000000e+02
1.820792e-03   1.043478e+04   1.000000e+02
1.837656e-03   1.041537e+04   1.000000e+02
1.854677e-03   1.039589e+04   1.000000e+02
1.871855e-03   1.037635e+04   1.000000e+02
1.889193e-03   1.035673e+04   1.000000e+02
1.906691e-03   1.033705e+04   1.000000e+02
1.924351e-03   1.031730e+04   1.000000e+02
1.942175e-03   1.029749e+04   1.000000e+02
1.960163e-03   1.027761e+04   1.000000e+02
1.978319e-03   1.025766e+04   1.000000e+02
1.996642e-03   1.023765e+04   1.000000e+02
2.015136e-03   1.021758e+04   1.000000e+02
2.033800e-03   1.019744e+04   1.000000e+02
2.052638e-03   1.017724e+04   1.000000e+02
2.071650e-03   1.015698e+04   1.000000e+02
2.090838e-03   1.013665e+04   1.000000e+02
2.110203e-03   1.011627e+04   1.000000e+02
2.129749e-03   1.009582e+04   1.000000e+02
2.149475e-03   1.007531e+04   1.000000e+02
2.169384e-03   1.005474e+04   1.000000e+02
2.189477e-03   1.003411e+04   1.000000e+02
2.209756e-03   1.001343e+04   1.000000e+02
2.230223e-03   9.992683e+03   1.000000e+02
2.250880e-03   9.971880e+03   1.000000e+02
2.271728e-03   9.951020e+03   1.000000e+02
2.292769e-03   9.930103e+03   1.000000e+02
2.314005e-03   9.909130e+03   1.000000e+02
2.335438e-03   9.888101e+03   1.000000e+02
2.357069e-03   9.867017e+03   1.000000e+02
2.378901e-03   9.845879e+03   1.000000e+02
2.400935e-03   9.824686e+03   1.000000e+02
2.423173e-03   9.803439e+03   1.000000e+02
2.445617e-03   9.782140e+03   1.000000e+02
2.468268e-03   9.760787e+03   1.000000e+02
2.491130e-03   9.739383e+03   1.000000e+02
2.514203e-03   9.717928e+03   1.000000e+02
2.537490e-03   9.696421e+03   1.000000e+02
2.560993e-03   9.674864e+03   1.000000e+02
2.584714e-03   9.653257e+03   1.000000e+02
2.608654e-03   9.631601e+03   1.000000e+02
2.632815e-03   9.609896e+03   1.000000e+02
2.657201e-03   9.588142e+03   1.000000e+02
2.681813e-03   9.566341e+03   1.000000e+02
2.706652e-03   9.544493e+03   1.000000e+02
2.731722e-03   9.522598e+03   1.000000e+02
2.757023e-03   9.500657e+03   1.000000e+02
2.782559e-03   9.478670e+03   1.000000e+02
2.808332e-03   9.456638e+03   1.000000e+02
2.834343e-03   9.434562e+03   1.000000e+02
2.860596e-03   9.412442e+03   1.000000e+02
2.887091e-03   9.390278e+03   1.000000e+02
2.913832e-03   9.368072e+03   1.000000e+02
2.940820e-03   9.345823e+03   1.000000e+02
2.968059e-03   9.323532e+03   1.000000e+02
2.995549e-03   9.301200e+03   1.000000e+02
3.023295e-03   9.278828e+03   1.000000e+02
3.051297e-03   9.256427e+03   1.000000e+02
3.079559e-03   9.234009e+03   1.000000e+02
3.108082e-03   9.211587e+03   1.000000e+02
3.136870e-03   9.189174e+03   1.000000e+02
3.165924e-03   9.166783e+03   1.000000e+02
3.195248e-03   9.144425e+03   1.000000e+02
3.224842e-03   9.122114e+03   1.000000e+02
3.254712e-03   9.099861e+03   1.000000e+02
3.284857e-03   9.077679e+03   1.000000e+02
3.315282e-03   9.055579e+03   1.000000e+02
3.345989e-03   9.033574e+03   1.000000e+02
3.376980e-03   9.011675e+03   1.000000e+02
3.408259e-03   8.989894e+03   1.000000e+02
3.439826e-03   8.968242e+03   1.000000e+02
3.471687e-03   8.946732e+03   1.000000e+02
3.503842e-03   8.925373e+03   1.000000e+02
3.536296e-03   8.904178e+03   1.000000e+02
3.569049e-03   8.883157e+03   1.000000e+02
3.602107e-03   8.862322e+03   1.000000e+02
3.635470e-03   8.841683e+03   1.000000e+02
3.669142e-03   8.821251e+03   1.000000e+02
3.703127e-03   8.801037e+03   1.000000e+02
3.737426e-03   8.781052e+03   1.000000e+02
3.772042e-03   8.761305e+03   1.000000e+02
3.806980e-03   8.741808e+03   1.000000e+02
3.842241e-03   8.722570e+03   1.000000e+02
3.877828e-03   8.703602e+03   1.000000e+02
3.913746e-03   8.684914e+03   1.000000e+02
3.949995e-03   8.666517e+03   1.000000e+02
3.986581e-03   8.648420e+03   1.000000e+02
4.023506e-03   8.630630e+03   1.000000e+02
4.060772e-03   8.613131e+03   1.000000e+02
4.098384e-03   8.595885e+03   1.000000e+02
4.136344e-03   8.578855e+03   1.000000e+02
4.174655e-03   8.562005e+03   1.000000e+02
4.213322e-03   8.545299e+03   1.000000e+02
4.252346e-03   8.528702e+03   1.000000e+02
4.291732e-03   8.512177e+03   1.000000e+02
4.331483e-03   8.495689e+03   1.000000e+02
4.371602e-03   8.479204e+03   1.000000e+02
4.412093e-03   8.462687e+03   1.000000e+02
4.452959e-03   8.446103e+03   1.000000e+02
4.494203e-03   8.429418e+03   1.000000e+02
4.535829e-03   8.412599e+03   1.000000e+02
4.577841e-03   8.395611e+03   1.000000e+02
4.620241e-03   8.378421e+03   1.000000e+02
4.663035e-03   8.360997e+03   1.000000e+02
4.706225e-03   8.343305e+03   1.000000e+02
4.749815e-03   8.325314e+03   1.000000e+02
4.793808e-03   8.306991e+03   1.000000e+02
4.838210e-03   8.288304e+03   1.000000e+02
4.883022e-03   8.269222e+03   1.000000e+02
4.928250e-03   8.249714e+03   1.000000e+02
4.973896e-03   8.229750e+03   1.000000e+02
5.019965e-03   8.209299e+03   1.000000e+02
5.066461e-03   8.188361e+03   1.000000e+02
5.113388e-03   8.166965e+03   1.000000e+02
5.160749e-03   8.145143e+03   1.000000e+02
5.208549e-03   8.122928e+03   1.000000e+02
5.256791e-03   8.100351e+03   1.000000e+02
5.305481e-03   8.077444e+03   1.000000e+02
5.354621e-03   8.054237e+03   1.000000e+02
5.404216e-03   8.030761e+03   1.000000e+02
5.454271e-03   8.007047e+03   1.000000e+02
5.504790e-03   7.983126e+03   1.000000e+02
5.555776e-03   7.959026e+03   1.000000e+02
5.607235e-03   7.934777e+03   1.000000e+02
5.659170e-03   7.910409e+03   1.000000e+02
5.711586e-03   7.885951e+03   1.000000e+02
5.764488e-03   7.861431e+03   1.000000e+02
5.817880e-03   7.836877e+03   1.000000e+02
5.871766e-03   7.812317e+03   1.000000e+02
5.926152e-03   7.787779e+03   1.000000e+02
5.981041e-03   7.763290e+03   1.000000e+02
6.036439e-03   7.738876e+03   1.000000e+02
6.092349e-03   7.714540e+03   1.000000e+02
6.148778e-03   7.690276e+03   1.000000e+02
6.205729e-03   7.666076e+03   1.000000e+02
6.263207e-03   7.641932e+03   1.000000e+02
6.321218e-03   7.617835e+03   1.000000e+02
6.379767e-03   7.593779e+03   1.000000e+02
6.438857e-03   7.569756e+03   1.000000e+02
6.498495e-03   7.545758e+03   1.000000e+02
6.558686e-03   7.521778e+03   1.000000e+02
6.619433e-03   7.497809e+03   1.000000e+02
6.680744e-03   7.473843e+03   1.000000e+02
6.742622e-03   7.449874e+03   1.000000e+02
6.805074e-03   7.425894e+03   1.000000e+02
6.868104e-03   7.401896e+03   1.000000e+02
6.931717e-03   7.377875e+03   1.000000e+02
6.995920e-03   7.353822e+03   1.000000e+02
7.060718e-03   7.329734e+03   1.000000e+02
7.126115e-03   7.305615e+03   1.000000e+02
7.192119e-03   7.281473e+03   1.000000e+02
7.258734e-03   7.257317e+03   1.000000e+02
7.325965e-03   7.233152e+03   1.000000e+02
7.393820e-03   7.208988e+03   1.000000e+02
7.462303e-03   7.184831e+03   1.000000e+02
7.531420e-03   7.160689e+03   1.000000e+02
7.601178e-03   7.136569e+03   1.000000e+02
7.671581e-03   7.112477e+03   1.000000e+02
7.742637e-03   7.088422e+03   1.000000e+02
7.814351e-03   7.064411e+03   1.000000e+02
7.886729e-03   7.040449e+03   1.000000e+02
7.959777e-03   7.016543e+03   1.000000e+02
8.033502e-03   6.992701e+03   1.000000e+02
8.107910e-03   6.968924e+03   1.000000e+02
8.183007e-03   6.945206e+03   1.000000e+02
8.258799e-03   6.921544e+03   1.000000e+02
8.335294e-03   6.897932e+03   1.000000e+02
8.412497e-03   6.874366e+03   1.000000e+02
8.490415e-03   6.850842e+03   1.000000e+02
8.569055e-03   6.827355e+03   1.000000e+02
8.648423e-03   6.803901e+03   1.000000e+02
8.728527e-03   6.780474e+03   1.000000e+02
8.809372e-03   6.757072e+03   1.000000e+02
8.890966e-03   6.733690e+03   1.000000e+02
8.973316e-03   6.710323e+03   1.000000e+02
9.056428e-03   6.686970e+03   1.000000e+02
9.140311e-03   6.663652e+03   1.000000e+02
9.224970e-03   6.640406e+03   1.000000e+02
9.310413e-03   6.617267e+03   1.000000e+02
9.396648e-03   6.594271e+03   1.000000e+02
9.483682e-03   6.571453e+03   1.000000e+02
9.571522e-03   6.548848e+03   1.000000e+02
9.660175e-03   6.526488e+03   1.000000e+02
9.749649e-03   6.504408e+03   1.000000e+02
9.839952e-03   6.482642e+03   1.000000e+02
9.931092e-03   6.461220e+03   1.000000e+02
1.002308e-02   6.440176e+03   1.000000e+02
1.011591e-02   6.419511e+03   1.000000e+02
1.020961e-02   6.399172e+03   1.000000e+02
1.030417e-02   6.379096e+03   1.000000e+02
1.039961e-02   6.359226e+03   1.000000e+02
1.049593e-02   6.339501e+03   1.000000e+02
1.059315e-02   6.319864e+03   1.000000e+02
1.069126e-02   6.300257e+03   1.000000e+02
1.079029e-02   6.280623e+03   1.000000e+02
1.089023e-02   6.260907e+03   1.000000e+02
1.099110e-02   6.241052e+03   1.000000e+02
1.109290e-02   6.221014e+03   1.000000e+02
1.119564e-02   6.200796e+03   1.000000e+02
1.129934e-02   6.180417e+03   1.000000e+02
1.140400e-02   6.159897e+03   1.000000e+02
1.150962e-02   6.139254e+03   1.000000e+02
1.161623e-02   6.118507e+03   1.000000e+02
1.172382e-02   6.097674e+03   1.000000e+02
1.183241e-02   6.076774e+03   1.000000e+02
1.194200e-02   6.055824e+03   1.000000e+02
1.205261e-02   6.034841e+03   1.000000e+02
1.216424e-02   6.013833e+03   1.000000e+02
1.227691e-02   5.992796e+03   1.000000e+02
1.239062e-02   5.971726e+03   1.000000e+02
1.250539e-02   5.950618e+03   1.000000e+02
1.262121e-02   5.929467e+03   1.000000e+02
1.273811e-02   5.908271e+03   1.000000e+02
1.285610e-02   5.887024e+03   1.000000e+02
1.297517e-02   5.865724e+03   1.000000e+02
1.309535e-02   5.844366e+03   1.000000e+02
1.321664e-02   5.822951e+03   1.000000e+02
1.333906e-02   5.801483e+03   1.000000e+02
1.346261e-02   5.779964e+03   1.000000e+02
1.358730e-02   5.758396e+03   1.000000e+02
1.371315e-02   5.736783e+03   1.000000e+02
1.384016e-02   5.715128e+03   1.000000e+02
1.396835e-02   5.693432e+03   1.000000e+02
1.409773e-02   5.671698e+03   1.000000e+02
1.422830e-02   5.649929e+03   1.000000e+02
1.436009e-02   5.628126e+03   1.000000e+02
1.449310e-02   5.606289e+03   1.000000e+02
1.462733e-02   5.584421e+03   1.000000e+02
1.476281e-02   5.562524e+03   1.000000e+02
1.489955e-02   5.540597e+03   1.000000e+02
1.503755e-02   5.518643e+03   1.000000e+02
1.517683e-02   5.496664e+03   1.000000e+02
1.531740e-02   5.474659e+03   1.000000e+02
1.545928e-02   5.452631e+03   1.000000e+02
1.560246e-02   5.430581e+03   1.000000e+02
1.574698e-02   5.408509e+03   1.000000e+02
1.589283e-02   5.386416e+03   1.000000e+02
1.604003e-02   5.364305e+03   1.000000e+02
1.618860e-02   5.342177e+03   1.000000e+02
1.633854e-02   5.320033e+03   1.000000e+02
1.648987e-02   5.297878e+03   1.000000e+02
1.664260e-02   5.275713e+03   1.000000e+02
1.679675e-02   5.253541e+03   1.000000e+02
1.695232e-02   5.231366e+03   1.000000e+02
1.710934e-02   5.209188e+03   1.000000e+02
1.726781e-02   5.187012e+03   1.000000e+02
1.742775e-02   5.164839e+03   1.000000e+02
1.758917e-02   5.142671e+03   1.000000e+02
1.775208e-02   5.120513e+03   1.000000e+02
1.791650e-02   5.098365e+03   1.000000e+02
1.808245e-02   5.076230e+03   1.000000e+02
1.824993e-02   5.054109e+03   1.000000e+02
1.841897e-02   5.032003e+03   1.000000e+02
1.858957e-02   5.009911e+03   1.000000e+02
1.876175e-02   4.987834e+03   1.000000e+02
1.893552e-02   4.965771e+03   1.000000e+02
1.911091e-02   4.943724e+03   1.000000e+02
1.928792e-02   4.921691e+03   1.000000e+02
1.946656e-02   4.899673e+03   1.000000e+02
1.964687e-02   4.877671e+03   1.000000e+02
1.982884e-02   4.855684e+03   1.000000e+02
2.001250e-02   4.833712e+03   1.000000e+02
2.019786e-02   4.811757e+03   1.000000e+02
2.038493e-02   4.789823e+03   1.000000e+02
2.057374e-02   4.767918e+03   1.000000e+02
2.076430e-02   4.746046e+03   1.000000e+02
2.095662e-02   4.724212e+03   1.000000e+02
2.115073e-02   4.702423e+03   1.000000e+02
2.134663e-02   4.680684e+03   1.000000e+02
2.154435e-02   4.659001e+03   1.000000e+02
2.174389e-02   4.637377e+03   1.000000e+02
2.194529e-02   4.615819e+03   1.000000e+02
2.214855e-02   4.594332e+03   1.000000e+02
2.235370e-02   4.572919e+03   1.000000e+02
2.256074e-02   4.551587e+03   1.000000e+02
2.276970e-02   4.530341e+03   1.000000e+02
2.298060e-02   4.509183e+03   1.000000e+02
2.319345e-02   4.488120e+03   1.000000e+02
2.340827e-02   4.467156e+03   1.000000e+02
2.362508e-02   4.446294e+03   1.000000e+02
2.384390e-02   4.425540e+03   1.000000e+02
2.406475e-02   4.404897e+03   1.000000e+02
2.428764e-02   4.384370e+03   1.000000e+02
2.451260e-02   4.363962e+03   1.000000e+02
2.473964e-02   4.343678e+03   1.000000e+02
2.496878e-02   4.323522e+03   1.000000e+02
2.520005e-02   4.303495e+03   1.000000e+02
2.543346e-02   4.283595e+03   1.000000e+02
2.566903e-02   4.263816e+03   1.000000e+02
2.590678e-02   4.244152e+03   1.000000e+02
2.614673e-02   4.224597e+03   1.000000e+02
2.638891e-02   4.205147e+03   1.000000e+02
2.663333e-02   4.185794e+03   1.000000e+02
2.688001e-02   4.166535e+03   1.000000e+02
2.712898e-02   4.147363e+03   1.000000e+02
2.738025e-02   4.128274e+03   1.000000e+02
2.763385e-02   4.109263e+03   1.000000e+02
2.788980e-02   4.090324e+03   1.000000e+02
2.814812e-02   4.071453e+03   1.000000e+02
2.840884e-02   4.052644e+03   1.000000e+02
2.867196e-02   4.033894e+03   1.000000e+02
2.893753e-02   4.015197e+03   1.000000e+02
2.920556e-02   3.996549e+03   1.000000e+02
2.947606e-02   3.977945e+03   1.000000e+02
2.974908e-02   3.959381e+03   1.000000e+02
3.002462e-02   3.940853e+03   1.000000e+02
3.030271e-02   3.922363e+03   1.000000e+02
3.058338e-02   3.903932e+03   1.000000e+02
3.086665e-02   3.885586e+03   1.000000e+02
3.115254e-02   3.867349e+03   1.000000e+02
3.144108e-02   3.849245e+03   1.000000e+02
3.173230e-02   3.831298e+03   1.000000e+02
3.202621e-02   3.813531e+03   1.000000e+02
3.232284e-02   3.795967e+03   1.000000e+02
3.262222e-02   3.778628e+03   1.000000e+02
3.292437e-02   3.761536e+03   1.000000e+02
3.322933e-02   3.744712e+03   1.000000e+02
3.353710e-02   3.728178e+03   1.000000e+02
3.384773e-02   3.711954e+03   1.000000e+02
3.416123e-02   3.696060e+03   1.000000e+02
3.447764e-02   3.680518e+03   1.000000e+02
3.479698e-02   3.665346e+03   1.000000e+02
3.511928e-02   3.650564e+03   1.000000e+02
3.544456e-02   3.636191e+03   1.000000e+02
3.577285e-02   3.622246e+03   1.000000e+02
3.610419e-02   3.608748e+03   1.000000e+02
3.643859e-02   3.595716e+03   1.000000e+02
3.677609e-02   3.583168e+03   1.000000e+02
3.711672e-02   3.571122e+03   1.000000e+02
3.746050e-02   3.559596e+03   1.000000e+02
3.780747e-02   3.548608e+03   1.000000e+02
3.815765e-02   3.538178e+03   1.000000e+02
3.851107e-02   3.528321e+03   1.000000e+02
3.886777e-02   3.519057e+03   1.000000e+02
3.922777e-02   3.510404e+03   1.000000e+02
3.959110e-02   3.502380e+03   1.000000e+02
3.995780e-02   3.495002e+03   1.000000e+02
4.032790e-02   3.488281e+03   1.000000e+02
4.070142e-02   3.482166e+03   1.000000e+02
4.107841e-02   3.476591e+03   1.000000e+02
4.145888e-02   3.471488e+03   1.000000e+02
4.184289e-02   3.466791e+03   1.000000e+02
4.223044e-02   3.462434e+03   1.000000e+02
4.262159e-02   3.458351e+03   1.000000e+02
4.301636e-02   3.454478e+03   1.000000e+02
4.341478e-02   3.450750e+03   1.000000e+02
4.381690e-02   3.447101e+03   1.000000e+02
4.422274e-02   3.443468e+03   1.000000e+02
4.463234e-02   3.439787e+03   1.000000e+02
4.504573e-02   3.435994e+03   1.000000e+02
4.546295e-02   3.432027e+03   1.000000e+02
4.588404e-02   3.427820e+03   1.000000e+02
4.630903e-02   3.423313e+03   1.000000e+02
4.673795e-02   3.418443e+03   1.000000e+02
4.717085e-02   3.413148e+03   1.000000e+02
4.760775e-02   3.407366e+03   1.000000e+02
4.804870e-02   3.401038e+03   1.000000e+02
4.849374e-02   3.394102e+03   1.000000e+02
4.894290e-02   3.386500e+03   1.000000e+02
4.939622e-02   3.378174e+03   1.000000e+02
4.985373e-02   3.369067e+03   1.000000e+02
5.031549e-02   3.359128e+03   1.000000e+02
5.078152e-02   3.348379e+03   1.000000e+02
5.125187e-02   3.336883e+03   1.000000e+02
5.172657e-02   3.324706e+03   1.000000e+02
5.220568e-02   3.311910e+03   1.000000e+02
5.268921e-02   3.298559e+03   1.000000e+02
5.317723e-02   3.284715e+03   1.000000e+02
5.366977e-02   3.270442e+03   1.000000e+02
5.416687e-02   3.255800e+03   1.000000e+02
5.466857e-02   3.240850e+03   1.000000e+02
5.517492e-02   3.225650e+03   1.000000e+02
5.568596e-02   3.210261e+03   1.000000e+02
5.620174e-02   3.194738e+03   1.000000e+02
5.672229e-02   3.179140e+03   1.000000e+02
5.724766e-02   3.163520e+03   1.000000e+02
5.777790e-02   3.147934e+03   1.000000e+02
5.831305e-02   3.132436e+03   1.000000e+02
5.885316e-02   3.117076e+03   1.000000e+02
5.939827e-02   3.101907e+03   1.000000e+02
5.994843e-02   3.086978e+03   1.000000e+02
6.050368e-02   3.072332e+03   1.000000e+02
6.106408e-02   3.057965e+03   1.000000e+02
6.162966e-02   3.043862e+03   1.000000e+02
6.220049e-02   3.030006e+03   1.000000e+02
6.277660e-02   3.016382e+03   1.000000e+02
6.335805e-02   3.002975e+03   1.000000e+02
6.394488e-02   2.989770e+03   1.000000e+02
6.453715e-02   2.976751e+03   1.000000e+02
6.513491e-02   2.963905e+03   1.000000e+02
6.573820e-02   2.951216e+03   1.000000e+02
6.634708e-02   2.938672e+03   1.000000e+02
6.696160e-02   2.926258e+03   1.000000e+02
6.758181e-02   2.913960e+03   1.000000e+02
6.820777e-02   2.901765e+03   1.000000e+02
6.883952e-02   2.889661e+03   1.000000e+02
6.947713e-02   2.877633e+03   1.000000e+02
7.012064e-02   2.865670e+03   1.000000e+02
7.077011e-02   2.853763e+03   1.000000e+02
7.142559e-02   2.841916e+03   1.000000e+02
7.208715e-02   2.830132e+03   1.000000e+02
7.275484e-02   2.818415e+03   1.000000e+02
7.342870e-02   2.806770e+03   1.000000e+02
7.410882e-02   2.795199e+03   1.000000e+02
7.479523e-02   2.783708e+03   1.000000e+02
7.548799e-02   2.772300e+03   1.000000e+02
7.618718e-02   2.760978e+03   1.000000e+02
7.689284e-02   2.749747e+03   1.000000e+02
7.760503e-02   2.738609e+03   1.000000e+02
7.832383e-02   2.727569e+03   1.000000e+02
7.904928e-02   2.716630e+03   1.000000e+02
7.978145e-02   2.705795e+03   1.000000e+02
8.052040e-02   2.695068e+03   1.000000e+02
8.126619e-02   2.684468e+03   1.000000e+02
8.201889e-02   2.674018e+03   1.000000e+02
8.277857e-02   2.663743e+03   1.000000e+02
8.354528e-02   2.653666e+03   1.000000e+02
8.431909e-02   2.643811e+03   1.000000e+02
8.510007e-02   2.634200e+03   1.000000e+02
8.588829e-02   2.624858e+03   1.000000e+02
8.668380e-02   2.615805e+03   1.000000e+02
8.748668e-02   2.607065e+03   1.000000e+02
8.829700e-02   2.598659e+03   1.000000e+02
8.911482e-02   2.590610e+03   1.000000e+02
8.994022e-02   2.582938e+03   1.000000e+02
9.077327e-02   2.575650e+03   1.000000e+02
9.161402e-02   2.568681e+03   1.000000e+02
9.246257e-02   2.561941e+03   1.000000e+02
9.331898e-02   2.555343e+03   1.000000e+02
9.418332e-02   2.548801e+03   1.000000e+02
9.505566e-02   2.542228e+03   1.000000e+02
9.593608e-02   2.535541e+03   1.000000e+02
9.682466e-02   2.528654e+03   1.000000e+02
9.772147e-02   2.521486e+03   1.000000e+02
9.862658e-02   2.513955e+03   1.000000e+02
9.954008e-02   2.505979e+03   1.000000e+02
1.004620e-01   2.497483e+03   1.000000e+02
1.013925e-01   2.488466e+03   1.000000e+02
1.023317e-01   2.479002e+03   1.000000e+02
1.032795e-01   2.469167e+03   1.000000e+02
1.042361e-01   2.459036e+03   1.000000e+02
1.052015e-01   2.448684e+03   1.000000e+02
1.061759e-01   2.438185e+03   1.000000e+02
1.071593e-01   2.427609e+03   1.000000e+02
1.081519e-01   2.417028e+03   1.000000e+02
1.091536e-01   2.406512e+03   1.000000e+02
1.101646e-01   2.396128e+03   1.000000e+02
1.111850e-01   2.385921e+03   1.000000e+02
1.122148e-01   2.375881e+03   1.000000e+02
1.132541e-01   2.365986e+03   1.000000e+02
1.143031e-01   2.356216e+03   1.000000e+02
1.153618e-01   2.346554e+03   1.000000e+02
1.164303e-01   2.336979e+03   1.000000e+02
1.175087e-01   2.327473e+03   1.000000e+02
1.185971e-01   2.318017e+03   1.000000e+02
1.196956e-01   2.308593e+03   1.000000e+02
1.208042e-01   2.299185e+03   1.000000e+02
1.219231e-01   2.289792e+03   1.000000e+02
1.230524e-01   2.280418e+03   1.000000e+02
1.241921e-01   2.271069e+03   1.000000e+02
1.253424e-01   2.261752e+03   1.000000e+02
1.265034e-01   2.252473e+03   1.000000e+02
1.276751e-01   2.243236e+03   1.000000e+02
1.288576e-01   2.234047e+03   1.000000e+02
1.300511e-01   2.224912e+03   1.000000e+02
1.312557e-01   2.215836e+03   1.000000e+02
1.324714e-01   2.206828e+03   1.000000e+02
1.336984e-01   2.197896e+03   1.000000e+02
1.349367e-01   2.189048e+03   1.000000e+02
1.361865e-01   2.180293e+03   1.000000e+02
1.374479e-01   2.171638e+03   1.000000e+02
1.387210e-01   2.163092e+03   1.000000e+02
1.400058e-01   2.154662e+03   1.000000e+02
1.413026e-01   2.146350e+03   1.000000e+02
1.426114e-01   2.138131e+03   1.000000e+02
1.439323e-01   2.129978e+03   1.000000e+02
1.452654e-01   2.121860e+03   1.000000e+02
1.466109e-01   2.113750e+03   1.000000e+02
1.479688e-01   2.105619e+03   1.000000e+02
1.493393e-01   2.097441e+03   1.000000e+02
1.507225e-01   2.089188e+03   1.000000e+02
1.521186e-01   2.080859e+03   1.000000e+02
1.535275e-01   2.072471e+03   1.000000e+02
1.549495e-01   2.064046e+03   1.000000e+02
1.563847e-01   2.055600e+03   1.000000e+02
1.578331e-01   2.047154e+03   1.000000e+02
1.592950e-01   2.038725e+03   1.000000e+02
1.607704e-01   2.030332e+03   1.000000e+02
1.622595e-01   2.021984e+03   1.000000e+02
1.637624e-01   2.013681e+03   1.000000e+02
1.652792e-01   2.005424e+03   1.000000e+02
1.668101e-01   1.997213e+03   1.000000e+02
1.683551e-01   1.989050e+03   1.000000e+02
1.699144e-01   1.980935e+03   1.000000e+02
1.714882e-01   1.972868e+03   1.000000e+02
1.730766e-01   1.964851e+03   1.000000e+02
1.746796e-01   1.956882e+03   1.000000e+02
1.762975e-01   1.948964e+03   1.000000e+02
1.779304e-01   1.941096e+03   1.000000e+02
1.795785e-01   1.933280e+03   1.000000e+02
1.812418e-01   1.925514e+03   1.000000e+02
1.829205e-01   1.917799e+03   1.000000e+02
1.846147e-01   1.910129e+03   1.000000e+02
1.863246e-01   1.902504e+03   1.000000e+02
1.880504e-01   1.894920e+03   1.000000e+02
1.897922e-01   1.887375e+03   1.000000e+02
1.915501e-01   1.879865e+03   1.000000e+02
1.933242e-01   1.872388e+03   1.000000e+02
1.951148e-01   1.864942e+03   1.000000e+02
1.969220e-01   1.857523e+03   1.000000e+02
1.987460e-01   1.850130e+03   1.000000e+02
2.005868e-01   1.842760e+03   1.000000e+02
2.024447e-01   1.835412e+03   1.000000e+02
2.043197e-01   1.828086e+03   1.000000e+02
2.062122e-01   1.820782e+03   1.000000e+02
2.081222e-01   1.813502e+03   1.000000e+02
2.100498e-01   1.806245e+03   1.000000e+02
2.119953e-01   1.799013e+03   1.000000e+02
2.139589e-01   1.791805e+03   1.000000e+02
2.159406e-01   1.784622e+03   1.000000e+02
2.179407e-01   1.777466e+03   1.000000e+02
2.199593e-01   1.770335e+03   1.000000e+02
2.219966e-01   1.763232e+03   1.000000e+02
2.240528e-01   1.756156e+03   1.000000e+02
2.261280e-01   1.749107e+03   1.000000e+02
2.282224e-01   1.742087e+03   1.000000e+02
2.303363e-01   1.735095e+03   1.000000e+02
2.324697e-01   1.728133e+03   1.000000e+02
2.346229e-01   1.721200e+03   1.000000e+02
2.367960e-01   1.714297e+03   1.000000e+02
2.389893e-01   1.707425e+03   1.000000e+02
2.412028e-01   1.700583e+03   1.000000e+02
2.434369e-01   1.693773e+03   1.000000e+02
2.456916e-01   1.686994e+03   1.000000e+02
2.479673e-01   1.680247e+03   1.000000e+02
2.502640e-01   1.673533e+03   1.000000e+02
2.525820e-01   1.666851e+03   1.000000e+02
2.549215e-01   1.660202e+03   1.000000e+02
2.572826e-01   1.653584e+03   1.000000e+02
2.596656e-01   1.646997e+03   1.000000e+02
2.620707e-01   1.640440e+03   1.000000e+02
2.644980e-01   1.633914e+03   1.000000e+02
2.669478e-01   1.627417e+03   1.000000e+02
2.694204e-01   1.620949e+03   1.000000e+02
2.719158e-01   1.614509e+03   1.000000e+02
2.744343e-01   1.608098e+03   1.000000e+02
2.769762e-01   1.601713e+03   1.000000e+02
2.795416e-01   1.595356e+03   1.000000e+02
2.821308e-01   1.589026e+03   1.000000e+02
2.847439e-01   1.582721e+03   1.000000e+02
2.873813e-01   1.576442e+03   1.000000e+02
2.900430e-01   1.570188e+03   1.000000e+02
2.927295e-01   1.563959e+03   1.000000e+02
2.954408e-01   1.557754e+03   1.000000e+02
2.981772e-01   1.551573e+03   1.000000e+02
3.009390e-01   1.545415e+03   1.000000e+02
3.037264e-01   1.539281e+03   1.000000e+02
3.065395e-01   1.533169e+03   1.000000e+02
3.093788e-01   1.527082e+03   1.000000e+02
3.122443e-01   1.521018e+03   1.000000e+02
3.151363e-01   1.514978e+03   1.000000e+02
3.180552e-01   1.508963e+03   1.000000e+02
3.210011e-01   1.502972e+03   1.000000e+02
3.239743e-01   1.497006e+03   1.000000e+02
3.269750e-01   1.491064e+03   1.000000e+02
3.300035e-01   1.485148e+03   1.000000e+02
3.330600e-01   1.479257e+03   1.000000e+02
3.361449e-01   1.473392e+03   1.000000e+02
3.392583e-01   1.467552e+03   1.000000e+02
3.424006e-01   1.461738e+03   1.000000e+02
3.455720e-01   1.455950e+03   1.000000e+02
3.487727e-01   1.450188e+03   1.000000e+02
3.520031e-01   1.444453e+03   1.000000e+02
3.552635e-01   1.438743e+03   1.000000e+02
3.585540e-01   1.433059e+03   1.000000e+02
3.618750e-01   1.427400e+03   1.000000e+02
3.652267e-01   1.421764e+03   1.000000e+02
3.686095e-01   1.416151e+03   1.000000e+02
3.720237e-01   1.410561e+03   1.000000e+02
3.754694e-01   1.404992e+03   1.000000e+02
3.789471e-01   1.399445e+03   1.000000e+02
3.824570e-01   1.393917e+03   1.000000e+02
3.859994e-01   1.388410e+03   1.000000e+02
3.895746e-01   1.382922e+03   1.000000e+02
3.931829e-01   1.377452e+03   1.000000e+02
3.968246e-01   1.371999e+03   1.000000e+02
4.005001e-01   1.366564e+03   1.000000e+02
4.042096e-01   1.361146e+03   1.000000e+02
4.079535e-01   1.355746e+03   1.000000e+02
4.117320e-01   1.350364e+03   1.000000e+02
4.155455e-01   1.345002e+03   1.000000e+02
4.193944e-01   1.339660e+03   1.000000e+02
4.232789e-01   1.334338e+03   1.000000e+02
4.271994e-01   1.329039e+03   1.000000e+02
4.311562e-01   1.323763e+03   1.000000e+02
4.351497e-01   1.318510e+03   1.000000e+02
4.391801e-01   1.313281e+03   1.000000e+02
4.432479e-01   1.308077e+03   1.000000e+02
4.473533e-01   1.302899e+03   1.000000e+02
4.514968e-01   1.297748e+03   1.000000e+02
4.556786e-01   1.292623e+03   1.000000e+02
4.598992e-01   1.287523e+03   1.000000e+02
4.641589e-01   1.282449e+03   1.000000e+02
4.684580e-01   1.277398e+03   1.000000e+02
4.727970e-01   1.272370e+03   1.000000e+02
4.771761e-01   1.267364e+03   1.000000e+02
4.815958e-01   1.262379e+03   1.000000e+02
4.860564e-01   1.257414e+03   1.000000e+02
4.905584e-01   1.252469e+03   1.000000e+02
4.951020e-01   1.247542e+03   1.000000e+02
4.996877e-01   1.242632e+03   1.000000e+02
5.043159e-01   1.237739e+03   1.000000e+02
5.089870e-01   1.232864e+03   1.000000e+02
5.137014e-01   1.228005e+03   1.000000e+02
5.184594e-01   1.223164e+03   1.000000e+02
5.232614e-01   1.218341e+03   1.000000e+02
5.281080e-01   1.213536e+03   1.000000e+02
5.329994e-01   1.208749e+03   1.000000e+02
5.379362e-01   1.203980e+03   1.000000e+02
5.429186e-01   1.199231e+03   1.000000e+02
5.479472e-01   1.194500e+03   1.000000e+02
5.530224e-01   1.189789e+03   1.000000e+02
5.581446e-01   1.185097e+03   1.000000e+02
5.633143e-01   1.180425e+03   1.000000e+02
5.685318e-01   1.175773e+03   1.000000e+02
5.737976e-01   1.171141e+03   1.000000e+02
5.791123e-01   1.166529e+03   1.000000e+02
5.844761e-01   1.161939e+03   1.000000e+02
5.898896e-01   1.157369e+03   1.000000e+02
5.953533e-01   1.152820e+03   1.000000e+02
6.008676e-01   1.148292e+03   1.000000e+02
6.064329e-01   1.143785e+03   1.000000e+02
6.120498e-01   1.139300e+03   1.000000e+02
6.177188e-01   1.134836e+03   1.000000e+02
6.234402e-01   1.130393e+03   1.000000e+02
6.292146e-01   1.125971e+03   1.000000e+02
6.350425e-01   1.121569e+03   1.000000e+02
6.409244e-01   1.117188e+03   1.000000e+02
6.468608e-01   1.112827e+03   1.000000e+02
6.528521e-01   1.108486e+03   1.000000e+02
6.588990e-01   1.104166e+03   1.000000e+02
6.650018e-01   1.099865e+03   1.000000e+02
6.711612e-01   1.095585e+03   1.000000e+02
6.773776e-01   1.091324e+03   1.000000e+02
6.836516e-01   1.087083e+03   1.000000e+02
6.899837e-01   1.082861e+03   1.000000e+02
6.963745e-01   1.078659e+03   1.000000e+02
7.028244e-01   1.074475e+03   1.000000e+02
7.093341e-01   1.070311e+03   1.000000e+02
7.159041e-01   1.066166e+03   1.000000e+02
7.225349e-01   1.062041e+03   1.000000e+02
7.292272e-01   1.057935e+03   1.000000e+02
7.359814e-01   1.053849e+03   1.000000e+02
7.427982e-01   1.049783e+03   1.000000e+02
7.496782e-01   1.045737e+03   1.000000e+02
7.566219e-01   1.041711e+03   1.000000e+02
7.636298e-01   1.037705e+03   1.000000e+02
7.707027e-01   1.033719e+03   1.000000e+02
7.778411e-01   1.029754e+03   1.000000e+02
7.850456e-01   1.025809e+03   1.000000e+02
7.923169e-01   1.021885e+03   1.000000e+02
7.996555e-01   1.017982e+03   1.000000e+02
8.070620e-01   1.014099e+03   1.000000e+02
8.145372e-01   1.010237e+03   1.000000e+02
8.220816e-01   1.006396e+03   1.000000e+02
8.296959e-01   1.002575e+03   1.000000e+02
8.373807e-01   9.987737e+02   1.000000e+02
8.451366e-01   9.949927e+02   1.000000e+02
8.529644e-01   9.912316e+02   1.000000e+02
8.608648e-01   9.874901e+02   1.000000e+02
8.688383e-01   9.837682e+02   1.000000e+02
8.768856e-01   9.800657e+02   1.000000e+02
8.850075e-01   9.763824e+02   1.000000e+02
8.932046e-01   9.727181e+02   1.000000e+02
9.014776e-01   9.690727e+02   1.000000e+02
9.098273e-01   9.654463e+02   1.000000e+02
9.182543e-01   9.618389e+02   1.000000e+02
9.267593e-01   9.582509e+02   1.000000e+02
9.353432e-01   9.546825e+02   1.000000e+02
9.440065e-01   9.511339e+02   1.000000e+02
9.527500e-01   9.476054e+02   1.000000e+02
9.615746e-01   9.440973e+02   1.000000e+02
9.704809e-01   9.406097e+02   1.000000e+02
9.794697e-01   9.371430e+02   1.000000e+02
9.885417e-01   9.336973e+02   1.000000e+02
9.976978e-01   9.302728e+02   1.000000e+02
1.006939e+00   9.268697e+02   1.000000e+02
1.016265e+00   9.234880e+02   1.000000e+02
1.025678e+00   9.201275e+02   1.000000e+02
1.035178e+00   9.167880e+02   1.000000e+02
1.044766e+00   9.134692e+02   1.000000e+02
1.054443e+00   9.101709e+02   1.000000e+02
1.064209e+00   9.068931e+02   1.000000e+02
1.074066e+00   9.036354e+02   1.000000e+02
1.084014e+00   9.003977e+02   1.000000e+02
1.094055e+00   8.971798e+02   1.000000e+02
1.104188e+00   8.939815e+02   1.000000e+02
1.114415e+00   8.908026e+02   1.000000e+02
1.124737e+00   8.876430e+02   1.000000e+02
1.135155e+00   8.845024e+02   1.000000e+02
1.145669e+00   8.813807e+02   1.000000e+02
1.156280e+00   8.782777e+02   1.000000e+02
1.166990e+00   8.751932e+02   1.000000e+02
1.177799e+00   8.721271e+02   1.000000e+02
1.188708e+00   8.690791e+02   1.000000e+02
1.199718e+00   8.660491e+02   1.000000e+02
1.210830e+00   8.630370e+02   1.000000e+02
1.222045e+00   8.600425e+02   1.000000e+02
1.233363e+00   8.570655e+02   1.000000e+02
1.244787e+00   8.541059e+02   1.000000e+02
1.256317e+00   8.511634e+02   1.000000e+02
1.267953e+00   8.482379e+02   1.000000e+02
1.279697e+00   8.453294e+02   1.000000e+02
1.291550e+00   8.424376e+02   1.000000e+02
1.303512e+00   8.395625e+02   1.000000e+02
1.315586e+00   8.367040e+02   1.000000e+02
1.327771e+00   8.338619e+02   1.000000e+02
1.340069e+00   8.310362e+02   1.000000e+02
1.352481e+00   8.282267e+02   1.000000e+02
1.365008e+00   8.254333e+02   1.000000e+02
1.377651e+00   8.226559e+02   1.000000e+02
1.390411e+00   8.198944e+02   1.000000e+02
1.403289e+00   8.171486e+02   1.000000e+02
1.416287e+00   8.144186e+02   1.000000e+02
1.429405e+00   8.117041e+02   1.000000e+02
1.442644e+00   8.090051e+02   1.000000e+02
1.456006e+00   8.063214e+02   1.000000e+02
1.469492e+00   8.036530e+02   1.000000e+02
1.483103e+00   8.009997e+02   1.000000e+02
1.496839e+00   7.983615e+02   1.000000e+02
1.510703e+00   7.957383e+02   1.000000e+02
1.524696e+00   7.931303e+02   1.000000e+02
1.538818e+00   7.905379e+02   1.000000e+02
1.553071e+00   7.879616e+02   1.000000e+02
1.567455e+00   7.854017e+02   1.000000e+02
1.581973e+00   7.828586e+02   1.000000e+02
1.596626e+00   7.803328e+02   1.000000e+02
1.611414e+00   7.778245e+02   1.000000e+02
1.626340e+00   7.753342e+02   1.000000e+02
1.641403e+00   7.728622e+02   1.000000e+02
1.656606e+00   7.704089e+02   1.000000e+02
1.671950e+00   7.679746e+02   1.000000e+02
1.687436e+00   7.655597e+02   1.000000e+02
1.703065e+00   7.631645e+02   1.000000e+02
1.718839e+00   7.607895e+02   1.000000e+02
1.734759e+00   7.584348e+02   1.000000e+02
1.750827e+00   7.561009e+02   1.000000e+02
1.767044e+00   7.537878e+02   1.000000e+02
1.783410e+00   7.514947e+02   1.000000e+02
1.799929e+00   7.492206e+02   1.000000e+02
1.816600e+00   7.469646e+02   1.000000e+02
1.833425e+00   7.447256e+02   1.000000e+02
1.850407e+00   7.425027e+02   1.000000e+02
1.867546e+00   7.402949e+02   1.000000e+02
1.884843e+00   7.381013e+02   1.000000e+02
1.902301e+00   7.359211e+02   1.000000e+02
1.919921e+00   7.337531e+02   1.000000e+02
1.937703e+00   7.315967e+02   1.000000e+02
1.955651e+00   7.294508e+02   1.000000e+02
1.973764e+00   7.273145e+02   1.000000e+02
1.992046e+00   7.251871e+02   1.000000e+02
2.010496e+00   7.230676e+02   1.000000e+02
2.029118e+00   7.209556e+02   1.000000e+02
2.047912e+00   7.188512e+02   1.000000e+02
2.066880e+00   7.167543e+02   1.000000e+02
2.086024e+00   7.146649e+02   1.000000e+02
2.105345e+00   7.125830e+02   1.000000e+02
2.124845e+00   7.105085e+02   1.000000e+02
2.144526e+00   7.084415e+02   1.000000e+02
2.164389e+00   7.063819e+02   1.000000e+02
2.184436e+00   7.043297e+02   1.000000e+02
2.204669e+00   7.022849e+02   1.000000e+02
2.225089e+00   7.002474e+02   1.000000e+02
2.245698e+00   6.982173e+02   1.000000e+02
2.266498e+00   6.961945e+02   1.000000e+02
2.287491e+00   6.941790e+02   1.000000e+02
2.308678e+00   6.921709e+02   1.000000e+02
2.330061e+00   6.901700e+02   1.000000e+02
2.351643e+00   6.881763e+02   1.000000e+02
2.373424e+00   6.861899e+02   1.000000e+02
2.395407e+00   6.842107e+02   1.000000e+02
2.417594e+00   6.822388e+02   1.000000e+02
2.439986e+00   6.802740e+02   1.000000e+02
2.462586e+00   6.783163e+02   1.000000e+02
2.485395e+00   6.763659e+02   1.000000e+02
2.508415e+00   6.744225e+02   1.000000e+02
2.531648e+00   6.724862e+02   1.000000e+02
2.555097e+00   6.705567e+02   1.000000e+02
2.578763e+00   6.686338e+02   1.000000e+02
2.602648e+00   6.667173e+02   1.000000e+02
2.626754e+00   6.648070e+02   1.000000e+02
2.651084e+00   6.629026e+02   1.000000e+02
2.675638e+00   6.610040e+02   1.000000e+02
2.700421e+00   6.591110e+02   1.000000e+02
2.725433e+00   6.572233e+02   1.000000e+02
2.750676e+00   6.553407e+02   1.000000e+02
2.776153e+00   6.534631e+02   1.000000e+02
2.801867e+00   6.515903e+02   1.000000e+02
2.827818e+00   6.497220e+02   1.000000e+02
2.854010e+00   6.478581e+02   1.000000e+02
2.880444e+00   6.459983e+02   1.000000e+02
2.907123e+00   6.441426e+02   1.000000e+02
2.934050e+00   6.422906e+02   1.000000e+02
2.961225e+00   6.404423e+02   1.000000e+02
2.988653e+00   6.385974e+02   1.000000e+02
3.016334e+00   6.367557e+02   1.000000e+02
3.044272e+00   6.349173e+02   1.000000e+02
3.072469e+00   6.330822e+02   1.000000e+02
3.100927e+00   6.312504e+02   1.000000e+02
3.129648e+00   6.294221e+02   1.000000e+02
3.158635e+00   6.275973e+02   1.000000e+02
3.187891e+00   6.257760e+02   1.000000e+02
3.217418e+00   6.239584e+02   1.000000e+02
3.247218e+00   6.221444e+02   1.000000e+02
3.277295e+00   6.203342e+02   1.000000e+02
3.307650e+00   6.185278e+02   1.000000e+02
3.338286e+00   6.167253e+02   1.000000e+02
3.369206e+00   6.149268e+02   1.000000e+02
3.400412e+00   6.131322e+02   1.000000e+02
3.431907e+00   6.113417e+02   1.000000e+02
3.463694e+00   6.095553e+02   1.000000e+02
3.495776e+00   6.077731e+02   1.000000e+02
3.528154e+00   6.059952e+02   1.000000e+02
3.560833e+00   6.042217e+02   1.000000e+02
3.593814e+00   6.024528e+02   1.000000e+02
3.627100e+00   6.006887e+02   1.000000e+02
3.660695e+00   5.989296e+02   1.000000e+02
3.694601e+00   5.971758e+02   1.000000e+02
3.728821e+00   5.954273e+02   1.000000e+02
3.763358e+00   5.936844e+02   1.000000e+02
3.798215e+00   5.919473e+02   1.000000e+02
3.833395e+00   5.902161e+02   1.000000e+02
3.868901e+00   5.884911e+02   1.000000e+02
3.904735e+00   5.867724e+02   1.000000e+02
3.940902e+00   5.850602e+02   1.000000e+02
3.977403e+00   5.833547e+02   1.000000e+02
4.014242e+00   5.816559e+02   1.000000e+02
4.051423e+00   5.799644e+02   1.000000e+02
4.088948e+00   5.782804e+02   1.000000e+02
4.126821e+00   5.766046e+02   1.000000e+02
4.165044e+00   5.749373e+02   1.000000e+02
4.203622e+00   5.732791e+02   1.000000e+02
4.242556e+00   5.716303e+02   1.000000e+02
4.281852e+00   5.699916e+02   1.000000e+02
4.321511e+00   5.683632e+02   1.000000e+02
4.361538e+00   5.667457e+02   1.000000e+02
4.401935e+00   5.651395e+02   1.000000e+02
4.442707e+00   5.635451e+02   1.000000e+02
4.483856e+00   5.619628e+02   1.000000e+02
4.525386e+00   5.603931e+02   1.000000e+02
4.567301e+00   5.588365e+02   1.000000e+02
4.609604e+00   5.572932e+02   1.000000e+02
4.652300e+00   5.557639e+02   1.000000e+02
4.695390e+00   5.542487e+02   1.000000e+02
4.738880e+00   5.527483e+02   1.000000e+02
4.782772e+00   5.512629e+02   1.000000e+02
4.827071e+00   5.497929e+02   1.000000e+02
4.871780e+00   5.483388e+02   1.000000e+02
4.916904e+00   5.469009e+02   1.000000e+02
4.962445e+00   5.454796e+02   1.000000e+02
5.008408e+00   5.440754e+02   1.000000e+02
5.054797e+00   5.426885e+02   1.000000e+02
5.101615e+00   5.413199e+02   1.000000e+02
5.148867e+00   5.399701e+02   1.000000e+02
5.196557e+00   5.386399e+02   1.000000e+02
5.244689e+00   5.373299e+02   1.000000e+02
5.293266e+00   5.360410e+02   1.000000e+02
5.342293e+00   5.347737e+02   1.000000e+02
5.391775e+00   5.335287e+02   1.000000e+02
5.441714e+00   5.323069e+02   1.000000e+02
5.492116e+00   5.311087e+02   1.000000e+02
5.542986e+00   5.299349e+02   1.000000e+02
5.594326e+00   5.287862e+02   1.000000e+02
5.646141e+00   5.276632e+02   1.000000e+02
5.698437e+00   5.265666e+02   1.000000e+02
5.751217e+00   5.254970e+02   1.000000e+02
5.804486e+00   5.244551e+02   1.000000e+02
5.858248e+00   5.234416e+02   1.000000e+02
5.912508e+00   5.224571e+02   1.000000e+02
5.967271e+00   5.215022e+02   1.000000e+02
6.022541e+00   5.205777e+02   1.000000e+02
6.078323e+00   5.196842e+02   1.000000e+02
6.134622e+00   5.188230e+02   1.000000e+02
6.191442e+00   5.179948e+02   1.000000e+02
6.248788e+00   5.172009e+02   1.000000e+02
6.306666e+00   5.164422e+02   1.000000e+02
6.365079e+00   5.157197e+02   1.000000e+02
6.424034e+00   5.150345e+02   1.000000e+02
6.483534e+00   5.143876e+02   1.000000e+02
6.543586e+00   5.137800e+02   1.000000e+02
6.604194e+00   5.132127e+02   1.000000e+02
6.665363e+00   5.126869e+02   1.000000e+02
6.727099e+00   5.122035e+02   1.000000e+02
6.789407e+00   5.117635e+02   1.000000e+02
6.852292e+00   5.113681e+02   1.000000e+02
6.915759e+00   5.110183e+02   1.000000e+02
6.979814e+00   5.107152e+02   1.000000e+02
7.044462e+00   5.104598e+02   1.000000e+02
7.109709e+00   5.102537e+02   1.000000e+02
7.175561e+00   5.100984e+02   1.000000e+02
7.242022e+00   5.099955e+02   1.000000e+02
7.309099e+00   5.099468e+02   1.000000e+02
7.376798e+00   5.099539e+02   1.000000e+02
7.445123e+00   5.100185e+02   1.000000e+02
7.514081e+00   5.101423e+02   1.000000e+02
7.583678e+00   5.103271e+02   1.000000e+02
7.653919e+00   5.105745e+02   1.000000e+02
7.724811e+00   5.108864e+02   1.000000e+02
7.796360e+00   5.112646e+02   1.000000e+02
7.868572e+00   5.117109e+02   1.000000e+02
7.941452e+00   5.122273e+02   1.000000e+02
8.015007e+00   5.128155e+02   1.000000e+02
8.089243e+00   5.134778e+02   1.000000e+02
8.164168e+00   5.142166e+02   1.000000e+02
8.239786e+00   5.150346e+02   1.000000e+02
8.316104e+00   5.159345e+02   1.000000e+02
8.393129e+00   5.169190e+02   1.000000e+02
8.470868e+00   5.179909e+02   1.000000e+02
8.549327e+00   5.191530e+02   1.000000e+02
8.628513e+00   5.204083e+02   1.000000e+02
8.708431e+00   5.217598e+02   1.000000e+02
8.789091e+00   5.232105e+02   1.000000e+02
8.870497e+00   5.247636e+02   1.000000e+02
8.952657e+00   5.264223e+02   1.000000e+02
9.035578e+00   5.281900e+02   1.000000e+02
9.119268e+00   5.300701e+02   1.000000e+02
9.203732e+00   5.320661e+02   1.000000e+02
9.288979e+00   5.341817e+02   1.000000e+02
9.375015e+00   5.364206e+02   1.000000e+02
9.461848e+00   5.387867e+02   1.000000e+02
9.549486e+00   5.412840e+02   1.000000e+02
9.637935e+00   5.439167e+02   1.000000e+02
9.727203e+00   5.466892e+02   1.000000e+02
9.817298e+00   5.496057e+02   1.000000e+02
9.908228e+00   5.526711e+02   1.000000e+02
1.000000e+01   5.558900e+02   1.000000e+02
