# Be11 + He3 > C13 + n   [Be11_He3__C13_n]   ref=TALYS2, Koning et al. 2023
# detailed balance: alpha=4.0348 beta=0 gamma=-277.451  Q=23.9089
# T9                 rate                error
1.000000e-03   1.000000e-35   1.000000e+02
1.009262e-03   1.001271e-35   1.000000e+02
1.018610e-03   1.002366e-35   1.000000e+02
1.028045e-03   1.003286e-35   1.000000e+02
1.037567e-03   1.004035e-35   1.000000e+02
1.047177e-03   1.004615e-35   1.000000e+02
1.056876e-03   1.005029e-35   1.000000e+02
1.066665e-03   1.005280e-35   1.000000e+02
1.076545e-03   1.005371e-35   1.000000e+02
1.086516e-03   1.005305e-35   1.000000e+02
1.096579e-03   1.005085e-35   1.000000e+02
1.106736e-03   1.004714e-35   1.000000e+02
1.116987e-03   1.004196e-35   1.000000e+02
1.127333e-03   1.003534e-35   1.000000e+02
1.137774e-03   1.002730e-35   1.000000e+02
1.148312e-03   1.001790e-35   1.000000e+02
1.158948e-03   1.000715e-35   1.000000e+02
1.169683e-03   9.995100e-36   1.000000e+02
1.180517e-03   9.981781e-36   1.000000e+02
1.191451e-03   9.967228e-36   1.000000e+02
1.202486e-03   9.951479e-36   1.000000e+02
1.213624e-03   9.934568e-36   1.000000e+02
1.224865e-03   9.916534e-36   1.000000e+02
1.236210e-03   9.897412e-36   1.000000e+02
1.247660e-03   9.877238e-36   1.000000e+02
1.259216e-03   9.856051e-36   1.000000e+02
1.270879e-03   9.833887e-36   1.000000e+02
1.282650e-03   9.810783e-36   1.000000e+02
1.294530e-03   9.786776e-36   1.000000e+02
1.306520e-03   9.761903e-36   1.000000e+02
1.318621e-03   9.736200e-36   1.000000e+02
1.330835e-03   9.709705e-36   1.000000e+02
1.343161e-03   9.682454e-36   1.000000e+02
1.355602e-03   9.654484e-36   1.000000e+02
1.368158e-03   9.625830e-36   1.000000e+02
1.380830e-03   9.596529e-36   1.000000e+02
1.393619e-03   9.566616e-36   1.000000e+02
1.406527e-03   9.536129e-36   1.000000e+02
1.419555e-03   9.505100e-36   1.000000e+02
1.432703e-03   9.473567e-36   1.000000e+02
1.445973e-03   9.441562e-36   1.000000e+02
1.459366e-03   9.409122e-36   1.000000e+02
1.472883e-03   9.376279e-36   1.000000e+02
1.486525e-03   9.343069e-36   1.000000e+02
1.500293e-03   9.309523e-36   1.000000e+02
1.514189e-03   9.275675e-36   1.000000e+02
1.528214e-03   9.241557e-36   1.000000e+02
1.542369e-03   9.207203e-36   1.000000e+02
1.556654e-03   9.172643e-36   1.000000e+02
1.571072e-03   9.137908e-36   1.000000e+02
1.585624e-03   9.103031e-36   1.000000e+02
1.600310e-03   9.068041e-36   1.000000e+02
1.615133e-03   9.032969e-36   1.000000e+02
1.630092e-03   8.997843e-36   1.000000e+02
1.645191e-03   8.962694e-36   1.000000e+02
1.660429e-03   8.927551e-36   1.000000e+02
1.675808e-03   8.892440e-36   1.000000e+02
1.691330e-03   8.857392e-36   1.000000e+02
1.706995e-03   8.822432e-36   1.000000e+02
1.722805e-03   8.787588e-36   1.000000e+02
1.738762e-03   8.752887e-36   1.000000e+02
1.754867e-03   8.718354e-36   1.000000e+02
1.771121e-03   8.684017e-36   1.000000e+02
1.787526e-03   8.649899e-36   1.000000e+02
1.804082e-03   8.616026e-36   1.000000e+02
1.820792e-03   8.582423e-36   1.000000e+02
1.837656e-03   8.549113e-36   1.000000e+02
1.854677e-03   8.516121e-36   1.000000e+02
1.871855e-03   8.483470e-36   1.000000e+02
1.889193e-03   8.451182e-36   1.000000e+02
1.906691e-03   8.419282e-36   1.000000e+02
1.924351e-03   8.387790e-36   1.000000e+02
1.942175e-03   8.356729e-36   1.000000e+02
1.960163e-03   8.326120e-36   1.000000e+02
1.978319e-03   8.295986e-36   1.000000e+02
1.996642e-03   8.266347e-36   1.000000e+02
2.015136e-03   8.237223e-36   1.000000e+02
2.033800e-03   8.208636e-36   1.000000e+02
2.052638e-03   8.180605e-36   1.000000e+02
2.071650e-03   8.153151e-36   1.000000e+02
2.090838e-03   8.126294e-36   1.000000e+02
2.110203e-03   8.100053e-36   1.000000e+02
2.129749e-03   8.074447e-36   1.000000e+02
2.149475e-03   8.049496e-36   1.000000e+02
2.169384e-03   8.025219e-36   1.000000e+02
2.189477e-03   8.001635e-36   1.000000e+02
2.209756e-03   7.978762e-36   1.000000e+02
2.230223e-03   7.956620e-36   1.000000e+02
2.250880e-03   7.935227e-36   1.000000e+02
2.271728e-03   7.914602e-36   1.000000e+02
2.292769e-03   7.894763e-36   1.000000e+02
2.314005e-03   7.875729e-36   1.000000e+02
2.335438e-03   7.857519e-36   1.000000e+02
2.357069e-03   7.840150e-36   1.000000e+02
2.378901e-03   7.823643e-36   1.000000e+02
2.400935e-03   7.808014e-36   1.000000e+02
2.423173e-03   7.793284e-36   1.000000e+02
2.445617e-03   7.779472e-36   1.000000e+02
2.468268e-03   7.766595e-36   1.000000e+02
2.491130e-03   7.754674e-36   1.000000e+02
2.514203e-03   7.743728e-36   1.000000e+02
2.537490e-03   7.733777e-36   1.000000e+02
2.560993e-03   7.724841e-36   1.000000e+02
2.584714e-03   7.716940e-36   1.000000e+02
2.608654e-03   7.710094e-36   1.000000e+02
2.632815e-03   7.704324e-36   1.000000e+02
2.657201e-03   7.699652e-36   1.000000e+02
2.681813e-03   7.696100e-36   1.000000e+02
2.706652e-03   7.693689e-36   1.000000e+02
2.731722e-03   7.692442e-36   1.000000e+02
2.757023e-03   7.692382e-36   1.000000e+02
2.782559e-03   7.693533e-36   1.000000e+02
2.808332e-03   7.695919e-36   1.000000e+02
2.834343e-03   7.699564e-36   1.000000e+02
2.860596e-03   7.704495e-36   1.000000e+02
2.887091e-03   7.710737e-36   1.000000e+02
2.913832e-03   7.718318e-36   1.000000e+02
2.940820e-03   7.727264e-36   1.000000e+02
2.968059e-03   7.737605e-36   1.000000e+02
2.995549e-03   7.749370e-36   1.000000e+02
3.023295e-03   7.762576e-36   1.000000e+02
3.051297e-03   7.777146e-36   1.000000e+02
3.079559e-03   7.792969e-36   1.000000e+02
3.108082e-03   7.809932e-36   1.000000e+02
3.136870e-03   7.827923e-36   1.000000e+02
3.165924e-03   7.846827e-36   1.000000e+02
3.195248e-03   7.866529e-36   1.000000e+02
3.224842e-03   7.886916e-36   1.000000e+02
3.254712e-03   7.907869e-36   1.000000e+02
3.284857e-03   7.929271e-36   1.000000e+02
3.315282e-03   7.951003e-36   1.000000e+02
3.345989e-03   7.972946e-36   1.000000e+02
3.376980e-03   7.994976e-36   1.000000e+02
3.408259e-03   8.016972e-36   1.000000e+02
3.439826e-03   8.038810e-36   1.000000e+02
3.471687e-03   8.060363e-36   1.000000e+02
3.503842e-03   8.081505e-36   1.000000e+02
3.536296e-03   8.102108e-36   1.000000e+02
3.569049e-03   8.122042e-36   1.000000e+02
3.602107e-03   8.141177e-36   1.000000e+02
3.635470e-03   8.159382e-36   1.000000e+02
3.669142e-03   8.176524e-36   1.000000e+02
3.703127e-03   8.192470e-36   1.000000e+02
3.737426e-03   8.207088e-36   1.000000e+02
3.772042e-03   8.220244e-36   1.000000e+02
3.806980e-03   8.231803e-36   1.000000e+02
3.842241e-03   8.241633e-36   1.000000e+02
3.877828e-03   8.249600e-36   1.000000e+02
3.913746e-03   8.255572e-36   1.000000e+02
3.949995e-03   8.259418e-36   1.000000e+02
3.986581e-03   8.261007e-36   1.000000e+02
4.023506e-03   8.260258e-36   1.000000e+02
4.060772e-03   8.257707e-36   1.000000e+02
4.098384e-03   8.254318e-36   1.000000e+02
4.136344e-03   8.251067e-36   1.000000e+02
4.174655e-03   8.248924e-36   1.000000e+02
4.213322e-03   8.248862e-36   1.000000e+02
4.252346e-03   8.251853e-36   1.000000e+02
4.291732e-03   8.258874e-36   1.000000e+02
4.331483e-03   8.270911e-36   1.000000e+02
4.371602e-03   8.288963e-36   1.000000e+02
4.412093e-03   8.314049e-36   1.000000e+02
4.452959e-03   8.347216e-36   1.000000e+02
4.494203e-03   8.389551e-36   1.000000e+02
4.535829e-03   8.442185e-36   1.000000e+02
4.577841e-03   8.506313e-36   1.000000e+02
4.620241e-03   8.583204e-36   1.000000e+02
4.663035e-03   8.674215e-36   1.000000e+02
4.706225e-03   8.780817e-36   1.000000e+02
4.749815e-03   8.904607e-36   1.000000e+02
4.793808e-03   9.047341e-36   1.000000e+02
4.838210e-03   9.210956e-36   1.000000e+02
4.883022e-03   9.397605e-36   1.000000e+02
4.928250e-03   9.609695e-36   1.000000e+02
4.973896e-03   9.849931e-36   1.000000e+02
5.019965e-03   1.012133e-35   1.000000e+02
5.066461e-03   1.042627e-35   1.000000e+02
5.113388e-03   1.076616e-35   1.000000e+02
5.160749e-03   1.114250e-35   1.000000e+02
5.208549e-03   1.155700e-35   1.000000e+02
5.256791e-03   1.201153e-35   1.000000e+02
5.305481e-03   1.250814e-35   1.000000e+02
5.354621e-03   1.304903e-35   1.000000e+02
5.404216e-03   1.363658e-35   1.000000e+02
5.454271e-03   1.427330e-35   1.000000e+02
5.504790e-03   1.496184e-35   1.000000e+02
5.555776e-03   1.570501e-35   1.000000e+02
5.607235e-03   1.650569e-35   1.000000e+02
5.659170e-03   1.736688e-35   1.000000e+02
5.711586e-03   1.829165e-35   1.000000e+02
5.764488e-03   1.928311e-35   1.000000e+02
5.817880e-03   2.034438e-35   1.000000e+02
5.871766e-03   2.147858e-35   1.000000e+02
5.926152e-03   2.268875e-35   1.000000e+02
5.981041e-03   2.397781e-35   1.000000e+02
6.036439e-03   2.534874e-35   1.000000e+02
6.092349e-03   2.680706e-35   1.000000e+02
6.148778e-03   2.836062e-35   1.000000e+02
6.205729e-03   3.001813e-35   1.000000e+02
6.263207e-03   3.178931e-35   1.000000e+02
6.321218e-03   3.368494e-35   1.000000e+02
6.379767e-03   3.571708e-35   1.000000e+02
6.438857e-03   3.789915e-35   1.000000e+02
6.498495e-03   4.024614e-35   1.000000e+02
6.558686e-03   4.277483e-35   1.000000e+02
6.619433e-03   4.550400e-35   1.000000e+02
6.680744e-03   4.845472e-35   1.000000e+02
6.742622e-03   5.165064e-35   1.000000e+02
6.805074e-03   5.511838e-35   1.000000e+02
6.868104e-03   5.888793e-35   1.000000e+02
6.931717e-03   6.299312e-35   1.000000e+02
6.995920e-03   6.747222e-35   1.000000e+02
7.060718e-03   7.236785e-35   1.000000e+02
7.126115e-03   7.772458e-35   1.000000e+02
7.192119e-03   8.359118e-35   1.000000e+02
7.258734e-03   9.002206e-35   1.000000e+02
7.325965e-03   9.707808e-35   1.000000e+02
7.393820e-03   1.048273e-34   1.000000e+02
7.462303e-03   1.133458e-34   1.000000e+02
7.531420e-03   1.227190e-34   1.000000e+02
7.601178e-03   1.330425e-34   1.000000e+02
7.671581e-03   1.444239e-34   1.000000e+02
7.742637e-03   1.569836e-34   1.000000e+02
7.814351e-03   1.708573e-34   1.000000e+02
7.886729e-03   1.861975e-34   1.000000e+02
7.959777e-03   2.031761e-34   1.000000e+02
8.033502e-03   2.219871e-34   1.000000e+02
8.107910e-03   2.428616e-34   1.000000e+02
8.183007e-03   2.660787e-34   1.000000e+02
8.258799e-03   2.919626e-34   1.000000e+02
8.335294e-03   3.208894e-34   1.000000e+02
8.412497e-03   3.532973e-34   1.000000e+02
8.490415e-03   3.896975e-34   1.000000e+02
8.569055e-03   4.306879e-34   1.000000e+02
8.648423e-03   4.769700e-34   1.000000e+02
8.728527e-03   5.293687e-34   1.000000e+02
8.809372e-03   5.888570e-34   1.000000e+02
8.890966e-03   6.565856e-34   1.000000e+02
8.973316e-03   7.339192e-34   1.000000e+02
9.056428e-03   8.224651e-34   1.000000e+02
9.140311e-03   9.239327e-34   1.000000e+02
9.224970e-03   1.040155e-33   1.000000e+02
9.310413e-03   1.173197e-33   1.000000e+02
9.396648e-03   1.325377e-33   1.000000e+02
9.483682e-03   1.499285e-33   1.000000e+02
9.571522e-03   1.697794e-33   1.000000e+02
9.660175e-03   1.924077e-33   1.000000e+02
9.749649e-03   2.181611e-33   1.000000e+02
9.839952e-03   2.474169e-33   1.000000e+02
9.931092e-03   2.805817e-33   1.000000e+02
1.002308e-02   3.180886e-33   1.000000e+02
1.011591e-02   3.604472e-33   1.000000e+02
1.020961e-02   4.083314e-33   1.000000e+02
1.030417e-02   4.625392e-33   1.000000e+02
1.039961e-02   5.240061e-33   1.000000e+02
1.049593e-02   5.938316e-33   1.000000e+02
1.059315e-02   6.733125e-33   1.000000e+02
1.069126e-02   7.639830e-33   1.000000e+02
1.079029e-02   8.676641e-33   1.000000e+02
1.089023e-02   9.865240e-33   1.000000e+02
1.099110e-02   1.123153e-32   1.000000e+02
1.109290e-02   1.280616e-32   1.000000e+02
1.119564e-02   1.462342e-32   1.000000e+02
1.129934e-02   1.672272e-32   1.000000e+02
1.140400e-02   1.915007e-32   1.000000e+02
1.150962e-02   2.195923e-32   1.000000e+02
1.161623e-02   2.521304e-32   1.000000e+02
1.172382e-02   2.898493e-32   1.000000e+02
1.183241e-02   3.336079e-32   1.000000e+02
1.194200e-02   3.844103e-32   1.000000e+02
1.205261e-02   4.434318e-32   1.000000e+02
1.216424e-02   5.120659e-32   1.000000e+02
1.227691e-02   5.919746e-32   1.000000e+02
1.239062e-02   6.851256e-32   1.000000e+02
1.250539e-02   7.938511e-32   1.000000e+02
1.262121e-02   9.209189e-32   1.000000e+02
1.273811e-02   1.069619e-31   1.000000e+02
1.285610e-02   1.243866e-31   1.000000e+02
1.297517e-02   1.448328e-31   1.000000e+02
1.309535e-02   1.688573e-31   1.000000e+02
1.321664e-02   1.971228e-31   1.000000e+02
1.333906e-02   2.304195e-31   1.000000e+02
1.346261e-02   2.696922e-31   1.000000e+02
1.358730e-02   3.160718e-31   1.000000e+02
1.371315e-02   3.709136e-31   1.000000e+02
1.384016e-02   4.358436e-31   1.000000e+02
1.396835e-02   5.128153e-31   1.000000e+02
1.409773e-02   6.041784e-31   1.000000e+02
1.422830e-02   7.127661e-31   1.000000e+02
1.436009e-02   8.419986e-31   1.000000e+02
1.449310e-02   9.960082e-31   1.000000e+02
1.462733e-02   1.179795e-30   1.000000e+02
1.476281e-02   1.399416e-30   1.000000e+02
1.489955e-02   1.662221e-30   1.000000e+02
1.503755e-02   1.977138e-30   1.000000e+02
1.517683e-02   2.355027e-30   1.000000e+02
1.531740e-02   2.809110e-30   1.000000e+02
1.545928e-02   3.355512e-30   1.000000e+02
1.560246e-02   4.013928e-30   1.000000e+02
1.574698e-02   4.808440e-30   1.000000e+02
1.589283e-02   5.768540e-30   1.000000e+02
1.604003e-02   6.930396e-30   1.000000e+02
1.618860e-02   8.338434e-30   1.000000e+02
1.633854e-02   1.004732e-29   1.000000e+02
1.648987e-02   1.212441e-29   1.000000e+02
1.664260e-02   1.465280e-29   1.000000e+02
1.679675e-02   1.773517e-29   1.000000e+02
1.695232e-02   2.149859e-29   1.000000e+02
1.710934e-02   2.610055e-29   1.000000e+02
1.726781e-02   3.173655e-29   1.000000e+02
1.742775e-02   3.864961e-29   1.000000e+02
1.758917e-02   4.714232e-29   1.000000e+02
1.775208e-02   5.759206e-29   1.000000e+02
1.791650e-02   7.047012e-29   1.000000e+02
1.808245e-02   8.636610e-29   1.000000e+02
1.824993e-02   1.060180e-28   1.000000e+02
1.841897e-02   1.303509e-28   1.000000e+02
1.858957e-02   1.605260e-28   1.000000e+02
1.876175e-02   1.980037e-28   1.000000e+02
1.893552e-02   2.446231e-28   1.000000e+02
1.911091e-02   3.027033e-28   1.000000e+02
1.928792e-02   3.751731e-28   1.000000e+02
1.946656e-02   4.657369e-28   1.000000e+02
1.964687e-02   5.790864e-28   1.000000e+02
1.982884e-02   7.211730e-28   1.000000e+02
2.001250e-02   8.995561e-28   1.000000e+02
2.019786e-02   1.123858e-27   1.000000e+02
2.038493e-02   1.406364e-27   1.000000e+02
2.057374e-02   1.762777e-27   1.000000e+02
2.076430e-02   2.213199e-27   1.000000e+02
2.095662e-02   2.783410e-27   1.000000e+02
2.115073e-02   3.506534e-27   1.000000e+02
2.134663e-02   4.425201e-27   1.000000e+02
2.154435e-02   5.594385e-27   1.000000e+02
2.174389e-02   7.085105e-27   1.000000e+02
2.194529e-02   8.989282e-27   1.000000e+02
2.214855e-02   1.142612e-26   1.000000e+02
2.235370e-02   1.455049e-26   1.000000e+02
2.256074e-02   1.856402e-26   1.000000e+02
2.276970e-02   2.372969e-26   1.000000e+02
2.298060e-02   3.039121e-26   1.000000e+02
2.319345e-02   3.899868e-26   1.000000e+02
2.340827e-02   5.014275e-26   1.000000e+02
2.362508e-02   6.460005e-26   1.000000e+02
2.384390e-02   8.339389e-26   1.000000e+02
2.406475e-02   1.078754e-25   1.000000e+02
2.428764e-02   1.398325e-25   1.000000e+02
2.451260e-02   1.816355e-25   1.000000e+02
2.473964e-02   2.364346e-25   1.000000e+02
2.496878e-02   3.084247e-25   1.000000e+02
2.520005e-02   4.032005e-25   1.000000e+02
2.543346e-02   5.282123e-25   1.000000e+02
2.566903e-02   6.934002e-25   1.000000e+02
2.590678e-02   9.120524e-25   1.000000e+02
2.614673e-02   1.201956e-24   1.000000e+02
2.638891e-02   1.586947e-24   1.000000e+02
2.663333e-02   2.099008e-24   1.000000e+02
2.688001e-02   2.781097e-24   1.000000e+02
2.712898e-02   3.690971e-24   1.000000e+02
2.738025e-02   4.906370e-24   1.000000e+02
2.763385e-02   6.532018e-24   1.000000e+02
2.788980e-02   8.709124e-24   1.000000e+02
2.814812e-02   1.162824e-23   1.000000e+02
2.840884e-02   1.554670e-23   1.000000e+02
2.867196e-02   2.081229e-23   1.000000e+02
2.893753e-02   2.789531e-23   1.000000e+02
2.920556e-02   3.743215e-23   1.000000e+02
2.947606e-02   5.028435e-23   1.000000e+02
2.974908e-02   6.761889e-23   1.000000e+02
3.002462e-02   9.101704e-23   1.000000e+02
3.030271e-02   1.226277e-22   1.000000e+02
3.058338e-02   1.653931e-22   1.000000e+02
3.086665e-02   2.233426e-22   1.000000e+02
3.115254e-02   3.020048e-22   1.000000e+02
3.144108e-02   4.089846e-22   1.000000e+02
3.173230e-02   5.547709e-22   1.000000e+02
3.202621e-02   7.538702e-22   1.000000e+02
3.232284e-02   1.026404e-21   1.000000e+02
3.262222e-02   1.400368e-21   1.000000e+02
3.292437e-02   1.914830e-21   1.000000e+02
3.322933e-02   2.624492e-21   1.000000e+02
3.353710e-02   3.606204e-21   1.000000e+02
3.384773e-02   4.968301e-21   1.000000e+02
3.416123e-02   6.864055e-21   1.000000e+02
3.447764e-02   9.511119e-21   1.000000e+02
3.479698e-02   1.321975e-20   1.000000e+02
3.511928e-02   1.843394e-20   1.000000e+02
3.544456e-02   2.579166e-20   1.000000e+02
3.577285e-02   3.621340e-20   1.000000e+02
3.610419e-02   5.103298e-20   1.000000e+02
3.643859e-02   7.219162e-20   1.000000e+02
3.677609e-02   1.025273e-19   1.000000e+02
3.711672e-02   1.462084e-19   1.000000e+02
3.746050e-02   2.093858e-19   1.000000e+02
3.780747e-02   3.011810e-19   1.000000e+02
3.815765e-02   4.351867e-19   1.000000e+02
3.851107e-02   6.317631e-19   1.000000e+02
3.886777e-02   9.215656e-19   1.000000e+02
3.922777e-02   1.350996e-18   1.000000e+02
3.959110e-02   1.990678e-18   1.000000e+02
3.995780e-02   2.948690e-18   1.000000e+02
4.032790e-02   4.390930e-18   1.000000e+02
4.070142e-02   6.569717e-18   1.000000e+02
4.107841e-02   9.869017e-18   1.000000e+02
4.145888e-02   1.487348e-17   1.000000e+02
4.184289e-02   2.247173e-17   1.000000e+02
4.223044e-02   3.401108e-17   1.000000e+02
4.262159e-02   5.152741e-17   1.000000e+02
4.301636e-02   7.808442e-17   1.000000e+02
4.341478e-02   1.182695e-16   1.000000e+02
4.381690e-02   1.789114e-16   1.000000e+02
4.422274e-02   2.701060e-16   1.000000e+02
4.463234e-02   4.066637e-16   1.000000e+02
4.504573e-02   6.101210e-16   1.000000e+02
4.546295e-02   9.114861e-16   1.000000e+02
4.588404e-02   1.354915e-15   1.000000e+02
4.630903e-02   2.002516e-15   1.000000e+02
4.673795e-02   2.940465e-15   1.000000e+02
4.717085e-02   4.286538e-15   1.000000e+02
4.760775e-02   6.199006e-15   1.000000e+02
4.804870e-02   8.886614e-15   1.000000e+02
4.849374e-02   1.261896e-14   1.000000e+02
4.894290e-02   1.773611e-14   1.000000e+02
4.939622e-02   2.465556e-14   1.000000e+02
4.985373e-02   3.387404e-14   1.000000e+02
5.031549e-02   4.596469e-14   1.000000e+02
5.078152e-02   6.161434e-14   1.000000e+02
5.125187e-02   8.165317e-14   1.000000e+02
5.172657e-02   1.070620e-13   1.000000e+02
5.220568e-02   1.389971e-13   1.000000e+02
5.268921e-02   1.788222e-13   1.000000e+02
5.317723e-02   2.281496e-13   1.000000e+02
5.366977e-02   2.888936e-13   1.000000e+02
5.416687e-02   3.633400e-13   1.000000e+02
5.466857e-02   4.542370e-13   1.000000e+02
5.517492e-02   5.649153e-13   1.000000e+02
5.568596e-02   6.994436e-13   1.000000e+02
5.620174e-02   8.628353e-13   1.000000e+02
5.672229e-02   1.061319e-12   1.000000e+02
5.724766e-02   1.302700e-12   1.000000e+02
5.777790e-02   1.596836e-12   1.000000e+02
5.831305e-02   1.956279e-12   1.000000e+02
5.885316e-02   2.397138e-12   1.000000e+02
5.939827e-02   2.940251e-12   1.000000e+02
5.994843e-02   3.612783e-12   1.000000e+02
6.050368e-02   4.449784e-12   1.000000e+02
6.106408e-02   5.493007e-12   1.000000e+02
6.162966e-02   6.793261e-12   1.000000e+02
6.220049e-02   8.413299e-12   1.000000e+02
6.277660e-02   1.043030e-11   1.000000e+02
6.335805e-02   1.293877e-11   1.000000e+02
6.394488e-02   1.605377e-11   1.000000e+02
6.453715e-02   1.991463e-11   1.000000e+02
6.513491e-02   2.468887e-11   1.000000e+02
6.573820e-02   3.057644e-11   1.000000e+02
6.634708e-02   3.781393e-11   1.000000e+02
6.696160e-02   4.667873e-11   1.000000e+02
6.758181e-02   5.749250e-11   1.000000e+02
6.820777e-02   7.062381e-11   1.000000e+02
6.883952e-02   8.648916e-11   1.000000e+02
6.947713e-02   1.055518e-10   1.000000e+02
7.012064e-02   1.283175e-10   1.000000e+02
7.077011e-02   1.553498e-10   1.000000e+02
7.142559e-02   1.873177e-10   1.000000e+02
7.208715e-02   2.249829e-10   1.000000e+02
7.275484e-02   2.692050e-10   1.000000e+02
7.342870e-02   3.209514e-10   1.000000e+02
7.410882e-02   3.813097e-10   1.000000e+02
7.479523e-02   4.515010e-10   1.000000e+02
7.548799e-02   5.328949e-10   1.000000e+02
7.618718e-02   6.270270e-10   1.000000e+02
7.689284e-02   7.356186e-10   1.000000e+02
7.760503e-02   8.605988e-10   1.000000e+02
7.832383e-02   1.004130e-09   1.000000e+02
7.904928e-02   1.168640e-09   1.000000e+02
7.978145e-02   1.356852e-09   1.000000e+02
8.052040e-02   1.571725e-09   1.000000e+02
8.126619e-02   1.815337e-09   1.000000e+02
8.201889e-02   2.088573e-09   1.000000e+02
8.277857e-02   2.391261e-09   1.000000e+02
8.354528e-02   2.721839e-09   1.000000e+02
8.431909e-02   3.077013e-09   1.000000e+02
8.510007e-02   3.451445e-09   1.000000e+02
8.588829e-02   3.837517e-09   1.000000e+02
8.668380e-02   4.225234e-09   1.000000e+02
8.748668e-02   4.602307e-09   1.000000e+02
8.829700e-02   4.954478e-09   1.000000e+02
8.911482e-02   5.266123e-09   1.000000e+02
8.994022e-02   5.521132e-09   1.000000e+02
9.077327e-02   5.707243e-09   1.000000e+02
9.161402e-02   5.830618e-09   1.000000e+02
9.246257e-02   5.906052e-09   1.000000e+02
9.331898e-02   5.950852e-09   1.000000e+02
9.418332e-02   5.983630e-09   1.000000e+02
9.505566e-02   6.023637e-09   1.000000e+02
9.593608e-02   6.090680e-09   1.000000e+02
9.682466e-02   6.205695e-09   1.000000e+02
9.772147e-02   6.392009e-09   1.000000e+02
9.862658e-02   6.677458e-09   1.000000e+02
9.954008e-02   7.097682e-09   1.000000e+02
1.004620e-01   7.700227e-09   1.000000e+02
1.013925e-01   8.528435e-09   1.000000e+02
1.023317e-01   9.617407e-09   1.000000e+02
1.032795e-01   1.101182e-08   1.000000e+02
1.042361e-01   1.276623e-08   1.000000e+02
1.052015e-01   1.494368e-08   1.000000e+02
1.061759e-01   1.761303e-08   1.000000e+02
1.071593e-01   2.084402e-08   1.000000e+02
1.081519e-01   2.469958e-08   1.000000e+02
1.091536e-01   2.922455e-08   1.000000e+02
1.101646e-01   3.443080e-08   1.000000e+02
1.111850e-01   4.031625e-08   1.000000e+02
1.122148e-01   4.693946e-08   1.000000e+02
1.132541e-01   5.438319e-08   1.000000e+02
1.143031e-01   6.274851e-08   1.000000e+02
1.153618e-01   7.216019e-08   1.000000e+02
1.164303e-01   8.277347e-08   1.000000e+02
1.175087e-01   9.478232e-08   1.000000e+02
1.185971e-01   1.084301e-07   1.000000e+02
1.196956e-01   1.240229e-07   1.000000e+02
1.208042e-01   1.419380e-07   1.000000e+02
1.219231e-01   1.625486e-07   1.000000e+02
1.230524e-01   1.862296e-07   1.000000e+02
1.241921e-01   2.133962e-07   1.000000e+02
1.253424e-01   2.445055e-07   1.000000e+02
1.265034e-01   2.800567e-07   1.000000e+02
1.276751e-01   3.205902e-07   1.000000e+02
1.288576e-01   3.666849e-07   1.000000e+02
1.300511e-01   4.189536e-07   1.000000e+02
1.312557e-01   4.780380e-07   1.000000e+02
1.324714e-01   5.446068e-07   1.000000e+02
1.336984e-01   6.193415e-07   1.000000e+02
1.349367e-01   7.029199e-07   1.000000e+02
1.361865e-01   7.959987e-07   1.000000e+02
1.374479e-01   8.991908e-07   1.000000e+02
1.387210e-01   1.013040e-06   1.000000e+02
1.400058e-01   1.137991e-06   1.000000e+02
1.413026e-01   1.274597e-06   1.000000e+02
1.426114e-01   1.424425e-06   1.000000e+02
1.439323e-01   1.589750e-06   1.000000e+02
1.452654e-01   1.773501e-06   1.000000e+02
1.466109e-01   1.979420e-06   1.000000e+02
1.479688e-01   2.212274e-06   1.000000e+02
1.493393e-01   2.478134e-06   1.000000e+02
1.507225e-01   2.784647e-06   1.000000e+02
1.521186e-01   3.139209e-06   1.000000e+02
1.535275e-01   3.548204e-06   1.000000e+02
1.549495e-01   4.018430e-06   1.000000e+02
1.563847e-01   4.557061e-06   1.000000e+02
1.578331e-01   5.171483e-06   1.000000e+02
1.592950e-01   5.869057e-06   1.000000e+02
1.607704e-01   6.656905e-06   1.000000e+02
1.622595e-01   7.543858e-06   1.000000e+02
1.637624e-01   8.541399e-06   1.000000e+02
1.652792e-01   9.662317e-06   1.000000e+02
1.668101e-01   1.092076e-05   1.000000e+02
1.683551e-01   1.233235e-05   1.000000e+02
1.699144e-01   1.391436e-05   1.000000e+02
1.714882e-01   1.568582e-05   1.000000e+02
1.730766e-01   1.766770e-05   1.000000e+02
1.746796e-01   1.988310e-05   1.000000e+02
1.762975e-01   2.235745e-05   1.000000e+02
1.779304e-01   2.511866e-05   1.000000e+02
1.795785e-01   2.819743e-05   1.000000e+02
1.812418e-01   3.162755e-05   1.000000e+02
1.829205e-01   3.544746e-05   1.000000e+02
1.846147e-01   3.970061e-05   1.000000e+02
1.863246e-01   4.443557e-05   1.000000e+02
1.880504e-01   4.970671e-05   1.000000e+02
1.897922e-01   5.557492e-05   1.000000e+02
1.915501e-01   6.210857e-05   1.000000e+02
1.933242e-01   6.938442e-05   1.000000e+02
1.951148e-01   7.748886e-05   1.000000e+02
1.969220e-01   8.651919e-05   1.000000e+02
1.987460e-01   9.658522e-05   1.000000e+02
2.005868e-01   1.078109e-04   1.000000e+02
2.024447e-01   1.203329e-04   1.000000e+02
2.043197e-01   1.342985e-04   1.000000e+02
2.062122e-01   1.498703e-04   1.000000e+02
2.081222e-01   1.672287e-04   1.000000e+02
2.100498e-01   1.865735e-04   1.000000e+02
2.119953e-01   2.081259e-04   1.000000e+02
2.139589e-01   2.321306e-04   1.000000e+02
2.159406e-01   2.588581e-04   1.000000e+02
2.179407e-01   2.886073e-04   1.000000e+02
2.199593e-01   3.217083e-04   1.000000e+02
2.219966e-01   3.585251e-04   1.000000e+02
2.240528e-01   3.994591e-04   1.000000e+02
2.261280e-01   4.449523e-04   1.000000e+02
2.282224e-01   4.954916e-04   1.000000e+02
2.303363e-01   5.516120e-04   1.000000e+02
2.324697e-01   6.139016e-04   1.000000e+02
2.346229e-01   6.830062e-04   1.000000e+02
2.367960e-01   7.596339e-04   1.000000e+02
2.389893e-01   8.445609e-04   1.000000e+02
2.412028e-01   9.386367e-04   1.000000e+02
2.434369e-01   1.042791e-03   1.000000e+02
2.456916e-01   1.158038e-03   1.000000e+02
2.479673e-01   1.285488e-03   1.000000e+02
2.502640e-01   1.426347e-03   1.000000e+02
2.525820e-01   1.581940e-03   1.000000e+02
2.549215e-01   1.753742e-03   1.000000e+02
2.572826e-01   1.943373e-03   1.000000e+02
2.596656e-01   2.152609e-03   1.000000e+02
2.620707e-01   2.383401e-03   1.000000e+02
2.644980e-01   2.637884e-03   1.000000e+02
2.669478e-01   2.918403e-03   1.000000e+02
2.694204e-01   3.227526e-03   1.000000e+02
2.719158e-01   3.568069e-03   1.000000e+02
2.744343e-01   3.943118e-03   1.000000e+02
2.769762e-01   4.356055e-03   1.000000e+02
2.795416e-01   4.810587e-03   1.000000e+02
2.821308e-01   5.310775e-03   1.000000e+02
2.847439e-01   5.861072e-03   1.000000e+02
2.873813e-01   6.466353e-03   1.000000e+02
2.900430e-01   7.131964e-03   1.000000e+02
2.927295e-01   7.863760e-03   1.000000e+02
2.954408e-01   8.668158e-03   1.000000e+02
2.981772e-01   9.552187e-03   1.000000e+02
3.009390e-01   1.052355e-02   1.000000e+02
3.037264e-01   1.159061e-02   1.000000e+02
3.065395e-01   1.276238e-02   1.000000e+02
3.093788e-01   1.404864e-02   1.000000e+02
3.122443e-01   1.546004e-02   1.000000e+02
3.151363e-01   1.700814e-02   1.000000e+02
3.180552e-01   1.870549e-02   1.000000e+02
3.210011e-01   2.056572e-02   1.000000e+02
3.239743e-01   2.260358e-02   1.000000e+02
3.269750e-01   2.483508e-02   1.000000e+02
3.300035e-01   2.727752e-02   1.000000e+02
3.330600e-01   2.994964e-02   1.000000e+02
3.361449e-01   3.287168e-02   1.000000e+02
3.392583e-01   3.606551e-02   1.000000e+02
3.424006e-01   3.955472e-02   1.000000e+02
3.455720e-01   4.336476e-02   1.000000e+02
3.487727e-01   4.752302e-02   1.000000e+02
3.520031e-01   5.205908e-02   1.000000e+02
3.552635e-01   5.700554e-02   1.000000e+02
3.585540e-01   6.239837e-02   1.000000e+02
3.618750e-01   6.827672e-02   1.000000e+02
3.652267e-01   7.468319e-02   1.000000e+02
3.686095e-01   8.166414e-02   1.000000e+02
3.720237e-01   8.927006e-02   1.000000e+02
3.754694e-01   9.755594e-02   1.000000e+02
3.789471e-01   1.065817e-01   1.000000e+02
3.824570e-01   1.164127e-01   1.000000e+02
3.859994e-01   1.271201e-01   1.000000e+02
3.895746e-01   1.387815e-01   1.000000e+02
3.931829e-01   1.514818e-01   1.000000e+02
3.968246e-01   1.653135e-01   1.000000e+02
4.005001e-01   1.803775e-01   1.000000e+02
4.042096e-01   1.967824e-01   1.000000e+02
4.079535e-01   2.146398e-01   1.000000e+02
4.117320e-01   2.340689e-01   1.000000e+02
4.155455e-01   2.551969e-01   1.000000e+02
4.193944e-01   2.781598e-01   1.000000e+02
4.232789e-01   3.031023e-01   1.000000e+02
4.271994e-01   3.301786e-01   1.000000e+02
4.311562e-01   3.595528e-01   1.000000e+02
4.351497e-01   3.913984e-01   1.000000e+02
4.391801e-01   4.258996e-01   1.000000e+02
4.432479e-01   4.632505e-01   1.000000e+02
4.473533e-01   5.036560e-01   1.000000e+02
4.514968e-01   5.473319e-01   1.000000e+02
4.556786e-01   5.945163e-01   1.000000e+02
4.598992e-01   6.454805e-01   1.000000e+02
4.641589e-01   7.005192e-01   1.000000e+02
4.684580e-01   7.599511e-01   1.000000e+02
4.727970e-01   8.241209e-01   1.000000e+02
4.771761e-01   8.934024e-01   1.000000e+02
4.815958e-01   9.682005e-01   1.000000e+02
4.860564e-01   1.048954e+00   1.000000e+02
4.905584e-01   1.136140e+00   1.000000e+02
4.951020e-01   1.230277e+00   1.000000e+02
4.996877e-01   1.331926e+00   1.000000e+02
5.043159e-01   1.441693e+00   1.000000e+02
5.089870e-01   1.560206e+00   1.000000e+02
5.137014e-01   1.688126e+00   1.000000e+02
5.184594e-01   1.826161e+00   1.000000e+02
5.232614e-01   1.975069e+00   1.000000e+02
5.281080e-01   2.135660e+00   1.000000e+02
5.329994e-01   2.308800e+00   1.000000e+02
5.379362e-01   2.495413e+00   1.000000e+02
5.429186e-01   2.696486e+00   1.000000e+02
5.479472e-01   2.913072e+00   1.000000e+02
5.530224e-01   3.146292e+00   1.000000e+02
5.581446e-01   3.397344e+00   1.000000e+02
5.633143e-01   3.667499e+00   1.000000e+02
5.685318e-01   3.958115e+00   1.000000e+02
5.737976e-01   4.270633e+00   1.000000e+02
5.791123e-01   4.606587e+00   1.000000e+02
5.844761e-01   4.967603e+00   1.000000e+02
5.898896e-01   5.355413e+00   1.000000e+02
5.953533e-01   5.771850e+00   1.000000e+02
6.008676e-01   6.218860e+00   1.000000e+02
6.064329e-01   6.698519e+00   1.000000e+02
6.120498e-01   7.213065e+00   1.000000e+02
6.177188e-01   7.764888e+00   1.000000e+02
6.234402e-01   8.356533e+00   1.000000e+02
6.292146e-01   8.990706e+00   1.000000e+02
6.350425e-01   9.670288e+00   1.000000e+02
6.409244e-01   1.039835e+01   1.000000e+02
6.468608e-01   1.117814e+01   1.000000e+02
6.528521e-01   1.201313e+01   1.000000e+02
6.588990e-01   1.290702e+01   1.000000e+02
6.650018e-01   1.386372e+01   1.000000e+02
6.711612e-01   1.488740e+01   1.000000e+02
6.773776e-01   1.598249e+01   1.000000e+02
6.836516e-01   1.715370e+01   1.000000e+02
6.899837e-01   1.840603e+01   1.000000e+02
6.963745e-01   1.974480e+01   1.000000e+02
7.028244e-01   2.117564e+01   1.000000e+02
7.093341e-01   2.270453e+01   1.000000e+02
7.159041e-01   2.433774e+01   1.000000e+02
7.225349e-01   2.608192e+01   1.000000e+02
7.292272e-01   2.794412e+01   1.000000e+02
7.359814e-01   2.993180e+01   1.000000e+02
7.427982e-01   3.205282e+01   1.000000e+02
7.496782e-01   3.431554e+01   1.000000e+02
7.566219e-01   3.672876e+01   1.000000e+02
7.636298e-01   3.930180e+01   1.000000e+02
7.707027e-01   4.204449e+01   1.000000e+02
7.778411e-01   4.496723e+01   1.000000e+02
7.850456e-01   4.808100e+01   1.000000e+02
7.923169e-01   5.139736e+01   1.000000e+02
7.996555e-01   5.492854e+01   1.000000e+02
8.070620e-01   5.868744e+01   1.000000e+02
8.145372e-01   6.268770e+01   1.000000e+02
8.220816e-01   6.694373e+01   1.000000e+02
8.296959e-01   7.147075e+01   1.000000e+02
8.373807e-01   7.628478e+01   1.000000e+02
8.451366e-01   8.140274e+01   1.000000e+02
8.529644e-01   8.684245e+01   1.000000e+02
8.608648e-01   9.262268e+01   1.000000e+02
8.688383e-01   9.876323e+01   1.000000e+02
8.768856e-01   1.052849e+02   1.000000e+02
8.850075e-01   1.122097e+02   1.000000e+02
8.932046e-01   1.195607e+02   1.000000e+02
9.014776e-01   1.273622e+02   1.000000e+02
9.098273e-01   1.356397e+02   1.000000e+02
9.182543e-01   1.444199e+02   1.000000e+02
9.267593e-01   1.537308e+02   1.000000e+02
9.353432e-01   1.636016e+02   1.000000e+02
9.440065e-01   1.740631e+02   1.000000e+02
9.527500e-01   1.851475e+02   1.000000e+02
9.615746e-01   1.968887e+02   1.000000e+02
9.704809e-01   2.093220e+02   1.000000e+02
9.794697e-01   2.224845e+02   1.000000e+02
9.885417e-01   2.364150e+02   1.000000e+02
9.976978e-01   2.511540e+02   1.000000e+02
1.006939e+00   2.667440e+02   1.000000e+02
1.016265e+00   2.832296e+02   1.000000e+02
1.025678e+00   3.006579e+02   1.000000e+02
1.035178e+00   3.190777e+02   1.000000e+02
1.044766e+00   3.385405e+02   1.000000e+02
1.054443e+00   3.591000e+02   1.000000e+02
1.064209e+00   3.808124e+02   1.000000e+02
1.074066e+00   4.037362e+02   1.000000e+02
1.084014e+00   4.279330e+02   1.000000e+02
1.094055e+00   4.534668e+02   1.000000e+02
1.104188e+00   4.804044e+02   1.000000e+02
1.114415e+00   5.088159e+02   1.000000e+02
1.124737e+00   5.387742e+02   1.000000e+02
1.135155e+00   5.703555e+02   1.000000e+02
1.145669e+00   6.036390e+02   1.000000e+02
1.156280e+00   6.387078e+02   1.000000e+02
1.166990e+00   6.756481e+02   1.000000e+02
1.177799e+00   7.145501e+02   1.000000e+02
1.188708e+00   7.555075e+02   1.000000e+02
1.199718e+00   7.986180e+02   1.000000e+02
1.210830e+00   8.439834e+02   1.000000e+02
1.222045e+00   8.917098e+02   1.000000e+02
1.233363e+00   9.419073e+02   1.000000e+02
1.244787e+00   9.946908e+02   1.000000e+02
1.256317e+00   1.050180e+03   1.000000e+02
1.267953e+00   1.108501e+03   1.000000e+02
1.279697e+00   1.169789e+03   1.000000e+02
1.291550e+00   1.234184e+03   1.000000e+02
1.303512e+00   1.301833e+03   1.000000e+02
1.315586e+00   1.372890e+03   1.000000e+02
1.327771e+00   1.447517e+03   1.000000e+02
1.340069e+00   1.525883e+03   1.000000e+02
1.352481e+00   1.608163e+03   1.000000e+02
1.365008e+00   1.694543e+03   1.000000e+02
1.377651e+00   1.785215e+03   1.000000e+02
1.390411e+00   1.880384e+03   1.000000e+02
1.403289e+00   1.980260e+03   1.000000e+02
1.416287e+00   2.085067e+03   1.000000e+02
1.429405e+00   2.195037e+03   1.000000e+02
1.442644e+00   2.310414e+03   1.000000e+02
1.456006e+00   2.431453e+03   1.000000e+02
1.469492e+00   2.558424e+03   1.000000e+02
1.483103e+00   2.691606e+03   1.000000e+02
1.496839e+00   2.831294e+03   1.000000e+02
1.510703e+00   2.977792e+03   1.000000e+02
1.524696e+00   3.131378e+03   1.000000e+02
1.538818e+00   3.292314e+03   1.000000e+02
1.553071e+00   3.460864e+03   1.000000e+02
1.567455e+00   3.637293e+03   1.000000e+02
1.581973e+00   3.821867e+03   1.000000e+02
1.596626e+00   4.014849e+03   1.000000e+02
1.611414e+00   4.216501e+03   1.000000e+02
1.626340e+00   4.427082e+03   1.000000e+02
1.641403e+00   4.646844e+03   1.000000e+02
1.656606e+00   4.876036e+03   1.000000e+02
1.671950e+00   5.114896e+03   1.000000e+02
1.687436e+00   5.363654e+03   1.000000e+02
1.703065e+00   5.622530e+03   1.000000e+02
1.718839e+00   5.891729e+03   1.000000e+02
1.734759e+00   6.171443e+03   1.000000e+02
1.750827e+00   6.461845e+03   1.000000e+02
1.767044e+00   6.763139e+03   1.000000e+02
1.783410e+00   7.075691e+03   1.000000e+02
1.799929e+00   7.399925e+03   1.000000e+02
1.816600e+00   7.736293e+03   1.000000e+02
1.833425e+00   8.085273e+03   1.000000e+02
1.850407e+00   8.447375e+03   1.000000e+02
1.867546e+00   8.823145e+03   1.000000e+02
1.884843e+00   9.213161e+03   1.000000e+02
1.902301e+00   9.618042e+03   1.000000e+02
1.919921e+00   1.003845e+04   1.000000e+02
1.937703e+00   1.047509e+04   1.000000e+02
1.955651e+00   1.092871e+04   1.000000e+02
1.973764e+00   1.140012e+04   1.000000e+02
1.992046e+00   1.189017e+04   1.000000e+02
2.010496e+00   1.239979e+04   1.000000e+02
2.029118e+00   1.292977e+04   1.000000e+02
2.047912e+00   1.348079e+04   1.000000e+02
2.066880e+00   1.405354e+04   1.000000e+02
2.086024e+00   1.464872e+04   1.000000e+02
2.105345e+00   1.526704e+04   1.000000e+02
2.124845e+00   1.590924e+04   1.000000e+02
2.144526e+00   1.657605e+04   1.000000e+02
2.164389e+00   1.726821e+04   1.000000e+02
2.184436e+00   1.798648e+04   1.000000e+02
2.204669e+00   1.873163e+04   1.000000e+02
2.225089e+00   1.950441e+04   1.000000e+02
2.245698e+00   2.030560e+04   1.000000e+02
2.266498e+00   2.113600e+04   1.000000e+02
2.287491e+00   2.199637e+04   1.000000e+02
2.308678e+00   2.288751e+04   1.000000e+02
2.330061e+00   2.381020e+04   1.000000e+02
2.351643e+00   2.476522e+04   1.000000e+02
2.373424e+00   2.575337e+04   1.000000e+02
2.395407e+00   2.677542e+04   1.000000e+02
2.417594e+00   2.783213e+04   1.000000e+02
2.439986e+00   2.892429e+04   1.000000e+02
2.462586e+00   3.005264e+04   1.000000e+02
2.485395e+00   3.121792e+04   1.000000e+02
2.508415e+00   3.242086e+04   1.000000e+02
2.531648e+00   3.366228e+04   1.000000e+02
2.555097e+00   3.494315e+04   1.000000e+02
2.578763e+00   3.626445e+04   1.000000e+02
2.602648e+00   3.762721e+04   1.000000e+02
2.626754e+00   3.903246e+04   1.000000e+02
2.651084e+00   4.048125e+04   1.000000e+02
2.675638e+00   4.197467e+04   1.000000e+02
2.700421e+00   4.351383e+04   1.000000e+02
2.725433e+00   4.509983e+04   1.000000e+02
2.750676e+00   4.673384e+04   1.000000e+02
2.776153e+00   4.841702e+04   1.000000e+02
2.801867e+00   5.015058e+04   1.000000e+02
2.827818e+00   5.193574e+04   1.000000e+02
2.854010e+00   5.377374e+04   1.000000e+02
2.880444e+00   5.566587e+04   1.000000e+02
2.907123e+00   5.761343e+04   1.000000e+02
2.934050e+00   5.961776e+04   1.000000e+02
2.961225e+00   6.168021e+04   1.000000e+02
2.988653e+00   6.380220e+04   1.000000e+02
3.016334e+00   6.598513e+04   1.000000e+02
3.044272e+00   6.823037e+04   1.000000e+02
3.072469e+00   7.053920e+04   1.000000e+02
3.100927e+00   7.291291e+04   1.000000e+02
3.129648e+00   7.535283e+04   1.000000e+02
3.158635e+00   7.786024e+04   1.000000e+02
3.187891e+00   8.043648e+04   1.000000e+02
3.217418e+00   8.308287e+04   1.000000e+02
3.247218e+00   8.580072e+04   1.000000e+02
3.277295e+00   8.859138e+04   1.000000e+02
3.307650e+00   9.145618e+04   1.000000e+02
3.338286e+00   9.439645e+04   1.000000e+02
3.369206e+00   9.741353e+04   1.000000e+02
3.400412e+00   1.005088e+05   1.000000e+02
3.431907e+00   1.036835e+05   1.000000e+02
3.463694e+00   1.069390e+05   1.000000e+02
3.495776e+00   1.102766e+05   1.000000e+02
3.528154e+00   1.136978e+05   1.000000e+02
3.560833e+00   1.172038e+05   1.000000e+02
3.593814e+00   1.207961e+05   1.000000e+02
3.627100e+00   1.244762e+05   1.000000e+02
3.660695e+00   1.282454e+05   1.000000e+02
3.694601e+00   1.321052e+05   1.000000e+02
3.728821e+00   1.360571e+05   1.000000e+02
3.763358e+00   1.401024e+05   1.000000e+02
3.798215e+00   1.442428e+05   1.000000e+02
3.833395e+00   1.484795e+05   1.000000e+02
3.868901e+00   1.528140e+05   1.000000e+02
3.904735e+00   1.572479e+05   1.000000e+02
3.940902e+00   1.617825e+05   1.000000e+02
3.977403e+00   1.664194e+05   1.000000e+02
4.014242e+00   1.711599e+05   1.000000e+02
4.051423e+00   1.760056e+05   1.000000e+02
4.088948e+00   1.809577e+05   1.000000e+02
4.126821e+00   1.860178e+05   1.000000e+02
4.165044e+00   1.911872e+05   1.000000e+02
4.203622e+00   1.964672e+05   1.000000e+02
4.242556e+00   2.018592e+05   1.000000e+02
4.281852e+00   2.073647e+05   1.000000e+02
4.321511e+00   2.129849e+05   1.000000e+02
4.361538e+00   2.187211e+05   1.000000e+02
4.401935e+00   2.245748e+05   1.000000e+02
4.442707e+00   2.305471e+05   1.000000e+02
4.483856e+00   2.366394e+05   1.000000e+02
4.525386e+00   2.428530e+05   1.000000e+02
4.567301e+00   2.491890e+05   1.000000e+02
4.609604e+00   2.556488e+05   1.000000e+02
4.652300e+00   2.622336e+05   1.000000e+02
4.695390e+00   2.689445e+05   1.000000e+02
4.738880e+00   2.757828e+05   1.000000e+02
4.782772e+00   2.827495e+05   1.000000e+02
4.827071e+00   2.898459e+05   1.000000e+02
4.871780e+00   2.970731e+05   1.000000e+02
4.916904e+00   3.044321e+05   1.000000e+02
4.962445e+00   3.119239e+05   1.000000e+02
5.008408e+00   3.195498e+05   1.000000e+02
5.054797e+00   3.273105e+05   1.000000e+02
5.101615e+00   3.352072e+05   1.000000e+02
5.148867e+00   3.432408e+05   1.000000e+02
5.196557e+00   3.514121e+05   1.000000e+02
5.244689e+00   3.597220e+05   1.000000e+02
5.293266e+00   3.681714e+05   1.000000e+02
5.342293e+00   3.767612e+05   1.000000e+02
5.391775e+00   3.854920e+05   1.000000e+02
5.441714e+00   3.943645e+05   1.000000e+02
5.492116e+00   4.033797e+05   1.000000e+02
5.542986e+00   4.125379e+05   1.000000e+02
5.594326e+00   4.218400e+05   1.000000e+02
5.646141e+00   4.312865e+05   1.000000e+02
5.698437e+00   4.408780e+05   1.000000e+02
5.751217e+00   4.506149e+05   1.000000e+02
5.804486e+00   4.604977e+05   1.000000e+02
5.858248e+00   4.705269e+05   1.000000e+02
5.912508e+00   4.807029e+05   1.000000e+02
5.967271e+00   4.910260e+05   1.000000e+02
6.022541e+00   5.014964e+05   1.000000e+02
6.078323e+00   5.121145e+05   1.000000e+02
6.134622e+00   5.228804e+05   1.000000e+02
6.191442e+00   5.337942e+05   1.000000e+02
6.248788e+00   5.448560e+05   1.000000e+02
6.306666e+00   5.560659e+05   1.000000e+02
6.365079e+00   5.674239e+05   1.000000e+02
6.424034e+00   5.789297e+05   1.000000e+02
6.483534e+00   5.905835e+05   1.000000e+02
6.543586e+00   6.023848e+05   1.000000e+02
6.604194e+00   6.143337e+05   1.000000e+02
6.665363e+00   6.264296e+05   1.000000e+02
6.727099e+00   6.386724e+05   1.000000e+02
6.789407e+00   6.510616e+05   1.000000e+02
6.852292e+00   6.635967e+05   1.000000e+02
6.915759e+00   6.762773e+05   1.000000e+02
6.979814e+00   6.891029e+05   1.000000e+02
7.044462e+00   7.020727e+05   1.000000e+02
7.109709e+00   7.151861e+05   1.000000e+02
7.175561e+00   7.284423e+05   1.000000e+02
7.242022e+00   7.418405e+05   1.000000e+02
7.309099e+00   7.553798e+05   1.000000e+02
7.376798e+00   7.690591e+05   1.000000e+02
7.445123e+00   7.828775e+05   1.000000e+02
7.514081e+00   7.968338e+05   1.000000e+02
7.583678e+00   8.109270e+05   1.000000e+02
7.653919e+00   8.251557e+05   1.000000e+02
7.724811e+00   8.395188e+05   1.000000e+02
7.796360e+00   8.540148e+05   1.000000e+02
7.868572e+00   8.686424e+05   1.000000e+02
7.941452e+00   8.834001e+05   1.000000e+02
8.015007e+00   8.982863e+05   1.000000e+02
8.089243e+00   9.132996e+05   1.000000e+02
8.164168e+00   9.284382e+05   1.000000e+02
8.239786e+00   9.437006e+05   1.000000e+02
8.316104e+00   9.590850e+05   1.000000e+02
8.393129e+00   9.745898e+05   1.000000e+02
8.470868e+00   9.902130e+05   1.000000e+02
8.549327e+00   1.005953e+06   1.000000e+02
8.628513e+00   1.021807e+06   1.000000e+02
8.708431e+00   1.037775e+06   1.000000e+02
8.789091e+00   1.053853e+06   1.000000e+02
8.870497e+00   1.070039e+06   1.000000e+02
8.952657e+00   1.086332e+06   1.000000e+02
9.035578e+00   1.102730e+06   1.000000e+02
9.119268e+00   1.119229e+06   1.000000e+02
9.203732e+00   1.135828e+06   1.000000e+02
9.288979e+00   1.152524e+06   1.000000e+02
9.375015e+00   1.169315e+06   1.000000e+02
9.461848e+00   1.186199e+06   1.000000e+02
9.549486e+00   1.203173e+06   1.000000e+02
9.637935e+00   1.220234e+06   1.000000e+02
9.727203e+00   1.237380e+06   1.000000e+02
9.817298e+00   1.254608e+06   1.000000e+02
9.908228e+00   1.271916e+06   1.000000e+02
1.000000e+01   1.289300e+06   1.000000e+02
