# F18 + a > Ne21 + p   [F18_a__Ne21_p]   ref=TALYS2, Koning et al. 2023
# detailed balance: alpha=2.3565 beta=0 gamma=-20.2084  Q=1.7414
# T9                 rate                error
1.000000e-03   1.000000e-35   1.000000e+02
1.009262e-03   9.999653e-36   1.000000e+02
1.018610e-03   9.999320e-36   1.000000e+02
1.028045e-03   9.999003e-36   1.000000e+02
1.037567e-03   9.998701e-36   1.000000e+02
1.047177e-03   9.998413e-36   1.000000e+02
1.056876e-03   9.998139e-36   1.000000e+02
1.066665e-03   9.997879e-36   1.000000e+02
1.076545e-03   9.997633e-36   1.000000e+02
1.086516e-03   9.997400e-36   1.000000e+02
1.096579e-03   9.997181e-36   1.000000e+02
1.106736e-03   9.996974e-36   1.000000e+02
1.116987e-03   9.996781e-36   1.000000e+02
1.127333e-03   9.996600e-36   1.000000e+02
1.137774e-03   9.996431e-36   1.000000e+02
1.148312e-03   9.996274e-36   1.000000e+02
1.158948e-03   9.996130e-36   1.000000e+02
1.169683e-03   9.995996e-36   1.000000e+02
1.180517e-03   9.995875e-36   1.000000e+02
1.191451e-03   9.995764e-36   1.000000e+02
1.202486e-03   9.995664e-36   1.000000e+02
1.213624e-03   9.995575e-36   1.000000e+02
1.224865e-03   9.995496e-36   1.000000e+02
1.236210e-03   9.995427e-36   1.000000e+02
1.247660e-03   9.995369e-36   1.000000e+02
1.259216e-03   9.995320e-36   1.000000e+02
1.270879e-03   9.995280e-36   1.000000e+02
1.282650e-03   9.995250e-36   1.000000e+02
1.294530e-03   9.995229e-36   1.000000e+02
1.306520e-03   9.995216e-36   1.000000e+02
1.318621e-03   9.995212e-36   1.000000e+02
1.330835e-03   9.995216e-36   1.000000e+02
1.343161e-03   9.995228e-36   1.000000e+02
1.355602e-03   9.995248e-36   1.000000e+02
1.368158e-03   9.995276e-36   1.000000e+02
1.380830e-03   9.995311e-36   1.000000e+02
1.393619e-03   9.995353e-36   1.000000e+02
1.406527e-03   9.995401e-36   1.000000e+02
1.419555e-03   9.995457e-36   1.000000e+02
1.432703e-03   9.995518e-36   1.000000e+02
1.445973e-03   9.995586e-36   1.000000e+02
1.459366e-03   9.995660e-36   1.000000e+02
1.472883e-03   9.995739e-36   1.000000e+02
1.486525e-03   9.995824e-36   1.000000e+02
1.500293e-03   9.995914e-36   1.000000e+02
1.514189e-03   9.996009e-36   1.000000e+02
1.528214e-03   9.996109e-36   1.000000e+02
1.542369e-03   9.996213e-36   1.000000e+02
1.556654e-03   9.996321e-36   1.000000e+02
1.571072e-03   9.996434e-36   1.000000e+02
1.585624e-03   9.996550e-36   1.000000e+02
1.600310e-03   9.996669e-36   1.000000e+02
1.615133e-03   9.996792e-36   1.000000e+02
1.630092e-03   9.996918e-36   1.000000e+02
1.645191e-03   9.997047e-36   1.000000e+02
1.660429e-03   9.997178e-36   1.000000e+02
1.675808e-03   9.997312e-36   1.000000e+02
1.691330e-03   9.997447e-36   1.000000e+02
1.706995e-03   9.997585e-36   1.000000e+02
1.722805e-03   9.997724e-36   1.000000e+02
1.738762e-03   9.997865e-36   1.000000e+02
1.754867e-03   9.998006e-36   1.000000e+02
1.771121e-03   9.998149e-36   1.000000e+02
1.787526e-03   9.998292e-36   1.000000e+02
1.804082e-03   9.998436e-36   1.000000e+02
1.820792e-03   9.998580e-36   1.000000e+02
1.837656e-03   9.998723e-36   1.000000e+02
1.854677e-03   9.998867e-36   1.000000e+02
1.871855e-03   9.999010e-36   1.000000e+02
1.889193e-03   9.999152e-36   1.000000e+02
1.906691e-03   9.999293e-36   1.000000e+02
1.924351e-03   9.999433e-36   1.000000e+02
1.942175e-03   9.999572e-36   1.000000e+02
1.960163e-03   9.999709e-36   1.000000e+02
1.978319e-03   9.999843e-36   1.000000e+02
1.996642e-03   9.999976e-36   1.000000e+02
2.015136e-03   1.000011e-35   1.000000e+02
2.033800e-03   1.000023e-35   1.000000e+02
2.052638e-03   1.000036e-35   1.000000e+02
2.071650e-03   1.000048e-35   1.000000e+02
2.090838e-03   1.000060e-35   1.000000e+02
2.110203e-03   1.000071e-35   1.000000e+02
2.129749e-03   1.000082e-35   1.000000e+02
2.149475e-03   1.000093e-35   1.000000e+02
2.169384e-03   1.000103e-35   1.000000e+02
2.189477e-03   1.000113e-35   1.000000e+02
2.209756e-03   1.000122e-35   1.000000e+02
2.230223e-03   1.000131e-35   1.000000e+02
2.250880e-03   1.000139e-35   1.000000e+02
2.271728e-03   1.000147e-35   1.000000e+02
2.292769e-03   1.000154e-35   1.000000e+02
2.314005e-03   1.000161e-35   1.000000e+02
2.335438e-03   1.000167e-35   1.000000e+02
2.357069e-03   1.000172e-35   1.000000e+02
2.378901e-03   1.000176e-35   1.000000e+02
2.400935e-03   1.000180e-35   1.000000e+02
2.423173e-03   1.000183e-35   1.000000e+02
2.445617e-03   1.000186e-35   1.000000e+02
2.468268e-03   1.000188e-35   1.000000e+02
2.491130e-03   1.000188e-35   1.000000e+02
2.514203e-03   1.000188e-35   1.000000e+02
2.537490e-03   1.000188e-35   1.000000e+02
2.560993e-03   1.000186e-35   1.000000e+02
2.584714e-03   1.000184e-35   1.000000e+02
2.608654e-03   1.000180e-35   1.000000e+02
2.632815e-03   1.000176e-35   1.000000e+02
2.657201e-03   1.000170e-35   1.000000e+02
2.681813e-03   1.000164e-35   1.000000e+02
2.706652e-03   1.000157e-35   1.000000e+02
2.731722e-03   1.000148e-35   1.000000e+02
2.757023e-03   1.000139e-35   1.000000e+02
2.782559e-03   1.000129e-35   1.000000e+02
2.808332e-03   1.000117e-35   1.000000e+02
2.834343e-03   1.000104e-35   1.000000e+02
2.860596e-03   1.000091e-35   1.000000e+02
2.887091e-03   1.000076e-35   1.000000e+02
2.913832e-03   1.000059e-35   1.000000e+02
2.940820e-03   1.000042e-35   1.000000e+02
2.968059e-03   1.000023e-35   1.000000e+02
2.995549e-03   1.000003e-35   1.000000e+02
3.023295e-03   9.999821e-36   1.000000e+02
3.051297e-03   9.999599e-36   1.000000e+02
3.079559e-03   9.999368e-36   1.000000e+02
3.108082e-03   9.999131e-36   1.000000e+02
3.136870e-03   9.998891e-36   1.000000e+02
3.165924e-03   9.998651e-36   1.000000e+02
3.195248e-03   9.998412e-36   1.000000e+02
3.224842e-03   9.998177e-36   1.000000e+02
3.254712e-03   9.997950e-36   1.000000e+02
3.284857e-03   9.997732e-36   1.000000e+02
3.315282e-03   9.997525e-36   1.000000e+02
3.345989e-03   9.997333e-36   1.000000e+02
3.376980e-03   9.997158e-36   1.000000e+02
3.408259e-03   9.997003e-36   1.000000e+02
3.439826e-03   9.996869e-36   1.000000e+02
3.471687e-03   9.996760e-36   1.000000e+02
3.503842e-03   9.996678e-36   1.000000e+02
3.536296e-03   9.996626e-36   1.000000e+02
3.569049e-03   9.996605e-36   1.000000e+02
3.602107e-03   9.996619e-36   1.000000e+02
3.635470e-03   9.996671e-36   1.000000e+02
3.669142e-03   9.996761e-36   1.000000e+02
3.703127e-03   9.996894e-36   1.000000e+02
3.737426e-03   9.997072e-36   1.000000e+02
3.772042e-03   9.997297e-36   1.000000e+02
3.806980e-03   9.997572e-36   1.000000e+02
3.842241e-03   9.997899e-36   1.000000e+02
3.877828e-03   9.998280e-36   1.000000e+02
3.913746e-03   9.998719e-36   1.000000e+02
3.949995e-03   9.999218e-36   1.000000e+02
3.986581e-03   9.999779e-36   1.000000e+02
4.023506e-03   1.000040e-35   1.000000e+02
4.060772e-03   1.000109e-35   1.000000e+02
4.098384e-03   1.000181e-35   1.000000e+02
4.136344e-03   1.000256e-35   1.000000e+02
4.174655e-03   1.000333e-35   1.000000e+02
4.213322e-03   1.000409e-35   1.000000e+02
4.252346e-03   1.000484e-35   1.000000e+02
4.291732e-03   1.000556e-35   1.000000e+02
4.331483e-03   1.000623e-35   1.000000e+02
4.371602e-03   1.000684e-35   1.000000e+02
4.412093e-03   1.000738e-35   1.000000e+02
4.452959e-03   1.000784e-35   1.000000e+02
4.494203e-03   1.000819e-35   1.000000e+02
4.535829e-03   1.000842e-35   1.000000e+02
4.577841e-03   1.000852e-35   1.000000e+02
4.620241e-03   1.000847e-35   1.000000e+02
4.663035e-03   1.000827e-35   1.000000e+02
4.706225e-03   1.000788e-35   1.000000e+02
4.749815e-03   1.000731e-35   1.000000e+02
4.793808e-03   1.000654e-35   1.000000e+02
4.838210e-03   1.000554e-35   1.000000e+02
4.883022e-03   1.000432e-35   1.000000e+02
4.928250e-03   1.000284e-35   1.000000e+02
4.973896e-03   1.000111e-35   1.000000e+02
5.019965e-03   9.999096e-36   1.000000e+02
5.066461e-03   9.996812e-36   1.000000e+02
5.113388e-03   9.994276e-36   1.000000e+02
5.160749e-03   9.991512e-36   1.000000e+02
5.208549e-03   9.988543e-36   1.000000e+02
5.256791e-03   9.985391e-36   1.000000e+02
5.305481e-03   9.982080e-36   1.000000e+02
5.354621e-03   9.978633e-36   1.000000e+02
5.404216e-03   9.975071e-36   1.000000e+02
5.454271e-03   9.971419e-36   1.000000e+02
5.504790e-03   9.967699e-36   1.000000e+02
5.555776e-03   9.963933e-36   1.000000e+02
5.607235e-03   9.960145e-36   1.000000e+02
5.659170e-03   9.956357e-36   1.000000e+02
5.711586e-03   9.952592e-36   1.000000e+02
5.764488e-03   9.948872e-36   1.000000e+02
5.817880e-03   9.945221e-36   1.000000e+02
5.871766e-03   9.941660e-36   1.000000e+02
5.926152e-03   9.938213e-36   1.000000e+02
5.981041e-03   9.934901e-36   1.000000e+02
6.036439e-03   9.931747e-36   1.000000e+02
6.092349e-03   9.928756e-36   1.000000e+02
6.148778e-03   9.925924e-36   1.000000e+02
6.205729e-03   9.923249e-36   1.000000e+02
6.263207e-03   9.920725e-36   1.000000e+02
6.321218e-03   9.918351e-36   1.000000e+02
6.379767e-03   9.916120e-36   1.000000e+02
6.438857e-03   9.914031e-36   1.000000e+02
6.498495e-03   9.912079e-36   1.000000e+02
6.558686e-03   9.910261e-36   1.000000e+02
6.619433e-03   9.908572e-36   1.000000e+02
6.680744e-03   9.907009e-36   1.000000e+02
6.742622e-03   9.905569e-36   1.000000e+02
6.805074e-03   9.904248e-36   1.000000e+02
6.868104e-03   9.903041e-36   1.000000e+02
6.931717e-03   9.901946e-36   1.000000e+02
6.995920e-03   9.900959e-36   1.000000e+02
7.060718e-03   9.900077e-36   1.000000e+02
7.126115e-03   9.899303e-36   1.000000e+02
7.192119e-03   9.898643e-36   1.000000e+02
7.258734e-03   9.898102e-36   1.000000e+02
7.325965e-03   9.897684e-36   1.000000e+02
7.393820e-03   9.897395e-36   1.000000e+02
7.462303e-03   9.897239e-36   1.000000e+02
7.531420e-03   9.897223e-36   1.000000e+02
7.601178e-03   9.897350e-36   1.000000e+02
7.671581e-03   9.897626e-36   1.000000e+02
7.742637e-03   9.898056e-36   1.000000e+02
7.814351e-03   9.898646e-36   1.000000e+02
7.886729e-03   9.899399e-36   1.000000e+02
7.959777e-03   9.900322e-36   1.000000e+02
8.033502e-03   9.901419e-36   1.000000e+02
8.107910e-03   9.902700e-36   1.000000e+02
8.183007e-03   9.904175e-36   1.000000e+02
8.258799e-03   9.905859e-36   1.000000e+02
8.335294e-03   9.907762e-36   1.000000e+02
8.412497e-03   9.909897e-36   1.000000e+02
8.490415e-03   9.912278e-36   1.000000e+02
8.569055e-03   9.914916e-36   1.000000e+02
8.648423e-03   9.917823e-36   1.000000e+02
8.728527e-03   9.921014e-36   1.000000e+02
8.809372e-03   9.924499e-36   1.000000e+02
8.890966e-03   9.928292e-36   1.000000e+02
8.973316e-03   9.932405e-36   1.000000e+02
9.056428e-03   9.936849e-36   1.000000e+02
9.140311e-03   9.941615e-36   1.000000e+02
9.224970e-03   9.946677e-36   1.000000e+02
9.310413e-03   9.952013e-36   1.000000e+02
9.396648e-03   9.957599e-36   1.000000e+02
9.483682e-03   9.963410e-36   1.000000e+02
9.571522e-03   9.969423e-36   1.000000e+02
9.660175e-03   9.975613e-36   1.000000e+02
9.749649e-03   9.981958e-36   1.000000e+02
9.839952e-03   9.988432e-36   1.000000e+02
9.931092e-03   9.995011e-36   1.000000e+02
1.002308e-02   1.000167e-35   1.000000e+02
1.011591e-02   1.000843e-35   1.000000e+02
1.020961e-02   1.001537e-35   1.000000e+02
1.030417e-02   1.002258e-35   1.000000e+02
1.039961e-02   1.003017e-35   1.000000e+02
1.049593e-02   1.003822e-35   1.000000e+02
1.059315e-02   1.004684e-35   1.000000e+02
1.069126e-02   1.005612e-35   1.000000e+02
1.079029e-02   1.006616e-35   1.000000e+02
1.089023e-02   1.007706e-35   1.000000e+02
1.099110e-02   1.008891e-35   1.000000e+02
1.109290e-02   1.010180e-35   1.000000e+02
1.119564e-02   1.011575e-35   1.000000e+02
1.129934e-02   1.013077e-35   1.000000e+02
1.140400e-02   1.014685e-35   1.000000e+02
1.150962e-02   1.016400e-35   1.000000e+02
1.161623e-02   1.018222e-35   1.000000e+02
1.172382e-02   1.020150e-35   1.000000e+02
1.183241e-02   1.022186e-35   1.000000e+02
1.194200e-02   1.024330e-35   1.000000e+02
1.205261e-02   1.026582e-35   1.000000e+02
1.216424e-02   1.028944e-35   1.000000e+02
1.227691e-02   1.031422e-35   1.000000e+02
1.239062e-02   1.034020e-35   1.000000e+02
1.250539e-02   1.036744e-35   1.000000e+02
1.262121e-02   1.039599e-35   1.000000e+02
1.273811e-02   1.042589e-35   1.000000e+02
1.285610e-02   1.045722e-35   1.000000e+02
1.297517e-02   1.049001e-35   1.000000e+02
1.309535e-02   1.052433e-35   1.000000e+02
1.321664e-02   1.056022e-35   1.000000e+02
1.333906e-02   1.059774e-35   1.000000e+02
1.346261e-02   1.063692e-35   1.000000e+02
1.358730e-02   1.067782e-35   1.000000e+02
1.371315e-02   1.072049e-35   1.000000e+02
1.384016e-02   1.076497e-35   1.000000e+02
1.396835e-02   1.081133e-35   1.000000e+02
1.409773e-02   1.085961e-35   1.000000e+02
1.422830e-02   1.090988e-35   1.000000e+02
1.436009e-02   1.096222e-35   1.000000e+02
1.449310e-02   1.101669e-35   1.000000e+02
1.462733e-02   1.107339e-35   1.000000e+02
1.476281e-02   1.113237e-35   1.000000e+02
1.489955e-02   1.119373e-35   1.000000e+02
1.503755e-02   1.125756e-35   1.000000e+02
1.517683e-02   1.132393e-35   1.000000e+02
1.531740e-02   1.139294e-35   1.000000e+02
1.545928e-02   1.146468e-35   1.000000e+02
1.560246e-02   1.153926e-35   1.000000e+02
1.574698e-02   1.161676e-35   1.000000e+02
1.589283e-02   1.169731e-35   1.000000e+02
1.604003e-02   1.178100e-35   1.000000e+02
1.618860e-02   1.186795e-35   1.000000e+02
1.633854e-02   1.195828e-35   1.000000e+02
1.648987e-02   1.205212e-35   1.000000e+02
1.664260e-02   1.214959e-35   1.000000e+02
1.679675e-02   1.225083e-35   1.000000e+02
1.695232e-02   1.235598e-35   1.000000e+02
1.710934e-02   1.246519e-35   1.000000e+02
1.726781e-02   1.257860e-35   1.000000e+02
1.742775e-02   1.269638e-35   1.000000e+02
1.758917e-02   1.281869e-35   1.000000e+02
1.775208e-02   1.294569e-35   1.000000e+02
1.791650e-02   1.307758e-35   1.000000e+02
1.808245e-02   1.321453e-35   1.000000e+02
1.824993e-02   1.335679e-35   1.000000e+02
1.841897e-02   1.350463e-35   1.000000e+02
1.858957e-02   1.365837e-35   1.000000e+02
1.876175e-02   1.381832e-35   1.000000e+02
1.893552e-02   1.398481e-35   1.000000e+02
1.911091e-02   1.415818e-35   1.000000e+02
1.928792e-02   1.433881e-35   1.000000e+02
1.946656e-02   1.452707e-35   1.000000e+02
1.964687e-02   1.472336e-35   1.000000e+02
1.982884e-02   1.492811e-35   1.000000e+02
2.001250e-02   1.514177e-35   1.000000e+02
2.019786e-02   1.536477e-35   1.000000e+02
2.038493e-02   1.559752e-35   1.000000e+02
2.057374e-02   1.584041e-35   1.000000e+02
2.076430e-02   1.609387e-35   1.000000e+02
2.095662e-02   1.635834e-35   1.000000e+02
2.115073e-02   1.663429e-35   1.000000e+02
2.134663e-02   1.692221e-35   1.000000e+02
2.154435e-02   1.722262e-35   1.000000e+02
2.174389e-02   1.753608e-35   1.000000e+02
2.194529e-02   1.786317e-35   1.000000e+02
2.214855e-02   1.820449e-35   1.000000e+02
2.235370e-02   1.856070e-35   1.000000e+02
2.256074e-02   1.893248e-35   1.000000e+02
2.276970e-02   1.932056e-35   1.000000e+02
2.298060e-02   1.972571e-35   1.000000e+02
2.319345e-02   2.014872e-35   1.000000e+02
2.340827e-02   2.059046e-35   1.000000e+02
2.362508e-02   2.105184e-35   1.000000e+02
2.384390e-02   2.153381e-35   1.000000e+02
2.406475e-02   2.203740e-35   1.000000e+02
2.428764e-02   2.256367e-35   1.000000e+02
2.451260e-02   2.311377e-35   1.000000e+02
2.473964e-02   2.368892e-35   1.000000e+02
2.496878e-02   2.429039e-35   1.000000e+02
2.520005e-02   2.491966e-35   1.000000e+02
2.543346e-02   2.557897e-35   1.000000e+02
2.566903e-02   2.627102e-35   1.000000e+02
2.590678e-02   2.699870e-35   1.000000e+02
2.614673e-02   2.776517e-35   1.000000e+02
2.638891e-02   2.857385e-35   1.000000e+02
2.663333e-02   2.942845e-35   1.000000e+02
2.688001e-02   3.033303e-35   1.000000e+02
2.712898e-02   3.129199e-35   1.000000e+02
2.738025e-02   3.231014e-35   1.000000e+02
2.763385e-02   3.339277e-35   1.000000e+02
2.788980e-02   3.454563e-35   1.000000e+02
2.814812e-02   3.577506e-35   1.000000e+02
2.840884e-02   3.708800e-35   1.000000e+02
2.867196e-02   3.849212e-35   1.000000e+02
2.893753e-02   3.999585e-35   1.000000e+02
2.920556e-02   4.160849e-35   1.000000e+02
2.947606e-02   4.334036e-35   1.000000e+02
2.974908e-02   4.520284e-35   1.000000e+02
3.002462e-02   4.720860e-35   1.000000e+02
3.030271e-02   4.937083e-35   1.000000e+02
3.058338e-02   5.170133e-35   1.000000e+02
3.086665e-02   5.421241e-35   1.000000e+02
3.115254e-02   5.691742e-35   1.000000e+02
3.144108e-02   5.983079e-35   1.000000e+02
3.173230e-02   6.296816e-35   1.000000e+02
3.202621e-02   6.634647e-35   1.000000e+02
3.232284e-02   6.998400e-35   1.000000e+02
3.262222e-02   7.390052e-35   1.000000e+02
3.292437e-02   7.811741e-35   1.000000e+02
3.322933e-02   8.265771e-35   1.000000e+02
3.353710e-02   8.754630e-35   1.000000e+02
3.384773e-02   9.281001e-35   1.000000e+02
3.416123e-02   9.847774e-35   1.000000e+02
3.447764e-02   1.045806e-34   1.000000e+02
3.479698e-02   1.111522e-34   1.000000e+02
3.511928e-02   1.182286e-34   1.000000e+02
3.544456e-02   1.258484e-34   1.000000e+02
3.577285e-02   1.340533e-34   1.000000e+02
3.610419e-02   1.428881e-34   1.000000e+02
3.643859e-02   1.524005e-34   1.000000e+02
3.677609e-02   1.626420e-34   1.000000e+02
3.711672e-02   1.736674e-34   1.000000e+02
3.746050e-02   1.855355e-34   1.000000e+02
3.780747e-02   1.983091e-34   1.000000e+02
3.815765e-02   2.120551e-34   1.000000e+02
3.851107e-02   2.268449e-34   1.000000e+02
3.886777e-02   2.427545e-34   1.000000e+02
3.922777e-02   2.598646e-34   1.000000e+02
3.959110e-02   2.782608e-34   1.000000e+02
3.995780e-02   2.980342e-34   1.000000e+02
4.032790e-02   3.192954e-34   1.000000e+02
4.070142e-02   3.422536e-34   1.000000e+02
4.107841e-02   3.671879e-34   1.000000e+02
4.145888e-02   3.944295e-34   1.000000e+02
4.184289e-02   4.243725e-34   1.000000e+02
4.223044e-02   4.574859e-34   1.000000e+02
4.262159e-02   4.943300e-34   1.000000e+02
4.301636e-02   5.355756e-34   1.000000e+02
4.341478e-02   5.820298e-34   1.000000e+02
4.381690e-02   6.346675e-34   1.000000e+02
4.422274e-02   6.946719e-34   1.000000e+02
4.463234e-02   7.634872e-34   1.000000e+02
4.504573e-02   8.428847e-34   1.000000e+02
4.546295e-02   9.350504e-34   1.000000e+02
4.588404e-02   1.042697e-33   1.000000e+02
4.630903e-02   1.169213e-33   1.000000e+02
4.673795e-02   1.318857e-33   1.000000e+02
4.717085e-02   1.497013e-33   1.000000e+02
4.760775e-02   1.710543e-33   1.000000e+02
4.804870e-02   1.968241e-33   1.000000e+02
4.849374e-02   2.281471e-33   1.000000e+02
4.894290e-02   2.665015e-33   1.000000e+02
4.939622e-02   3.138255e-33   1.000000e+02
4.985373e-02   3.726808e-33   1.000000e+02
5.031549e-02   4.464615e-33   1.000000e+02
5.078152e-02   5.394766e-33   1.000000e+02
5.125187e-02   6.572427e-33   1.000000e+02
5.172657e-02   8.069830e-33   1.000000e+02
5.220568e-02   9.981817e-33   1.000000e+02
5.268921e-02   1.243319e-32   1.000000e+02
5.317723e-02   1.558849e-32   1.000000e+02
5.366977e-02   1.966505e-32   1.000000e+02
5.416687e-02   2.495037e-32   1.000000e+02
5.466857e-02   3.182517e-32   1.000000e+02
5.517492e-02   4.079410e-32   1.000000e+02
5.568596e-02   5.252641e-32   1.000000e+02
5.620174e-02   6.790990e-32   1.000000e+02
5.672229e-02   8.812201e-32   1.000000e+02
5.724766e-02   1.147236e-31   1.000000e+02
5.777790e-02   1.497818e-31   1.000000e+02
5.831305e-02   1.960309e-31   1.000000e+02
5.885316e-02   2.570810e-31   1.000000e+02
5.939827e-02   3.376889e-31   1.000000e+02
5.994843e-02   4.441051e-31   1.000000e+02
6.050368e-02   5.845643e-31   1.000000e+02
6.106408e-02   7.701825e-31   1.000000e+02
6.162966e-02   1.015938e-30   1.000000e+02
6.220049e-02   1.341993e-30   1.000000e+02
6.277660e-02   1.775579e-30   1.000000e+02
6.335805e-02   2.353606e-30   1.000000e+02
6.394488e-02   3.126288e-30   1.000000e+02
6.453715e-02   4.162201e-30   1.000000e+02
6.513491e-02   5.555372e-30   1.000000e+02
6.573820e-02   7.435267e-30   1.000000e+02
6.634708e-02   9.980924e-30   1.000000e+02
6.696160e-02   1.344104e-29   1.000000e+02
6.758181e-02   1.816270e-29   1.000000e+02
6.820777e-02   2.463262e-29   1.000000e+02
6.883952e-02   3.353674e-29   1.000000e+02
6.947713e-02   4.584673e-29   1.000000e+02
7.012064e-02   6.294632e-29   1.000000e+02
7.077011e-02   8.680702e-29   1.000000e+02
7.142559e-02   1.202255e-28   1.000000e+02
7.208715e-02   1.671915e-28   1.000000e+02
7.275484e-02   2.334136e-28   1.000000e+02
7.342870e-02   3.270779e-28   1.000000e+02
7.410882e-02   4.599471e-28   1.000000e+02
7.479523e-02   6.489556e-28   1.000000e+02
7.548799e-02   9.185252e-28   1.000000e+02
7.618718e-02   1.303931e-27   1.000000e+02
7.689284e-02   1.856199e-27   1.000000e+02
7.760503e-02   2.649227e-27   1.000000e+02
7.832383e-02   3.790157e-27   1.000000e+02
7.904928e-02   5.434473e-27   1.000000e+02
7.978145e-02   7.807972e-27   1.000000e+02
8.052040e-02   1.123947e-26   1.000000e+02
8.126619e-02   1.621831e-26   1.000000e+02
8.201889e-02   2.348048e-26   1.000000e+02
8.277857e-02   3.413820e-26   1.000000e+02
8.354528e-02   4.988821e-26   1.000000e+02
8.431909e-02   7.334489e-26   1.000000e+02
8.510007e-02   1.085795e-25   1.000000e+02
8.588829e-02   1.620028e-25   1.000000e+02
8.668380e-02   2.438289e-25   1.000000e+02
8.748668e-02   3.705332e-25   1.000000e+02
8.829700e-02   5.690355e-25   1.000000e+02
8.911482e-02   8.839201e-25   1.000000e+02
8.994022e-02   1.390078e-24   1.000000e+02
9.077327e-02   2.213847e-24   1.000000e+02
9.161402e-02   3.560978e-24   1.000000e+02
9.246257e-02   5.764120e-24   1.000000e+02
9.331898e-02   9.355499e-24   1.000000e+02
9.418332e-02   1.517049e-23   1.000000e+02
9.505566e-02   2.448835e-23   1.000000e+02
9.593608e-02   3.920801e-23   1.000000e+02
9.682466e-02   6.204032e-23   1.000000e+02
9.772147e-02   9.666865e-23   1.000000e+02
9.862658e-02   1.477876e-22   1.000000e+02
9.954008e-02   2.208816e-22   1.000000e+02
1.004620e-01   3.216192e-22   1.000000e+02
1.013925e-01   4.561763e-22   1.000000e+02
1.023317e-01   6.323179e-22   1.000000e+02
1.032795e-01   8.594425e-22   1.000000e+02
1.042361e-01   1.149327e-21   1.000000e+02
1.052015e-01   1.517338e-21   1.000000e+02
1.061759e-01   1.984267e-21   1.000000e+02
1.071593e-01   2.579071e-21   1.000000e+02
1.081519e-01   3.343019e-21   1.000000e+02
1.091536e-01   4.336043e-21   1.000000e+02
1.101646e-01   5.646673e-21   1.000000e+02
1.111850e-01   7.399295e-21   1.000000e+02
1.122148e-01   9.749267e-21   1.000000e+02
1.132541e-01   1.290117e-20   1.000000e+02
1.143031e-01   1.712591e-20   1.000000e+02
1.153618e-01   2.277913e-20   1.000000e+02
1.164303e-01   3.032292e-20   1.000000e+02
1.175087e-01   4.035035e-20   1.000000e+02
1.185971e-01   5.361145e-20   1.000000e+02
1.196956e-01   7.103844e-20   1.000000e+02
1.208042e-01   9.377524e-20   1.000000e+02
1.219231e-01   1.233021e-19   1.000000e+02
1.230524e-01   1.615425e-19   1.000000e+02
1.241921e-01   2.109532e-19   1.000000e+02
1.253424e-01   2.746739e-19   1.000000e+02
1.265034e-01   3.567218e-19   1.000000e+02
1.276751e-01   4.622445e-19   1.000000e+02
1.288576e-01   5.978506e-19   1.000000e+02
1.300511e-01   7.720427e-19   1.000000e+02
1.312557e-01   9.955768e-19   1.000000e+02
1.324714e-01   1.281227e-18   1.000000e+02
1.336984e-01   1.644212e-18   1.000000e+02
1.349367e-01   2.102480e-18   1.000000e+02
1.361865e-01   2.676766e-18   1.000000e+02
1.374479e-01   3.390435e-18   1.000000e+02
1.387210e-01   4.269029e-18   1.000000e+02
1.400058e-01   5.339414e-18   1.000000e+02
1.413026e-01   6.631732e-18   1.000000e+02
1.426114e-01   8.193304e-18   1.000000e+02
1.439323e-01   1.009090e-17   1.000000e+02
1.452654e-01   1.241595e-17   1.000000e+02
1.466109e-01   1.529498e-17   1.000000e+02
1.479688e-01   1.890500e-17   1.000000e+02
1.493393e-01   2.349653e-17   1.000000e+02
1.507225e-01   2.942604e-17   1.000000e+02
1.521186e-01   3.714248e-17   1.000000e+02
1.535275e-01   4.718251e-17   1.000000e+02
1.549495e-01   6.022726e-17   1.000000e+02
1.563847e-01   7.713254e-17   1.000000e+02
1.578331e-01   9.895676e-17   1.000000e+02
1.592950e-01   1.269835e-16   1.000000e+02
1.607704e-01   1.627384e-16   1.000000e+02
1.622595e-01   2.081418e-16   1.000000e+02
1.637624e-01   2.656820e-16   1.000000e+02
1.652792e-01   3.384677e-16   1.000000e+02
1.668101e-01   4.303722e-16   1.000000e+02
1.683551e-01   5.462128e-16   1.000000e+02
1.699144e-01   6.919739e-16   1.000000e+02
1.714882e-01   8.750780e-16   1.000000e+02
1.730766e-01   1.104720e-15   1.000000e+02
1.746796e-01   1.392276e-15   1.000000e+02
1.762975e-01   1.751803e-15   1.000000e+02
1.779304e-01   2.200651e-15   1.000000e+02
1.795785e-01   2.760210e-15   1.000000e+02
1.812418e-01   3.456845e-15   1.000000e+02
1.829205e-01   4.323208e-15   1.000000e+02
1.846147e-01   5.399741e-15   1.000000e+02
1.863246e-01   6.736477e-15   1.000000e+02
1.880504e-01   8.395337e-15   1.000000e+02
1.897922e-01   1.045301e-14   1.000000e+02
1.915501e-01   1.300453e-14   1.000000e+02
1.933242e-01   1.616778e-14   1.000000e+02
1.951148e-01   2.008913e-14   1.000000e+02
1.969220e-01   2.495049e-14   1.000000e+02
1.987460e-01   3.097825e-14   1.000000e+02
2.005868e-01   3.845441e-14   1.000000e+02
2.024447e-01   4.772827e-14   1.000000e+02
2.043197e-01   5.922918e-14   1.000000e+02
2.062122e-01   7.348745e-14   1.000000e+02
2.081222e-01   9.115804e-14   1.000000e+02
2.100498e-01   1.130493e-13   1.000000e+02
2.119953e-01   1.401584e-13   1.000000e+02
2.139589e-01   1.737142e-13   1.000000e+02
2.159406e-01   2.152303e-13   1.000000e+02
2.179407e-01   2.665695e-13   1.000000e+02
2.199593e-01   3.300223e-13   1.000000e+02
2.219966e-01   4.084028e-13   1.000000e+02
2.240528e-01   5.051657e-13   1.000000e+02
2.261280e-01   6.245473e-13   1.000000e+02
2.282224e-01   7.717388e-13   1.000000e+02
2.303363e-01   9.530936e-13   1.000000e+02
2.324697e-01   1.176381e-12   1.000000e+02
2.346229e-01   1.451091e-12   1.000000e+02
2.367960e-01   1.788802e-12   1.000000e+02
2.389893e-01   2.203626e-12   1.000000e+02
2.412028e-01   2.712741e-12   1.000000e+02
2.434369e-01   3.337032e-12   1.000000e+02
2.456916e-01   4.101864e-12   1.000000e+02
2.479673e-01   5.037994e-12   1.000000e+02
2.502640e-01   6.182676e-12   1.000000e+02
2.525820e-01   7.581054e-12   1.000000e+02
2.549215e-01   9.287998e-12   1.000000e+02
2.572826e-01   1.137004e-11   1.000000e+02
2.596656e-01   1.390774e-11   1.000000e+02
2.620707e-01   1.699863e-11   1.000000e+02
2.644980e-01   2.076069e-11   1.000000e+02
2.669478e-01   2.533657e-11   1.000000e+02
2.694204e-01   3.089866e-11   1.000000e+02
2.719158e-01   3.765521e-11   1.000000e+02
2.744343e-01   4.585766e-11   1.000000e+02
2.769762e-01   5.580945e-11   1.000000e+02
2.795416e-01   6.787664e-11   1.000000e+02
2.821308e-01   8.250067e-11   1.000000e+02
2.847439e-01   1.002136e-10   1.000000e+02
2.873813e-01   1.216568e-10   1.000000e+02
2.900430e-01   1.476024e-10   1.000000e+02
2.927295e-01   1.789805e-10   1.000000e+02
2.954408e-01   2.169110e-10   1.000000e+02
2.981772e-01   2.627411e-10   1.000000e+02
3.009390e-01   3.180923e-10   1.000000e+02
3.037264e-01   3.849097e-10   1.000000e+02
3.065395e-01   4.655203e-10   1.000000e+02
3.093788e-01   5.627108e-10   1.000000e+02
3.122443e-01   6.798163e-10   1.000000e+02
3.151363e-01   8.208247e-10   1.000000e+02
3.180552e-01   9.905002e-10   1.000000e+02
3.210011e-01   1.194529e-09   1.000000e+02
3.239743e-01   1.439693e-09   1.000000e+02
3.269750e-01   1.734070e-09   1.000000e+02
3.300035e-01   2.087277e-09   1.000000e+02
3.330600e-01   2.510745e-09   1.000000e+02
3.361449e-01   3.018056e-09   1.000000e+02
3.392583e-01   3.625325e-09   1.000000e+02
3.424006e-01   4.351652e-09   1.000000e+02
3.455720e-01   5.219657e-09   1.000000e+02
3.487727e-01   6.256091e-09   1.000000e+02
3.520031e-01   7.492574e-09   1.000000e+02
3.552635e-01   8.966682e-09   1.000000e+02
3.585540e-01   1.072308e-08   1.000000e+02
3.618750e-01   1.281473e-08   1.000000e+02
3.652267e-01   1.530439e-08   1.000000e+02
3.686095e-01   1.826645e-08   1.000000e+02
3.720237e-01   2.178905e-08   1.000000e+02
3.754694e-01   2.597667e-08   1.000000e+02
3.789471e-01   3.095311e-08   1.000000e+02
3.824570e-01   3.686511e-08   1.000000e+02
3.859994e-01   4.388660e-08   1.000000e+02
3.895746e-01   5.222376e-08   1.000000e+02
3.931829e-01   6.212109e-08   1.000000e+02
3.968246e-01   7.386851e-08   1.000000e+02
4.005001e-01   8.780994e-08   1.000000e+02
4.042096e-01   1.043514e-07   1.000000e+02
4.079535e-01   1.239666e-07   1.000000e+02
4.117320e-01   1.472116e-07   1.000000e+02
4.155455e-01   1.747385e-07   1.000000e+02
4.193944e-01   2.073111e-07   1.000000e+02
4.232789e-01   2.458228e-07   1.000000e+02
4.271994e-01   2.913171e-07   1.000000e+02
4.311562e-01   3.450105e-07   1.000000e+02
4.351497e-01   4.083190e-07   1.000000e+02
4.391801e-01   4.828878e-07   1.000000e+02
4.432479e-01   5.706246e-07   1.000000e+02
4.473533e-01   6.737376e-07   1.000000e+02
4.514968e-01   7.947779e-07   1.000000e+02
4.556786e-01   9.367228e-07   1.000000e+02
4.598992e-01   1.103078e-06   1.000000e+02
4.641589e-01   1.297935e-06   1.000000e+02
4.684580e-01   1.526064e-06   1.000000e+02
4.727970e-01   1.793028e-06   1.000000e+02
4.771761e-01   2.105317e-06   1.000000e+02
4.815958e-01   2.470506e-06   1.000000e+02
4.860564e-01   2.897434e-06   1.000000e+02
4.905584e-01   3.396426e-06   1.000000e+02
4.951020e-01   3.979543e-06   1.000000e+02
4.996877e-01   4.660884e-06   1.000000e+02
5.043159e-01   5.456894e-06   1.000000e+02
5.089870e-01   6.386538e-06   1.000000e+02
5.137014e-01   7.471774e-06   1.000000e+02
5.184594e-01   8.738072e-06   1.000000e+02
5.232614e-01   1.021496e-05   1.000000e+02
5.281080e-01   1.193664e-05   1.000000e+02
5.329994e-01   1.394272e-05   1.000000e+02
5.379362e-01   1.627902e-05   1.000000e+02
5.429186e-01   1.899851e-05   1.000000e+02
5.479472e-01   2.216242e-05   1.000000e+02
5.530224e-01   2.584143e-05   1.000000e+02
5.581446e-01   3.011707e-05   1.000000e+02
5.633143e-01   3.508338e-05   1.000000e+02
5.685318e-01   4.084868e-05   1.000000e+02
5.737976e-01   4.753767e-05   1.000000e+02
5.791123e-01   5.529380e-05   1.000000e+02
5.844761e-01   6.428197e-05   1.000000e+02
5.898896e-01   7.469153e-05   1.000000e+02
5.953533e-01   8.673983e-05   1.000000e+02
6.008676e-01   1.006760e-04   1.000000e+02
6.064329e-01   1.167862e-04   1.000000e+02
6.120498e-01   1.353992e-04   1.000000e+02
6.177188e-01   1.568929e-04   1.000000e+02
6.234402e-01   1.817002e-04   1.000000e+02
6.292146e-01   2.103172e-04   1.000000e+02
6.350425e-01   2.433126e-04   1.000000e+02
6.409244e-01   2.813372e-04   1.000000e+02
6.468608e-01   3.251362e-04   1.000000e+02
6.528521e-01   3.755619e-04   1.000000e+02
6.588990e-01   4.335894e-04   1.000000e+02
6.650018e-01   5.003330e-04   1.000000e+02
6.711612e-01   5.770665e-04   1.000000e+02
6.773776e-01   6.652445e-04   1.000000e+02
6.836516e-01   7.665282e-04   1.000000e+02
6.899837e-01   8.828138e-04   1.000000e+02
6.963745e-01   1.016265e-03   1.000000e+02
7.028244e-01   1.169348e-03   1.000000e+02
7.093341e-01   1.344874e-03   1.000000e+02
7.159041e-01   1.546038e-03   1.000000e+02
7.225349e-01   1.776477e-03   1.000000e+02
7.292272e-01   2.040326e-03   1.000000e+02
7.359814e-01   2.342287e-03   1.000000e+02
7.427982e-01   2.687703e-03   1.000000e+02
7.496782e-01   3.082640e-03   1.000000e+02
7.566219e-01   3.533987e-03   1.000000e+02
7.636298e-01   4.049555e-03   1.000000e+02
7.707027e-01   4.638206e-03   1.000000e+02
7.778411e-01   5.309982e-03   1.000000e+02
7.850456e-01   6.076259e-03   1.000000e+02
7.923169e-01   6.949916e-03   1.000000e+02
7.996555e-01   7.945531e-03   1.000000e+02
8.070620e-01   9.079595e-03   1.000000e+02
8.145372e-01   1.037076e-02   1.000000e+02
8.220816e-01   1.184013e-02   1.000000e+02
8.296959e-01   1.351153e-02   1.000000e+02
8.373807e-01   1.541188e-02   1.000000e+02
8.451366e-01   1.757156e-02   1.000000e+02
8.529644e-01   2.002487e-02   1.000000e+02
8.608648e-01   2.281048e-02   1.000000e+02
8.688383e-01   2.597198e-02   1.000000e+02
8.768856e-01   2.955852e-02   1.000000e+02
8.850075e-01   3.362543e-02   1.000000e+02
8.932046e-01   3.823503e-02   1.000000e+02
9.014776e-01   4.345744e-02   1.000000e+02
9.098273e-01   4.937150e-02   1.000000e+02
9.182543e-01   5.606574e-02   1.000000e+02
9.267593e-01   6.363954e-02   1.000000e+02
9.353432e-01   7.220450e-02   1.000000e+02
9.440065e-01   8.188578e-02   1.000000e+02
9.527500e-01   9.282375e-02   1.000000e+02
9.615746e-01   1.051757e-01   1.000000e+02
9.704809e-01   1.191179e-01   1.000000e+02
9.794697e-01   1.348474e-01   1.000000e+02
9.885417e-01   1.525852e-01   1.000000e+02
9.976978e-01   1.725778e-01   1.000000e+02
1.006939e+00   1.951014e-01   1.000000e+02
1.016265e+00   2.204643e-01   1.000000e+02
1.025678e+00   2.490115e-01   1.000000e+02
1.035178e+00   2.811281e-01   1.000000e+02
1.044766e+00   3.172438e-01   1.000000e+02
1.054443e+00   3.578382e-01   1.000000e+02
1.064209e+00   4.034460e-01   1.000000e+02
1.074066e+00   4.546632e-01   1.000000e+02
1.084014e+00   5.121537e-01   1.000000e+02
1.094055e+00   5.766568e-01   1.000000e+02
1.104188e+00   6.489954e-01   1.000000e+02
1.114415e+00   7.300850e-01   1.000000e+02
1.124737e+00   8.209437e-01   1.000000e+02
1.135155e+00   9.227028e-01   1.000000e+02
1.145669e+00   1.036620e+00   1.000000e+02
1.156280e+00   1.164090e+00   1.000000e+02
1.166990e+00   1.306664e+00   1.000000e+02
1.177799e+00   1.466060e+00   1.000000e+02
1.188708e+00   1.644184e+00   1.000000e+02
1.199718e+00   1.843151e+00   1.000000e+02
1.210830e+00   2.065301e+00   1.000000e+02
1.222045e+00   2.313228e+00   1.000000e+02
1.233363e+00   2.589801e+00   1.000000e+02
1.244787e+00   2.898197e+00   1.000000e+02
1.256317e+00   3.241930e+00   1.000000e+02
1.267953e+00   3.624898e+00   1.000000e+02
1.279697e+00   4.051431e+00   1.000000e+02
1.291550e+00   4.526326e+00   1.000000e+02
1.303512e+00   5.054893e+00   1.000000e+02
1.315586e+00   5.643010e+00   1.000000e+02
1.327771e+00   6.297186e+00   1.000000e+02
1.340069e+00   7.024627e+00   1.000000e+02
1.352481e+00   7.833305e+00   1.000000e+02
1.365008e+00   8.732043e+00   1.000000e+02
1.377651e+00   9.730608e+00   1.000000e+02
1.390411e+00   1.083980e+01   1.000000e+02
1.403289e+00   1.207158e+01   1.000000e+02
1.416287e+00   1.343916e+01   1.000000e+02
1.429405e+00   1.495719e+01   1.000000e+02
1.442644e+00   1.664184e+01   1.000000e+02
1.456006e+00   1.851102e+01   1.000000e+02
1.469492e+00   2.058454e+01   1.000000e+02
1.483103e+00   2.288430e+01   1.000000e+02
1.496839e+00   2.543456e+01   1.000000e+02
1.510703e+00   2.826204e+01   1.000000e+02
1.524696e+00   3.139546e+01   1.000000e+02
1.538818e+00   3.486585e+01   1.000000e+02
1.553071e+00   3.870702e+01   1.000000e+02
1.567455e+00   4.295575e+01   1.000000e+02
1.581973e+00   4.765197e+01   1.000000e+02
1.596626e+00   5.283898e+01   1.000000e+02
1.611414e+00   5.856362e+01   1.000000e+02
1.626340e+00   6.487649e+01   1.000000e+02
1.641403e+00   7.183212e+01   1.000000e+02
1.656606e+00   7.948915e+01   1.000000e+02
1.671950e+00   8.791053e+01   1.000000e+02
1.687436e+00   9.716363e+01   1.000000e+02
1.703065e+00   1.073204e+02   1.000000e+02
1.718839e+00   1.184575e+02   1.000000e+02
1.734759e+00   1.306564e+02   1.000000e+02
1.750827e+00   1.440033e+02   1.000000e+02
1.767044e+00   1.585915e+02   1.000000e+02
1.783410e+00   1.745282e+02   1.000000e+02
1.799929e+00   1.919317e+02   1.000000e+02
1.816600e+00   2.109308e+02   1.000000e+02
1.833425e+00   2.316662e+02   1.000000e+02
1.850407e+00   2.542914e+02   1.000000e+02
1.867546e+00   2.789742e+02   1.000000e+02
1.884843e+00   3.058982e+02   1.000000e+02
1.902301e+00   3.352642e+02   1.000000e+02
1.919921e+00   3.672923e+02   1.000000e+02
1.937703e+00   4.022241e+02   1.000000e+02
1.955651e+00   4.403244e+02   1.000000e+02
1.973764e+00   4.818846e+02   1.000000e+02
1.992046e+00   5.272248e+02   1.000000e+02
2.010496e+00   5.766967e+02   1.000000e+02
2.029118e+00   6.306713e+02   1.000000e+02
2.047912e+00   6.895375e+02   1.000000e+02
2.066880e+00   7.537150e+02   1.000000e+02
2.086024e+00   8.236561e+02   1.000000e+02
2.105345e+00   8.998483e+02   1.000000e+02
2.124845e+00   9.828166e+02   1.000000e+02
2.144526e+00   1.073125e+03   1.000000e+02
2.164389e+00   1.171382e+03   1.000000e+02
2.184436e+00   1.278238e+03   1.000000e+02
2.204669e+00   1.394392e+03   1.000000e+02
2.225089e+00   1.520595e+03   1.000000e+02
2.245698e+00   1.657650e+03   1.000000e+02
2.266498e+00   1.806415e+03   1.000000e+02
2.287491e+00   1.967809e+03   1.000000e+02
2.308678e+00   2.142813e+03   1.000000e+02
2.330061e+00   2.332472e+03   1.000000e+02
2.351643e+00   2.537902e+03   1.000000e+02
2.373424e+00   2.760287e+03   1.000000e+02
2.395407e+00   3.000889e+03   1.000000e+02
2.417594e+00   3.261047e+03   1.000000e+02
2.439986e+00   3.542181e+03   1.000000e+02
2.462586e+00   3.845795e+03   1.000000e+02
2.485395e+00   4.173479e+03   1.000000e+02
2.508415e+00   4.526914e+03   1.000000e+02
2.531648e+00   4.907903e+03   1.000000e+02
2.555097e+00   5.318402e+03   1.000000e+02
2.578763e+00   5.760493e+03   1.000000e+02
2.602648e+00   6.236390e+03   1.000000e+02
2.626754e+00   6.748449e+03   1.000000e+02
2.651084e+00   7.299174e+03   1.000000e+02
2.675638e+00   7.891222e+03   1.000000e+02
2.700421e+00   8.527420e+03   1.000000e+02
2.725433e+00   9.210765e+03   1.000000e+02
2.750676e+00   9.944441e+03   1.000000e+02
2.776153e+00   1.073182e+04   1.000000e+02
2.801867e+00   1.157649e+04   1.000000e+02
2.827818e+00   1.248225e+04   1.000000e+02
2.854010e+00   1.345312e+04   1.000000e+02
2.880444e+00   1.449336e+04   1.000000e+02
2.907123e+00   1.560749e+04   1.000000e+02
2.934050e+00   1.680030e+04   1.000000e+02
2.961225e+00   1.807686e+04   1.000000e+02
2.988653e+00   1.944252e+04   1.000000e+02
3.016334e+00   2.090295e+04   1.000000e+02
3.044272e+00   2.246410e+04   1.000000e+02
3.072469e+00   2.413219e+04   1.000000e+02
3.100927e+00   2.591377e+04   1.000000e+02
3.129648e+00   2.781574e+04   1.000000e+02
3.158635e+00   2.984536e+04   1.000000e+02
3.187891e+00   3.201025e+04   1.000000e+02
3.217418e+00   3.431842e+04   1.000000e+02
3.247218e+00   3.677828e+04   1.000000e+02
3.277295e+00   3.939866e+04   1.000000e+02
3.307650e+00   4.218881e+04   1.000000e+02
3.338286e+00   4.515843e+04   1.000000e+02
3.369206e+00   4.831768e+04   1.000000e+02
3.400412e+00   5.167719e+04   1.000000e+02
3.431907e+00   5.524810e+04   1.000000e+02
3.463694e+00   5.904203e+04   1.000000e+02
3.495776e+00   6.307113e+04   1.000000e+02
3.528154e+00   6.734811e+04   1.000000e+02
3.560833e+00   7.188634e+04   1.000000e+02
3.593814e+00   7.669979e+04   1.000000e+02
3.627100e+00   8.180311e+04   1.000000e+02
3.660695e+00   8.721155e+04   1.000000e+02
3.694601e+00   9.294107e+04   1.000000e+02
3.728821e+00   9.900830e+04   1.000000e+02
3.763358e+00   1.054306e+05   1.000000e+02
3.798215e+00   1.122260e+05   1.000000e+02
3.833395e+00   1.194135e+05   1.000000e+02
3.868901e+00   1.270126e+05   1.000000e+02
3.904735e+00   1.350438e+05   1.000000e+02
3.940902e+00   1.435283e+05   1.000000e+02
3.977403e+00   1.524884e+05   1.000000e+02
4.014242e+00   1.619470e+05   1.000000e+02
4.051423e+00   1.719281e+05   1.000000e+02
4.088948e+00   1.824564e+05   1.000000e+02
4.126821e+00   1.935577e+05   1.000000e+02
4.165044e+00   2.052588e+05   1.000000e+02
4.203622e+00   2.175872e+05   1.000000e+02
4.242556e+00   2.305717e+05   1.000000e+02
4.281852e+00   2.442422e+05   1.000000e+02
4.321511e+00   2.586293e+05   1.000000e+02
4.361538e+00   2.737651e+05   1.000000e+02
4.401935e+00   2.896824e+05   1.000000e+02
4.442707e+00   3.064156e+05   1.000000e+02
4.483856e+00   3.239998e+05   1.000000e+02
4.525386e+00   3.424716e+05   1.000000e+02
4.567301e+00   3.618686e+05   1.000000e+02
4.609604e+00   3.822299e+05   1.000000e+02
4.652300e+00   4.035955e+05   1.000000e+02
4.695390e+00   4.260068e+05   1.000000e+02
4.738880e+00   4.495067e+05   1.000000e+02
4.782772e+00   4.741391e+05   1.000000e+02
4.827071e+00   4.999494e+05   1.000000e+02
4.871780e+00   5.269843e+05   1.000000e+02
4.916904e+00   5.552919e+05   1.000000e+02
4.962445e+00   5.849218e+05   1.000000e+02
5.008408e+00   6.159247e+05   1.000000e+02
5.054797e+00   6.483529e+05   1.000000e+02
5.101615e+00   6.822602e+05   1.000000e+02
5.148867e+00   7.177013e+05   1.000000e+02
5.196557e+00   7.547329e+05   1.000000e+02
5.244689e+00   7.934127e+05   1.000000e+02
5.293266e+00   8.338002e+05   1.000000e+02
5.342293e+00   8.759560e+05   1.000000e+02
5.391775e+00   9.199425e+05   1.000000e+02
5.441714e+00   9.658235e+05   1.000000e+02
5.492116e+00   1.013664e+06   1.000000e+02
5.542986e+00   1.063531e+06   1.000000e+02
5.594326e+00   1.115492e+06   1.000000e+02
5.646141e+00   1.169617e+06   1.000000e+02
5.698437e+00   1.225978e+06   1.000000e+02
5.751217e+00   1.284646e+06   1.000000e+02
5.804486e+00   1.345697e+06   1.000000e+02
5.858248e+00   1.409204e+06   1.000000e+02
5.912508e+00   1.475246e+06   1.000000e+02
5.967271e+00   1.543901e+06   1.000000e+02
6.022541e+00   1.615249e+06   1.000000e+02
6.078323e+00   1.689370e+06   1.000000e+02
6.134622e+00   1.766347e+06   1.000000e+02
6.191442e+00   1.846263e+06   1.000000e+02
6.248788e+00   1.929202e+06   1.000000e+02
6.306666e+00   2.015251e+06   1.000000e+02
6.365079e+00   2.104495e+06   1.000000e+02
6.424034e+00   2.197024e+06   1.000000e+02
6.483534e+00   2.292926e+06   1.000000e+02
6.543586e+00   2.392292e+06   1.000000e+02
6.604194e+00   2.495212e+06   1.000000e+02
6.665363e+00   2.601779e+06   1.000000e+02
6.727099e+00   2.712086e+06   1.000000e+02
6.789407e+00   2.826227e+06   1.000000e+02
6.852292e+00   2.944296e+06   1.000000e+02
6.915759e+00   3.066390e+06   1.000000e+02
6.979814e+00   3.192603e+06   1.000000e+02
7.044462e+00   3.323033e+06   1.000000e+02
7.109709e+00   3.457776e+06   1.000000e+02
7.175561e+00   3.596929e+06   1.000000e+02
7.242022e+00   3.740588e+06   1.000000e+02
7.309099e+00   3.888851e+06   1.000000e+02
7.376798e+00   4.041813e+06   1.000000e+02
7.445123e+00   4.199572e+06   1.000000e+02
7.514081e+00   4.362224e+06   1.000000e+02
7.583678e+00   4.529866e+06   1.000000e+02
7.653919e+00   4.702593e+06   1.000000e+02
7.724811e+00   4.880500e+06   1.000000e+02
7.796360e+00   5.063684e+06   1.000000e+02
7.868572e+00   5.252236e+06   1.000000e+02
7.941452e+00   5.446252e+06   1.000000e+02
8.015007e+00   5.645822e+06   1.000000e+02
8.089243e+00   5.851038e+06   1.000000e+02
8.164168e+00   6.061988e+06   1.000000e+02
8.239786e+00   6.278757e+06   1.000000e+02
8.316104e+00   6.501429e+06   1.000000e+02
8.393129e+00   6.730086e+06   1.000000e+02
8.470868e+00   6.964809e+06   1.000000e+02
8.549327e+00   7.205675e+06   1.000000e+02
8.628513e+00   7.452758e+06   1.000000e+02
8.708431e+00   7.706133e+06   1.000000e+02
8.789091e+00   7.965867e+06   1.000000e+02
8.870497e+00   8.232029e+06   1.000000e+02
8.952657e+00   8.504682e+06   1.000000e+02
9.035578e+00   8.783886e+06   1.000000e+02
9.119268e+00   9.069699e+06   1.000000e+02
9.203732e+00   9.362173e+06   1.000000e+02
9.288979e+00   9.661358e+06   1.000000e+02
9.375015e+00   9.967300e+06   1.000000e+02
9.461848e+00   1.028004e+07   1.000000e+02
9.549486e+00   1.059962e+07   1.000000e+02
9.637935e+00   1.092606e+07   1.000000e+02
9.727203e+00   1.125940e+07   1.000000e+02
9.817298e+00   1.159966e+07   1.000000e+02
9.908228e+00   1.194685e+07   1.000000e+02
1.000000e+01   1.230100e+07   1.000000e+02
