# N12 + n > N13 + g   [N12_n__N13_g]   ref=TALYS2, Koning et al. 2023
# detailed balance: alpha=2.6642e+10 beta=1.5 gamma=-232.832  Q=20.0639
# T9                 rate                error
1.000000e-03   1.546200e+04   1.000000e+02
1.009262e-03   1.545784e+04   1.000000e+02
1.018610e-03   1.545370e+04   1.000000e+02
1.028045e-03   1.544959e+04   1.000000e+02
1.037567e-03   1.544551e+04   1.000000e+02
1.047177e-03   1.544146e+04   1.000000e+02
1.056876e-03   1.543743e+04   1.000000e+02
1.066665e-03   1.543343e+04   1.000000e+02
1.076545e-03   1.542946e+04   1.000000e+02
1.086516e-03   1.542551e+04   1.000000e+02
1.096579e-03   1.542160e+04   1.000000e+02
1.106736e-03   1.541771e+04   1.000000e+02
1.116987e-03   1.541385e+04   1.000000e+02
1.127333e-03   1.541002e+04   1.000000e+02
1.137774e-03   1.540622e+04   1.000000e+02
1.148312e-03   1.540245e+04   1.000000e+02
1.158948e-03   1.539870e+04   1.000000e+02
1.169683e-03   1.539499e+04   1.000000e+02
1.180517e-03   1.539130e+04   1.000000e+02
1.191451e-03   1.538764e+04   1.000000e+02
1.202486e-03   1.538402e+04   1.000000e+02
1.213624e-03   1.538042e+04   1.000000e+02
1.224865e-03   1.537685e+04   1.000000e+02
1.236210e-03   1.537331e+04   1.000000e+02
1.247660e-03   1.536981e+04   1.000000e+02
1.259216e-03   1.536633e+04   1.000000e+02
1.270879e-03   1.536288e+04   1.000000e+02
1.282650e-03   1.535946e+04   1.000000e+02
1.294530e-03   1.535608e+04   1.000000e+02
1.306520e-03   1.535272e+04   1.000000e+02
1.318621e-03   1.534940e+04   1.000000e+02
1.330835e-03   1.534611e+04   1.000000e+02
1.343161e-03   1.534285e+04   1.000000e+02
1.355602e-03   1.533962e+04   1.000000e+02
1.368158e-03   1.533642e+04   1.000000e+02
1.380830e-03   1.533325e+04   1.000000e+02
1.393619e-03   1.533012e+04   1.000000e+02
1.406527e-03   1.532701e+04   1.000000e+02
1.419555e-03   1.532394e+04   1.000000e+02
1.432703e-03   1.532090e+04   1.000000e+02
1.445973e-03   1.531790e+04   1.000000e+02
1.459366e-03   1.531492e+04   1.000000e+02
1.472883e-03   1.531198e+04   1.000000e+02
1.486525e-03   1.530908e+04   1.000000e+02
1.500293e-03   1.530620e+04   1.000000e+02
1.514189e-03   1.530336e+04   1.000000e+02
1.528214e-03   1.530055e+04   1.000000e+02
1.542369e-03   1.529778e+04   1.000000e+02
1.556654e-03   1.529504e+04   1.000000e+02
1.571072e-03   1.529233e+04   1.000000e+02
1.585624e-03   1.528966e+04   1.000000e+02
1.600310e-03   1.528702e+04   1.000000e+02
1.615133e-03   1.528442e+04   1.000000e+02
1.630092e-03   1.528185e+04   1.000000e+02
1.645191e-03   1.527931e+04   1.000000e+02
1.660429e-03   1.527681e+04   1.000000e+02
1.675808e-03   1.527434e+04   1.000000e+02
1.691330e-03   1.527191e+04   1.000000e+02
1.706995e-03   1.526952e+04   1.000000e+02
1.722805e-03   1.526716e+04   1.000000e+02
1.738762e-03   1.526483e+04   1.000000e+02
1.754867e-03   1.526254e+04   1.000000e+02
1.771121e-03   1.526029e+04   1.000000e+02
1.787526e-03   1.525807e+04   1.000000e+02
1.804082e-03   1.525589e+04   1.000000e+02
1.820792e-03   1.525375e+04   1.000000e+02
1.837656e-03   1.525164e+04   1.000000e+02
1.854677e-03   1.524956e+04   1.000000e+02
1.871855e-03   1.524753e+04   1.000000e+02
1.889193e-03   1.524553e+04   1.000000e+02
1.906691e-03   1.524357e+04   1.000000e+02
1.924351e-03   1.524164e+04   1.000000e+02
1.942175e-03   1.523976e+04   1.000000e+02
1.960163e-03   1.523791e+04   1.000000e+02
1.978319e-03   1.523609e+04   1.000000e+02
1.996642e-03   1.523432e+04   1.000000e+02
2.015136e-03   1.523258e+04   1.000000e+02
2.033800e-03   1.523088e+04   1.000000e+02
2.052638e-03   1.522922e+04   1.000000e+02
2.071650e-03   1.522760e+04   1.000000e+02
2.090838e-03   1.522602e+04   1.000000e+02
2.110203e-03   1.522447e+04   1.000000e+02
2.129749e-03   1.522297e+04   1.000000e+02
2.149475e-03   1.522150e+04   1.000000e+02
2.169384e-03   1.522007e+04   1.000000e+02
2.189477e-03   1.521868e+04   1.000000e+02
2.209756e-03   1.521734e+04   1.000000e+02
2.230223e-03   1.521603e+04   1.000000e+02
2.250880e-03   1.521476e+04   1.000000e+02
2.271728e-03   1.521353e+04   1.000000e+02
2.292769e-03   1.521234e+04   1.000000e+02
2.314005e-03   1.521119e+04   1.000000e+02
2.335438e-03   1.521008e+04   1.000000e+02
2.357069e-03   1.520901e+04   1.000000e+02
2.378901e-03   1.520798e+04   1.000000e+02
2.400935e-03   1.520700e+04   1.000000e+02
2.423173e-03   1.520605e+04   1.000000e+02
2.445617e-03   1.520515e+04   1.000000e+02
2.468268e-03   1.520428e+04   1.000000e+02
2.491130e-03   1.520346e+04   1.000000e+02
2.514203e-03   1.520268e+04   1.000000e+02
2.537490e-03   1.520194e+04   1.000000e+02
2.560993e-03   1.520125e+04   1.000000e+02
2.584714e-03   1.520059e+04   1.000000e+02
2.608654e-03   1.519998e+04   1.000000e+02
2.632815e-03   1.519941e+04   1.000000e+02
2.657201e-03   1.519888e+04   1.000000e+02
2.681813e-03   1.519840e+04   1.000000e+02
2.706652e-03   1.519796e+04   1.000000e+02
2.731722e-03   1.519756e+04   1.000000e+02
2.757023e-03   1.519721e+04   1.000000e+02
2.782559e-03   1.519689e+04   1.000000e+02
2.808332e-03   1.519663e+04   1.000000e+02
2.834343e-03   1.519640e+04   1.000000e+02
2.860596e-03   1.519622e+04   1.000000e+02
2.887091e-03   1.519609e+04   1.000000e+02
2.913832e-03   1.519600e+04   1.000000e+02
2.940820e-03   1.519595e+04   1.000000e+02
2.968059e-03   1.519595e+04   1.000000e+02
2.995549e-03   1.519599e+04   1.000000e+02
3.023295e-03   1.519608e+04   1.000000e+02
3.051297e-03   1.519623e+04   1.000000e+02
3.079559e-03   1.519648e+04   1.000000e+02
3.108082e-03   1.519684e+04   1.000000e+02
3.136870e-03   1.519735e+04   1.000000e+02
3.165924e-03   1.519802e+04   1.000000e+02
3.195248e-03   1.519888e+04   1.000000e+02
3.224842e-03   1.519996e+04   1.000000e+02
3.254712e-03   1.520128e+04   1.000000e+02
3.284857e-03   1.520287e+04   1.000000e+02
3.315282e-03   1.520475e+04   1.000000e+02
3.345989e-03   1.520695e+04   1.000000e+02
3.376980e-03   1.520949e+04   1.000000e+02
3.408259e-03   1.521240e+04   1.000000e+02
3.439826e-03   1.521570e+04   1.000000e+02
3.471687e-03   1.521942e+04   1.000000e+02
3.503842e-03   1.522359e+04   1.000000e+02
3.536296e-03   1.522822e+04   1.000000e+02
3.569049e-03   1.523335e+04   1.000000e+02
3.602107e-03   1.523901e+04   1.000000e+02
3.635470e-03   1.524520e+04   1.000000e+02
3.669142e-03   1.525197e+04   1.000000e+02
3.703127e-03   1.525934e+04   1.000000e+02
3.737426e-03   1.526734e+04   1.000000e+02
3.772042e-03   1.527598e+04   1.000000e+02
3.806980e-03   1.528531e+04   1.000000e+02
3.842241e-03   1.529533e+04   1.000000e+02
3.877828e-03   1.530609e+04   1.000000e+02
3.913746e-03   1.531761e+04   1.000000e+02
3.949995e-03   1.532990e+04   1.000000e+02
3.986581e-03   1.534301e+04   1.000000e+02
4.023506e-03   1.535696e+04   1.000000e+02
4.060772e-03   1.537169e+04   1.000000e+02
4.098384e-03   1.538711e+04   1.000000e+02
4.136344e-03   1.540311e+04   1.000000e+02
4.174655e-03   1.541961e+04   1.000000e+02
4.213322e-03   1.543651e+04   1.000000e+02
4.252346e-03   1.545369e+04   1.000000e+02
4.291732e-03   1.547107e+04   1.000000e+02
4.331483e-03   1.548853e+04   1.000000e+02
4.371602e-03   1.550599e+04   1.000000e+02
4.412093e-03   1.552334e+04   1.000000e+02
4.452959e-03   1.554048e+04   1.000000e+02
4.494203e-03   1.555730e+04   1.000000e+02
4.535829e-03   1.557371e+04   1.000000e+02
4.577841e-03   1.558959e+04   1.000000e+02
4.620241e-03   1.560485e+04   1.000000e+02
4.663035e-03   1.561939e+04   1.000000e+02
4.706225e-03   1.563309e+04   1.000000e+02
4.749815e-03   1.564586e+04   1.000000e+02
4.793808e-03   1.565758e+04   1.000000e+02
4.838210e-03   1.566816e+04   1.000000e+02
4.883022e-03   1.567749e+04   1.000000e+02
4.928250e-03   1.568547e+04   1.000000e+02
4.973896e-03   1.569199e+04   1.000000e+02
5.019965e-03   1.569695e+04   1.000000e+02
5.066461e-03   1.570033e+04   1.000000e+02
5.113388e-03   1.570223e+04   1.000000e+02
5.160749e-03   1.570276e+04   1.000000e+02
5.208549e-03   1.570199e+04   1.000000e+02
5.256791e-03   1.570005e+04   1.000000e+02
5.305481e-03   1.569702e+04   1.000000e+02
5.354621e-03   1.569301e+04   1.000000e+02
5.404216e-03   1.568812e+04   1.000000e+02
5.454271e-03   1.568245e+04   1.000000e+02
5.504790e-03   1.567609e+04   1.000000e+02
5.555776e-03   1.566915e+04   1.000000e+02
5.607235e-03   1.566173e+04   1.000000e+02
5.659170e-03   1.565393e+04   1.000000e+02
5.711586e-03   1.564585e+04   1.000000e+02
5.764488e-03   1.563758e+04   1.000000e+02
5.817880e-03   1.562923e+04   1.000000e+02
5.871766e-03   1.562090e+04   1.000000e+02
5.926152e-03   1.561268e+04   1.000000e+02
5.981041e-03   1.560468e+04   1.000000e+02
6.036439e-03   1.559698e+04   1.000000e+02
6.092349e-03   1.558961e+04   1.000000e+02
6.148778e-03   1.558251e+04   1.000000e+02
6.205729e-03   1.557566e+04   1.000000e+02
6.263207e-03   1.556902e+04   1.000000e+02
6.321218e-03   1.556254e+04   1.000000e+02
6.379767e-03   1.555619e+04   1.000000e+02
6.438857e-03   1.554994e+04   1.000000e+02
6.498495e-03   1.554373e+04   1.000000e+02
6.558686e-03   1.553755e+04   1.000000e+02
6.619433e-03   1.553133e+04   1.000000e+02
6.680744e-03   1.552506e+04   1.000000e+02
6.742622e-03   1.551869e+04   1.000000e+02
6.805074e-03   1.551218e+04   1.000000e+02
6.868104e-03   1.550550e+04   1.000000e+02
6.931717e-03   1.549860e+04   1.000000e+02
6.995920e-03   1.549146e+04   1.000000e+02
7.060718e-03   1.548404e+04   1.000000e+02
7.126115e-03   1.547634e+04   1.000000e+02
7.192119e-03   1.546838e+04   1.000000e+02
7.258734e-03   1.546018e+04   1.000000e+02
7.325965e-03   1.545176e+04   1.000000e+02
7.393820e-03   1.544312e+04   1.000000e+02
7.462303e-03   1.543429e+04   1.000000e+02
7.531420e-03   1.542528e+04   1.000000e+02
7.601178e-03   1.541611e+04   1.000000e+02
7.671581e-03   1.540679e+04   1.000000e+02
7.742637e-03   1.539734e+04   1.000000e+02
7.814351e-03   1.538778e+04   1.000000e+02
7.886729e-03   1.537811e+04   1.000000e+02
7.959777e-03   1.536836e+04   1.000000e+02
8.033502e-03   1.535854e+04   1.000000e+02
8.107910e-03   1.534864e+04   1.000000e+02
8.183007e-03   1.533861e+04   1.000000e+02
8.258799e-03   1.532841e+04   1.000000e+02
8.335294e-03   1.531800e+04   1.000000e+02
8.412497e-03   1.530733e+04   1.000000e+02
8.490415e-03   1.529635e+04   1.000000e+02
8.569055e-03   1.528501e+04   1.000000e+02
8.648423e-03   1.527329e+04   1.000000e+02
8.728527e-03   1.526112e+04   1.000000e+02
8.809372e-03   1.524848e+04   1.000000e+02
8.890966e-03   1.523530e+04   1.000000e+02
8.973316e-03   1.522156e+04   1.000000e+02
9.056428e-03   1.520721e+04   1.000000e+02
9.140311e-03   1.519235e+04   1.000000e+02
9.224970e-03   1.517714e+04   1.000000e+02
9.310413e-03   1.516176e+04   1.000000e+02
9.396648e-03   1.514637e+04   1.000000e+02
9.483682e-03   1.513114e+04   1.000000e+02
9.571522e-03   1.511624e+04   1.000000e+02
9.660175e-03   1.510183e+04   1.000000e+02
9.749649e-03   1.508808e+04   1.000000e+02
9.839952e-03   1.507515e+04   1.000000e+02
9.931092e-03   1.506321e+04   1.000000e+02
1.002308e-02   1.505242e+04   1.000000e+02
1.011591e-02   1.504283e+04   1.000000e+02
1.020961e-02   1.503432e+04   1.000000e+02
1.030417e-02   1.502669e+04   1.000000e+02
1.039961e-02   1.501980e+04   1.000000e+02
1.049593e-02   1.501348e+04   1.000000e+02
1.059315e-02   1.500755e+04   1.000000e+02
1.069126e-02   1.500186e+04   1.000000e+02
1.079029e-02   1.499624e+04   1.000000e+02
1.089023e-02   1.499052e+04   1.000000e+02
1.099110e-02   1.498454e+04   1.000000e+02
1.109290e-02   1.497817e+04   1.000000e+02
1.119564e-02   1.497141e+04   1.000000e+02
1.129934e-02   1.496432e+04   1.000000e+02
1.140400e-02   1.495696e+04   1.000000e+02
1.150962e-02   1.494938e+04   1.000000e+02
1.161623e-02   1.494166e+04   1.000000e+02
1.172382e-02   1.493383e+04   1.000000e+02
1.183241e-02   1.492596e+04   1.000000e+02
1.194200e-02   1.491810e+04   1.000000e+02
1.205261e-02   1.491032e+04   1.000000e+02
1.216424e-02   1.490263e+04   1.000000e+02
1.227691e-02   1.489500e+04   1.000000e+02
1.239062e-02   1.488743e+04   1.000000e+02
1.250539e-02   1.487989e+04   1.000000e+02
1.262121e-02   1.487235e+04   1.000000e+02
1.273811e-02   1.486481e+04   1.000000e+02
1.285610e-02   1.485723e+04   1.000000e+02
1.297517e-02   1.484959e+04   1.000000e+02
1.309535e-02   1.484188e+04   1.000000e+02
1.321664e-02   1.483410e+04   1.000000e+02
1.333906e-02   1.482624e+04   1.000000e+02
1.346261e-02   1.481832e+04   1.000000e+02
1.358730e-02   1.481033e+04   1.000000e+02
1.371315e-02   1.480228e+04   1.000000e+02
1.384016e-02   1.479417e+04   1.000000e+02
1.396835e-02   1.478601e+04   1.000000e+02
1.409773e-02   1.477780e+04   1.000000e+02
1.422830e-02   1.476955e+04   1.000000e+02
1.436009e-02   1.476128e+04   1.000000e+02
1.449310e-02   1.475298e+04   1.000000e+02
1.462733e-02   1.474466e+04   1.000000e+02
1.476281e-02   1.473635e+04   1.000000e+02
1.489955e-02   1.472804e+04   1.000000e+02
1.503755e-02   1.471975e+04   1.000000e+02
1.517683e-02   1.471148e+04   1.000000e+02
1.531740e-02   1.470323e+04   1.000000e+02
1.545928e-02   1.469497e+04   1.000000e+02
1.560246e-02   1.468670e+04   1.000000e+02
1.574698e-02   1.467841e+04   1.000000e+02
1.589283e-02   1.467009e+04   1.000000e+02
1.604003e-02   1.466173e+04   1.000000e+02
1.618860e-02   1.465332e+04   1.000000e+02
1.633854e-02   1.464487e+04   1.000000e+02
1.648987e-02   1.463637e+04   1.000000e+02
1.664260e-02   1.462784e+04   1.000000e+02
1.679675e-02   1.461926e+04   1.000000e+02
1.695232e-02   1.461066e+04   1.000000e+02
1.710934e-02   1.460202e+04   1.000000e+02
1.726781e-02   1.459335e+04   1.000000e+02
1.742775e-02   1.458465e+04   1.000000e+02
1.758917e-02   1.457593e+04   1.000000e+02
1.775208e-02   1.456719e+04   1.000000e+02
1.791650e-02   1.455843e+04   1.000000e+02
1.808245e-02   1.454965e+04   1.000000e+02
1.824993e-02   1.454085e+04   1.000000e+02
1.841897e-02   1.453205e+04   1.000000e+02
1.858957e-02   1.452323e+04   1.000000e+02
1.876175e-02   1.451440e+04   1.000000e+02
1.893552e-02   1.450556e+04   1.000000e+02
1.911091e-02   1.449671e+04   1.000000e+02
1.928792e-02   1.448786e+04   1.000000e+02
1.946656e-02   1.447900e+04   1.000000e+02
1.964687e-02   1.447014e+04   1.000000e+02
1.982884e-02   1.446127e+04   1.000000e+02
2.001250e-02   1.445240e+04   1.000000e+02
2.019786e-02   1.444353e+04   1.000000e+02
2.038493e-02   1.443466e+04   1.000000e+02
2.057374e-02   1.442580e+04   1.000000e+02
2.076430e-02   1.441695e+04   1.000000e+02
2.095662e-02   1.440811e+04   1.000000e+02
2.115073e-02   1.439928e+04   1.000000e+02
2.134663e-02   1.439047e+04   1.000000e+02
2.154435e-02   1.438168e+04   1.000000e+02
2.174389e-02   1.437291e+04   1.000000e+02
2.194529e-02   1.436417e+04   1.000000e+02
2.214855e-02   1.435546e+04   1.000000e+02
2.235370e-02   1.434678e+04   1.000000e+02
2.256074e-02   1.433813e+04   1.000000e+02
2.276970e-02   1.432952e+04   1.000000e+02
2.298060e-02   1.432095e+04   1.000000e+02
2.319345e-02   1.431242e+04   1.000000e+02
2.340827e-02   1.430394e+04   1.000000e+02
2.362508e-02   1.429551e+04   1.000000e+02
2.384390e-02   1.428713e+04   1.000000e+02
2.406475e-02   1.427880e+04   1.000000e+02
2.428764e-02   1.427053e+04   1.000000e+02
2.451260e-02   1.426232e+04   1.000000e+02
2.473964e-02   1.425417e+04   1.000000e+02
2.496878e-02   1.424609e+04   1.000000e+02
2.520005e-02   1.423808e+04   1.000000e+02
2.543346e-02   1.423012e+04   1.000000e+02
2.566903e-02   1.422224e+04   1.000000e+02
2.590678e-02   1.421440e+04   1.000000e+02
2.614673e-02   1.420662e+04   1.000000e+02
2.638891e-02   1.419889e+04   1.000000e+02
2.663333e-02   1.419120e+04   1.000000e+02
2.688001e-02   1.418355e+04   1.000000e+02
2.712898e-02   1.417594e+04   1.000000e+02
2.738025e-02   1.416835e+04   1.000000e+02
2.763385e-02   1.416080e+04   1.000000e+02
2.788980e-02   1.415326e+04   1.000000e+02
2.814812e-02   1.414575e+04   1.000000e+02
2.840884e-02   1.413825e+04   1.000000e+02
2.867196e-02   1.413076e+04   1.000000e+02
2.893753e-02   1.412328e+04   1.000000e+02
2.920556e-02   1.411580e+04   1.000000e+02
2.947606e-02   1.410832e+04   1.000000e+02
2.974908e-02   1.410083e+04   1.000000e+02
3.002462e-02   1.409333e+04   1.000000e+02
3.030271e-02   1.408583e+04   1.000000e+02
3.058338e-02   1.407833e+04   1.000000e+02
3.086665e-02   1.407086e+04   1.000000e+02
3.115254e-02   1.406345e+04   1.000000e+02
3.144108e-02   1.405611e+04   1.000000e+02
3.173230e-02   1.404887e+04   1.000000e+02
3.202621e-02   1.404174e+04   1.000000e+02
3.232284e-02   1.403474e+04   1.000000e+02
3.262222e-02   1.402791e+04   1.000000e+02
3.292437e-02   1.402125e+04   1.000000e+02
3.322933e-02   1.401479e+04   1.000000e+02
3.353710e-02   1.400856e+04   1.000000e+02
3.384773e-02   1.400256e+04   1.000000e+02
3.416123e-02   1.399683e+04   1.000000e+02
3.447764e-02   1.399138e+04   1.000000e+02
3.479698e-02   1.398623e+04   1.000000e+02
3.511928e-02   1.398141e+04   1.000000e+02
3.544456e-02   1.397694e+04   1.000000e+02
3.577285e-02   1.397283e+04   1.000000e+02
3.610419e-02   1.396911e+04   1.000000e+02
3.643859e-02   1.396580e+04   1.000000e+02
3.677609e-02   1.396292e+04   1.000000e+02
3.711672e-02   1.396048e+04   1.000000e+02
3.746050e-02   1.395852e+04   1.000000e+02
3.780747e-02   1.395705e+04   1.000000e+02
3.815765e-02   1.395610e+04   1.000000e+02
3.851107e-02   1.395567e+04   1.000000e+02
3.886777e-02   1.395580e+04   1.000000e+02
3.922777e-02   1.395651e+04   1.000000e+02
3.959110e-02   1.395782e+04   1.000000e+02
3.995780e-02   1.395974e+04   1.000000e+02
4.032790e-02   1.396229e+04   1.000000e+02
4.070142e-02   1.396543e+04   1.000000e+02
4.107841e-02   1.396908e+04   1.000000e+02
4.145888e-02   1.397318e+04   1.000000e+02
4.184289e-02   1.397766e+04   1.000000e+02
4.223044e-02   1.398246e+04   1.000000e+02
4.262159e-02   1.398751e+04   1.000000e+02
4.301636e-02   1.399273e+04   1.000000e+02
4.341478e-02   1.399807e+04   1.000000e+02
4.381690e-02   1.400345e+04   1.000000e+02
4.422274e-02   1.400881e+04   1.000000e+02
4.463234e-02   1.401408e+04   1.000000e+02
4.504573e-02   1.401920e+04   1.000000e+02
4.546295e-02   1.402408e+04   1.000000e+02
4.588404e-02   1.402868e+04   1.000000e+02
4.630903e-02   1.403291e+04   1.000000e+02
4.673795e-02   1.403671e+04   1.000000e+02
4.717085e-02   1.404001e+04   1.000000e+02
4.760775e-02   1.404275e+04   1.000000e+02
4.804870e-02   1.404485e+04   1.000000e+02
4.849374e-02   1.404625e+04   1.000000e+02
4.894290e-02   1.404688e+04   1.000000e+02
4.939622e-02   1.404667e+04   1.000000e+02
4.985373e-02   1.404556e+04   1.000000e+02
5.031549e-02   1.404347e+04   1.000000e+02
5.078152e-02   1.404044e+04   1.000000e+02
5.125187e-02   1.403652e+04   1.000000e+02
5.172657e-02   1.403177e+04   1.000000e+02
5.220568e-02   1.402627e+04   1.000000e+02
5.268921e-02   1.402006e+04   1.000000e+02
5.317723e-02   1.401323e+04   1.000000e+02
5.366977e-02   1.400583e+04   1.000000e+02
5.416687e-02   1.399792e+04   1.000000e+02
5.466857e-02   1.398957e+04   1.000000e+02
5.517492e-02   1.398085e+04   1.000000e+02
5.568596e-02   1.397182e+04   1.000000e+02
5.620174e-02   1.396253e+04   1.000000e+02
5.672229e-02   1.395306e+04   1.000000e+02
5.724766e-02   1.394347e+04   1.000000e+02
5.777790e-02   1.393381e+04   1.000000e+02
5.831305e-02   1.392416e+04   1.000000e+02
5.885316e-02   1.391458e+04   1.000000e+02
5.939827e-02   1.390512e+04   1.000000e+02
5.994843e-02   1.389585e+04   1.000000e+02
6.050368e-02   1.388683e+04   1.000000e+02
6.106408e-02   1.387804e+04   1.000000e+02
6.162966e-02   1.386948e+04   1.000000e+02
6.220049e-02   1.386112e+04   1.000000e+02
6.277660e-02   1.385293e+04   1.000000e+02
6.335805e-02   1.384491e+04   1.000000e+02
6.394488e-02   1.383703e+04   1.000000e+02
6.453715e-02   1.382927e+04   1.000000e+02
6.513491e-02   1.382161e+04   1.000000e+02
6.573820e-02   1.381402e+04   1.000000e+02
6.634708e-02   1.380651e+04   1.000000e+02
6.696160e-02   1.379903e+04   1.000000e+02
6.758181e-02   1.379157e+04   1.000000e+02
6.820777e-02   1.378412e+04   1.000000e+02
6.883952e-02   1.377665e+04   1.000000e+02
6.947713e-02   1.376914e+04   1.000000e+02
7.012064e-02   1.376158e+04   1.000000e+02
7.077011e-02   1.375395e+04   1.000000e+02
7.142559e-02   1.374626e+04   1.000000e+02
7.208715e-02   1.373851e+04   1.000000e+02
7.275484e-02   1.373071e+04   1.000000e+02
7.342870e-02   1.372286e+04   1.000000e+02
7.410882e-02   1.371498e+04   1.000000e+02
7.479523e-02   1.370706e+04   1.000000e+02
7.548799e-02   1.369913e+04   1.000000e+02
7.618718e-02   1.369117e+04   1.000000e+02
7.689284e-02   1.368320e+04   1.000000e+02
7.760503e-02   1.367523e+04   1.000000e+02
7.832383e-02   1.366726e+04   1.000000e+02
7.904928e-02   1.365930e+04   1.000000e+02
7.978145e-02   1.365135e+04   1.000000e+02
8.052040e-02   1.364343e+04   1.000000e+02
8.126619e-02   1.363553e+04   1.000000e+02
8.201889e-02   1.362768e+04   1.000000e+02
8.277857e-02   1.361987e+04   1.000000e+02
8.354528e-02   1.361213e+04   1.000000e+02
8.431909e-02   1.360445e+04   1.000000e+02
8.510007e-02   1.359685e+04   1.000000e+02
8.588829e-02   1.358935e+04   1.000000e+02
8.668380e-02   1.358194e+04   1.000000e+02
8.748668e-02   1.357464e+04   1.000000e+02
8.829700e-02   1.356746e+04   1.000000e+02
8.911482e-02   1.356041e+04   1.000000e+02
8.994022e-02   1.355349e+04   1.000000e+02
9.077327e-02   1.354672e+04   1.000000e+02
9.161402e-02   1.354006e+04   1.000000e+02
9.246257e-02   1.353347e+04   1.000000e+02
9.331898e-02   1.352692e+04   1.000000e+02
9.418332e-02   1.352037e+04   1.000000e+02
9.505566e-02   1.351377e+04   1.000000e+02
9.593608e-02   1.350709e+04   1.000000e+02
9.682466e-02   1.350029e+04   1.000000e+02
9.772147e-02   1.349334e+04   1.000000e+02
9.862658e-02   1.348618e+04   1.000000e+02
9.954008e-02   1.347879e+04   1.000000e+02
1.004620e-01   1.347113e+04   1.000000e+02
1.013925e-01   1.346320e+04   1.000000e+02
1.023317e-01   1.345502e+04   1.000000e+02
1.032795e-01   1.344663e+04   1.000000e+02
1.042361e-01   1.343805e+04   1.000000e+02
1.052015e-01   1.342933e+04   1.000000e+02
1.061759e-01   1.342048e+04   1.000000e+02
1.071593e-01   1.341155e+04   1.000000e+02
1.081519e-01   1.340256e+04   1.000000e+02
1.091536e-01   1.339355e+04   1.000000e+02
1.101646e-01   1.338454e+04   1.000000e+02
1.111850e-01   1.337556e+04   1.000000e+02
1.122148e-01   1.336660e+04   1.000000e+02
1.132541e-01   1.335767e+04   1.000000e+02
1.143031e-01   1.334876e+04   1.000000e+02
1.153618e-01   1.333987e+04   1.000000e+02
1.164303e-01   1.333100e+04   1.000000e+02
1.175087e-01   1.332214e+04   1.000000e+02
1.185971e-01   1.331328e+04   1.000000e+02
1.196956e-01   1.330444e+04   1.000000e+02
1.208042e-01   1.329559e+04   1.000000e+02
1.219231e-01   1.328675e+04   1.000000e+02
1.230524e-01   1.327791e+04   1.000000e+02
1.241921e-01   1.326905e+04   1.000000e+02
1.253424e-01   1.326020e+04   1.000000e+02
1.265034e-01   1.325133e+04   1.000000e+02
1.276751e-01   1.324244e+04   1.000000e+02
1.288576e-01   1.323354e+04   1.000000e+02
1.300511e-01   1.322462e+04   1.000000e+02
1.312557e-01   1.321568e+04   1.000000e+02
1.324714e-01   1.320672e+04   1.000000e+02
1.336984e-01   1.319775e+04   1.000000e+02
1.349367e-01   1.318878e+04   1.000000e+02
1.361865e-01   1.317980e+04   1.000000e+02
1.374479e-01   1.317084e+04   1.000000e+02
1.387210e-01   1.316189e+04   1.000000e+02
1.400058e-01   1.315296e+04   1.000000e+02
1.413026e-01   1.314405e+04   1.000000e+02
1.426114e-01   1.313517e+04   1.000000e+02
1.439323e-01   1.312632e+04   1.000000e+02
1.452654e-01   1.311749e+04   1.000000e+02
1.466109e-01   1.310869e+04   1.000000e+02
1.479688e-01   1.309992e+04   1.000000e+02
1.493393e-01   1.309118e+04   1.000000e+02
1.507225e-01   1.308246e+04   1.000000e+02
1.521186e-01   1.307376e+04   1.000000e+02
1.535275e-01   1.306508e+04   1.000000e+02
1.549495e-01   1.305639e+04   1.000000e+02
1.563847e-01   1.304769e+04   1.000000e+02
1.578331e-01   1.303897e+04   1.000000e+02
1.592950e-01   1.303021e+04   1.000000e+02
1.607704e-01   1.302140e+04   1.000000e+02
1.622595e-01   1.301255e+04   1.000000e+02
1.637624e-01   1.300365e+04   1.000000e+02
1.652792e-01   1.299472e+04   1.000000e+02
1.668101e-01   1.298577e+04   1.000000e+02
1.683551e-01   1.297680e+04   1.000000e+02
1.699144e-01   1.296783e+04   1.000000e+02
1.714882e-01   1.295885e+04   1.000000e+02
1.730766e-01   1.294988e+04   1.000000e+02
1.746796e-01   1.294093e+04   1.000000e+02
1.762975e-01   1.293200e+04   1.000000e+02
1.779304e-01   1.292310e+04   1.000000e+02
1.795785e-01   1.291424e+04   1.000000e+02
1.812418e-01   1.290544e+04   1.000000e+02
1.829205e-01   1.289667e+04   1.000000e+02
1.846147e-01   1.288795e+04   1.000000e+02
1.863246e-01   1.287926e+04   1.000000e+02
1.880504e-01   1.287060e+04   1.000000e+02
1.897922e-01   1.286196e+04   1.000000e+02
1.915501e-01   1.285333e+04   1.000000e+02
1.933242e-01   1.284472e+04   1.000000e+02
1.951148e-01   1.283611e+04   1.000000e+02
1.969220e-01   1.282750e+04   1.000000e+02
1.987460e-01   1.281889e+04   1.000000e+02
2.005868e-01   1.281026e+04   1.000000e+02
2.024447e-01   1.280161e+04   1.000000e+02
2.043197e-01   1.279295e+04   1.000000e+02
2.062122e-01   1.278427e+04   1.000000e+02
2.081222e-01   1.277557e+04   1.000000e+02
2.100498e-01   1.276686e+04   1.000000e+02
2.119953e-01   1.275813e+04   1.000000e+02
2.139589e-01   1.274938e+04   1.000000e+02
2.159406e-01   1.274061e+04   1.000000e+02
2.179407e-01   1.273183e+04   1.000000e+02
2.199593e-01   1.272303e+04   1.000000e+02
2.219966e-01   1.271421e+04   1.000000e+02
2.240528e-01   1.270538e+04   1.000000e+02
2.261280e-01   1.269653e+04   1.000000e+02
2.282224e-01   1.268766e+04   1.000000e+02
2.303363e-01   1.267877e+04   1.000000e+02
2.324697e-01   1.266986e+04   1.000000e+02
2.346229e-01   1.266094e+04   1.000000e+02
2.367960e-01   1.265200e+04   1.000000e+02
2.389893e-01   1.264304e+04   1.000000e+02
2.412028e-01   1.263406e+04   1.000000e+02
2.434369e-01   1.262506e+04   1.000000e+02
2.456916e-01   1.261605e+04   1.000000e+02
2.479673e-01   1.260701e+04   1.000000e+02
2.502640e-01   1.259796e+04   1.000000e+02
2.525820e-01   1.258889e+04   1.000000e+02
2.549215e-01   1.257980e+04   1.000000e+02
2.572826e-01   1.257069e+04   1.000000e+02
2.596656e-01   1.256155e+04   1.000000e+02
2.620707e-01   1.255239e+04   1.000000e+02
2.644980e-01   1.254320e+04   1.000000e+02
2.669478e-01   1.253398e+04   1.000000e+02
2.694204e-01   1.252473e+04   1.000000e+02
2.719158e-01   1.251545e+04   1.000000e+02
2.744343e-01   1.250613e+04   1.000000e+02
2.769762e-01   1.249678e+04   1.000000e+02
2.795416e-01   1.248739e+04   1.000000e+02
2.821308e-01   1.247795e+04   1.000000e+02
2.847439e-01   1.246848e+04   1.000000e+02
2.873813e-01   1.245897e+04   1.000000e+02
2.900430e-01   1.244941e+04   1.000000e+02
2.927295e-01   1.243980e+04   1.000000e+02
2.954408e-01   1.243015e+04   1.000000e+02
2.981772e-01   1.242044e+04   1.000000e+02
3.009390e-01   1.241069e+04   1.000000e+02
3.037264e-01   1.240088e+04   1.000000e+02
3.065395e-01   1.239102e+04   1.000000e+02
3.093788e-01   1.238110e+04   1.000000e+02
3.122443e-01   1.237113e+04   1.000000e+02
3.151363e-01   1.236111e+04   1.000000e+02
3.180552e-01   1.235103e+04   1.000000e+02
3.210011e-01   1.234090e+04   1.000000e+02
3.239743e-01   1.233070e+04   1.000000e+02
3.269750e-01   1.232046e+04   1.000000e+02
3.300035e-01   1.231015e+04   1.000000e+02
3.330600e-01   1.229979e+04   1.000000e+02
3.361449e-01   1.228936e+04   1.000000e+02
3.392583e-01   1.227888e+04   1.000000e+02
3.424006e-01   1.226834e+04   1.000000e+02
3.455720e-01   1.225774e+04   1.000000e+02
3.487727e-01   1.224708e+04   1.000000e+02
3.520031e-01   1.223636e+04   1.000000e+02
3.552635e-01   1.222557e+04   1.000000e+02
3.585540e-01   1.221472e+04   1.000000e+02
3.618750e-01   1.220381e+04   1.000000e+02
3.652267e-01   1.219284e+04   1.000000e+02
3.686095e-01   1.218180e+04   1.000000e+02
3.720237e-01   1.217070e+04   1.000000e+02
3.754694e-01   1.215953e+04   1.000000e+02
3.789471e-01   1.214829e+04   1.000000e+02
3.824570e-01   1.213698e+04   1.000000e+02
3.859994e-01   1.212561e+04   1.000000e+02
3.895746e-01   1.211417e+04   1.000000e+02
3.931829e-01   1.210265e+04   1.000000e+02
3.968246e-01   1.209107e+04   1.000000e+02
4.005001e-01   1.207942e+04   1.000000e+02
4.042096e-01   1.206769e+04   1.000000e+02
4.079535e-01   1.205589e+04   1.000000e+02
4.117320e-01   1.204402e+04   1.000000e+02
4.155455e-01   1.203208e+04   1.000000e+02
4.193944e-01   1.202007e+04   1.000000e+02
4.232789e-01   1.200799e+04   1.000000e+02
4.271994e-01   1.199584e+04   1.000000e+02
4.311562e-01   1.198362e+04   1.000000e+02
4.351497e-01   1.197132e+04   1.000000e+02
4.391801e-01   1.195896e+04   1.000000e+02
4.432479e-01   1.194653e+04   1.000000e+02
4.473533e-01   1.193403e+04   1.000000e+02
4.514968e-01   1.192147e+04   1.000000e+02
4.556786e-01   1.190883e+04   1.000000e+02
4.598992e-01   1.189613e+04   1.000000e+02
4.641589e-01   1.188336e+04   1.000000e+02
4.684580e-01   1.187052e+04   1.000000e+02
4.727970e-01   1.185762e+04   1.000000e+02
4.771761e-01   1.184466e+04   1.000000e+02
4.815958e-01   1.183163e+04   1.000000e+02
4.860564e-01   1.181854e+04   1.000000e+02
4.905584e-01   1.180539e+04   1.000000e+02
4.951020e-01   1.179217e+04   1.000000e+02
4.996877e-01   1.177890e+04   1.000000e+02
5.043159e-01   1.176557e+04   1.000000e+02
5.089870e-01   1.175218e+04   1.000000e+02
5.137014e-01   1.173873e+04   1.000000e+02
5.184594e-01   1.172522e+04   1.000000e+02
5.232614e-01   1.171165e+04   1.000000e+02
5.281080e-01   1.169803e+04   1.000000e+02
5.329994e-01   1.168436e+04   1.000000e+02
5.379362e-01   1.167062e+04   1.000000e+02
5.429186e-01   1.165684e+04   1.000000e+02
5.479472e-01   1.164300e+04   1.000000e+02
5.530224e-01   1.162910e+04   1.000000e+02
5.581446e-01   1.161515e+04   1.000000e+02
5.633143e-01   1.160116e+04   1.000000e+02
5.685318e-01   1.158710e+04   1.000000e+02
5.737976e-01   1.157300e+04   1.000000e+02
5.791123e-01   1.155885e+04   1.000000e+02
5.844761e-01   1.154465e+04   1.000000e+02
5.898896e-01   1.153040e+04   1.000000e+02
5.953533e-01   1.151610e+04   1.000000e+02
6.008676e-01   1.150175e+04   1.000000e+02
6.064329e-01   1.148735e+04   1.000000e+02
6.120498e-01   1.147291e+04   1.000000e+02
6.177188e-01   1.145842e+04   1.000000e+02
6.234402e-01   1.144389e+04   1.000000e+02
6.292146e-01   1.142932e+04   1.000000e+02
6.350425e-01   1.141470e+04   1.000000e+02
6.409244e-01   1.140004e+04   1.000000e+02
6.468608e-01   1.138535e+04   1.000000e+02
6.528521e-01   1.137061e+04   1.000000e+02
6.588990e-01   1.135584e+04   1.000000e+02
6.650018e-01   1.134103e+04   1.000000e+02
6.711612e-01   1.132618e+04   1.000000e+02
6.773776e-01   1.131130e+04   1.000000e+02
6.836516e-01   1.129638e+04   1.000000e+02
6.899837e-01   1.128143e+04   1.000000e+02
6.963745e-01   1.126645e+04   1.000000e+02
7.028244e-01   1.125144e+04   1.000000e+02
7.093341e-01   1.123640e+04   1.000000e+02
7.159041e-01   1.122133e+04   1.000000e+02
7.225349e-01   1.120623e+04   1.000000e+02
7.292272e-01   1.119111e+04   1.000000e+02
7.359814e-01   1.117596e+04   1.000000e+02
7.427982e-01   1.116079e+04   1.000000e+02
7.496782e-01   1.114560e+04   1.000000e+02
7.566219e-01   1.113038e+04   1.000000e+02
7.636298e-01   1.111515e+04   1.000000e+02
7.707027e-01   1.109990e+04   1.000000e+02
7.778411e-01   1.108462e+04   1.000000e+02
7.850456e-01   1.106934e+04   1.000000e+02
7.923169e-01   1.105403e+04   1.000000e+02
7.996555e-01   1.103872e+04   1.000000e+02
8.070620e-01   1.102339e+04   1.000000e+02
8.145372e-01   1.100804e+04   1.000000e+02
8.220816e-01   1.099268e+04   1.000000e+02
8.296959e-01   1.097731e+04   1.000000e+02
8.373807e-01   1.096193e+04   1.000000e+02
8.451366e-01   1.094652e+04   1.000000e+02
8.529644e-01   1.093110e+04   1.000000e+02
8.608648e-01   1.091567e+04   1.000000e+02
8.688383e-01   1.090022e+04   1.000000e+02
8.768856e-01   1.088475e+04   1.000000e+02
8.850075e-01   1.086926e+04   1.000000e+02
8.932046e-01   1.085376e+04   1.000000e+02
9.014776e-01   1.083824e+04   1.000000e+02
9.098273e-01   1.082270e+04   1.000000e+02
9.182543e-01   1.080714e+04   1.000000e+02
9.267593e-01   1.079157e+04   1.000000e+02
9.353432e-01   1.077599e+04   1.000000e+02
9.440065e-01   1.076040e+04   1.000000e+02
9.527500e-01   1.074481e+04   1.000000e+02
9.615746e-01   1.072922e+04   1.000000e+02
9.704809e-01   1.071363e+04   1.000000e+02
9.794697e-01   1.069804e+04   1.000000e+02
9.885417e-01   1.068246e+04   1.000000e+02
9.976978e-01   1.066689e+04   1.000000e+02
1.006939e+00   1.065133e+04   1.000000e+02
1.016265e+00   1.063579e+04   1.000000e+02
1.025678e+00   1.062025e+04   1.000000e+02
1.035178e+00   1.060473e+04   1.000000e+02
1.044766e+00   1.058921e+04   1.000000e+02
1.054443e+00   1.057371e+04   1.000000e+02
1.064209e+00   1.055821e+04   1.000000e+02
1.074066e+00   1.054271e+04   1.000000e+02
1.084014e+00   1.052723e+04   1.000000e+02
1.094055e+00   1.051175e+04   1.000000e+02
1.104188e+00   1.049627e+04   1.000000e+02
1.114415e+00   1.048080e+04   1.000000e+02
1.124737e+00   1.046532e+04   1.000000e+02
1.135155e+00   1.044985e+04   1.000000e+02
1.145669e+00   1.043438e+04   1.000000e+02
1.156280e+00   1.041891e+04   1.000000e+02
1.166990e+00   1.040344e+04   1.000000e+02
1.177799e+00   1.038797e+04   1.000000e+02
1.188708e+00   1.037249e+04   1.000000e+02
1.199718e+00   1.035701e+04   1.000000e+02
1.210830e+00   1.034152e+04   1.000000e+02
1.222045e+00   1.032603e+04   1.000000e+02
1.233363e+00   1.031053e+04   1.000000e+02
1.244787e+00   1.029503e+04   1.000000e+02
1.256317e+00   1.027952e+04   1.000000e+02
1.267953e+00   1.026400e+04   1.000000e+02
1.279697e+00   1.024847e+04   1.000000e+02
1.291550e+00   1.023294e+04   1.000000e+02
1.303512e+00   1.021740e+04   1.000000e+02
1.315586e+00   1.020185e+04   1.000000e+02
1.327771e+00   1.018630e+04   1.000000e+02
1.340069e+00   1.017075e+04   1.000000e+02
1.352481e+00   1.015520e+04   1.000000e+02
1.365008e+00   1.013964e+04   1.000000e+02
1.377651e+00   1.012409e+04   1.000000e+02
1.390411e+00   1.010853e+04   1.000000e+02
1.403289e+00   1.009297e+04   1.000000e+02
1.416287e+00   1.007742e+04   1.000000e+02
1.429405e+00   1.006186e+04   1.000000e+02
1.442644e+00   1.004631e+04   1.000000e+02
1.456006e+00   1.003077e+04   1.000000e+02
1.469492e+00   1.001522e+04   1.000000e+02
1.483103e+00   9.999685e+03   1.000000e+02
1.496839e+00   9.984153e+03   1.000000e+02
1.510703e+00   9.968627e+03   1.000000e+02
1.524696e+00   9.953107e+03   1.000000e+02
1.538818e+00   9.937594e+03   1.000000e+02
1.553071e+00   9.922088e+03   1.000000e+02
1.567455e+00   9.906590e+03   1.000000e+02
1.581973e+00   9.891098e+03   1.000000e+02
1.596626e+00   9.875614e+03   1.000000e+02
1.611414e+00   9.860137e+03   1.000000e+02
1.626340e+00   9.844668e+03   1.000000e+02
1.641403e+00   9.829207e+03   1.000000e+02
1.656606e+00   9.813754e+03   1.000000e+02
1.671950e+00   9.798309e+03   1.000000e+02
1.687436e+00   9.782872e+03   1.000000e+02
1.703065e+00   9.767444e+03   1.000000e+02
1.718839e+00   9.752024e+03   1.000000e+02
1.734759e+00   9.736613e+03   1.000000e+02
1.750827e+00   9.721211e+03   1.000000e+02
1.767044e+00   9.705817e+03   1.000000e+02
1.783410e+00   9.690428e+03   1.000000e+02
1.799929e+00   9.675040e+03   1.000000e+02
1.816600e+00   9.659650e+03   1.000000e+02
1.833425e+00   9.644252e+03   1.000000e+02
1.850407e+00   9.628845e+03   1.000000e+02
1.867546e+00   9.613423e+03   1.000000e+02
1.884843e+00   9.597984e+03   1.000000e+02
1.902301e+00   9.582523e+03   1.000000e+02
1.919921e+00   9.567037e+03   1.000000e+02
1.937703e+00   9.551521e+03   1.000000e+02
1.955651e+00   9.535974e+03   1.000000e+02
1.973764e+00   9.520390e+03   1.000000e+02
1.992046e+00   9.504766e+03   1.000000e+02
2.010496e+00   9.489100e+03   1.000000e+02
2.029118e+00   9.473387e+03   1.000000e+02
2.047912e+00   9.457628e+03   1.000000e+02
2.066880e+00   9.441820e+03   1.000000e+02
2.086024e+00   9.425962e+03   1.000000e+02
2.105345e+00   9.410053e+03   1.000000e+02
2.124845e+00   9.394091e+03   1.000000e+02
2.144526e+00   9.378075e+03   1.000000e+02
2.164389e+00   9.362003e+03   1.000000e+02
2.184436e+00   9.345875e+03   1.000000e+02
2.204669e+00   9.329688e+03   1.000000e+02
2.225089e+00   9.313442e+03   1.000000e+02
2.245698e+00   9.297135e+03   1.000000e+02
2.266498e+00   9.280766e+03   1.000000e+02
2.287491e+00   9.264334e+03   1.000000e+02
2.308678e+00   9.247837e+03   1.000000e+02
2.330061e+00   9.231274e+03   1.000000e+02
2.351643e+00   9.214643e+03   1.000000e+02
2.373424e+00   9.197944e+03   1.000000e+02
2.395407e+00   9.181176e+03   1.000000e+02
2.417594e+00   9.164336e+03   1.000000e+02
2.439986e+00   9.147425e+03   1.000000e+02
2.462586e+00   9.130440e+03   1.000000e+02
2.485395e+00   9.113381e+03   1.000000e+02
2.508415e+00   9.096246e+03   1.000000e+02
2.531648e+00   9.079034e+03   1.000000e+02
2.555097e+00   9.061744e+03   1.000000e+02
2.578763e+00   9.044375e+03   1.000000e+02
2.602648e+00   9.026926e+03   1.000000e+02
2.626754e+00   9.009395e+03   1.000000e+02
2.651084e+00   8.991781e+03   1.000000e+02
2.675638e+00   8.974083e+03   1.000000e+02
2.700421e+00   8.956300e+03   1.000000e+02
2.725433e+00   8.938430e+03   1.000000e+02
2.750676e+00   8.920473e+03   1.000000e+02
2.776153e+00   8.902428e+03   1.000000e+02
2.801867e+00   8.884293e+03   1.000000e+02
2.827818e+00   8.866067e+03   1.000000e+02
2.854010e+00   8.847750e+03   1.000000e+02
2.880444e+00   8.829340e+03   1.000000e+02
2.907123e+00   8.810836e+03   1.000000e+02
2.934050e+00   8.792237e+03   1.000000e+02
2.961225e+00   8.773543e+03   1.000000e+02
2.988653e+00   8.754752e+03   1.000000e+02
3.016334e+00   8.735863e+03   1.000000e+02
3.044272e+00   8.716878e+03   1.000000e+02
3.072469e+00   8.697797e+03   1.000000e+02
3.100927e+00   8.678624e+03   1.000000e+02
3.129648e+00   8.659359e+03   1.000000e+02
3.158635e+00   8.640005e+03   1.000000e+02
3.187891e+00   8.620564e+03   1.000000e+02
3.217418e+00   8.601037e+03   1.000000e+02
3.247218e+00   8.581426e+03   1.000000e+02
3.277295e+00   8.561734e+03   1.000000e+02
3.307650e+00   8.541962e+03   1.000000e+02
3.338286e+00   8.522111e+03   1.000000e+02
3.369206e+00   8.502185e+03   1.000000e+02
3.400412e+00   8.482184e+03   1.000000e+02
3.431907e+00   8.462110e+03   1.000000e+02
3.463694e+00   8.441966e+03   1.000000e+02
3.495776e+00   8.421753e+03   1.000000e+02
3.528154e+00   8.401473e+03   1.000000e+02
3.560833e+00   8.381129e+03   1.000000e+02
3.593814e+00   8.360725e+03   1.000000e+02
3.627100e+00   8.340266e+03   1.000000e+02
3.660695e+00   8.319754e+03   1.000000e+02
3.694601e+00   8.299193e+03   1.000000e+02
3.728821e+00   8.278588e+03   1.000000e+02
3.763358e+00   8.257942e+03   1.000000e+02
3.798215e+00   8.237258e+03   1.000000e+02
3.833395e+00   8.216540e+03   1.000000e+02
3.868901e+00   8.195792e+03   1.000000e+02
3.904735e+00   8.175017e+03   1.000000e+02
3.940902e+00   8.154219e+03   1.000000e+02
3.977403e+00   8.133401e+03   1.000000e+02
4.014242e+00   8.112566e+03   1.000000e+02
4.051423e+00   8.091720e+03   1.000000e+02
4.088948e+00   8.070868e+03   1.000000e+02
4.126821e+00   8.050016e+03   1.000000e+02
4.165044e+00   8.029171e+03   1.000000e+02
4.203622e+00   8.008339e+03   1.000000e+02
4.242556e+00   7.987525e+03   1.000000e+02
4.281852e+00   7.966735e+03   1.000000e+02
4.321511e+00   7.945976e+03   1.000000e+02
4.361538e+00   7.925252e+03   1.000000e+02
4.401935e+00   7.904570e+03   1.000000e+02
4.442707e+00   7.883935e+03   1.000000e+02
4.483856e+00   7.863353e+03   1.000000e+02
4.525386e+00   7.842830e+03   1.000000e+02
4.567301e+00   7.822370e+03   1.000000e+02
4.609604e+00   7.801980e+03   1.000000e+02
4.652300e+00   7.781664e+03   1.000000e+02
4.695390e+00   7.761429e+03   1.000000e+02
4.738880e+00   7.741278e+03   1.000000e+02
4.782772e+00   7.721218e+03   1.000000e+02
4.827071e+00   7.701253e+03   1.000000e+02
4.871780e+00   7.681389e+03   1.000000e+02
4.916904e+00   7.661630e+03   1.000000e+02
4.962445e+00   7.641982e+03   1.000000e+02
5.008408e+00   7.622449e+03   1.000000e+02
5.054797e+00   7.603037e+03   1.000000e+02
5.101615e+00   7.583750e+03   1.000000e+02
5.148867e+00   7.564595e+03   1.000000e+02
5.196557e+00   7.545575e+03   1.000000e+02
5.244689e+00   7.526697e+03   1.000000e+02
5.293266e+00   7.507966e+03   1.000000e+02
5.342293e+00   7.489385e+03   1.000000e+02
5.391775e+00   7.470962e+03   1.000000e+02
5.441714e+00   7.452700e+03   1.000000e+02
5.492116e+00   7.434604e+03   1.000000e+02
5.542986e+00   7.416680e+03   1.000000e+02
5.594326e+00   7.398932e+03   1.000000e+02
5.646141e+00   7.381364e+03   1.000000e+02
5.698437e+00   7.363982e+03   1.000000e+02
5.751217e+00   7.346791e+03   1.000000e+02
5.804486e+00   7.329794e+03   1.000000e+02
5.858248e+00   7.312997e+03   1.000000e+02
5.912508e+00   7.296404e+03   1.000000e+02
5.967271e+00   7.280020e+03   1.000000e+02
6.022541e+00   7.263849e+03   1.000000e+02
6.078323e+00   7.247895e+03   1.000000e+02
6.134622e+00   7.232160e+03   1.000000e+02
6.191442e+00   7.216649e+03   1.000000e+02
6.248788e+00   7.201364e+03   1.000000e+02
6.306666e+00   7.186307e+03   1.000000e+02
6.365079e+00   7.171483e+03   1.000000e+02
6.424034e+00   7.156893e+03   1.000000e+02
6.483534e+00   7.142540e+03   1.000000e+02
6.543586e+00   7.128428e+03   1.000000e+02
6.604194e+00   7.114559e+03   1.000000e+02
6.665363e+00   7.100936e+03   1.000000e+02
6.727099e+00   7.087562e+03   1.000000e+02
6.789407e+00   7.074441e+03   1.000000e+02
6.852292e+00   7.061573e+03   1.000000e+02
6.915759e+00   7.048964e+03   1.000000e+02
6.979814e+00   7.036614e+03   1.000000e+02
7.044462e+00   7.024528e+03   1.000000e+02
7.109709e+00   7.012706e+03   1.000000e+02
7.175561e+00   7.001150e+03   1.000000e+02
7.242022e+00   6.989861e+03   1.000000e+02
7.309099e+00   6.978839e+03   1.000000e+02
7.376798e+00   6.968085e+03   1.000000e+02
7.445123e+00   6.957600e+03   1.000000e+02
7.514081e+00   6.947386e+03   1.000000e+02
7.583678e+00   6.937442e+03   1.000000e+02
7.653919e+00   6.927771e+03   1.000000e+02
7.724811e+00   6.918374e+03   1.000000e+02
7.796360e+00   6.909250e+03   1.000000e+02
7.868572e+00   6.900402e+03   1.000000e+02
7.941452e+00   6.891831e+03   1.000000e+02
8.015007e+00   6.883537e+03   1.000000e+02
8.089243e+00   6.875521e+03   1.000000e+02
8.164168e+00   6.867783e+03   1.000000e+02
8.239786e+00   6.860324e+03   1.000000e+02
8.316104e+00   6.853143e+03   1.000000e+02
8.393129e+00   6.846240e+03   1.000000e+02
8.470868e+00   6.839615e+03   1.000000e+02
8.549327e+00   6.833268e+03   1.000000e+02
8.628513e+00   6.827200e+03   1.000000e+02
8.708431e+00   6.821409e+03   1.000000e+02
8.789091e+00   6.815897e+03   1.000000e+02
8.870497e+00   6.810664e+03   1.000000e+02
8.952657e+00   6.805709e+03   1.000000e+02
9.035578e+00   6.801033e+03   1.000000e+02
9.119268e+00   6.796637e+03   1.000000e+02
9.203732e+00   6.792519e+03   1.000000e+02
9.288979e+00   6.788682e+03   1.000000e+02
9.375015e+00   6.785124e+03   1.000000e+02
9.461848e+00   6.781847e+03   1.000000e+02
9.549486e+00   6.778851e+03   1.000000e+02
9.637935e+00   6.776136e+03   1.000000e+02
9.727203e+00   6.773703e+03   1.000000e+02
9.817298e+00   6.771552e+03   1.000000e+02
9.908228e+00   6.769685e+03   1.000000e+02
1.000000e+01   6.768100e+03   1.000000e+02
