# C11 + t > B10 + a   [C11_t__B10_a]   ref=TALYS2, Koning et al. 2023
# detailed balance: alpha=0.8621 beta=0 gamma=-129.094  Q=11.1245
# T9                 rate                error
1.000000e-03   1.000000e-35   1.000000e+02
1.009262e-03   1.006471e-35   1.000000e+02
1.018610e-03   1.012163e-35   1.000000e+02
1.028045e-03   1.017075e-35   1.000000e+02
1.037567e-03   1.021211e-35   1.000000e+02
1.047177e-03   1.024574e-35   1.000000e+02
1.056876e-03   1.027173e-35   1.000000e+02
1.066665e-03   1.029015e-35   1.000000e+02
1.076545e-03   1.030110e-35   1.000000e+02
1.086516e-03   1.030471e-35   1.000000e+02
1.096579e-03   1.030110e-35   1.000000e+02
1.106736e-03   1.029045e-35   1.000000e+02
1.116987e-03   1.027289e-35   1.000000e+02
1.127333e-03   1.024863e-35   1.000000e+02
1.137774e-03   1.021784e-35   1.000000e+02
1.148312e-03   1.018073e-35   1.000000e+02
1.158948e-03   1.013751e-35   1.000000e+02
1.169683e-03   1.008840e-35   1.000000e+02
1.180517e-03   1.003363e-35   1.000000e+02
1.191451e-03   9.973428e-36   1.000000e+02
1.202486e-03   9.908037e-36   1.000000e+02
1.213624e-03   9.837702e-36   1.000000e+02
1.224865e-03   9.762671e-36   1.000000e+02
1.236210e-03   9.683193e-36   1.000000e+02
1.247660e-03   9.599522e-36   1.000000e+02
1.259216e-03   9.511911e-36   1.000000e+02
1.270879e-03   9.420612e-36   1.000000e+02
1.282650e-03   9.325878e-36   1.000000e+02
1.294530e-03   9.227959e-36   1.000000e+02
1.306520e-03   9.127104e-36   1.000000e+02
1.318621e-03   9.023557e-36   1.000000e+02
1.330835e-03   8.917561e-36   1.000000e+02
1.343161e-03   8.809352e-36   1.000000e+02
1.355602e-03   8.699164e-36   1.000000e+02
1.368158e-03   8.587224e-36   1.000000e+02
1.380830e-03   8.473754e-36   1.000000e+02
1.393619e-03   8.358971e-36   1.000000e+02
1.406527e-03   8.243082e-36   1.000000e+02
1.419555e-03   8.126293e-36   1.000000e+02
1.432703e-03   8.008799e-36   1.000000e+02
1.445973e-03   7.890788e-36   1.000000e+02
1.459366e-03   7.772444e-36   1.000000e+02
1.472883e-03   7.653940e-36   1.000000e+02
1.486525e-03   7.535443e-36   1.000000e+02
1.500293e-03   7.417114e-36   1.000000e+02
1.514189e-03   7.299104e-36   1.000000e+02
1.528214e-03   7.181558e-36   1.000000e+02
1.542369e-03   7.064614e-36   1.000000e+02
1.556654e-03   6.948399e-36   1.000000e+02
1.571072e-03   6.833038e-36   1.000000e+02
1.585624e-03   6.718645e-36   1.000000e+02
1.600310e-03   6.605329e-36   1.000000e+02
1.615133e-03   6.493189e-36   1.000000e+02
1.630092e-03   6.382321e-36   1.000000e+02
1.645191e-03   6.272813e-36   1.000000e+02
1.660429e-03   6.164745e-36   1.000000e+02
1.675808e-03   6.058192e-36   1.000000e+02
1.691330e-03   5.953224e-36   1.000000e+02
1.706995e-03   5.849904e-36   1.000000e+02
1.722805e-03   5.748290e-36   1.000000e+02
1.738762e-03   5.648433e-36   1.000000e+02
1.754867e-03   5.550381e-36   1.000000e+02
1.771121e-03   5.454177e-36   1.000000e+02
1.787526e-03   5.359858e-36   1.000000e+02
1.804082e-03   5.267458e-36   1.000000e+02
1.820792e-03   5.177006e-36   1.000000e+02
1.837656e-03   5.088526e-36   1.000000e+02
1.854677e-03   5.002042e-36   1.000000e+02
1.871855e-03   4.917571e-36   1.000000e+02
1.889193e-03   4.835128e-36   1.000000e+02
1.906691e-03   4.754725e-36   1.000000e+02
1.924351e-03   4.676371e-36   1.000000e+02
1.942175e-03   4.600074e-36   1.000000e+02
1.960163e-03   4.525837e-36   1.000000e+02
1.978319e-03   4.453664e-36   1.000000e+02
1.996642e-03   4.383555e-36   1.000000e+02
2.015136e-03   4.315508e-36   1.000000e+02
2.033800e-03   4.249520e-36   1.000000e+02
2.052638e-03   4.185589e-36   1.000000e+02
2.071650e-03   4.123708e-36   1.000000e+02
2.090838e-03   4.063873e-36   1.000000e+02
2.110203e-03   4.006075e-36   1.000000e+02
2.129749e-03   3.950308e-36   1.000000e+02
2.149475e-03   3.896564e-36   1.000000e+02
2.169384e-03   3.844835e-36   1.000000e+02
2.189477e-03   3.795113e-36   1.000000e+02
2.209756e-03   3.747389e-36   1.000000e+02
2.230223e-03   3.701657e-36   1.000000e+02
2.250880e-03   3.657909e-36   1.000000e+02
2.271728e-03   3.616137e-36   1.000000e+02
2.292769e-03   3.576337e-36   1.000000e+02
2.314005e-03   3.538501e-36   1.000000e+02
2.335438e-03   3.502627e-36   1.000000e+02
2.357069e-03   3.468711e-36   1.000000e+02
2.378901e-03   3.436750e-36   1.000000e+02
2.400935e-03   3.406745e-36   1.000000e+02
2.423173e-03   3.378695e-36   1.000000e+02
2.445617e-03   3.352605e-36   1.000000e+02
2.468268e-03   3.328478e-36   1.000000e+02
2.491130e-03   3.306321e-36   1.000000e+02
2.514203e-03   3.286143e-36   1.000000e+02
2.537490e-03   3.267955e-36   1.000000e+02
2.560993e-03   3.251771e-36   1.000000e+02
2.584714e-03   3.237606e-36   1.000000e+02
2.608654e-03   3.225481e-36   1.000000e+02
2.632815e-03   3.215418e-36   1.000000e+02
2.657201e-03   3.207442e-36   1.000000e+02
2.681813e-03   3.201583e-36   1.000000e+02
2.706652e-03   3.197874e-36   1.000000e+02
2.731722e-03   3.196352e-36   1.000000e+02
2.757023e-03   3.197058e-36   1.000000e+02
2.782559e-03   3.200040e-36   1.000000e+02
2.808332e-03   3.205348e-36   1.000000e+02
2.834343e-03   3.213038e-36   1.000000e+02
2.860596e-03   3.223172e-36   1.000000e+02
2.887091e-03   3.235820e-36   1.000000e+02
2.913832e-03   3.251054e-36   1.000000e+02
2.940820e-03   3.268958e-36   1.000000e+02
2.968059e-03   3.289621e-36   1.000000e+02
2.995549e-03   3.313139e-36   1.000000e+02
3.023295e-03   3.339590e-36   1.000000e+02
3.051297e-03   3.368869e-36   1.000000e+02
3.079559e-03   3.400799e-36   1.000000e+02
3.108082e-03   3.435196e-36   1.000000e+02
3.136870e-03   3.471874e-36   1.000000e+02
3.165924e-03   3.510641e-36   1.000000e+02
3.195248e-03   3.551296e-36   1.000000e+02
3.224842e-03   3.593632e-36   1.000000e+02
3.254712e-03   3.637428e-36   1.000000e+02
3.284857e-03   3.682456e-36   1.000000e+02
3.315282e-03   3.728474e-36   1.000000e+02
3.345989e-03   3.775229e-36   1.000000e+02
3.376980e-03   3.822451e-36   1.000000e+02
3.408259e-03   3.869860e-36   1.000000e+02
3.439826e-03   3.917160e-36   1.000000e+02
3.471687e-03   3.964042e-36   1.000000e+02
3.503842e-03   4.010182e-36   1.000000e+02
3.536296e-03   4.055244e-36   1.000000e+02
3.569049e-03   4.098878e-36   1.000000e+02
3.602107e-03   4.140723e-36   1.000000e+02
3.635470e-03   4.180407e-36   1.000000e+02
3.669142e-03   4.217552e-36   1.000000e+02
3.703127e-03   4.251769e-36   1.000000e+02
3.737426e-03   4.282669e-36   1.000000e+02
3.772042e-03   4.309857e-36   1.000000e+02
3.806980e-03   4.332944e-36   1.000000e+02
3.842241e-03   4.351540e-36   1.000000e+02
3.877828e-03   4.365267e-36   1.000000e+02
3.913746e-03   4.373757e-36   1.000000e+02
3.949995e-03   4.376657e-36   1.000000e+02
3.986581e-03   4.373635e-36   1.000000e+02
4.023506e-03   4.364499e-36   1.000000e+02
4.060772e-03   4.350597e-36   1.000000e+02
4.098384e-03   4.334337e-36   1.000000e+02
4.136344e-03   4.318119e-36   1.000000e+02
4.174655e-03   4.304312e-36   1.000000e+02
4.213322e-03   4.295253e-36   1.000000e+02
4.252346e-03   4.293275e-36   1.000000e+02
4.291732e-03   4.300732e-36   1.000000e+02
4.331483e-03   4.320049e-36   1.000000e+02
4.371602e-03   4.353781e-36   1.000000e+02
4.412093e-03   4.404685e-36   1.000000e+02
4.452959e-03   4.475818e-36   1.000000e+02
4.494203e-03   4.570653e-36   1.000000e+02
4.535829e-03   4.693222e-36   1.000000e+02
4.577841e-03   4.848306e-36   1.000000e+02
4.620241e-03   5.041662e-36   1.000000e+02
4.663035e-03   5.280332e-36   1.000000e+02
4.706225e-03   5.573030e-36   1.000000e+02
4.749815e-03   5.930660e-36   1.000000e+02
4.793808e-03   6.367005e-36   1.000000e+02
4.838210e-03   6.899642e-36   1.000000e+02
4.883022e-03   7.551204e-36   1.000000e+02
4.928250e-03   8.351085e-36   1.000000e+02
4.973896e-03   9.337822e-36   1.000000e+02
5.019965e-03   1.056226e-35   1.000000e+02
5.066461e-03   1.208641e-35   1.000000e+02
5.113388e-03   1.398418e-35   1.000000e+02
5.160749e-03   1.635048e-35   1.000000e+02
5.208549e-03   1.930777e-35   1.000000e+02
5.256791e-03   2.301424e-35   1.000000e+02
5.305481e-03   2.767443e-35   1.000000e+02
5.354621e-03   3.355311e-35   1.000000e+02
5.404216e-03   4.099337e-35   1.000000e+02
5.454271e-03   5.044008e-35   1.000000e+02
5.504790e-03   6.247033e-35   1.000000e+02
5.555776e-03   7.783275e-35   1.000000e+02
5.607235e-03   9.749809e-35   1.000000e+02
5.659170e-03   1.227240e-34   1.000000e+02
5.711586e-03   1.551377e-34   1.000000e+02
5.764488e-03   1.968404e-34   1.000000e+02
5.817880e-03   2.505386e-34   1.000000e+02
5.871766e-03   3.197078e-34   1.000000e+02
5.926152e-03   4.087941e-34   1.000000e+02
5.981041e-03   5.234600e-34   1.000000e+02
6.036439e-03   6.709077e-34   1.000000e+02
6.092349e-03   8.606727e-34   1.000000e+02
6.148778e-03   1.105483e-33   1.000000e+02
6.205729e-03   1.422167e-33   1.000000e+02
6.263207e-03   1.833070e-33   1.000000e+02
6.321218e-03   2.368007e-33   1.000000e+02
6.379767e-03   3.066957e-33   1.000000e+02
6.438857e-03   3.983812e-33   1.000000e+02
6.498495e-03   5.191609e-33   1.000000e+02
6.558686e-03   6.789887e-33   1.000000e+02
6.619433e-03   8.915097e-33   1.000000e+02
6.680744e-03   1.175542e-32   1.000000e+02
6.742622e-03   1.557199e-32   1.000000e+02
6.805074e-03   2.072954e-32   1.000000e+02
6.868104e-03   2.774089e-32   1.000000e+02
6.931717e-03   3.733202e-32   1.000000e+02
6.995920e-03   5.053807e-32   1.000000e+02
7.060718e-03   6.884020e-32   1.000000e+02
7.126115e-03   9.433897e-32   1.000000e+02
7.192119e-03   1.300330e-31   1.000000e+02
7.258734e-03   1.802258e-31   1.000000e+02
7.325965e-03   2.511129e-31   1.000000e+02
7.393820e-03   3.516394e-31   1.000000e+02
7.462303e-03   4.947552e-31   1.000000e+02
7.531420e-03   6.992542e-31   1.000000e+02
7.601178e-03   9.924746e-31   1.000000e+02
7.671581e-03   1.414266e-30   1.000000e+02
7.742637e-03   2.022823e-30   1.000000e+02
7.814351e-03   2.903270e-30   1.000000e+02
7.886729e-03   4.180300e-30   1.000000e+02
7.959777e-03   6.036786e-30   1.000000e+02
8.033502e-03   8.741404e-30   1.000000e+02
8.107910e-03   1.269865e-29   1.000000e+02
8.183007e-03   1.853217e-29   1.000000e+02
8.258799e-03   2.720804e-29   1.000000e+02
8.335294e-03   4.024219e-29   1.000000e+02
8.412497e-03   6.004679e-29   1.000000e+02
8.490415e-03   9.051748e-29   1.000000e+02
8.569055e-03   1.380449e-28   1.000000e+02
8.648423e-03   2.132868e-28   1.000000e+02
8.728527e-03   3.343289e-28   1.000000e+02
8.809372e-03   5.324280e-28   1.000000e+02
8.890966e-03   8.626519e-28   1.000000e+02
8.973316e-03   1.423995e-27   1.000000e+02
9.056428e-03   2.397370e-27   1.000000e+02
9.140311e-03   4.104257e-27   1.000000e+02
9.224970e-03   7.106250e-27   1.000000e+02
9.310413e-03   1.237569e-26   1.000000e+02
9.396648e-03   2.155946e-26   1.000000e+02
9.483682e-03   3.736479e-26   1.000000e+02
9.571522e-03   6.407078e-26   1.000000e+02
9.660175e-03   1.081052e-25   1.000000e+02
9.749649e-03   1.785005e-25   1.000000e+02
9.839952e-03   2.868500e-25   1.000000e+02
9.931092e-03   4.461791e-25   1.000000e+02
1.002308e-02   6.680851e-25   1.000000e+02
1.011591e-02   9.610463e-25   1.000000e+02
1.020961e-02   1.334346e-24   1.000000e+02
1.030417e-02   1.797875e-24   1.000000e+02
1.039961e-02   2.363588e-24   1.000000e+02
1.049593e-02   3.048319e-24   1.000000e+02
1.059315e-02   3.877752e-24   1.000000e+02
1.069126e-02   4.891992e-24   1.000000e+02
1.079029e-02   6.153641e-24   1.000000e+02
1.089023e-02   7.760224e-24   1.000000e+02
1.099110e-02   9.864314e-24   1.000000e+02
1.109290e-02   1.269625e-23   1.000000e+02
1.119564e-02   1.654377e-23   1.000000e+02
1.129934e-02   2.178815e-23   1.000000e+02
1.140400e-02   2.895396e-23   1.000000e+02
1.150962e-02   3.875903e-23   1.000000e+02
1.161623e-02   5.217836e-23   1.000000e+02
1.172382e-02   7.052384e-23   1.000000e+02
1.183241e-02   9.553992e-23   1.000000e+02
1.194200e-02   1.295128e-22   1.000000e+02
1.205261e-02   1.753925e-22   1.000000e+02
1.216424e-02   2.371412e-22   1.000000e+02
1.227691e-02   3.202524e-22   1.000000e+02
1.239062e-02   4.321963e-22   1.000000e+02
1.250539e-02   5.831595e-22   1.000000e+02
1.262121e-02   7.870920e-22   1.000000e+02
1.273811e-02   1.063187e-21   1.000000e+02
1.285610e-02   1.437985e-21   1.000000e+02
1.297517e-02   1.948378e-21   1.000000e+02
1.309535e-02   2.645802e-21   1.000000e+02
1.321664e-02   3.600949e-21   1.000000e+02
1.333906e-02   4.911120e-21   1.000000e+02
1.346261e-02   6.710826e-21   1.000000e+02
1.358730e-02   9.186100e-21   1.000000e+02
1.371315e-02   1.259430e-20   1.000000e+02
1.384016e-02   1.729149e-20   1.000000e+02
1.396835e-02   2.377028e-20   1.000000e+02
1.409773e-02   3.271247e-20   1.000000e+02
1.422830e-02   4.506645e-20   1.000000e+02
1.436009e-02   6.215316e-20   1.000000e+02
1.449310e-02   8.581285e-20   1.000000e+02
1.462733e-02   1.186124e-19   1.000000e+02
1.476281e-02   1.641365e-19   1.000000e+02
1.489955e-02   2.273985e-19   1.000000e+02
1.503755e-02   3.154177e-19   1.000000e+02
1.517683e-02   4.380288e-19   1.000000e+02
1.531740e-02   6.090120e-19   1.000000e+02
1.545928e-02   8.477009e-19   1.000000e+02
1.560246e-02   1.181245e-18   1.000000e+02
1.574698e-02   1.647803e-18   1.000000e+02
1.589283e-02   2.301045e-18   1.000000e+02
1.604003e-02   3.216523e-18   1.000000e+02
1.618860e-02   4.500639e-18   1.000000e+02
1.633854e-02   6.303279e-18   1.000000e+02
1.648987e-02   8.835719e-18   1.000000e+02
1.664260e-02   1.239592e-17   1.000000e+02
1.679675e-02   1.740424e-17   1.000000e+02
1.695232e-02   2.445398e-17   1.000000e+02
1.710934e-02   3.438272e-17   1.000000e+02
1.726781e-02   4.837329e-17   1.000000e+02
1.742775e-02   6.809637e-17   1.000000e+02
1.758917e-02   9.591212e-17   1.000000e+02
1.775208e-02   1.351551e-16   1.000000e+02
1.791650e-02   1.905371e-16   1.000000e+02
1.808245e-02   2.687157e-16   1.000000e+02
1.824993e-02   3.791080e-16   1.000000e+02
1.841897e-02   5.350446e-16   1.000000e+02
1.858957e-02   7.553971e-16   1.000000e+02
1.876175e-02   1.066892e-15   1.000000e+02
1.893552e-02   1.507392e-15   1.000000e+02
1.911091e-02   2.130561e-15   1.000000e+02
1.928792e-02   3.012488e-15   1.000000e+02
1.946656e-02   4.261096e-15   1.000000e+02
1.964687e-02   6.029526e-15   1.000000e+02
1.982884e-02   8.535169e-15   1.000000e+02
2.001250e-02   1.208675e-14   1.000000e+02
2.019786e-02   1.712231e-14   1.000000e+02
2.038493e-02   2.426114e-14   1.000000e+02
2.057374e-02   3.437854e-14   1.000000e+02
2.076430e-02   4.871046e-14   1.000000e+02
2.095662e-02   6.899964e-14   1.000000e+02
2.115073e-02   9.769951e-14   1.000000e+02
2.134663e-02   1.382580e-13   1.000000e+02
2.154435e-02   1.955111e-13   1.000000e+02
2.174389e-02   2.762277e-13   1.000000e+02
2.194529e-02   3.898602e-13   1.000000e+02
2.214855e-02   5.495760e-13   1.000000e+02
2.235370e-02   7.736684e-13   1.000000e+02
2.256074e-02   1.087480e-12   1.000000e+02
2.276970e-02   1.526015e-12   1.000000e+02
2.298060e-02   2.137461e-12   1.000000e+02
2.319345e-02   2.987931e-12   1.000000e+02
2.340827e-02   4.167806e-12   1.000000e+02
2.362508e-02   5.800160e-12   1.000000e+02
2.384390e-02   8.051916e-12   1.000000e+02
2.406475e-02   1.114850e-11   1.000000e+02
2.428764e-02   1.539300e-11   1.000000e+02
2.451260e-02   2.119094e-11   1.000000e+02
2.473964e-02   2.908232e-11   1.000000e+02
2.496878e-02   3.978238e-11   1.000000e+02
2.520005e-02   5.423535e-11   1.000000e+02
2.543346e-02   7.369638e-11   1.000000e+02
2.566903e-02   9.982968e-11   1.000000e+02
2.590678e-02   1.348344e-10   1.000000e+02
2.614673e-02   1.816131e-10   1.000000e+02
2.638891e-02   2.439927e-10   1.000000e+02
2.663333e-02   3.270148e-10   1.000000e+02
2.688001e-02   4.373171e-10   1.000000e+02
2.712898e-02   5.836359e-10   1.000000e+02
2.738025e-02   7.774666e-10   1.000000e+02
2.763385e-02   1.033936e-09   1.000000e+02
2.788980e-02   1.372951e-09   1.000000e+02
2.814812e-02   1.820723e-09   1.000000e+02
2.840884e-02   2.411782e-09   1.000000e+02
2.867196e-02   3.191650e-09   1.000000e+02
2.893753e-02   4.220396e-09   1.000000e+02
2.920556e-02   5.577375e-09   1.000000e+02
2.947606e-02   7.367545e-09   1.000000e+02
2.974908e-02   9.729932e-09   1.000000e+02
3.002462e-02   1.284898e-08   1.000000e+02
3.030271e-02   1.696580e-08   1.000000e+02
3.058338e-02   2.238139e-08   1.000000e+02
3.086665e-02   2.947179e-08   1.000000e+02
3.115254e-02   3.870191e-08   1.000000e+02
3.144108e-02   5.063661e-08   1.000000e+02
3.173230e-02   6.594821e-08   1.000000e+02
3.202621e-02   8.541760e-08   1.000000e+02
3.232284e-02   1.099252e-07   1.000000e+02
3.262222e-02   1.404278e-07   1.000000e+02
3.292437e-02   1.779156e-07   1.000000e+02
3.322933e-02   2.233470e-07   1.000000e+02
3.353710e-02   2.775563e-07   1.000000e+02
3.384773e-02   3.411355e-07   1.000000e+02
3.416123e-02   4.142927e-07   1.000000e+02
3.447764e-02   4.966976e-07   1.000000e+02
3.479698e-02   5.873283e-07   1.000000e+02
3.511928e-02   6.843429e-07   1.000000e+02
3.544456e-02   7.850013e-07   1.000000e+02
3.577285e-02   8.856672e-07   1.000000e+02
3.610419e-02   9.819155e-07   1.000000e+02
3.643859e-02   1.068762e-06   1.000000e+02
3.677609e-02   1.141013e-06   1.000000e+02
3.711672e-02   1.193722e-06   1.000000e+02
3.746050e-02   1.222695e-06   1.000000e+02
3.780747e-02   1.224999e-06   1.000000e+02
3.815765e-02   1.199376e-06   1.000000e+02
3.851107e-02   1.146508e-06   1.000000e+02
3.886777e-02   1.069056e-06   1.000000e+02
3.922777e-02   9.714611e-07   1.000000e+02
3.959110e-02   8.595118e-07   1.000000e+02
3.995780e-02   7.397406e-07   1.000000e+02
4.032790e-02   6.190086e-07   1.000000e+02
4.070142e-02   5.046125e-07   1.000000e+02
4.107841e-02   4.018761e-07   1.000000e+02
4.145888e-02   3.135657e-07   1.000000e+02
4.184289e-02   2.403788e-07   1.000000e+02
4.223044e-02   1.815617e-07   1.000000e+02
4.262159e-02   1.355009e-07   1.000000e+02
4.301636e-02   1.002026e-07   1.000000e+02
4.341478e-02   7.363152e-08   1.000000e+02
4.381690e-02   5.391704e-08   1.000000e+02
4.422274e-02   3.945436e-08   1.000000e+02
4.463234e-02   2.893341e-08   1.000000e+02
4.504573e-02   2.132403e-08   1.000000e+02
4.546295e-02   1.583919e-08   1.000000e+02
4.588404e-02   1.189105e-08   1.000000e+02
4.630903e-02   9.048159e-09   1.000000e+02
4.673795e-02   6.998129e-09   1.000000e+02
4.717085e-02   5.517148e-09   1.000000e+02
4.760775e-02   4.446187e-09   1.000000e+02
4.804870e-02   3.673078e-09   1.000000e+02
4.849374e-02   3.119402e-09   1.000000e+02
4.894290e-02   2.731117e-09   1.000000e+02
4.939622e-02   2.472102e-09   1.000000e+02
4.985373e-02   2.319951e-09   1.000000e+02
5.031549e-02   2.262981e-09   1.000000e+02
5.078152e-02   2.292942e-09   1.000000e+02
5.125187e-02   2.407020e-09   1.000000e+02
5.172657e-02   2.610914e-09   1.000000e+02
5.220568e-02   2.918659e-09   1.000000e+02
5.268921e-02   3.353544e-09   1.000000e+02
5.317723e-02   3.950081e-09   1.000000e+02
5.366977e-02   4.757089e-09   1.000000e+02
5.416687e-02   5.842001e-09   1.000000e+02
5.466857e-02   7.296568e-09   1.000000e+02
5.517492e-02   9.244091e-09   1.000000e+02
5.568596e-02   1.184814e-08   1.000000e+02
5.620174e-02   1.532244e-08   1.000000e+02
5.672229e-02   1.994111e-08   1.000000e+02
5.724766e-02   2.604753e-08   1.000000e+02
5.777790e-02   3.405892e-08   1.000000e+02
5.831305e-02   4.446254e-08   1.000000e+02
5.885316e-02   5.779742e-08   1.000000e+02
5.939827e-02   7.461483e-08   1.000000e+02
5.994843e-02   9.541049e-08   1.000000e+02
6.050368e-02   1.205753e-07   1.000000e+02
6.106408e-02   1.506018e-07   1.000000e+02
6.162966e-02   1.860604e-07   1.000000e+02
6.220049e-02   2.275475e-07   1.000000e+02
6.277660e-02   2.756938e-07   1.000000e+02
6.335805e-02   3.311778e-07   1.000000e+02
6.394488e-02   3.947454e-07   1.000000e+02
6.453715e-02   4.672369e-07   1.000000e+02
6.513491e-02   5.496216e-07   1.000000e+02
6.573820e-02   6.430422e-07   1.000000e+02
6.634708e-02   7.488705e-07   1.000000e+02
6.696160e-02   8.687763e-07   1.000000e+02
6.758181e-02   1.004814e-06   1.000000e+02
6.820777e-02   1.159530e-06   1.000000e+02
6.883952e-02   1.336103e-06   1.000000e+02
6.947713e-02   1.538515e-06   1.000000e+02
7.012064e-02   1.771777e-06   1.000000e+02
7.077011e-02   2.041641e-06   1.000000e+02
7.142559e-02   2.353647e-06   1.000000e+02
7.208715e-02   2.713828e-06   1.000000e+02
7.275484e-02   3.128890e-06   1.000000e+02
7.342870e-02   3.606226e-06   1.000000e+02
7.410882e-02   4.153918e-06   1.000000e+02
7.479523e-02   4.780716e-06   1.000000e+02
7.548799e-02   5.495988e-06   1.000000e+02
7.618718e-02   6.309634e-06   1.000000e+02
7.689284e-02   7.231956e-06   1.000000e+02
7.760503e-02   8.273482e-06   1.000000e+02
7.832383e-02   9.444729e-06   1.000000e+02
7.904928e-02   1.075591e-05   1.000000e+02
7.978145e-02   1.221656e-05   1.000000e+02
8.052040e-02   1.383476e-05   1.000000e+02
8.126619e-02   1.561292e-05   1.000000e+02
8.201889e-02   1.754652e-05   1.000000e+02
8.277857e-02   1.962439e-05   1.000000e+02
8.354528e-02   2.182749e-05   1.000000e+02
8.431909e-02   2.412781e-05   1.000000e+02
8.510007e-02   2.648759e-05   1.000000e+02
8.588829e-02   2.885902e-05   1.000000e+02
8.668380e-02   3.118453e-05   1.000000e+02
8.748668e-02   3.339791e-05   1.000000e+02
8.829700e-02   3.542632e-05   1.000000e+02
8.911482e-02   3.719318e-05   1.000000e+02
8.994022e-02   3.862205e-05   1.000000e+02
9.077327e-02   3.965843e-05   1.000000e+02
9.161402e-02   4.034593e-05   1.000000e+02
9.246257e-02   4.077142e-05   1.000000e+02
9.331898e-02   4.103285e-05   1.000000e+02
9.418332e-02   4.123398e-05   1.000000e+02
9.505566e-02   4.148150e-05   1.000000e+02
9.593608e-02   4.188487e-05   1.000000e+02
9.682466e-02   4.255898e-05   1.000000e+02
9.772147e-02   4.362995e-05   1.000000e+02
9.862658e-02   4.524446e-05   1.000000e+02
9.954008e-02   4.758404e-05   1.000000e+02
1.004620e-01   5.088109e-05   1.000000e+02
1.013925e-01   5.532535e-05   1.000000e+02
1.023317e-01   6.104187e-05   1.000000e+02
1.032795e-01   6.818463e-05   1.000000e+02
1.042361e-01   7.693419e-05   1.000000e+02
1.052015e-01   8.748744e-05   1.000000e+02
1.061759e-01   1.000425e-04   1.000000e+02
1.071593e-01   1.147771e-04   1.000000e+02
1.081519e-01   1.318188e-04   1.000000e+02
1.091536e-01   1.512061e-04   1.000000e+02
1.101646e-01   1.728429e-04   1.000000e+02
1.111850e-01   1.965940e-04   1.000000e+02
1.122148e-01   2.225767e-04   1.000000e+02
1.132541e-01   2.509913e-04   1.000000e+02
1.143031e-01   2.820882e-04   1.000000e+02
1.153618e-01   3.161820e-04   1.000000e+02
1.164303e-01   3.536660e-04   1.000000e+02
1.175087e-01   3.950314e-04   1.000000e+02
1.185971e-01   4.408903e-04   1.000000e+02
1.196956e-01   4.920034e-04   1.000000e+02
1.208042e-01   5.492871e-04   1.000000e+02
1.219231e-01   6.135629e-04   1.000000e+02
1.230524e-01   6.855835e-04   1.000000e+02
1.241921e-01   7.661520e-04   1.000000e+02
1.253424e-01   8.561201e-04   1.000000e+02
1.265034e-01   9.563819e-04   1.000000e+02
1.276751e-01   1.067866e-03   1.000000e+02
1.288576e-01   1.191524e-03   1.000000e+02
1.300511e-01   1.328315e-03   1.000000e+02
1.312557e-01   1.479193e-03   1.000000e+02
1.324714e-01   1.645103e-03   1.000000e+02
1.336984e-01   1.826946e-03   1.000000e+02
1.349367e-01   2.025546e-03   1.000000e+02
1.361865e-01   2.241622e-03   1.000000e+02
1.374479e-01   2.475747e-03   1.000000e+02
1.387210e-01   2.728309e-03   1.000000e+02
1.400058e-01   2.999468e-03   1.000000e+02
1.413026e-01   3.289620e-03   1.000000e+02
1.426114e-01   3.601241e-03   1.000000e+02
1.439323e-01   3.938074e-03   1.000000e+02
1.452654e-01   4.304878e-03   1.000000e+02
1.466109e-01   4.707641e-03   1.000000e+02
1.479688e-01   5.153844e-03   1.000000e+02
1.493393e-01   5.652815e-03   1.000000e+02
1.507225e-01   6.216003e-03   1.000000e+02
1.521186e-01   6.853423e-03   1.000000e+02
1.535275e-01   7.572431e-03   1.000000e+02
1.549495e-01   8.380427e-03   1.000000e+02
1.563847e-01   9.284778e-03   1.000000e+02
1.578331e-01   1.029255e-02   1.000000e+02
1.592950e-01   1.141017e-02   1.000000e+02
1.607704e-01   1.264316e-02   1.000000e+02
1.622595e-01   1.399923e-02   1.000000e+02
1.637624e-01   1.548943e-02   1.000000e+02
1.652792e-01   1.712581e-02   1.000000e+02
1.668101e-01   1.892140e-02   1.000000e+02
1.683551e-01   2.089024e-02   1.000000e+02
1.699144e-01   2.304751e-02   1.000000e+02
1.714882e-01   2.540952e-02   1.000000e+02
1.730766e-01   2.799386e-02   1.000000e+02
1.746796e-01   3.081946e-02   1.000000e+02
1.762975e-01   3.390665e-02   1.000000e+02
1.779304e-01   3.727729e-02   1.000000e+02
1.795785e-01   4.095484e-02   1.000000e+02
1.812418e-01   4.496463e-02   1.000000e+02
1.829205e-01   4.933539e-02   1.000000e+02
1.846147e-01   5.409929e-02   1.000000e+02
1.863246e-01   5.929171e-02   1.000000e+02
1.880504e-01   6.495156e-02   1.000000e+02
1.897922e-01   7.112175e-02   1.000000e+02
1.915501e-01   7.784958e-02   1.000000e+02
1.933242e-01   8.518734e-02   1.000000e+02
1.951148e-01   9.319285e-02   1.000000e+02
1.969220e-01   1.019302e-01   1.000000e+02
1.987460e-01   1.114704e-01   1.000000e+02
2.005868e-01   1.218924e-01   1.000000e+02
2.024447e-01   1.332806e-01   1.000000e+02
2.043197e-01   1.457224e-01   1.000000e+02
2.062122e-01   1.593124e-01   1.000000e+02
2.081222e-01   1.741527e-01   1.000000e+02
2.100498e-01   1.903546e-01   1.000000e+02
2.119953e-01   2.080380e-01   1.000000e+02
2.139589e-01   2.273331e-01   1.000000e+02
2.159406e-01   2.483807e-01   1.000000e+02
2.179407e-01   2.713328e-01   1.000000e+02
2.199593e-01   2.963537e-01   1.000000e+02
2.219966e-01   3.236207e-01   1.000000e+02
2.240528e-01   3.533251e-01   1.000000e+02
2.261280e-01   3.856730e-01   1.000000e+02
2.282224e-01   4.208863e-01   1.000000e+02
2.303363e-01   4.592038e-01   1.000000e+02
2.324697e-01   5.008822e-01   1.000000e+02
2.346229e-01   5.461971e-01   1.000000e+02
2.367960e-01   5.954445e-01   1.000000e+02
2.389893e-01   6.489415e-01   1.000000e+02
2.412028e-01   7.070277e-01   1.000000e+02
2.434369e-01   7.700665e-01   1.000000e+02
2.456916e-01   8.384464e-01   1.000000e+02
2.479673e-01   9.125821e-01   1.000000e+02
2.502640e-01   9.929157e-01   1.000000e+02
2.525820e-01   1.079924e+00   1.000000e+02
2.549215e-01   1.174130e+00   1.000000e+02
2.572826e-01   1.276102e+00   1.000000e+02
2.596656e-01   1.386447e+00   1.000000e+02
2.620707e-01   1.505822e+00   1.000000e+02
2.644980e-01   1.634933e+00   1.000000e+02
2.669478e-01   1.774537e+00   1.000000e+02
2.694204e-01   1.925451e+00   1.000000e+02
2.719158e-01   2.088552e+00   1.000000e+02
2.744343e-01   2.264786e+00   1.000000e+02
2.769762e-01   2.455168e+00   1.000000e+02
2.795416e-01   2.660791e+00   1.000000e+02
2.821308e-01   2.882831e+00   1.000000e+02
2.847439e-01   3.122551e+00   1.000000e+02
2.873813e-01   3.381313e+00   1.000000e+02
2.900430e-01   3.660580e+00   1.000000e+02
2.927295e-01   3.961926e+00   1.000000e+02
2.954408e-01   4.287046e+00   1.000000e+02
2.981772e-01   4.637763e+00   1.000000e+02
3.009390e-01   5.016037e+00   1.000000e+02
3.037264e-01   5.423950e+00   1.000000e+02
3.065395e-01   5.863684e+00   1.000000e+02
3.093788e-01   6.337564e+00   1.000000e+02
3.122443e-01   6.848067e+00   1.000000e+02
3.151363e-01   7.397830e+00   1.000000e+02
3.180552e-01   7.989661e+00   1.000000e+02
3.210011e-01   8.626547e+00   1.000000e+02
3.239743e-01   9.311661e+00   1.000000e+02
3.269750e-01   1.004837e+01   1.000000e+02
3.300035e-01   1.084026e+01   1.000000e+02
3.330600e-01   1.169112e+01   1.000000e+02
3.361449e-01   1.260497e+01   1.000000e+02
3.392583e-01   1.358606e+01   1.000000e+02
3.424006e-01   1.463890e+01   1.000000e+02
3.455720e-01   1.576824e+01   1.000000e+02
3.487727e-01   1.697912e+01   1.000000e+02
3.520031e-01   1.827684e+01   1.000000e+02
3.552635e-01   1.966726e+01   1.000000e+02
3.585540e-01   2.115677e+01   1.000000e+02
3.618750e-01   2.275221e+01   1.000000e+02
3.652267e-01   2.446092e+01   1.000000e+02
3.686095e-01   2.629075e+01   1.000000e+02
3.720237e-01   2.825014e+01   1.000000e+02
3.754694e-01   3.034810e+01   1.000000e+02
3.789471e-01   3.259432e+01   1.000000e+02
3.824570e-01   3.499920e+01   1.000000e+02
3.859994e-01   3.757389e+01   1.000000e+02
3.895746e-01   4.033037e+01   1.000000e+02
3.931829e-01   4.328150e+01   1.000000e+02
3.968246e-01   4.644112e+01   1.000000e+02
4.005001e-01   4.982411e+01   1.000000e+02
4.042096e-01   5.344600e+01   1.000000e+02
4.079535e-01   5.732214e+01   1.000000e+02
4.117320e-01   6.146842e+01   1.000000e+02
4.155455e-01   6.590148e+01   1.000000e+02
4.193944e-01   7.063870e+01   1.000000e+02
4.232789e-01   7.569822e+01   1.000000e+02
4.271994e-01   8.109892e+01   1.000000e+02
4.311562e-01   8.686041e+01   1.000000e+02
4.351497e-01   9.300302e+01   1.000000e+02
4.391801e-01   9.954778e+01   1.000000e+02
4.432479e-01   1.065164e+02   1.000000e+02
4.473533e-01   1.139312e+02   1.000000e+02
4.514968e-01   1.218151e+02   1.000000e+02
4.556786e-01   1.301939e+02   1.000000e+02
4.598992e-01   1.390972e+02   1.000000e+02
4.641589e-01   1.485574e+02   1.000000e+02
4.684580e-01   1.586087e+02   1.000000e+02
4.727970e-01   1.692877e+02   1.000000e+02
4.771761e-01   1.806336e+02   1.000000e+02
4.815958e-01   1.926884e+02   1.000000e+02
4.860564e-01   2.054970e+02   1.000000e+02
4.905584e-01   2.191074e+02   1.000000e+02
4.951020e-01   2.335713e+02   1.000000e+02
4.996877e-01   2.489440e+02   1.000000e+02
5.043159e-01   2.652842e+02   1.000000e+02
5.089870e-01   2.826497e+02   1.000000e+02
5.137014e-01   3.011005e+02   1.000000e+02
5.184594e-01   3.206994e+02   1.000000e+02
5.232614e-01   3.415125e+02   1.000000e+02
5.281080e-01   3.636092e+02   1.000000e+02
5.329994e-01   3.870625e+02   1.000000e+02
5.379362e-01   4.119489e+02   1.000000e+02
5.429186e-01   4.383486e+02   1.000000e+02
5.479472e-01   4.663457e+02   1.000000e+02
5.530224e-01   4.960283e+02   1.000000e+02
5.581446e-01   5.274888e+02   1.000000e+02
5.633143e-01   5.608236e+02   1.000000e+02
5.685318e-01   5.961337e+02   1.000000e+02
5.737976e-01   6.335245e+02   1.000000e+02
5.791123e-01   6.731063e+02   1.000000e+02
5.844761e-01   7.149941e+02   1.000000e+02
5.898896e-01   7.593077e+02   1.000000e+02
5.953533e-01   8.061721e+02   1.000000e+02
6.008676e-01   8.557176e+02   1.000000e+02
6.064329e-01   9.080812e+02   1.000000e+02
6.120498e-01   9.634098e+02   1.000000e+02
6.177188e-01   1.021858e+03   1.000000e+02
6.234402e-01   1.083588e+03   1.000000e+02
6.292146e-01   1.148768e+03   1.000000e+02
6.350425e-01   1.217578e+03   1.000000e+02
6.409244e-01   1.290203e+03   1.000000e+02
6.468608e-01   1.366838e+03   1.000000e+02
6.528521e-01   1.447688e+03   1.000000e+02
6.588990e-01   1.532966e+03   1.000000e+02
6.650018e-01   1.622896e+03   1.000000e+02
6.711612e-01   1.717712e+03   1.000000e+02
6.773776e-01   1.817660e+03   1.000000e+02
6.836516e-01   1.922995e+03   1.000000e+02
6.899837e-01   2.033988e+03   1.000000e+02
6.963745e-01   2.150917e+03   1.000000e+02
7.028244e-01   2.274078e+03   1.000000e+02
7.093341e-01   2.403775e+03   1.000000e+02
7.159041e-01   2.540322e+03   1.000000e+02
7.225349e-01   2.684048e+03   1.000000e+02
7.292272e-01   2.835294e+03   1.000000e+02
7.359814e-01   2.994417e+03   1.000000e+02
7.427982e-01   3.161786e+03   1.000000e+02
7.496782e-01   3.337788e+03   1.000000e+02
7.566219e-01   3.522822e+03   1.000000e+02
7.636298e-01   3.717308e+03   1.000000e+02
7.707027e-01   3.921678e+03   1.000000e+02
7.778411e-01   4.136383e+03   1.000000e+02
7.850456e-01   4.361892e+03   1.000000e+02
7.923169e-01   4.598692e+03   1.000000e+02
7.996555e-01   4.847287e+03   1.000000e+02
8.070620e-01   5.108204e+03   1.000000e+02
8.145372e-01   5.381991e+03   1.000000e+02
8.220816e-01   5.669217e+03   1.000000e+02
8.296959e-01   5.970477e+03   1.000000e+02
8.373807e-01   6.286386e+03   1.000000e+02
8.451366e-01   6.617582e+03   1.000000e+02
8.529644e-01   6.964729e+03   1.000000e+02
8.608648e-01   7.328516e+03   1.000000e+02
8.688383e-01   7.709655e+03   1.000000e+02
8.768856e-01   8.108889e+03   1.000000e+02
8.850075e-01   8.526984e+03   1.000000e+02
8.932046e-01   8.964736e+03   1.000000e+02
9.014776e-01   9.422971e+03   1.000000e+02
9.098273e-01   9.902540e+03   1.000000e+02
9.182543e-01   1.040432e+04   1.000000e+02
9.267593e-01   1.092920e+04   1.000000e+02
9.353432e-01   1.147813e+04   1.000000e+02
9.440065e-01   1.205206e+04   1.000000e+02
9.527500e-01   1.265198e+04   1.000000e+02
9.615746e-01   1.327892e+04   1.000000e+02
9.704809e-01   1.393394e+04   1.000000e+02
9.794697e-01   1.461811e+04   1.000000e+02
9.885417e-01   1.533258e+04   1.000000e+02
9.976978e-01   1.607847e+04   1.000000e+02
1.006939e+00   1.685700e+04   1.000000e+02
1.016265e+00   1.766940e+04   1.000000e+02
1.025678e+00   1.851694e+04   1.000000e+02
1.035178e+00   1.940094e+04   1.000000e+02
1.044766e+00   2.032278e+04   1.000000e+02
1.054443e+00   2.128384e+04   1.000000e+02
1.064209e+00   2.228557e+04   1.000000e+02
1.074066e+00   2.332947e+04   1.000000e+02
1.084014e+00   2.441705e+04   1.000000e+02
1.094055e+00   2.554990e+04   1.000000e+02
1.104188e+00   2.672963e+04   1.000000e+02
1.114415e+00   2.795791e+04   1.000000e+02
1.124737e+00   2.923646e+04   1.000000e+02
1.135155e+00   3.056704e+04   1.000000e+02
1.145669e+00   3.195145e+04   1.000000e+02
1.156280e+00   3.339155e+04   1.000000e+02
1.166990e+00   3.488926e+04   1.000000e+02
1.177799e+00   3.644654e+04   1.000000e+02
1.188708e+00   3.806540e+04   1.000000e+02
1.199718e+00   3.974791e+04   1.000000e+02
1.210830e+00   4.149618e+04   1.000000e+02
1.222045e+00   4.331240e+04   1.000000e+02
1.233363e+00   4.519878e+04   1.000000e+02
1.244787e+00   4.715761e+04   1.000000e+02
1.256317e+00   4.919125e+04   1.000000e+02
1.267953e+00   5.130219e+04   1.000000e+02
1.279697e+00   5.349310e+04   1.000000e+02
1.291550e+00   5.576675e+04   1.000000e+02
1.303512e+00   5.812600e+04   1.000000e+02
1.315586e+00   6.057382e+04   1.000000e+02
1.327771e+00   6.311329e+04   1.000000e+02
1.340069e+00   6.574757e+04   1.000000e+02
1.352481e+00   6.847999e+04   1.000000e+02
1.365008e+00   7.131394e+04   1.000000e+02
1.377651e+00   7.425299e+04   1.000000e+02
1.390411e+00   7.730081e+04   1.000000e+02
1.403289e+00   8.046120e+04   1.000000e+02
1.416287e+00   8.373814e+04   1.000000e+02
1.429405e+00   8.713573e+04   1.000000e+02
1.442644e+00   9.065823e+04   1.000000e+02
1.456006e+00   9.431006e+04   1.000000e+02
1.469492e+00   9.809584e+04   1.000000e+02
1.483103e+00   1.020203e+05   1.000000e+02
1.496839e+00   1.060885e+05   1.000000e+02
1.510703e+00   1.103054e+05   1.000000e+02
1.524696e+00   1.146749e+05   1.000000e+02
1.538818e+00   1.192003e+05   1.000000e+02
1.553071e+00   1.238849e+05   1.000000e+02
1.567455e+00   1.287317e+05   1.000000e+02
1.581973e+00   1.337436e+05   1.000000e+02
1.596626e+00   1.389232e+05   1.000000e+02
1.611414e+00   1.442732e+05   1.000000e+02
1.626340e+00   1.497958e+05   1.000000e+02
1.641403e+00   1.554930e+05   1.000000e+02
1.656606e+00   1.613667e+05   1.000000e+02
1.671950e+00   1.674182e+05   1.000000e+02
1.687436e+00   1.736487e+05   1.000000e+02
1.703065e+00   1.800590e+05   1.000000e+02
1.718839e+00   1.866495e+05   1.000000e+02
1.734759e+00   1.934202e+05   1.000000e+02
1.750827e+00   2.003705e+05   1.000000e+02
1.767044e+00   2.075009e+05   1.000000e+02
1.783410e+00   2.148155e+05   1.000000e+02
1.799929e+00   2.223200e+05   1.000000e+02
1.816600e+00   2.300202e+05   1.000000e+02
1.833425e+00   2.379227e+05   1.000000e+02
1.850407e+00   2.460342e+05   1.000000e+02
1.867546e+00   2.543621e+05   1.000000e+02
1.884843e+00   2.629143e+05   1.000000e+02
1.902301e+00   2.716992e+05   1.000000e+02
1.919921e+00   2.807258e+05   1.000000e+02
1.937703e+00   2.900039e+05   1.000000e+02
1.955651e+00   2.995438e+05   1.000000e+02
1.973764e+00   3.093566e+05   1.000000e+02
1.992046e+00   3.194542e+05   1.000000e+02
2.010496e+00   3.298488e+05   1.000000e+02
2.029118e+00   3.405502e+05   1.000000e+02
2.047912e+00   3.515648e+05   1.000000e+02
2.066880e+00   3.628992e+05   1.000000e+02
2.086024e+00   3.745599e+05   1.000000e+02
2.105345e+00   3.865533e+05   1.000000e+02
2.124845e+00   3.988859e+05   1.000000e+02
2.144526e+00   4.115639e+05   1.000000e+02
2.164389e+00   4.245937e+05   1.000000e+02
2.184436e+00   4.379814e+05   1.000000e+02
2.204669e+00   4.517332e+05   1.000000e+02
2.225089e+00   4.658549e+05   1.000000e+02
2.245698e+00   4.803524e+05   1.000000e+02
2.266498e+00   4.952314e+05   1.000000e+02
2.287491e+00   5.104973e+05   1.000000e+02
2.308678e+00   5.261556e+05   1.000000e+02
2.330061e+00   5.422113e+05   1.000000e+02
2.351643e+00   5.586694e+05   1.000000e+02
2.373424e+00   5.755344e+05   1.000000e+02
2.395407e+00   5.928109e+05   1.000000e+02
2.417594e+00   6.105028e+05   1.000000e+02
2.439986e+00   6.286140e+05   1.000000e+02
2.462586e+00   6.471481e+05   1.000000e+02
2.485395e+00   6.661080e+05   1.000000e+02
2.508415e+00   6.854967e+05   1.000000e+02
2.531648e+00   7.053182e+05   1.000000e+02
2.555097e+00   7.255790e+05   1.000000e+02
2.578763e+00   7.462860e+05   1.000000e+02
2.602648e+00   7.674459e+05   1.000000e+02
2.626754e+00   7.890656e+05   1.000000e+02
2.651084e+00   8.111523e+05   1.000000e+02
2.675638e+00   8.337131e+05   1.000000e+02
2.700421e+00   8.567551e+05   1.000000e+02
2.725433e+00   8.802858e+05   1.000000e+02
2.750676e+00   9.043126e+05   1.000000e+02
2.776153e+00   9.288431e+05   1.000000e+02
2.801867e+00   9.538850e+05   1.000000e+02
2.827818e+00   9.794462e+05   1.000000e+02
2.854010e+00   1.005535e+06   1.000000e+02
2.880444e+00   1.032158e+06   1.000000e+02
2.907123e+00   1.059326e+06   1.000000e+02
2.934050e+00   1.087045e+06   1.000000e+02
2.961225e+00   1.115325e+06   1.000000e+02
2.988653e+00   1.144175e+06   1.000000e+02
3.016334e+00   1.173602e+06   1.000000e+02
3.044272e+00   1.203616e+06   1.000000e+02
3.072469e+00   1.234221e+06   1.000000e+02
3.100927e+00   1.265425e+06   1.000000e+02
3.129648e+00   1.297234e+06   1.000000e+02
3.158635e+00   1.329653e+06   1.000000e+02
3.187891e+00   1.362689e+06   1.000000e+02
3.217418e+00   1.396347e+06   1.000000e+02
3.247218e+00   1.430634e+06   1.000000e+02
3.277295e+00   1.465554e+06   1.000000e+02
3.307650e+00   1.501113e+06   1.000000e+02
3.338286e+00   1.537316e+06   1.000000e+02
3.369206e+00   1.574170e+06   1.000000e+02
3.400412e+00   1.611677e+06   1.000000e+02
3.431907e+00   1.649845e+06   1.000000e+02
3.463694e+00   1.688676e+06   1.000000e+02
3.495776e+00   1.728176e+06   1.000000e+02
3.528154e+00   1.768349e+06   1.000000e+02
3.560833e+00   1.809200e+06   1.000000e+02
3.593814e+00   1.850735e+06   1.000000e+02
3.627100e+00   1.892959e+06   1.000000e+02
3.660695e+00   1.935876e+06   1.000000e+02
3.694601e+00   1.979493e+06   1.000000e+02
3.728821e+00   2.023814e+06   1.000000e+02
3.763358e+00   2.068844e+06   1.000000e+02
3.798215e+00   2.114589e+06   1.000000e+02
3.833395e+00   2.161052e+06   1.000000e+02
3.868901e+00   2.208239e+06   1.000000e+02
3.904735e+00   2.256154e+06   1.000000e+02
3.940902e+00   2.304801e+06   1.000000e+02
3.977403e+00   2.354186e+06   1.000000e+02
4.014242e+00   2.404313e+06   1.000000e+02
4.051423e+00   2.455185e+06   1.000000e+02
4.088948e+00   2.506806e+06   1.000000e+02
4.126821e+00   2.559179e+06   1.000000e+02
4.165044e+00   2.612308e+06   1.000000e+02
4.203622e+00   2.666194e+06   1.000000e+02
4.242556e+00   2.720842e+06   1.000000e+02
4.281852e+00   2.776254e+06   1.000000e+02
4.321511e+00   2.832432e+06   1.000000e+02
4.361538e+00   2.889378e+06   1.000000e+02
4.401935e+00   2.947094e+06   1.000000e+02
4.442707e+00   3.005583e+06   1.000000e+02
4.483856e+00   3.064846e+06   1.000000e+02
4.525386e+00   3.124885e+06   1.000000e+02
4.567301e+00   3.185701e+06   1.000000e+02
4.609604e+00   3.247295e+06   1.000000e+02
4.652300e+00   3.309668e+06   1.000000e+02
4.695390e+00   3.372822e+06   1.000000e+02
4.738880e+00   3.436756e+06   1.000000e+02
4.782772e+00   3.501471e+06   1.000000e+02
4.827071e+00   3.566967e+06   1.000000e+02
4.871780e+00   3.633245e+06   1.000000e+02
4.916904e+00   3.700304e+06   1.000000e+02
4.962445e+00   3.768144e+06   1.000000e+02
5.008408e+00   3.836763e+06   1.000000e+02
5.054797e+00   3.906163e+06   1.000000e+02
5.101615e+00   3.976340e+06   1.000000e+02
5.148867e+00   4.047294e+06   1.000000e+02
5.196557e+00   4.119024e+06   1.000000e+02
5.244689e+00   4.191527e+06   1.000000e+02
5.293266e+00   4.264801e+06   1.000000e+02
5.342293e+00   4.338844e+06   1.000000e+02
5.391775e+00   4.413654e+06   1.000000e+02
5.441714e+00   4.489228e+06   1.000000e+02
5.492116e+00   4.565562e+06   1.000000e+02
5.542986e+00   4.642654e+06   1.000000e+02
5.594326e+00   4.720501e+06   1.000000e+02
5.646141e+00   4.799098e+06   1.000000e+02
5.698437e+00   4.878442e+06   1.000000e+02
5.751217e+00   4.958528e+06   1.000000e+02
5.804486e+00   5.039353e+06   1.000000e+02
5.858248e+00   5.120912e+06   1.000000e+02
5.912508e+00   5.203200e+06   1.000000e+02
5.967271e+00   5.286211e+06   1.000000e+02
6.022541e+00   5.369942e+06   1.000000e+02
6.078323e+00   5.454385e+06   1.000000e+02
6.134622e+00   5.539535e+06   1.000000e+02
6.191442e+00   5.625385e+06   1.000000e+02
6.248788e+00   5.711929e+06   1.000000e+02
6.306666e+00   5.799159e+06   1.000000e+02
6.365079e+00   5.887067e+06   1.000000e+02
6.424034e+00   5.975646e+06   1.000000e+02
6.483534e+00   6.064889e+06   1.000000e+02
6.543586e+00   6.154786e+06   1.000000e+02
6.604194e+00   6.245330e+06   1.000000e+02
6.665363e+00   6.336512e+06   1.000000e+02
6.727099e+00   6.428322e+06   1.000000e+02
6.789407e+00   6.520752e+06   1.000000e+02
6.852292e+00   6.613792e+06   1.000000e+02
6.915759e+00   6.707433e+06   1.000000e+02
6.979814e+00   6.801664e+06   1.000000e+02
7.044462e+00   6.896475e+06   1.000000e+02
7.109709e+00   6.991855e+06   1.000000e+02
7.175561e+00   7.087793e+06   1.000000e+02
7.242022e+00   7.184277e+06   1.000000e+02
7.309099e+00   7.281296e+06   1.000000e+02
7.376798e+00   7.378838e+06   1.000000e+02
7.445123e+00   7.476890e+06   1.000000e+02
7.514081e+00   7.575439e+06   1.000000e+02
7.583678e+00   7.674472e+06   1.000000e+02
7.653919e+00   7.773978e+06   1.000000e+02
7.724811e+00   7.873941e+06   1.000000e+02
7.796360e+00   7.974348e+06   1.000000e+02
7.868572e+00   8.075186e+06   1.000000e+02
7.941452e+00   8.176440e+06   1.000000e+02
8.015007e+00   8.278096e+06   1.000000e+02
8.089243e+00   8.380139e+06   1.000000e+02
8.164168e+00   8.482551e+06   1.000000e+02
8.239786e+00   8.585318e+06   1.000000e+02
8.316104e+00   8.688420e+06   1.000000e+02
8.393129e+00   8.791841e+06   1.000000e+02
8.470868e+00   8.895563e+06   1.000000e+02
8.549327e+00   8.999568e+06   1.000000e+02
8.628513e+00   9.103837e+06   1.000000e+02
8.708431e+00   9.208351e+06   1.000000e+02
8.789091e+00   9.313093e+06   1.000000e+02
8.870497e+00   9.418041e+06   1.000000e+02
8.952657e+00   9.523178e+06   1.000000e+02
9.035578e+00   9.628483e+06   1.000000e+02
9.119268e+00   9.733935e+06   1.000000e+02
9.203732e+00   9.839515e+06   1.000000e+02
9.288979e+00   9.945203e+06   1.000000e+02
9.375015e+00   1.005098e+07   1.000000e+02
9.461848e+00   1.015681e+07   1.000000e+02
9.549486e+00   1.026270e+07   1.000000e+02
9.637935e+00   1.036860e+07   1.000000e+02
9.727203e+00   1.047451e+07   1.000000e+02
9.817298e+00   1.058039e+07   1.000000e+02
9.908228e+00   1.068623e+07   1.000000e+02
1.000000e+01   1.079200e+07   1.000000e+02
