# Li9 + He3 > Li8 + a   [Li9_He3__Li8_a]   ref=TALYS2, Koning et al. 2023
# detailed balance: alpha=1.2491 beta=0 gamma=-191.634  Q=16.5138
# T9                 rate                error
1.000000e-03   1.000000e-35   1.000000e+02
1.009262e-03   1.006367e-35   1.000000e+02
1.018610e-03   1.011966e-35   1.000000e+02
1.028045e-03   1.016798e-35   1.000000e+02
1.037567e-03   1.020866e-35   1.000000e+02
1.047177e-03   1.024174e-35   1.000000e+02
1.056876e-03   1.026730e-35   1.000000e+02
1.066665e-03   1.028541e-35   1.000000e+02
1.076545e-03   1.029618e-35   1.000000e+02
1.086516e-03   1.029972e-35   1.000000e+02
1.096579e-03   1.029618e-35   1.000000e+02
1.106736e-03   1.028569e-35   1.000000e+02
1.116987e-03   1.026842e-35   1.000000e+02
1.127333e-03   1.024455e-35   1.000000e+02
1.137774e-03   1.021427e-35   1.000000e+02
1.148312e-03   1.017776e-35   1.000000e+02
1.158948e-03   1.013524e-35   1.000000e+02
1.169683e-03   1.008692e-35   1.000000e+02
1.180517e-03   1.003303e-35   1.000000e+02
1.191451e-03   9.973787e-36   1.000000e+02
1.202486e-03   9.909435e-36   1.000000e+02
1.213624e-03   9.840209e-36   1.000000e+02
1.224865e-03   9.766352e-36   1.000000e+02
1.236210e-03   9.688110e-36   1.000000e+02
1.247660e-03   9.605728e-36   1.000000e+02
1.259216e-03   9.519454e-36   1.000000e+02
1.270879e-03   9.429536e-36   1.000000e+02
1.282650e-03   9.336220e-36   1.000000e+02
1.294530e-03   9.239751e-36   1.000000e+02
1.306520e-03   9.140372e-36   1.000000e+02
1.318621e-03   9.038323e-36   1.000000e+02
1.330835e-03   8.933840e-36   1.000000e+02
1.343161e-03   8.827157e-36   1.000000e+02
1.355602e-03   8.718500e-36   1.000000e+02
1.368158e-03   8.608094e-36   1.000000e+02
1.380830e-03   8.496155e-36   1.000000e+02
1.393619e-03   8.382895e-36   1.000000e+02
1.406527e-03   8.268521e-36   1.000000e+02
1.419555e-03   8.153231e-36   1.000000e+02
1.432703e-03   8.037219e-36   1.000000e+02
1.445973e-03   7.920670e-36   1.000000e+02
1.459366e-03   7.803763e-36   1.000000e+02
1.472883e-03   7.686669e-36   1.000000e+02
1.486525e-03   7.569555e-36   1.000000e+02
1.500293e-03   7.452576e-36   1.000000e+02
1.514189e-03   7.335884e-36   1.000000e+02
1.528214e-03   7.219620e-36   1.000000e+02
1.542369e-03   7.103920e-36   1.000000e+02
1.556654e-03   6.988913e-36   1.000000e+02
1.571072e-03   6.874720e-36   1.000000e+02
1.585624e-03   6.761455e-36   1.000000e+02
1.600310e-03   6.649225e-36   1.000000e+02
1.615133e-03   6.538130e-36   1.000000e+02
1.630092e-03   6.428265e-36   1.000000e+02
1.645191e-03   6.319718e-36   1.000000e+02
1.660429e-03   6.212568e-36   1.000000e+02
1.675808e-03   6.106892e-36   1.000000e+02
1.691330e-03   6.002758e-36   1.000000e+02
1.706995e-03   5.900230e-36   1.000000e+02
1.722805e-03   5.799366e-36   1.000000e+02
1.738762e-03   5.700220e-36   1.000000e+02
1.754867e-03   5.602838e-36   1.000000e+02
1.771121e-03   5.507265e-36   1.000000e+02
1.787526e-03   5.413538e-36   1.000000e+02
1.804082e-03   5.321693e-36   1.000000e+02
1.820792e-03   5.231758e-36   1.000000e+02
1.837656e-03   5.143761e-36   1.000000e+02
1.854677e-03   5.057724e-36   1.000000e+02
1.871855e-03   4.973667e-36   1.000000e+02
1.889193e-03   4.891606e-36   1.000000e+02
1.906691e-03   4.811554e-36   1.000000e+02
1.924351e-03   4.733522e-36   1.000000e+02
1.942175e-03   4.657518e-36   1.000000e+02
1.960163e-03   4.583547e-36   1.000000e+02
1.978319e-03   4.511613e-36   1.000000e+02
1.996642e-03   4.441718e-36   1.000000e+02
2.015136e-03   4.373862e-36   1.000000e+02
2.033800e-03   4.308044e-36   1.000000e+02
2.052638e-03   4.244261e-36   1.000000e+02
2.071650e-03   4.182509e-36   1.000000e+02
2.090838e-03   4.122784e-36   1.000000e+02
2.110203e-03   4.065079e-36   1.000000e+02
2.129749e-03   4.009389e-36   1.000000e+02
2.149475e-03   3.955708e-36   1.000000e+02
2.169384e-03   3.904028e-36   1.000000e+02
2.189477e-03   3.854342e-36   1.000000e+02
2.209756e-03   3.806644e-36   1.000000e+02
2.230223e-03   3.760927e-36   1.000000e+02
2.250880e-03   3.717184e-36   1.000000e+02
2.271728e-03   3.675411e-36   1.000000e+02
2.292769e-03   3.635601e-36   1.000000e+02
2.314005e-03   3.597750e-36   1.000000e+02
2.335438e-03   3.561855e-36   1.000000e+02
2.357069e-03   3.527913e-36   1.000000e+02
2.378901e-03   3.495924e-36   1.000000e+02
2.400935e-03   3.465888e-36   1.000000e+02
2.423173e-03   3.437805e-36   1.000000e+02
2.445617e-03   3.411681e-36   1.000000e+02
2.468268e-03   3.387519e-36   1.000000e+02
2.491130e-03   3.365328e-36   1.000000e+02
2.514203e-03   3.345117e-36   1.000000e+02
2.537490e-03   3.326897e-36   1.000000e+02
2.560993e-03   3.310683e-36   1.000000e+02
2.584714e-03   3.296491e-36   1.000000e+02
2.608654e-03   3.284341e-36   1.000000e+02
2.632815e-03   3.274257e-36   1.000000e+02
2.657201e-03   3.266264e-36   1.000000e+02
2.681813e-03   3.260392e-36   1.000000e+02
2.706652e-03   3.256674e-36   1.000000e+02
2.731722e-03   3.255148e-36   1.000000e+02
2.757023e-03   3.255855e-36   1.000000e+02
2.782559e-03   3.258841e-36   1.000000e+02
2.808332e-03   3.264159e-36   1.000000e+02
2.834343e-03   3.271863e-36   1.000000e+02
2.860596e-03   3.282017e-36   1.000000e+02
2.887091e-03   3.294687e-36   1.000000e+02
2.913832e-03   3.309949e-36   1.000000e+02
2.940820e-03   3.327884e-36   1.000000e+02
2.968059e-03   3.348579e-36   1.000000e+02
2.995549e-03   3.372133e-36   1.000000e+02
3.023295e-03   3.398621e-36   1.000000e+02
3.051297e-03   3.427938e-36   1.000000e+02
3.079559e-03   3.459903e-36   1.000000e+02
3.108082e-03   3.494334e-36   1.000000e+02
3.136870e-03   3.531042e-36   1.000000e+02
3.165924e-03   3.569833e-36   1.000000e+02
3.195248e-03   3.610508e-36   1.000000e+02
3.224842e-03   3.652855e-36   1.000000e+02
3.254712e-03   3.696655e-36   1.000000e+02
3.284857e-03   3.741679e-36   1.000000e+02
3.315282e-03   3.787683e-36   1.000000e+02
3.345989e-03   3.834415e-36   1.000000e+02
3.376980e-03   3.881605e-36   1.000000e+02
3.408259e-03   3.928972e-36   1.000000e+02
3.439826e-03   3.976222e-36   1.000000e+02
3.471687e-03   4.023045e-36   1.000000e+02
3.503842e-03   4.069119e-36   1.000000e+02
3.536296e-03   4.114109e-36   1.000000e+02
3.569049e-03   4.157665e-36   1.000000e+02
3.602107e-03   4.199430e-36   1.000000e+02
3.635470e-03   4.239033e-36   1.000000e+02
3.669142e-03   4.276096e-36   1.000000e+02
3.703127e-03   4.310234e-36   1.000000e+02
3.737426e-03   4.341060e-36   1.000000e+02
3.772042e-03   4.368182e-36   1.000000e+02
3.806980e-03   4.391211e-36   1.000000e+02
3.842241e-03   4.409761e-36   1.000000e+02
3.877828e-03   4.423456e-36   1.000000e+02
3.913746e-03   4.431928e-36   1.000000e+02
3.949995e-03   4.434828e-36   1.000000e+02
3.986581e-03   4.431824e-36   1.000000e+02
4.023506e-03   4.422724e-36   1.000000e+02
4.060772e-03   4.408872e-36   1.000000e+02
4.098384e-03   4.392668e-36   1.000000e+02
4.136344e-03   4.376506e-36   1.000000e+02
4.174655e-03   4.362747e-36   1.000000e+02
4.213322e-03   4.353723e-36   1.000000e+02
4.252346e-03   4.351761e-36   1.000000e+02
4.291732e-03   4.359210e-36   1.000000e+02
4.331483e-03   4.378486e-36   1.000000e+02
4.371602e-03   4.412134e-36   1.000000e+02
4.412093e-03   4.462900e-36   1.000000e+02
4.452959e-03   4.533819e-36   1.000000e+02
4.494203e-03   4.628337e-36   1.000000e+02
4.535829e-03   4.750447e-36   1.000000e+02
4.577841e-03   4.904874e-36   1.000000e+02
4.620241e-03   5.097298e-36   1.000000e+02
4.663035e-03   5.334653e-36   1.000000e+02
4.706225e-03   5.625502e-36   1.000000e+02
4.749815e-03   5.980539e-36   1.000000e+02
4.793808e-03   6.413255e-36   1.000000e+02
4.838210e-03   6.940820e-36   1.000000e+02
4.883022e-03   7.585291e-36   1.000000e+02
4.928250e-03   8.375252e-36   1.000000e+02
4.973896e-03   9.348088e-36   1.000000e+02
5.019965e-03   1.055299e-35   1.000000e+02
5.066461e-03   1.204973e-35   1.000000e+02
5.113388e-03   1.390916e-35   1.000000e+02
5.160749e-03   1.622203e-35   1.000000e+02
5.208549e-03   1.910506e-35   1.000000e+02
5.256791e-03   2.270856e-35   1.000000e+02
5.305481e-03   2.722618e-35   1.000000e+02
5.354621e-03   3.290780e-35   1.000000e+02
5.404216e-03   4.007599e-35   1.000000e+02
5.454271e-03   4.914753e-35   1.000000e+02
5.504790e-03   6.066102e-35   1.000000e+02
5.555776e-03   7.531244e-35   1.000000e+02
5.607235e-03   9.400078e-35   1.000000e+02
5.659170e-03   1.178860e-34   1.000000e+02
5.711586e-03   1.484630e-34   1.000000e+02
5.764488e-03   1.876538e-34   1.000000e+02
5.817880e-03   2.379240e-34   1.000000e+02
5.871766e-03   3.024265e-34   1.000000e+02
5.926152e-03   3.851772e-34   1.000000e+02
5.981041e-03   4.912684e-34   1.000000e+02
6.036439e-03   6.271502e-34   1.000000e+02
6.092349e-03   8.013351e-34   1.000000e+02
6.148778e-03   1.025150e-33   1.000000e+02
6.205729e-03   1.313512e-33   1.000000e+02
6.263207e-03   1.686156e-33   1.000000e+02
6.321218e-03   2.169309e-33   1.000000e+02
6.379767e-03   2.798002e-33   1.000000e+02
6.438857e-03   3.619271e-33   1.000000e+02
6.498495e-03   4.696600e-33   1.000000e+02
6.558686e-03   6.116158e-33   1.000000e+02
6.619433e-03   7.995572e-33   1.000000e+02
6.680744e-03   1.049638e-32   1.000000e+02
6.742622e-03   1.384176e-32   1.000000e+02
6.805074e-03   1.834207e-32   1.000000e+02
6.868104e-03   2.443171e-32   1.000000e+02
6.931717e-03   3.272283e-32   1.000000e+02
6.995920e-03   4.408416e-32   1.000000e+02
7.060718e-03   5.975268e-32   1.000000e+02
7.126115e-03   8.147339e-32   1.000000e+02
7.192119e-03   1.117242e-31   1.000000e+02
7.258734e-03   1.540429e-31   1.000000e+02
7.325965e-03   2.134953e-31   1.000000e+02
7.393820e-03   2.973562e-31   1.000000e+02
7.462303e-03   4.160997e-31   1.000000e+02
7.531420e-03   5.848427e-31   1.000000e+02
7.601178e-03   8.254517e-31   1.000000e+02
7.671581e-03   1.169620e-30   1.000000e+02
7.742637e-03   1.663367e-30   1.000000e+02
7.814351e-03   2.373620e-30   1.000000e+02
7.886729e-03   3.397846e-30   1.000000e+02
7.959777e-03   4.878151e-30   1.000000e+02
8.033502e-03   7.022091e-30   1.000000e+02
8.107910e-03   1.014046e-29   1.000000e+02
8.183007e-03   1.470989e-29   1.000000e+02
8.258799e-03   2.146460e-29   1.000000e+02
8.335294e-03   3.154988e-29   1.000000e+02
8.412497e-03   4.677726e-29   1.000000e+02
8.490415e-03   7.005422e-29   1.000000e+02
8.569055e-03   1.061199e-28   1.000000e+02
8.648423e-03   1.628255e-28   1.000000e+02
8.728527e-03   2.534030e-28   1.000000e+02
8.809372e-03   4.005578e-28   1.000000e+02
8.890966e-03   6.439959e-28   1.000000e+02
8.973316e-03   1.054547e-27   1.000000e+02
9.056428e-03   1.760602e-27   1.000000e+02
9.140311e-03   2.988204e-27   1.000000e+02
9.224970e-03   5.128451e-27   1.000000e+02
9.310413e-03   8.852093e-27   1.000000e+02
9.396648e-03   1.528433e-26   1.000000e+02
9.483682e-03   2.625693e-26   1.000000e+02
9.571522e-03   4.463710e-26   1.000000e+02
9.660175e-03   7.468938e-26   1.000000e+02
9.749649e-03   1.223460e-25   1.000000e+02
9.839952e-03   1.951395e-25   1.000000e+02
9.931092e-03   3.014269e-25   1.000000e+02
1.002308e-02   4.485072e-25   1.000000e+02
1.011591e-02   6.415698e-25   1.000000e+02
1.020961e-02   8.863249e-25   1.000000e+02
1.030417e-02   1.188862e-24   1.000000e+02
1.039961e-02   1.556591e-24   1.000000e+02
1.049593e-02   2.000032e-24   1.000000e+02
1.059315e-02   2.535326e-24   1.000000e+02
1.069126e-02   3.187717e-24   1.000000e+02
1.079029e-02   3.996594e-24   1.000000e+02
1.089023e-02   5.023188e-24   1.000000e+02
1.099110e-02   6.363015e-24   1.000000e+02
1.109290e-02   8.159669e-24   1.000000e+02
1.119564e-02   1.059118e-23   1.000000e+02
1.129934e-02   1.389206e-23   1.000000e+02
1.140400e-02   1.838343e-23   1.000000e+02
1.150962e-02   2.450261e-23   1.000000e+02
1.161623e-02   3.284063e-23   1.000000e+02
1.172382e-02   4.418875e-23   1.000000e+02
1.183241e-02   5.959373e-23   1.000000e+02
1.194200e-02   8.042035e-23   1.000000e+02
1.205261e-02   1.084206e-22   1.000000e+02
1.216424e-02   1.459385e-22   1.000000e+02
1.227691e-02   1.962131e-22   1.000000e+02
1.239062e-02   2.636313e-22   1.000000e+02
1.250539e-02   3.541500e-22   1.000000e+02
1.262121e-02   4.758932e-22   1.000000e+02
1.273811e-02   6.399914e-22   1.000000e+02
1.285610e-02   8.617709e-22   1.000000e+02
1.297517e-02   1.162447e-21   1.000000e+02
1.309535e-02   1.571466e-21   1.000000e+02
1.321664e-02   2.129111e-21   1.000000e+02
1.333906e-02   2.890562e-21   1.000000e+02
1.346261e-02   3.931756e-21   1.000000e+02
1.358730e-02   5.357229e-21   1.000000e+02
1.371315e-02   7.310928e-21   1.000000e+02
1.384016e-02   9.991085e-21   1.000000e+02
1.396835e-02   1.367067e-20   1.000000e+02
1.409773e-02   1.872575e-20   1.000000e+02
1.422830e-02   2.567702e-20   1.000000e+02
1.436009e-02   3.524640e-20   1.000000e+02
1.449310e-02   4.843496e-20   1.000000e+02
1.462733e-02   6.663252e-20   1.000000e+02
1.476281e-02   9.177102e-20   1.000000e+02
1.489955e-02   1.265395e-19   1.000000e+02
1.503755e-02   1.746855e-19   1.000000e+02
1.517683e-02   2.414347e-19   1.000000e+02
1.531740e-02   3.340743e-19   1.000000e+02
1.545928e-02   4.627797e-19   1.000000e+02
1.560246e-02   6.417717e-19   1.000000e+02
1.574698e-02   8.909414e-19   1.000000e+02
1.589283e-02   1.238133e-18   1.000000e+02
1.604003e-02   1.722352e-18   1.000000e+02
1.618860e-02   2.398267e-18   1.000000e+02
1.633854e-02   3.342518e-18   1.000000e+02
1.648987e-02   4.662611e-18   1.000000e+02
1.664260e-02   6.509426e-18   1.000000e+02
1.679675e-02   9.094795e-18   1.000000e+02
1.695232e-02   1.271624e-17   1.000000e+02
1.710934e-02   1.779177e-17   1.000000e+02
1.726781e-02   2.490879e-17   1.000000e+02
1.742775e-02   3.489298e-17   1.000000e+02
1.758917e-02   4.890512e-17   1.000000e+02
1.775208e-02   6.857728e-17   1.000000e+02
1.791650e-02   9.620432e-17   1.000000e+02
1.808245e-02   1.350133e-16   1.000000e+02
1.824993e-02   1.895466e-16   1.000000e+02
1.841897e-02   2.662035e-16   1.000000e+02
1.858957e-02   3.739993e-16   1.000000e+02
1.876175e-02   5.256398e-16   1.000000e+02
1.893552e-02   7.390388e-16   1.000000e+02
1.911091e-02   1.039463e-15   1.000000e+02
1.928792e-02   1.462563e-15   1.000000e+02
1.946656e-02   2.058663e-15   1.000000e+02
1.964687e-02   2.898824e-15   1.000000e+02
1.982884e-02   4.083436e-15   1.000000e+02
2.001250e-02   5.754374e-15   1.000000e+02
2.019786e-02   8.111961e-15   1.000000e+02
2.038493e-02   1.143802e-14   1.000000e+02
2.057374e-02   1.612894e-14   1.000000e+02
2.076430e-02   2.274170e-14   1.000000e+02
2.095662e-02   3.205787e-14   1.000000e+02
2.115073e-02   4.517245e-14   1.000000e+02
2.134663e-02   6.361685e-14   1.000000e+02
2.154435e-02   8.952879e-14   1.000000e+02
2.174389e-02   1.258861e-13   1.000000e+02
2.194529e-02   1.768276e-13   1.000000e+02
2.214855e-02   2.480913e-13   1.000000e+02
2.235370e-02   3.476123e-13   1.000000e+02
2.256074e-02   4.863322e-13   1.000000e+02
2.276970e-02   6.792939e-13   1.000000e+02
2.298060e-02   9.471130e-13   1.000000e+02
2.319345e-02   1.317946e-12   1.000000e+02
2.340827e-02   1.830112e-12   1.000000e+02
2.362508e-02   2.535563e-12   1.000000e+02
2.384390e-02   3.504454e-12   1.000000e+02
2.406475e-02   4.831122e-12   1.000000e+02
2.428764e-02   6.641859e-12   1.000000e+02
2.451260e-02   9.104955e-12   1.000000e+02
2.473964e-02   1.244357e-11   1.000000e+02
2.496878e-02   1.695211e-11   1.000000e+02
2.520005e-02   2.301770e-11   1.000000e+02
2.543346e-02   3.115306e-11   1.000000e+02
2.566903e-02   4.203554e-11   1.000000e+02
2.590678e-02   5.655692e-11   1.000000e+02
2.614673e-02   7.588998e-11   1.000000e+02
2.638891e-02   1.015755e-10   1.000000e+02
2.663333e-02   1.356361e-10   1.000000e+02
2.688001e-02   1.807258e-10   1.000000e+02
2.712898e-02   2.403253e-10   1.000000e+02
2.738025e-02   3.189993e-10   1.000000e+02
2.763385e-02   4.227338e-10   1.000000e+02
2.788980e-02   5.593810e-10   1.000000e+02
2.814812e-02   7.392444e-10   1.000000e+02
2.840884e-02   9.758527e-10   1.000000e+02
2.867196e-02   1.286983e-09   1.000000e+02
2.893753e-02   1.696014e-09   1.000000e+02
2.920556e-02   2.233732e-09   1.000000e+02
2.947606e-02   2.940719e-09   1.000000e+02
2.974908e-02   3.870555e-09   1.000000e+02
3.002462e-02   5.094088e-09   1.000000e+02
3.030271e-02   6.703606e-09   1.000000e+02
3.058338e-02   8.813848e-09   1.000000e+02
3.086665e-02   1.156764e-08   1.000000e+02
3.115254e-02   1.514093e-08   1.000000e+02
3.144108e-02   1.974679e-08   1.000000e+02
3.173230e-02   2.563796e-08   1.000000e+02
3.202621e-02   3.310704e-08   1.000000e+02
3.232284e-02   4.248290e-08   1.000000e+02
3.262222e-02   5.412175e-08   1.000000e+02
3.292437e-02   6.839123e-08   1.000000e+02
3.322933e-02   8.564597e-08   1.000000e+02
3.353710e-02   1.061936e-07   1.000000e+02
3.384773e-02   1.302511e-07   1.000000e+02
3.416123e-02   1.578933e-07   1.000000e+02
3.447764e-02   1.889955e-07   1.000000e+02
3.479698e-02   2.231784e-07   1.000000e+02
3.511928e-02   2.597603e-07   1.000000e+02
3.544456e-02   2.977283e-07   1.000000e+02
3.577285e-02   3.357385e-07   1.000000e+02
3.610419e-02   3.721544e-07   1.000000e+02
3.643859e-02   4.051285e-07   1.000000e+02
3.677609e-02   4.327302e-07   1.000000e+02
3.711672e-02   4.531097e-07   1.000000e+02
3.746050e-02   4.646845e-07   1.000000e+02
3.780747e-02   4.663251e-07   1.000000e+02
3.815765e-02   4.575115e-07   1.000000e+02
3.851107e-02   4.384348e-07   1.000000e+02
3.886777e-02   4.100196e-07   1.000000e+02
3.922777e-02   3.738591e-07   1.000000e+02
3.959110e-02   3.320641e-07   1.000000e+02
3.995780e-02   2.870473e-07   1.000000e+02
4.032790e-02   2.413764e-07   1.000000e+02
4.070142e-02   1.978264e-07   1.000000e+02
4.107841e-02   1.584631e-07   1.000000e+02
4.145888e-02   1.244034e-07   1.000000e+02
4.184289e-02   9.598506e-08   1.000000e+02
4.223044e-02   7.298744e-08   1.000000e+02
4.262159e-02   5.484944e-08   1.000000e+02
4.301636e-02   4.084907e-08   1.000000e+02
4.341478e-02   3.023322e-08   1.000000e+02
4.381690e-02   2.229900e-08   1.000000e+02
4.422274e-02   1.643581e-08   1.000000e+02
4.463234e-02   1.213971e-08   1.000000e+02
4.504573e-02   9.010380e-09   1.000000e+02
4.546295e-02   6.739100e-09   1.000000e+02
4.588404e-02   5.093204e-09   1.000000e+02
4.630903e-02   3.900469e-09   1.000000e+02
4.673795e-02   3.035189e-09   1.000000e+02
4.717085e-02   2.406600e-09   1.000000e+02
4.760775e-02   1.949745e-09   1.000000e+02
4.804870e-02   1.618504e-09   1.000000e+02
4.849374e-02   1.380442e-09   1.000000e+02
4.894290e-02   1.213102e-09   1.000000e+02
4.939622e-02   1.101432e-09   1.000000e+02
4.985373e-02   1.036109e-09   1.000000e+02
5.031549e-02   1.012333e-09   1.000000e+02
5.078152e-02   1.026685e-09   1.000000e+02
5.125187e-02   1.078035e-09   1.000000e+02
5.172657e-02   1.168917e-09   1.000000e+02
5.220568e-02   1.305458e-09   1.000000e+02
5.268921e-02   1.497766e-09   1.000000e+02
5.317723e-02   1.760760e-09   1.000000e+02
5.366977e-02   2.115460e-09   1.000000e+02
5.416687e-02   2.590785e-09   1.000000e+02
5.466857e-02   3.225915e-09   1.000000e+02
5.517492e-02   4.073267e-09   1.000000e+02
5.568596e-02   5.202052e-09   1.000000e+02
5.620174e-02   6.702266e-09   1.000000e+02
5.672229e-02   8.688744e-09   1.000000e+02
5.724766e-02   1.130457e-08   1.000000e+02
5.777790e-02   1.472267e-08   1.000000e+02
5.831305e-02   1.914376e-08   1.000000e+02
5.885316e-02   2.478848e-08   1.000000e+02
5.939827e-02   3.188068e-08   1.000000e+02
5.994843e-02   4.061943e-08   1.000000e+02
6.050368e-02   5.115916e-08   1.000000e+02
6.106408e-02   6.369631e-08   1.000000e+02
6.162966e-02   7.845880e-08   1.000000e+02
6.220049e-02   9.568442e-08   1.000000e+02
6.277660e-02   1.156241e-07   1.000000e+02
6.335805e-02   1.385476e-07   1.000000e+02
6.394488e-02   1.647511e-07   1.000000e+02
6.453715e-02   1.945683e-07   1.000000e+02
6.513491e-02   2.283840e-07   1.000000e+02
6.573820e-02   2.666521e-07   1.000000e+02
6.634708e-02   3.099170e-07   1.000000e+02
6.696160e-02   3.588413e-07   1.000000e+02
6.758181e-02   4.142398e-07   1.000000e+02
6.820777e-02   4.771215e-07   1.000000e+02
6.883952e-02   5.487437e-07   1.000000e+02
6.947713e-02   6.306801e-07   1.000000e+02
7.012064e-02   7.249077e-07   1.000000e+02
7.077011e-02   8.336875e-07   1.000000e+02
7.142559e-02   9.591817e-07   1.000000e+02
7.208715e-02   1.103737e-06   1.000000e+02
7.275484e-02   1.269952e-06   1.000000e+02
7.342870e-02   1.460683e-06   1.000000e+02
7.410882e-02   1.679044e-06   1.000000e+02
7.479523e-02   1.928393e-06   1.000000e+02
7.548799e-02   2.212312e-06   1.000000e+02
7.618718e-02   2.534572e-06   1.000000e+02
7.689284e-02   2.899081e-06   1.000000e+02
7.760503e-02   3.309814e-06   1.000000e+02
7.832383e-02   3.770721e-06   1.000000e+02
7.904928e-02   4.285613e-06   1.000000e+02
7.978145e-02   4.858019e-06   1.000000e+02
8.052040e-02   5.490889e-06   1.000000e+02
8.126619e-02   6.184920e-06   1.000000e+02
8.201889e-02   6.938102e-06   1.000000e+02
8.277857e-02   7.745847e-06   1.000000e+02
8.354528e-02   8.600530e-06   1.000000e+02
8.431909e-02   9.491089e-06   1.000000e+02
8.510007e-02   1.040274e-05   1.000000e+02
8.588829e-02   1.131689e-05   1.000000e+02
8.668380e-02   1.221125e-05   1.000000e+02
8.748668e-02   1.306031e-05   1.000000e+02
8.829700e-02   1.383610e-05   1.000000e+02
8.911482e-02   1.450932e-05   1.000000e+02
8.994022e-02   1.505081e-05   1.000000e+02
9.077327e-02   1.543999e-05   1.000000e+02
9.161402e-02   1.569409e-05   1.000000e+02
9.246257e-02   1.584694e-05   1.000000e+02
9.331898e-02   1.593648e-05   1.000000e+02
9.418332e-02   1.600277e-05   1.000000e+02
9.505566e-02   1.608685e-05   1.000000e+02
9.593608e-02   1.623074e-05   1.000000e+02
9.682466e-02   1.647838e-05   1.000000e+02
9.772147e-02   1.687787e-05   1.000000e+02
9.862658e-02   1.748498e-05   1.000000e+02
9.954008e-02   1.836856e-05   1.000000e+02
1.004620e-01   1.961652e-05   1.000000e+02
1.013925e-01   2.129993e-05   1.000000e+02
1.023317e-01   2.346471e-05   1.000000e+02
1.032795e-01   2.616745e-05   1.000000e+02
1.042361e-01   2.947435e-05   1.000000e+02
1.052015e-01   3.345736e-05   1.000000e+02
1.061759e-01   3.818843e-05   1.000000e+02
1.071593e-01   4.373131e-05   1.000000e+02
1.081519e-01   5.013043e-05   1.000000e+02
1.091536e-01   5.739668e-05   1.000000e+02
1.101646e-01   6.549034e-05   1.000000e+02
1.111850e-01   7.435745e-05   1.000000e+02
1.122148e-01   8.403924e-05   1.000000e+02
1.132541e-01   9.460760e-05   1.000000e+02
1.143031e-01   1.061529e-04   1.000000e+02
1.153618e-01   1.187890e-04   1.000000e+02
1.164303e-01   1.326582e-04   1.000000e+02
1.175087e-01   1.479386e-04   1.000000e+02
1.185971e-01   1.648523e-04   1.000000e+02
1.196956e-01   1.836748e-04   1.000000e+02
1.208042e-01   2.047381e-04   1.000000e+02
1.219231e-01   2.283372e-04   1.000000e+02
1.230524e-01   2.547401e-04   1.000000e+02
1.241921e-01   2.842322e-04   1.000000e+02
1.253424e-01   3.171154e-04   1.000000e+02
1.265034e-01   3.537057e-04   1.000000e+02
1.276751e-01   3.943302e-04   1.000000e+02
1.288576e-01   4.393231e-04   1.000000e+02
1.300511e-01   4.890199e-04   1.000000e+02
1.312557e-01   5.437534e-04   1.000000e+02
1.324714e-01   6.038518e-04   1.000000e+02
1.336984e-01   6.696269e-04   1.000000e+02
1.349367e-01   7.413632e-04   1.000000e+02
1.361865e-01   8.193057e-04   1.000000e+02
1.374479e-01   9.036475e-04   1.000000e+02
1.387210e-01   9.945156e-04   1.000000e+02
1.400058e-01   1.091955e-03   1.000000e+02
1.413026e-01   1.196098e-03   1.000000e+02
1.426114e-01   1.307819e-03   1.000000e+02
1.439323e-01   1.428441e-03   1.000000e+02
1.452654e-01   1.559645e-03   1.000000e+02
1.466109e-01   1.703543e-03   1.000000e+02
1.479688e-01   1.862770e-03   1.000000e+02
1.493393e-01   2.040607e-03   1.000000e+02
1.507225e-01   2.241070e-03   1.000000e+02
1.521186e-01   2.467654e-03   1.000000e+02
1.535275e-01   2.722893e-03   1.000000e+02
1.549495e-01   3.009329e-03   1.000000e+02
1.563847e-01   3.329479e-03   1.000000e+02
1.578331e-01   3.685750e-03   1.000000e+02
1.592950e-01   4.080312e-03   1.000000e+02
1.607704e-01   4.515016e-03   1.000000e+02
1.622595e-01   4.992471e-03   1.000000e+02
1.637624e-01   5.516454e-03   1.000000e+02
1.652792e-01   6.091084e-03   1.000000e+02
1.668101e-01   6.720803e-03   1.000000e+02
1.683551e-01   7.410401e-03   1.000000e+02
1.699144e-01   8.165035e-03   1.000000e+02
1.714882e-01   8.990258e-03   1.000000e+02
1.730766e-01   9.892042e-03   1.000000e+02
1.746796e-01   1.087680e-02   1.000000e+02
1.762975e-01   1.195143e-02   1.000000e+02
1.779304e-01   1.312334e-02   1.000000e+02
1.795785e-01   1.440044e-02   1.000000e+02
1.812418e-01   1.579130e-02   1.000000e+02
1.829205e-01   1.730562e-02   1.000000e+02
1.846147e-01   1.895428e-02   1.000000e+02
1.863246e-01   2.074921e-02   1.000000e+02
1.880504e-01   2.270353e-02   1.000000e+02
1.897922e-01   2.483169e-02   1.000000e+02
1.915501e-01   2.714962e-02   1.000000e+02
1.933242e-01   2.967490e-02   1.000000e+02
1.951148e-01   3.242695e-02   1.000000e+02
1.969220e-01   3.542730e-02   1.000000e+02
1.987460e-01   3.869977e-02   1.000000e+02
2.005868e-01   4.227080e-02   1.000000e+02
2.024447e-01   4.616865e-02   1.000000e+02
2.043197e-01   5.042250e-02   1.000000e+02
2.062122e-01   5.506385e-02   1.000000e+02
2.081222e-01   6.012680e-02   1.000000e+02
2.100498e-01   6.564829e-02   1.000000e+02
2.119953e-01   7.166827e-02   1.000000e+02
2.139589e-01   7.822994e-02   1.000000e+02
2.159406e-01   8.537999e-02   1.000000e+02
2.179407e-01   9.316882e-02   1.000000e+02
2.199593e-01   1.016508e-01   1.000000e+02
2.219966e-01   1.108847e-01   1.000000e+02
2.240528e-01   1.209335e-01   1.000000e+02
2.261280e-01   1.318654e-01   1.000000e+02
2.282224e-01   1.437536e-01   1.000000e+02
2.303363e-01   1.566766e-01   1.000000e+02
2.324697e-01   1.707191e-01   1.000000e+02
2.346229e-01   1.859716e-01   1.000000e+02
2.367960e-01   2.025313e-01   1.000000e+02
2.389893e-01   2.205024e-01   1.000000e+02
2.412028e-01   2.399962e-01   1.000000e+02
2.434369e-01   2.611318e-01   1.000000e+02
2.456916e-01   2.840363e-01   1.000000e+02
2.479673e-01   3.088453e-01   1.000000e+02
2.502640e-01   3.357035e-01   1.000000e+02
2.525820e-01   3.647662e-01   1.000000e+02
2.549215e-01   3.962047e-01   1.000000e+02
2.572826e-01   4.302036e-01   1.000000e+02
2.596656e-01   4.669615e-01   1.000000e+02
2.620707e-01   5.066921e-01   1.000000e+02
2.644980e-01   5.496247e-01   1.000000e+02
2.669478e-01   5.960061e-01   1.000000e+02
2.694204e-01   6.461015e-01   1.000000e+02
2.719158e-01   7.001960e-01   1.000000e+02
2.744343e-01   7.585960e-01   1.000000e+02
2.769762e-01   8.216309e-01   1.000000e+02
2.795416e-01   8.896547e-01   1.000000e+02
2.821308e-01   9.630481e-01   1.000000e+02
2.847439e-01   1.042220e+00   1.000000e+02
2.873813e-01   1.127610e+00   1.000000e+02
2.900430e-01   1.219692e+00   1.000000e+02
2.927295e-01   1.318973e+00   1.000000e+02
2.954408e-01   1.426001e+00   1.000000e+02
2.981772e-01   1.541362e+00   1.000000e+02
3.009390e-01   1.665688e+00   1.000000e+02
3.037264e-01   1.799650e+00   1.000000e+02
3.065395e-01   1.943949e+00   1.000000e+02
3.093788e-01   2.099332e+00   1.000000e+02
3.122443e-01   2.266596e+00   1.000000e+02
3.151363e-01   2.446586e+00   1.000000e+02
3.180552e-01   2.640203e+00   1.000000e+02
3.210011e-01   2.848406e+00   1.000000e+02
3.239743e-01   3.072210e+00   1.000000e+02
3.269750e-01   3.312695e+00   1.000000e+02
3.300035e-01   3.571007e+00   1.000000e+02
3.330600e-01   3.848358e+00   1.000000e+02
3.361449e-01   4.146033e+00   1.000000e+02
3.392583e-01   4.465393e+00   1.000000e+02
3.424006e-01   4.807876e+00   1.000000e+02
3.455720e-01   5.175001e+00   1.000000e+02
3.487727e-01   5.568373e+00   1.000000e+02
3.520031e-01   5.989687e+00   1.000000e+02
3.552635e-01   6.440807e+00   1.000000e+02
3.585540e-01   6.923772e+00   1.000000e+02
3.618750e-01   7.440766e+00   1.000000e+02
3.652267e-01   7.994125e+00   1.000000e+02
3.686095e-01   8.586352e+00   1.000000e+02
3.720237e-01   9.220130e+00   1.000000e+02
3.754694e-01   9.898332e+00   1.000000e+02
3.789471e-01   1.062404e+01   1.000000e+02
3.824570e-01   1.140056e+01   1.000000e+02
3.859994e-01   1.223143e+01   1.000000e+02
3.895746e-01   1.312047e+01   1.000000e+02
3.931829e-01   1.407175e+01   1.000000e+02
3.968246e-01   1.508968e+01   1.000000e+02
4.005001e-01   1.617898e+01   1.000000e+02
4.042096e-01   1.734457e+01   1.000000e+02
4.079535e-01   1.859132e+01   1.000000e+02
4.117320e-01   1.992426e+01   1.000000e+02
4.155455e-01   2.134866e+01   1.000000e+02
4.193944e-01   2.287002e+01   1.000000e+02
4.232789e-01   2.449409e+01   1.000000e+02
4.271994e-01   2.622683e+01   1.000000e+02
4.311562e-01   2.807445e+01   1.000000e+02
4.351497e-01   3.004337e+01   1.000000e+02
4.391801e-01   3.214026e+01   1.000000e+02
4.432479e-01   3.437196e+01   1.000000e+02
4.473533e-01   3.674555e+01   1.000000e+02
4.514968e-01   3.926828e+01   1.000000e+02
4.556786e-01   4.194825e+01   1.000000e+02
4.598992e-01   4.479493e+01   1.000000e+02
4.641589e-01   4.781851e+01   1.000000e+02
4.684580e-01   5.102985e+01   1.000000e+02
4.727970e-01   5.444055e+01   1.000000e+02
4.771761e-01   5.806304e+01   1.000000e+02
4.815958e-01   6.191061e+01   1.000000e+02
4.860564e-01   6.599748e+01   1.000000e+02
4.905584e-01   7.033890e+01   1.000000e+02
4.951020e-01   7.495124e+01   1.000000e+02
4.996877e-01   7.985203e+01   1.000000e+02
5.043159e-01   8.505985e+01   1.000000e+02
5.089870e-01   9.059307e+01   1.000000e+02
5.137014e-01   9.647064e+01   1.000000e+02
5.184594e-01   1.027125e+02   1.000000e+02
5.232614e-01   1.093396e+02   1.000000e+02
5.281080e-01   1.163739e+02   1.000000e+02
5.329994e-01   1.238385e+02   1.000000e+02
5.379362e-01   1.317578e+02   1.000000e+02
5.429186e-01   1.401571e+02   1.000000e+02
5.479472e-01   1.490632e+02   1.000000e+02
5.530224e-01   1.585039e+02   1.000000e+02
5.581446e-01   1.685087e+02   1.000000e+02
5.633143e-01   1.791080e+02   1.000000e+02
5.685318e-01   1.903341e+02   1.000000e+02
5.737976e-01   2.022204e+02   1.000000e+02
5.791123e-01   2.148019e+02   1.000000e+02
5.844761e-01   2.281152e+02   1.000000e+02
5.898896e-01   2.421984e+02   1.000000e+02
5.953533e-01   2.570914e+02   1.000000e+02
6.008676e-01   2.728355e+02   1.000000e+02
6.064329e-01   2.894744e+02   1.000000e+02
6.120498e-01   3.070550e+02   1.000000e+02
6.177188e-01   3.256265e+02   1.000000e+02
6.234402e-01   3.452405e+02   1.000000e+02
6.292146e-01   3.659511e+02   1.000000e+02
6.350425e-01   3.878151e+02   1.000000e+02
6.409244e-01   4.108920e+02   1.000000e+02
6.468608e-01   4.352439e+02   1.000000e+02
6.528521e-01   4.609362e+02   1.000000e+02
6.588990e-01   4.880372e+02   1.000000e+02
6.650018e-01   5.166185e+02   1.000000e+02
6.711612e-01   5.467551e+02   1.000000e+02
6.773776e-01   5.785254e+02   1.000000e+02
6.836516e-01   6.120117e+02   1.000000e+02
6.899837e-01   6.473000e+02   1.000000e+02
6.963745e-01   6.844804e+02   1.000000e+02
7.028244e-01   7.236472e+02   1.000000e+02
7.093341e-01   7.648981e+02   1.000000e+02
7.159041e-01   8.083343e+02   1.000000e+02
7.225349e-01   8.540613e+02   1.000000e+02
7.292272e-01   9.021889e+02   1.000000e+02
7.359814e-01   9.528318e+02   1.000000e+02
7.427982e-01   1.006109e+03   1.000000e+02
7.496782e-01   1.062145e+03   1.000000e+02
7.566219e-01   1.121070e+03   1.000000e+02
7.636298e-01   1.183017e+03   1.000000e+02
7.707027e-01   1.248127e+03   1.000000e+02
7.778411e-01   1.316546e+03   1.000000e+02
7.850456e-01   1.388425e+03   1.000000e+02
7.923169e-01   1.463922e+03   1.000000e+02
7.996555e-01   1.543200e+03   1.000000e+02
8.070620e-01   1.626431e+03   1.000000e+02
8.145372e-01   1.713791e+03   1.000000e+02
8.220816e-01   1.805466e+03   1.000000e+02
8.296959e-01   1.901649e+03   1.000000e+02
8.373807e-01   2.002540e+03   1.000000e+02
8.451366e-01   2.108348e+03   1.000000e+02
8.529644e-01   2.219288e+03   1.000000e+02
8.608648e-01   2.335586e+03   1.000000e+02
8.688383e-01   2.457474e+03   1.000000e+02
8.768856e-01   2.585194e+03   1.000000e+02
8.850075e-01   2.718998e+03   1.000000e+02
8.932046e-01   2.859147e+03   1.000000e+02
9.014776e-01   3.005910e+03   1.000000e+02
9.098273e-01   3.159568e+03   1.000000e+02
9.182543e-01   3.320408e+03   1.000000e+02
9.267593e-01   3.488725e+03   1.000000e+02
9.353432e-01   3.664827e+03   1.000000e+02
9.440065e-01   3.849029e+03   1.000000e+02
9.527500e-01   4.041660e+03   1.000000e+02
9.615746e-01   4.243056e+03   1.000000e+02
9.704809e-01   4.453567e+03   1.000000e+02
9.794697e-01   4.673552e+03   1.000000e+02
9.885417e-01   4.903382e+03   1.000000e+02
9.976978e-01   5.143441e+03   1.000000e+02
1.006939e+00   5.394123e+03   1.000000e+02
1.016265e+00   5.655839e+03   1.000000e+02
1.025678e+00   5.929016e+03   1.000000e+02
1.035178e+00   6.214092e+03   1.000000e+02
1.044766e+00   6.511522e+03   1.000000e+02
1.054443e+00   6.821774e+03   1.000000e+02
1.064209e+00   7.145331e+03   1.000000e+02
1.074066e+00   7.482690e+03   1.000000e+02
1.084014e+00   7.834365e+03   1.000000e+02
1.094055e+00   8.200884e+03   1.000000e+02
1.104188e+00   8.582792e+03   1.000000e+02
1.114415e+00   8.980650e+03   1.000000e+02
1.124737e+00   9.395036e+03   1.000000e+02
1.135155e+00   9.826544e+03   1.000000e+02
1.145669e+00   1.027579e+04   1.000000e+02
1.156280e+00   1.074339e+04   1.000000e+02
1.166990e+00   1.123001e+04   1.000000e+02
1.177799e+00   1.173631e+04   1.000000e+02
1.188708e+00   1.226297e+04   1.000000e+02
1.199718e+00   1.281069e+04   1.000000e+02
1.210830e+00   1.338021e+04   1.000000e+02
1.222045e+00   1.397225e+04   1.000000e+02
1.233363e+00   1.458760e+04   1.000000e+02
1.244787e+00   1.522702e+04   1.000000e+02
1.256317e+00   1.589133e+04   1.000000e+02
1.267953e+00   1.658137e+04   1.000000e+02
1.279697e+00   1.729807e+04   1.000000e+02
1.291550e+00   1.804237e+04   1.000000e+02
1.303512e+00   1.881523e+04   1.000000e+02
1.315586e+00   1.961769e+04   1.000000e+02
1.327771e+00   2.045078e+04   1.000000e+02
1.340069e+00   2.131559e+04   1.000000e+02
1.352481e+00   2.221326e+04   1.000000e+02
1.365008e+00   2.314495e+04   1.000000e+02
1.377651e+00   2.411187e+04   1.000000e+02
1.390411e+00   2.511529e+04   1.000000e+02
1.403289e+00   2.615650e+04   1.000000e+02
1.416287e+00   2.723686e+04   1.000000e+02
1.429405e+00   2.835779e+04   1.000000e+02
1.442644e+00   2.952073e+04   1.000000e+02
1.456006e+00   3.072720e+04   1.000000e+02
1.469492e+00   3.197879e+04   1.000000e+02
1.483103e+00   3.327711e+04   1.000000e+02
1.496839e+00   3.462388e+04   1.000000e+02
1.510703e+00   3.602081e+04   1.000000e+02
1.524696e+00   3.746928e+04   1.000000e+02
1.538818e+00   3.897048e+04   1.000000e+02
1.553071e+00   4.052556e+04   1.000000e+02
1.567455e+00   4.213562e+04   1.000000e+02
1.581973e+00   4.380173e+04   1.000000e+02
1.596626e+00   4.552488e+04   1.000000e+02
1.611414e+00   4.730602e+04   1.000000e+02
1.626340e+00   4.914603e+04   1.000000e+02
1.641403e+00   5.104569e+04   1.000000e+02
1.656606e+00   5.300572e+04   1.000000e+02
1.671950e+00   5.502672e+04   1.000000e+02
1.687436e+00   5.710921e+04   1.000000e+02
1.703065e+00   5.925358e+04   1.000000e+02
1.718839e+00   6.146010e+04   1.000000e+02
1.734759e+00   6.372890e+04   1.000000e+02
1.750827e+00   6.605997e+04   1.000000e+02
1.767044e+00   6.845356e+04   1.000000e+02
1.783410e+00   7.091121e+04   1.000000e+02
1.799929e+00   7.343487e+04   1.000000e+02
1.816600e+00   7.602663e+04   1.000000e+02
1.833425e+00   7.868872e+04   1.000000e+02
1.850407e+00   8.142353e+04   1.000000e+02
1.867546e+00   8.423362e+04   1.000000e+02
1.884843e+00   8.712173e+04   1.000000e+02
1.902301e+00   9.009080e+04   1.000000e+02
1.919921e+00   9.314394e+04   1.000000e+02
1.937703e+00   9.628451e+04   1.000000e+02
1.955651e+00   9.951608e+04   1.000000e+02
1.973764e+00   1.028425e+05   1.000000e+02
1.992046e+00   1.062678e+05   1.000000e+02
2.010496e+00   1.097962e+05   1.000000e+02
2.029118e+00   1.134312e+05   1.000000e+02
2.047912e+00   1.171751e+05   1.000000e+02
2.066880e+00   1.210302e+05   1.000000e+02
2.086024e+00   1.249990e+05   1.000000e+02
2.105345e+00   1.290837e+05   1.000000e+02
2.124845e+00   1.332867e+05   1.000000e+02
2.144526e+00   1.376103e+05   1.000000e+02
2.164389e+00   1.420568e+05   1.000000e+02
2.184436e+00   1.466285e+05   1.000000e+02
2.204669e+00   1.513276e+05   1.000000e+02
2.225089e+00   1.561563e+05   1.000000e+02
2.245698e+00   1.611168e+05   1.000000e+02
2.266498e+00   1.662112e+05   1.000000e+02
2.287491e+00   1.714416e+05   1.000000e+02
2.308678e+00   1.768099e+05   1.000000e+02
2.330061e+00   1.823181e+05   1.000000e+02
2.351643e+00   1.879681e+05   1.000000e+02
2.373424e+00   1.937616e+05   1.000000e+02
2.395407e+00   1.997003e+05   1.000000e+02
2.417594e+00   2.057859e+05   1.000000e+02
2.439986e+00   2.120198e+05   1.000000e+02
2.462586e+00   2.184035e+05   1.000000e+02
2.485395e+00   2.249381e+05   1.000000e+02
2.508415e+00   2.316249e+05   1.000000e+02
2.531648e+00   2.384655e+05   1.000000e+02
2.555097e+00   2.454622e+05   1.000000e+02
2.578763e+00   2.526177e+05   1.000000e+02
2.602648e+00   2.599344e+05   1.000000e+02
2.626754e+00   2.674149e+05   1.000000e+02
2.651084e+00   2.750619e+05   1.000000e+02
2.675638e+00   2.828781e+05   1.000000e+02
2.700421e+00   2.908660e+05   1.000000e+02
2.725433e+00   2.990285e+05   1.000000e+02
2.750676e+00   3.073684e+05   1.000000e+02
2.776153e+00   3.158884e+05   1.000000e+02
2.801867e+00   3.245915e+05   1.000000e+02
2.827818e+00   3.334806e+05   1.000000e+02
2.854010e+00   3.425586e+05   1.000000e+02
2.880444e+00   3.518286e+05   1.000000e+02
2.907123e+00   3.612937e+05   1.000000e+02
2.934050e+00   3.709569e+05   1.000000e+02
2.961225e+00   3.808216e+05   1.000000e+02
2.988653e+00   3.908910e+05   1.000000e+02
3.016334e+00   4.011684e+05   1.000000e+02
3.044272e+00   4.116566e+05   1.000000e+02
3.072469e+00   4.223582e+05   1.000000e+02
3.100927e+00   4.332758e+05   1.000000e+02
3.129648e+00   4.444118e+05   1.000000e+02
3.158635e+00   4.557687e+05   1.000000e+02
3.187891e+00   4.673488e+05   1.000000e+02
3.217418e+00   4.791547e+05   1.000000e+02
3.247218e+00   4.911887e+05   1.000000e+02
3.277295e+00   5.034531e+05   1.000000e+02
3.307650e+00   5.159503e+05   1.000000e+02
3.338286e+00   5.286825e+05   1.000000e+02
3.369206e+00   5.416519e+05   1.000000e+02
3.400412e+00   5.548608e+05   1.000000e+02
3.431907e+00   5.683114e+05   1.000000e+02
3.463694e+00   5.820056e+05   1.000000e+02
3.495776e+00   5.959456e+05   1.000000e+02
3.528154e+00   6.101335e+05   1.000000e+02
3.560833e+00   6.245716e+05   1.000000e+02
3.593814e+00   6.392623e+05   1.000000e+02
3.627100e+00   6.542081e+05   1.000000e+02
3.660695e+00   6.694114e+05   1.000000e+02
3.694601e+00   6.848747e+05   1.000000e+02
3.728821e+00   7.006003e+05   1.000000e+02
3.763358e+00   7.165906e+05   1.000000e+02
3.798215e+00   7.328482e+05   1.000000e+02
3.833395e+00   7.493753e+05   1.000000e+02
3.868901e+00   7.661745e+05   1.000000e+02
3.904735e+00   7.832479e+05   1.000000e+02
3.940902e+00   8.005982e+05   1.000000e+02
3.977403e+00   8.182276e+05   1.000000e+02
4.014242e+00   8.361385e+05   1.000000e+02
4.051423e+00   8.543333e+05   1.000000e+02
4.088948e+00   8.728148e+05   1.000000e+02
4.126821e+00   8.915854e+05   1.000000e+02
4.165044e+00   9.106479e+05   1.000000e+02
4.203622e+00   9.300049e+05   1.000000e+02
4.242556e+00   9.496591e+05   1.000000e+02
4.281852e+00   9.696132e+05   1.000000e+02
4.321511e+00   9.898699e+05   1.000000e+02
4.361538e+00   1.010432e+06   1.000000e+02
4.401935e+00   1.031302e+06   1.000000e+02
4.442707e+00   1.052483e+06   1.000000e+02
4.483856e+00   1.073978e+06   1.000000e+02
4.525386e+00   1.095790e+06   1.000000e+02
4.567301e+00   1.117921e+06   1.000000e+02
4.609604e+00   1.140375e+06   1.000000e+02
4.652300e+00   1.163154e+06   1.000000e+02
4.695390e+00   1.186261e+06   1.000000e+02
4.738880e+00   1.209700e+06   1.000000e+02
4.782772e+00   1.233474e+06   1.000000e+02
4.827071e+00   1.257585e+06   1.000000e+02
4.871780e+00   1.282038e+06   1.000000e+02
4.916904e+00   1.306834e+06   1.000000e+02
4.962445e+00   1.331978e+06   1.000000e+02
5.008408e+00   1.357472e+06   1.000000e+02
5.054797e+00   1.383321e+06   1.000000e+02
5.101615e+00   1.409529e+06   1.000000e+02
5.148867e+00   1.436101e+06   1.000000e+02
5.196557e+00   1.463041e+06   1.000000e+02
5.244689e+00   1.490356e+06   1.000000e+02
5.293266e+00   1.518049e+06   1.000000e+02
5.342293e+00   1.546127e+06   1.000000e+02
5.391775e+00   1.574594e+06   1.000000e+02
5.441714e+00   1.603458e+06   1.000000e+02
5.492116e+00   1.632723e+06   1.000000e+02
5.542986e+00   1.662397e+06   1.000000e+02
5.594326e+00   1.692485e+06   1.000000e+02
5.646141e+00   1.722994e+06   1.000000e+02
5.698437e+00   1.753931e+06   1.000000e+02
5.751217e+00   1.785303e+06   1.000000e+02
5.804486e+00   1.817117e+06   1.000000e+02
5.858248e+00   1.849380e+06   1.000000e+02
5.912508e+00   1.882101e+06   1.000000e+02
5.967271e+00   1.915288e+06   1.000000e+02
6.022541e+00   1.948948e+06   1.000000e+02
6.078323e+00   1.983091e+06   1.000000e+02
6.134622e+00   2.017726e+06   1.000000e+02
6.191442e+00   2.052863e+06   1.000000e+02
6.248788e+00   2.088512e+06   1.000000e+02
6.306666e+00   2.124684e+06   1.000000e+02
6.365079e+00   2.161389e+06   1.000000e+02
6.424034e+00   2.198639e+06   1.000000e+02
6.483534e+00   2.236445e+06   1.000000e+02
6.543586e+00   2.274821e+06   1.000000e+02
6.604194e+00   2.313777e+06   1.000000e+02
6.665363e+00   2.353327e+06   1.000000e+02
6.727099e+00   2.393485e+06   1.000000e+02
6.789407e+00   2.434264e+06   1.000000e+02
6.852292e+00   2.475679e+06   1.000000e+02
6.915759e+00   2.517744e+06   1.000000e+02
6.979814e+00   2.560476e+06   1.000000e+02
7.044462e+00   2.603889e+06   1.000000e+02
7.109709e+00   2.647999e+06   1.000000e+02
7.175561e+00   2.692822e+06   1.000000e+02
7.242022e+00   2.738374e+06   1.000000e+02
7.309099e+00   2.784672e+06   1.000000e+02
7.376798e+00   2.831733e+06   1.000000e+02
7.445123e+00   2.879574e+06   1.000000e+02
7.514081e+00   2.928214e+06   1.000000e+02
7.583678e+00   2.977671e+06   1.000000e+02
7.653919e+00   3.027966e+06   1.000000e+02
7.724811e+00   3.079117e+06   1.000000e+02
7.796360e+00   3.131146e+06   1.000000e+02
7.868572e+00   3.184074e+06   1.000000e+02
7.941452e+00   3.237923e+06   1.000000e+02
8.015007e+00   3.292716e+06   1.000000e+02
8.089243e+00   3.348474e+06   1.000000e+02
8.164168e+00   3.405215e+06   1.000000e+02
8.239786e+00   3.462959e+06   1.000000e+02
8.316104e+00   3.521724e+06   1.000000e+02
8.393129e+00   3.581529e+06   1.000000e+02
8.470868e+00   3.642393e+06   1.000000e+02
8.549327e+00   3.704336e+06   1.000000e+02
8.628513e+00   3.767378e+06   1.000000e+02
8.708431e+00   3.831541e+06   1.000000e+02
8.789091e+00   3.896844e+06   1.000000e+02
8.870497e+00   3.963309e+06   1.000000e+02
8.952657e+00   4.030959e+06   1.000000e+02
9.035578e+00   4.099815e+06   1.000000e+02
9.119268e+00   4.169900e+06   1.000000e+02
9.203732e+00   4.241238e+06   1.000000e+02
9.288979e+00   4.313852e+06   1.000000e+02
9.375015e+00   4.387766e+06   1.000000e+02
9.461848e+00   4.463005e+06   1.000000e+02
9.549486e+00   4.539593e+06   1.000000e+02
9.637935e+00   4.617557e+06   1.000000e+02
9.727203e+00   4.696923e+06   1.000000e+02
9.817298e+00   4.777717e+06   1.000000e+02
9.908228e+00   4.859967e+06   1.000000e+02
1.000000e+01   4.943700e+06   1.000000e+02
