# Be11 + p > Be9 + t   [Be11_p__Be9_t]   ref=TALYS2, Koning et al. 2023
# detailed balance: alpha=0.13062 beta=0 gamma=-13.5527  Q=1.1656
# T9                 rate                error
1.000000e-03   1.000000e-35   1.000000e+02
1.009262e-03   1.039486e-35   1.000000e+02
1.018610e-03   1.081382e-35   1.000000e+02
1.028045e-03   1.125865e-35   1.000000e+02
1.037567e-03   1.173126e-35   1.000000e+02
1.047177e-03   1.223373e-35   1.000000e+02
1.056876e-03   1.276833e-35   1.000000e+02
1.066665e-03   1.333749e-35   1.000000e+02
1.076545e-03   1.394391e-35   1.000000e+02
1.086516e-03   1.459048e-35   1.000000e+02
1.096579e-03   1.528037e-35   1.000000e+02
1.106736e-03   1.601704e-35   1.000000e+02
1.116987e-03   1.680426e-35   1.000000e+02
1.127333e-03   1.764614e-35   1.000000e+02
1.137774e-03   1.854720e-35   1.000000e+02
1.148312e-03   1.951235e-35   1.000000e+02
1.158948e-03   2.054699e-35   1.000000e+02
1.169683e-03   2.165703e-35   1.000000e+02
1.180517e-03   2.284896e-35   1.000000e+02
1.191451e-03   2.412990e-35   1.000000e+02
1.202486e-03   2.550766e-35   1.000000e+02
1.213624e-03   2.699085e-35   1.000000e+02
1.224865e-03   2.858893e-35   1.000000e+02
1.236210e-03   3.031234e-35   1.000000e+02
1.247660e-03   3.217258e-35   1.000000e+02
1.259216e-03   3.418234e-35   1.000000e+02
1.270879e-03   3.635565e-35   1.000000e+02
1.282650e-03   3.870802e-35   1.000000e+02
1.294530e-03   4.125661e-35   1.000000e+02
1.306520e-03   4.402043e-35   1.000000e+02
1.318621e-03   4.702058e-35   1.000000e+02
1.330835e-03   5.028046e-35   1.000000e+02
1.343161e-03   5.382608e-35   1.000000e+02
1.355602e-03   5.768637e-35   1.000000e+02
1.368158e-03   6.189354e-35   1.000000e+02
1.380830e-03   6.648348e-35   1.000000e+02
1.393619e-03   7.149622e-35   1.000000e+02
1.406527e-03   7.697649e-35   1.000000e+02
1.419555e-03   8.297427e-35   1.000000e+02
1.432703e-03   8.954551e-35   1.000000e+02
1.445973e-03   9.675287e-35   1.000000e+02
1.459366e-03   1.046666e-34   1.000000e+02
1.472883e-03   1.133657e-34   1.000000e+02
1.486525e-03   1.229388e-34   1.000000e+02
1.500293e-03   1.334856e-34   1.000000e+02
1.514189e-03   1.451186e-34   1.000000e+02
1.528214e-03   1.579645e-34   1.000000e+02
1.542369e-03   1.721664e-34   1.000000e+02
1.556654e-03   1.878859e-34   1.000000e+02
1.571072e-03   2.053061e-34   1.000000e+02
1.585624e-03   2.246343e-34   1.000000e+02
1.600310e-03   2.461056e-34   1.000000e+02
1.615133e-03   2.699868e-34   1.000000e+02
1.630092e-03   2.965816e-34   1.000000e+02
1.645191e-03   3.262354e-34   1.000000e+02
1.660429e-03   3.593418e-34   1.000000e+02
1.675808e-03   3.963500e-34   1.000000e+02
1.691330e-03   4.377733e-34   1.000000e+02
1.706995e-03   4.841987e-34   1.000000e+02
1.722805e-03   5.362983e-34   1.000000e+02
1.738762e-03   5.948433e-34   1.000000e+02
1.754867e-03   6.607187e-34   1.000000e+02
1.771121e-03   7.349422e-34   1.000000e+02
1.787526e-03   8.186855e-34   1.000000e+02
1.804082e-03   9.132989e-34   1.000000e+02
1.820792e-03   1.020341e-33   1.000000e+02
1.837656e-03   1.141614e-33   1.000000e+02
1.854677e-03   1.279202e-33   1.000000e+02
1.871855e-03   1.435521e-33   1.000000e+02
1.889193e-03   1.613375e-33   1.000000e+02
1.906691e-03   1.816022e-33   1.000000e+02
1.924351e-03   2.047253e-33   1.000000e+02
1.942175e-03   2.311487e-33   1.000000e+02
1.960163e-03   2.613878e-33   1.000000e+02
1.978319e-03   2.960452e-33   1.000000e+02
1.996642e-03   3.358258e-33   1.000000e+02
2.015136e-03   3.815560e-33   1.000000e+02
2.033800e-03   4.342054e-33   1.000000e+02
2.052638e-03   4.949138e-33   1.000000e+02
2.071650e-03   5.650229e-33   1.000000e+02
2.090838e-03   6.461143e-33   1.000000e+02
2.110203e-03   7.400552e-33   1.000000e+02
2.129749e-03   8.490535e-33   1.000000e+02
2.149475e-03   9.757236e-33   1.000000e+02
2.169384e-03   1.123166e-32   1.000000e+02
2.189477e-03   1.295065e-32   1.000000e+02
2.209756e-03   1.495801e-32   1.000000e+02
2.230223e-03   1.730596e-32   1.000000e+02
2.250880e-03   2.005681e-32   1.000000e+02
2.271728e-03   2.328503e-32   1.000000e+02
2.292769e-03   2.707980e-32   1.000000e+02
2.314005e-03   3.154803e-32   1.000000e+02
2.335438e-03   3.681815e-32   1.000000e+02
2.357069e-03   4.304467e-32   1.000000e+02
2.378901e-03   5.041375e-32   1.000000e+02
2.400935e-03   5.915012e-32   1.000000e+02
2.423173e-03   6.952546e-32   1.000000e+02
2.445617e-03   8.186881e-32   1.000000e+02
2.468268e-03   9.657930e-32   1.000000e+02
2.491130e-03   1.141420e-31   1.000000e+02
2.514203e-03   1.351472e-31   1.000000e+02
2.537490e-03   1.603148e-31   1.000000e+02
2.560993e-03   1.905241e-31   1.000000e+02
2.584714e-03   2.268510e-31   1.000000e+02
2.608654e-03   2.706142e-31   1.000000e+02
2.632815e-03   3.234329e-31   1.000000e+02
2.657201e-03   3.872988e-31   1.000000e+02
2.681813e-03   4.646664e-31   1.000000e+02
2.706652e-03   5.585655e-31   1.000000e+02
2.731722e-03   6.727434e-31   1.000000e+02
2.757023e-03   8.118427e-31   1.000000e+02
2.782559e-03   9.816263e-31   1.000000e+02
2.808332e-03   1.189260e-30   1.000000e+02
2.834343e-03   1.443673e-30   1.000000e+02
2.860596e-03   1.756009e-30   1.000000e+02
2.887091e-03   2.140203e-30   1.000000e+02
2.913832e-03   2.613717e-30   1.000000e+02
2.940820e-03   3.198467e-30   1.000000e+02
2.968059e-03   3.922020e-30   1.000000e+02
2.995549e-03   4.819112e-30   1.000000e+02
3.023295e-03   5.933735e-30   1.000000e+02
3.051297e-03   7.322741e-30   1.000000e+02
3.079559e-03   9.059628e-30   1.000000e+02
3.108082e-03   1.123945e-29   1.000000e+02
3.136870e-03   1.398572e-29   1.000000e+02
3.165924e-03   1.745967e-29   1.000000e+02
3.195248e-03   2.187288e-29   1.000000e+02
3.224842e-03   2.750434e-29   1.000000e+02
3.254712e-03   3.472394e-29   1.000000e+02
3.284857e-03   4.402463e-29   1.000000e+02
3.315282e-03   5.606716e-29   1.000000e+02
3.345989e-03   7.174213e-29   1.000000e+02
3.376980e-03   9.225706e-29   1.000000e+02
3.408259e-03   1.192591e-28   1.000000e+02
3.439826e-03   1.550090e-28   1.000000e+02
3.471687e-03   2.026295e-28   1.000000e+02
3.503842e-03   2.664621e-28   1.000000e+02
3.536296e-03   3.525837e-28   1.000000e+02
3.569049e-03   4.695586e-28   1.000000e+02
3.602107e-03   6.295426e-28   1.000000e+02
3.635470e-03   8.499140e-28   1.000000e+02
3.669142e-03   1.155703e-27   1.000000e+02
3.703127e-03   1.583237e-27   1.000000e+02
3.737426e-03   2.185649e-27   1.000000e+02
3.772042e-03   3.041285e-27   1.000000e+02
3.806980e-03   4.266606e-27   1.000000e+02
3.842241e-03   6.036200e-27   1.000000e+02
3.877828e-03   8.614049e-27   1.000000e+02
3.913746e-03   1.240282e-26   1.000000e+02
3.949995e-03   1.802228e-26   1.000000e+02
3.986581e-03   2.643517e-26   1.000000e+02
4.023506e-03   3.914919e-26   1.000000e+02
4.060772e-03   5.851069e-26   1.000000e+02
4.098384e-03   8.817085e-26   1.000000e+02
4.136344e-03   1.338425e-25   1.000000e+02
4.174655e-03   2.044766e-25   1.000000e+02
4.213322e-03   3.141055e-25   1.000000e+02
4.252346e-03   4.847208e-25   1.000000e+02
4.291732e-03   7.507468e-25   1.000000e+02
4.331483e-03   1.165957e-24   1.000000e+02
4.371602e-03   1.814099e-24   1.000000e+02
4.412093e-03   2.825075e-24   1.000000e+02
4.452959e-03   4.399378e-24   1.000000e+02
4.494203e-03   6.844579e-24   1.000000e+02
4.535829e-03   1.062913e-23   1.000000e+02
4.577841e-03   1.646062e-23   1.000000e+02
4.620241e-03   2.539766e-23   1.000000e+02
4.663035e-03   3.900695e-23   1.000000e+02
4.706225e-03   5.957891e-23   1.000000e+02
4.749815e-03   9.041638e-23   1.000000e+02
4.793808e-03   1.362095e-22   1.000000e+02
4.838210e-03   2.035049e-22   1.000000e+02
4.883022e-03   3.012670e-22   1.000000e+02
4.928250e-03   4.415082e-22   1.000000e+02
4.973896e-03   6.399387e-22   1.000000e+02
5.019965e-03   9.165638e-22   1.000000e+02
5.066461e-03   1.297090e-21   1.000000e+02
5.113388e-03   1.815235e-21   1.000000e+02
5.160749e-03   2.514472e-21   1.000000e+02
5.208549e-03   3.450707e-21   1.000000e+02
5.256791e-03   4.695835e-21   1.000000e+02
5.305481e-03   6.342449e-21   1.000000e+02
5.354621e-03   8.510140e-21   1.000000e+02
5.404216e-03   1.135398e-20   1.000000e+02
5.454271e-03   1.507604e-20   1.000000e+02
5.504790e-03   1.994117e-20   1.000000e+02
5.555776e-03   2.629866e-20   1.000000e+02
5.607235e-03   3.461248e-20   1.000000e+02
5.659170e-03   4.550342e-20   1.000000e+02
5.711586e-03   5.980859e-20   1.000000e+02
5.764488e-03   7.866607e-20   1.000000e+02
5.817880e-03   1.036363e-19   1.000000e+02
5.871766e-03   1.368777e-19   1.000000e+02
5.926152e-03   1.814037e-19   1.000000e+02
5.981041e-03   2.414617e-19   1.000000e+02
6.036439e-03   3.230800e-19   1.000000e+02
6.092349e-03   4.346108e-19   1.000000e+02
6.148778e-03   5.876087e-19   1.000000e+02
6.205729e-03   7.982486e-19   1.000000e+02
6.263207e-03   1.089220e-18   1.000000e+02
6.321218e-03   1.492400e-18   1.000000e+02
6.379767e-03   2.052638e-18   1.000000e+02
6.438857e-03   2.833102e-18   1.000000e+02
6.498495e-03   3.922831e-18   1.000000e+02
6.558686e-03   5.447406e-18   1.000000e+02
6.619433e-03   7.583987e-18   1.000000e+02
6.680744e-03   1.058250e-17   1.000000e+02
6.742622e-03   1.479540e-17   1.000000e+02
6.805074e-03   2.071945e-17   1.000000e+02
6.868104e-03   2.905413e-17   1.000000e+02
6.931717e-03   4.078312e-17   1.000000e+02
6.995920e-03   5.728768e-17   1.000000e+02
7.060718e-03   8.050679e-17   1.000000e+02
7.126115e-03   1.131776e-16   1.000000e+02
7.192119e-03   1.591612e-16   1.000000e+02
7.258734e-03   2.238997e-16   1.000000e+02
7.325965e-03   3.150659e-16   1.000000e+02
7.393820e-03   4.434782e-16   1.000000e+02
7.462303e-03   6.243926e-16   1.000000e+02
7.531420e-03   8.793250e-16   1.000000e+02
7.601178e-03   1.238622e-15   1.000000e+02
7.671581e-03   1.745089e-15   1.000000e+02
7.742637e-03   2.459105e-15   1.000000e+02
7.814351e-03   3.465845e-15   1.000000e+02
7.886729e-03   4.885456e-15   1.000000e+02
7.959777e-03   6.887422e-15   1.000000e+02
8.033502e-03   9.710864e-15   1.000000e+02
8.107910e-03   1.369543e-14   1.000000e+02
8.183007e-03   1.932679e-14   1.000000e+02
8.258799e-03   2.730006e-14   1.000000e+02
8.335294e-03   3.861369e-14   1.000000e+02
8.412497e-03   5.470748e-14   1.000000e+02
8.490415e-03   7.766646e-14   1.000000e+02
8.569055e-03   1.105238e-13   1.000000e+02
8.648423e-03   1.577129e-13   1.000000e+02
8.728527e-03   2.257468e-13   1.000000e+02
8.809372e-03   3.242448e-13   1.000000e+02
8.890966e-03   4.674930e-13   1.000000e+02
8.973316e-03   6.768336e-13   1.000000e+02
9.056428e-03   9.842260e-13   1.000000e+02
9.140311e-03   1.435927e-12   1.000000e+02
9.224970e-03   2.097721e-12   1.000000e+02
9.310413e-03   3.062587e-12   1.000000e+02
9.396648e-03   4.459664e-12   1.000000e+02
9.483682e-03   6.464524e-12   1.000000e+02
9.571522e-03   9.309777e-12   1.000000e+02
9.660175e-03   1.329407e-11   1.000000e+02
9.749649e-03   1.878625e-11   1.000000e+02
9.839952e-03   2.622004e-11   1.000000e+02
9.931092e-03   3.607327e-11   1.000000e+02
1.002308e-02   4.882576e-11   1.000000e+02
1.011591e-02   6.497838e-11   1.000000e+02
1.020961e-02   8.520029e-11   1.000000e+02
1.030417e-02   1.103300e-10   1.000000e+02
1.039961e-02   1.414344e-10   1.000000e+02
1.049593e-02   1.799092e-10   1.000000e+02
1.059315e-02   2.276231e-10   1.000000e+02
1.069126e-02   2.871261e-10   1.000000e+02
1.079029e-02   3.619513e-10   1.000000e+02
1.089023e-02   4.570641e-10   1.000000e+02
1.099110e-02   5.795376e-10   1.000000e+02
1.109290e-02   7.393011e-10   1.000000e+02
1.119564e-02   9.487790e-10   1.000000e+02
1.129934e-02   1.224032e-09   1.000000e+02
1.140400e-02   1.586298e-09   1.000000e+02
1.150962e-02   2.063578e-09   1.000000e+02
1.161623e-02   2.692657e-09   1.000000e+02
1.172382e-02   3.521642e-09   1.000000e+02
1.183241e-02   4.613106e-09   1.000000e+02
1.194200e-02   6.047915e-09   1.000000e+02
1.205261e-02   7.929929e-09   1.000000e+02
1.216424e-02   1.039588e-08   1.000000e+02
1.227691e-02   1.362889e-08   1.000000e+02
1.239062e-02   1.787133e-08   1.000000e+02
1.250539e-02   2.344443e-08   1.000000e+02
1.262121e-02   3.077502e-08   1.000000e+02
1.273811e-02   4.043170e-08   1.000000e+02
1.285610e-02   5.317411e-08   1.000000e+02
1.297517e-02   7.002004e-08   1.000000e+02
1.309535e-02   9.233519e-08   1.000000e+02
1.321664e-02   1.219366e-07   1.000000e+02
1.333906e-02   1.612451e-07   1.000000e+02
1.346261e-02   2.134944e-07   1.000000e+02
1.358730e-02   2.830072e-07   1.000000e+02
1.371315e-02   3.755623e-07   1.000000e+02
1.384016e-02   4.988879e-07   1.000000e+02
1.396835e-02   6.633202e-07   1.000000e+02
1.409773e-02   8.826895e-07   1.000000e+02
1.422830e-02   1.175554e-06   1.000000e+02
1.436009e-02   1.566836e-06   1.000000e+02
1.449310e-02   2.090000e-06   1.000000e+02
1.462733e-02   2.790018e-06   1.000000e+02
1.476281e-02   3.727365e-06   1.000000e+02
1.489955e-02   4.983412e-06   1.000000e+02
1.503755e-02   6.667725e-06   1.000000e+02
1.517683e-02   8.927875e-06   1.000000e+02
1.531740e-02   1.196263e-05   1.000000e+02
1.545928e-02   1.603988e-05   1.000000e+02
1.560246e-02   2.152087e-05   1.000000e+02
1.574698e-02   2.889290e-05   1.000000e+02
1.589283e-02   3.881349e-05   1.000000e+02
1.604003e-02   5.217023e-05   1.000000e+02
1.618860e-02   7.016086e-05   1.000000e+02
1.633854e-02   9.440045e-05   1.000000e+02
1.648987e-02   1.270675e-04   1.000000e+02
1.664260e-02   1.711002e-04   1.000000e+02
1.679675e-02   2.304602e-04   1.000000e+02
1.695232e-02   3.104885e-04   1.000000e+02
1.710934e-02   4.183821e-04   1.000000e+02
1.726781e-02   5.638362e-04   1.000000e+02
1.742775e-02   7.599050e-04   1.000000e+02
1.758917e-02   1.024156e-03   1.000000e+02
1.775208e-02   1.380220e-03   1.000000e+02
1.791650e-02   1.859856e-03   1.000000e+02
1.808245e-02   2.505729e-03   1.000000e+02
1.824993e-02   3.375208e-03   1.000000e+02
1.841897e-02   4.545478e-03   1.000000e+02
1.858957e-02   6.120298e-03   1.000000e+02
1.876175e-02   8.239123e-03   1.000000e+02
1.893552e-02   1.108936e-02   1.000000e+02
1.911091e-02   1.492280e-02   1.000000e+02
1.928792e-02   2.007771e-02   1.000000e+02
1.946656e-02   2.700844e-02   1.000000e+02
1.964687e-02   3.632517e-02   1.000000e+02
1.982884e-02   4.884728e-02   1.000000e+02
2.001250e-02   6.567482e-02   1.000000e+02
2.019786e-02   8.828129e-02   1.000000e+02
2.038493e-02   1.186267e-01   1.000000e+02
2.057374e-02   1.593169e-01   1.000000e+02
2.076430e-02   2.138105e-01   1.000000e+02
2.095662e-02   2.866855e-01   1.000000e+02
2.115073e-02   3.839847e-01   1.000000e+02
2.134663e-02   5.136598e-01   1.000000e+02
2.154435e-02   6.861395e-01   1.000000e+02
2.174389e-02   9.150533e-01   1.000000e+02
2.194529e-02   1.218146e+00   1.000000e+02
2.214855e-02   1.618428e+00   1.000000e+02
2.235370e-02   2.145607e+00   1.000000e+02
2.256074e-02   2.837865e+00   1.000000e+02
2.276970e-02   3.744036e+00   1.000000e+02
2.298060e-02   4.926253e+00   1.000000e+02
2.319345e-02   6.463143e+00   1.000000e+02
2.340827e-02   8.453630e+00   1.000000e+02
2.362508e-02   1.102140e+01   1.000000e+02
2.384390e-02   1.432012e+01   1.000000e+02
2.406475e-02   1.853934e+01   1.000000e+02
2.428764e-02   2.391123e+01   1.000000e+02
2.451260e-02   3.071788e+01   1.000000e+02
2.473964e-02   3.929925e+01   1.000000e+02
2.496878e-02   5.006138e+01   1.000000e+02
2.520005e-02   6.348737e+01   1.000000e+02
2.543346e-02   8.016585e+01   1.000000e+02
2.566903e-02   1.008097e+02   1.000000e+02
2.590678e-02   1.262754e+02   1.000000e+02
2.614673e-02   1.575914e+02   1.000000e+02
2.638891e-02   1.959913e+02   1.000000e+02
2.663333e-02   2.429542e+02   1.000000e+02
2.688001e-02   3.002541e+02   1.000000e+02
2.712898e-02   3.700185e+02   1.000000e+02
2.738025e-02   4.548007e+02   1.000000e+02
2.763385e-02   5.576676e+02   1.000000e+02
2.788980e-02   6.823062e+02   1.000000e+02
2.814812e-02   8.331556e+02   1.000000e+02
2.840884e-02   1.015568e+03   1.000000e+02
2.867196e-02   1.236008e+03   1.000000e+02
2.893753e-02   1.502298e+03   1.000000e+02
2.920556e-02   1.823925e+03   1.000000e+02
2.947606e-02   2.212415e+03   1.000000e+02
2.974908e-02   2.681813e+03   1.000000e+02
3.002462e-02   3.249270e+03   1.000000e+02
3.030271e-02   3.934722e+03   1.000000e+02
3.058338e-02   4.758035e+03   1.000000e+02
3.086665e-02   5.739473e+03   1.000000e+02
3.115254e-02   6.899105e+03   1.000000e+02
3.144108e-02   8.255342e+03   1.000000e+02
3.173230e-02   9.823010e+03   1.000000e+02
3.202621e-02   1.161092e+04   1.000000e+02
3.232284e-02   1.361904e+04   1.000000e+02
3.262222e-02   1.583544e+04   1.000000e+02
3.292437e-02   1.823318e+04   1.000000e+02
3.322933e-02   2.076773e+04   1.000000e+02
3.353710e-02   2.337519e+04   1.000000e+02
3.384773e-02   2.597208e+04   1.000000e+02
3.416123e-02   2.845697e+04   1.000000e+02
3.447764e-02   3.071474e+04   1.000000e+02
3.479698e-02   3.262318e+04   1.000000e+02
3.511928e-02   3.406220e+04   1.000000e+02
3.544456e-02   3.492460e+04   1.000000e+02
3.577285e-02   3.512756e+04   1.000000e+02
3.610419e-02   3.462323e+04   1.000000e+02
3.643859e-02   3.340688e+04   1.000000e+02
3.677609e-02   3.152088e+04   1.000000e+02
3.711672e-02   2.905362e+04   1.000000e+02
3.746050e-02   2.613286e+04   1.000000e+02
3.780747e-02   2.291417e+04   1.000000e+02
3.815765e-02   1.956578e+04   1.000000e+02
3.851107e-02   1.625217e+04   1.000000e+02
3.886777e-02   1.311874e+04   1.000000e+02
3.922777e-02   1.027981e+04   1.000000e+02
3.959110e-02   7.811520e+03   1.000000e+02
3.995780e-02   5.750280e+03   1.000000e+02
4.032790e-02   4.098359e+03   1.000000e+02
4.070142e-02   2.834673e+03   1.000000e+02
4.107841e-02   1.909006e+03   1.000000e+02
4.145888e-02   1.255922e+03   1.000000e+02
4.184289e-02   8.098591e+02   1.000000e+02
4.223044e-02   5.135552e+02   1.000000e+02
4.262159e-02   3.213185e+02   1.000000e+02
4.301636e-02   1.990193e+02   1.000000e+02
4.341478e-02   1.224349e+02   1.000000e+02
4.381690e-02   7.505959e+01   1.000000e+02
4.422274e-02   4.600845e+01   1.000000e+02
4.463234e-02   2.829042e+01   1.000000e+02
4.504573e-02   1.750861e+01   1.000000e+02
4.546295e-02   1.094244e+01   1.000000e+02
4.588404e-02   6.928938e+00   1.000000e+02
4.630903e-02   4.460149e+00   1.000000e+02
4.673795e-02   2.928209e+00   1.000000e+02
4.717085e-02   1.967273e+00   1.000000e+02
4.760775e-02   1.356991e+00   1.000000e+02
4.804870e-02   9.642260e-01   1.000000e+02
4.849374e-02   7.081258e-01   1.000000e+02
4.894290e-02   5.392764e-01   1.000000e+02
4.939622e-02   4.272892e-01   1.000000e+02
4.985373e-02   3.534123e-01   1.000000e+02
5.031549e-02   3.060431e-01   1.000000e+02
5.078152e-02   2.772621e-01   1.000000e+02
5.125187e-02   2.619779e-01   1.000000e+02
5.172657e-02   2.573650e-01   1.000000e+02
5.220568e-02   2.620531e-01   1.000000e+02
5.268921e-02   2.756947e-01   1.000000e+02
5.317723e-02   2.987523e-01   1.000000e+02
5.366977e-02   3.324163e-01   1.000000e+02
5.416687e-02   3.786045e-01   1.000000e+02
5.466857e-02   4.400136e-01   1.000000e+02
5.517492e-02   5.201969e-01   1.000000e+02
5.568596e-02   6.236414e-01   1.000000e+02
5.620174e-02   7.558091e-01   1.000000e+02
5.672229e-02   9.230892e-01   1.000000e+02
5.724766e-02   1.132593e+00   1.000000e+02
5.777790e-02   1.391706e+00   1.000000e+02
5.831305e-02   1.707294e+00   1.000000e+02
5.885316e-02   2.084495e+00   1.000000e+02
5.939827e-02   2.525050e+00   1.000000e+02
5.994843e-02   3.025237e+00   1.000000e+02
6.050368e-02   3.575492e+00   1.000000e+02
6.106408e-02   4.169087e+00   1.000000e+02
6.162966e-02   4.800701e+00   1.000000e+02
6.220049e-02   5.464584e+00   1.000000e+02
6.277660e-02   6.155003e+00   1.000000e+02
6.335805e-02   6.866704e+00   1.000000e+02
6.394488e-02   7.595342e+00   1.000000e+02
6.453715e-02   8.337875e+00   1.000000e+02
6.513491e-02   9.092904e+00   1.000000e+02
6.573820e-02   9.860956e+00   1.000000e+02
6.634708e-02   1.064473e+01   1.000000e+02
6.696160e-02   1.144933e+01   1.000000e+02
6.758181e-02   1.228244e+01   1.000000e+02
6.820777e-02   1.315464e+01   1.000000e+02
6.883952e-02   1.407968e+01   1.000000e+02
6.947713e-02   1.507497e+01   1.000000e+02
7.012064e-02   1.616216e+01   1.000000e+02
7.077011e-02   1.736181e+01   1.000000e+02
7.142559e-02   1.868332e+01   1.000000e+02
7.208715e-02   2.013433e+01   1.000000e+02
7.275484e-02   2.172224e+01   1.000000e+02
7.342870e-02   2.345397e+01   1.000000e+02
7.410882e-02   2.533570e+01   1.000000e+02
7.479523e-02   2.737248e+01   1.000000e+02
7.548799e-02   2.956791e+01   1.000000e+02
7.618718e-02   3.192364e+01   1.000000e+02
7.689284e-02   3.443893e+01   1.000000e+02
7.760503e-02   3.711016e+01   1.000000e+02
7.832383e-02   3.993024e+01   1.000000e+02
7.904928e-02   4.288815e+01   1.000000e+02
7.978145e-02   4.596837e+01   1.000000e+02
8.052040e-02   4.915019e+01   1.000000e+02
8.126619e-02   5.240450e+01   1.000000e+02
8.201889e-02   5.569392e+01   1.000000e+02
8.277857e-02   5.897408e+01   1.000000e+02
8.354528e-02   6.219382e+01   1.000000e+02
8.431909e-02   6.529564e+01   1.000000e+02
8.510007e-02   6.821666e+01   1.000000e+02
8.588829e-02   7.088991e+01   1.000000e+02
8.668380e-02   7.324609e+01   1.000000e+02
8.748668e-02   7.521577e+01   1.000000e+02
8.829700e-02   7.673194e+01   1.000000e+02
8.911482e-02   7.773285e+01   1.000000e+02
8.994022e-02   7.816503e+01   1.000000e+02
9.077327e-02   7.800917e+01   1.000000e+02
9.161402e-02   7.737177e+01   1.000000e+02
9.246257e-02   7.640074e+01   1.000000e+02
9.331898e-02   7.524287e+01   1.000000e+02
9.418332e-02   7.403902e+01   1.000000e+02
9.505566e-02   7.292189e+01   1.000000e+02
9.593608e-02   7.201648e+01   1.000000e+02
9.682466e-02   7.144256e+01   1.000000e+02
9.772147e-02   7.131946e+01   1.000000e+02
9.862658e-02   7.177275e+01   1.000000e+02
9.954008e-02   7.294342e+01   1.000000e+02
1.004620e-01   7.499495e+01   1.000000e+02
1.013925e-01   7.800889e+01   1.000000e+02
1.023317e-01   8.197312e+01   1.000000e+02
1.032795e-01   8.688268e+01   1.000000e+02
1.042361e-01   9.273595e+01   1.000000e+02
1.052015e-01   9.952569e+01   1.000000e+02
1.061759e-01   1.072293e+02   1.000000e+02
1.071593e-01   1.157981e+02   1.000000e+02
1.081519e-01   1.251465e+02   1.000000e+02
1.091536e-01   1.351399e+02   1.000000e+02
1.101646e-01   1.455847e+02   1.000000e+02
1.111850e-01   1.563011e+02   1.000000e+02
1.122148e-01   1.672757e+02   1.000000e+02
1.132541e-01   1.785355e+02   1.000000e+02
1.143031e-01   1.901225e+02   1.000000e+02
1.153618e-01   2.020954e+02   1.000000e+02
1.164303e-01   2.145307e+02   1.000000e+02
1.175087e-01   2.275250e+02   1.000000e+02
1.185971e-01   2.411971e+02   1.000000e+02
1.196956e-01   2.556904e+02   1.000000e+02
1.208042e-01   2.711667e+02   1.000000e+02
1.219231e-01   2.877155e+02   1.000000e+02
1.230524e-01   3.053755e+02   1.000000e+02
1.241921e-01   3.241813e+02   1.000000e+02
1.253424e-01   3.441621e+02   1.000000e+02
1.265034e-01   3.653408e+02   1.000000e+02
1.276751e-01   3.877321e+02   1.000000e+02
1.288576e-01   4.113415e+02   1.000000e+02
1.300511e-01   4.361631e+02   1.000000e+02
1.312557e-01   4.621828e+02   1.000000e+02
1.324714e-01   4.893886e+02   1.000000e+02
1.336984e-01   5.177609e+02   1.000000e+02
1.349367e-01   5.472681e+02   1.000000e+02
1.361865e-01   5.778653e+02   1.000000e+02
1.374479e-01   6.094930e+02   1.000000e+02
1.387210e-01   6.420762e+02   1.000000e+02
1.400058e-01   6.755231e+02   1.000000e+02
1.413026e-01   7.097834e+02   1.000000e+02
1.426114e-01   7.450445e+02   1.000000e+02
1.439323e-01   7.815974e+02   1.000000e+02
1.452654e-01   8.197894e+02   1.000000e+02
1.466109e-01   8.600302e+02   1.000000e+02
1.479688e-01   9.027991e+02   1.000000e+02
1.493393e-01   9.486550e+02   1.000000e+02
1.507225e-01   9.982334e+02   1.000000e+02
1.521186e-01   1.051919e+03   1.000000e+02
1.535275e-01   1.109786e+03   1.000000e+02
1.549495e-01   1.171867e+03   1.000000e+02
1.563847e-01   1.238155e+03   1.000000e+02
1.578331e-01   1.308591e+03   1.000000e+02
1.592950e-01   1.383057e+03   1.000000e+02
1.607704e-01   1.461377e+03   1.000000e+02
1.622595e-01   1.543513e+03   1.000000e+02
1.637624e-01   1.629607e+03   1.000000e+02
1.652792e-01   1.719815e+03   1.000000e+02
1.668101e-01   1.814294e+03   1.000000e+02
1.683551e-01   1.913207e+03   1.000000e+02
1.699144e-01   2.016722e+03   1.000000e+02
1.714882e-01   2.125010e+03   1.000000e+02
1.730766e-01   2.238248e+03   1.000000e+02
1.746796e-01   2.356614e+03   1.000000e+02
1.762975e-01   2.480296e+03   1.000000e+02
1.779304e-01   2.609481e+03   1.000000e+02
1.795785e-01   2.744365e+03   1.000000e+02
1.812418e-01   2.885152e+03   1.000000e+02
1.829205e-01   3.032100e+03   1.000000e+02
1.846147e-01   3.185513e+03   1.000000e+02
1.863246e-01   3.345715e+03   1.000000e+02
1.880504e-01   3.513056e+03   1.000000e+02
1.897922e-01   3.687913e+03   1.000000e+02
1.915501e-01   3.870691e+03   1.000000e+02
1.933242e-01   4.061828e+03   1.000000e+02
1.951148e-01   4.261793e+03   1.000000e+02
1.969220e-01   4.471096e+03   1.000000e+02
1.987460e-01   4.690285e+03   1.000000e+02
2.005868e-01   4.919951e+03   1.000000e+02
2.024447e-01   5.160666e+03   1.000000e+02
2.043197e-01   5.412922e+03   1.000000e+02
2.062122e-01   5.677220e+03   1.000000e+02
2.081222e-01   5.954078e+03   1.000000e+02
2.100498e-01   6.244032e+03   1.000000e+02
2.119953e-01   6.547633e+03   1.000000e+02
2.139589e-01   6.865451e+03   1.000000e+02
2.159406e-01   7.198073e+03   1.000000e+02
2.179407e-01   7.546103e+03   1.000000e+02
2.199593e-01   7.910162e+03   1.000000e+02
2.219966e-01   8.290890e+03   1.000000e+02
2.240528e-01   8.688942e+03   1.000000e+02
2.261280e-01   9.104990e+03   1.000000e+02
2.282224e-01   9.539725e+03   1.000000e+02
2.303363e-01   9.993850e+03   1.000000e+02
2.324697e-01   1.046809e+04   1.000000e+02
2.346229e-01   1.096318e+04   1.000000e+02
2.367960e-01   1.147986e+04   1.000000e+02
2.389893e-01   1.201891e+04   1.000000e+02
2.412028e-01   1.258110e+04   1.000000e+02
2.434369e-01   1.316723e+04   1.000000e+02
2.456916e-01   1.377808e+04   1.000000e+02
2.479673e-01   1.441448e+04   1.000000e+02
2.502640e-01   1.507724e+04   1.000000e+02
2.525820e-01   1.576723e+04   1.000000e+02
2.549215e-01   1.648544e+04   1.000000e+02
2.572826e-01   1.723294e+04   1.000000e+02
2.596656e-01   1.801082e+04   1.000000e+02
2.620707e-01   1.882022e+04   1.000000e+02
2.644980e-01   1.966231e+04   1.000000e+02
2.669478e-01   2.053831e+04   1.000000e+02
2.694204e-01   2.144950e+04   1.000000e+02
2.719158e-01   2.239718e+04   1.000000e+02
2.744343e-01   2.338272e+04   1.000000e+02
2.769762e-01   2.440755e+04   1.000000e+02
2.795416e-01   2.547313e+04   1.000000e+02
2.821308e-01   2.658099e+04   1.000000e+02
2.847439e-01   2.773273e+04   1.000000e+02
2.873813e-01   2.892998e+04   1.000000e+02
2.900430e-01   3.017446e+04   1.000000e+02
2.927295e-01   3.146796e+04   1.000000e+02
2.954408e-01   3.281232e+04   1.000000e+02
2.981772e-01   3.420948e+04   1.000000e+02
3.009390e-01   3.566143e+04   1.000000e+02
3.037264e-01   3.717014e+04   1.000000e+02
3.065395e-01   3.873747e+04   1.000000e+02
3.093788e-01   4.036532e+04   1.000000e+02
3.122443e-01   4.205560e+04   1.000000e+02
3.151363e-01   4.381027e+04   1.000000e+02
3.180552e-01   4.563132e+04   1.000000e+02
3.210011e-01   4.752076e+04   1.000000e+02
3.239743e-01   4.948065e+04   1.000000e+02
3.269750e-01   5.151306e+04   1.000000e+02
3.300035e-01   5.362009e+04   1.000000e+02
3.330600e-01   5.580387e+04   1.000000e+02
3.361449e-01   5.806655e+04   1.000000e+02
3.392583e-01   6.041030e+04   1.000000e+02
3.424006e-01   6.283730e+04   1.000000e+02
3.455720e-01   6.534975e+04   1.000000e+02
3.487727e-01   6.794985e+04   1.000000e+02
3.520031e-01   7.063986e+04   1.000000e+02
3.552635e-01   7.342250e+04   1.000000e+02
3.585540e-01   7.630089e+04   1.000000e+02
3.618750e-01   7.927832e+04   1.000000e+02
3.652267e-01   8.235823e+04   1.000000e+02
3.686095e-01   8.554417e+04   1.000000e+02
3.720237e-01   8.883990e+04   1.000000e+02
3.754694e-01   9.224930e+04   1.000000e+02
3.789471e-01   9.577647e+04   1.000000e+02
3.824570e-01   9.942565e+04   1.000000e+02
3.859994e-01   1.032013e+05   1.000000e+02
3.895746e-01   1.071082e+05   1.000000e+02
3.931829e-01   1.111510e+05   1.000000e+02
3.968246e-01   1.153351e+05   1.000000e+02
4.005001e-01   1.196657e+05   1.000000e+02
4.042096e-01   1.241478e+05   1.000000e+02
4.079535e-01   1.287852e+05   1.000000e+02
4.117320e-01   1.335812e+05   1.000000e+02
4.155455e-01   1.385391e+05   1.000000e+02
4.193944e-01   1.436621e+05   1.000000e+02
4.232789e-01   1.489531e+05   1.000000e+02
4.271994e-01   1.544150e+05   1.000000e+02
4.311562e-01   1.600507e+05   1.000000e+02
4.351497e-01   1.658626e+05   1.000000e+02
4.391801e-01   1.718531e+05   1.000000e+02
4.432479e-01   1.780243e+05   1.000000e+02
4.473533e-01   1.843781e+05   1.000000e+02
4.514968e-01   1.909162e+05   1.000000e+02
4.556786e-01   1.976416e+05   1.000000e+02
4.598992e-01   2.045600e+05   1.000000e+02
4.641589e-01   2.116774e+05   1.000000e+02
4.684580e-01   2.190003e+05   1.000000e+02
4.727970e-01   2.265354e+05   1.000000e+02
4.771761e-01   2.342900e+05   1.000000e+02
4.815958e-01   2.422714e+05   1.000000e+02
4.860564e-01   2.504878e+05   1.000000e+02
4.905584e-01   2.589474e+05   1.000000e+02
4.951020e-01   2.676591e+05   1.000000e+02
4.996877e-01   2.766323e+05   1.000000e+02
5.043159e-01   2.858763e+05   1.000000e+02
5.089870e-01   2.953983e+05   1.000000e+02
5.137014e-01   3.052047e+05   1.000000e+02
5.184594e-01   3.153019e+05   1.000000e+02
5.232614e-01   3.256964e+05   1.000000e+02
5.281080e-01   3.363949e+05   1.000000e+02
5.329994e-01   3.474038e+05   1.000000e+02
5.379362e-01   3.587297e+05   1.000000e+02
5.429186e-01   3.703792e+05   1.000000e+02
5.479472e-01   3.823589e+05   1.000000e+02
5.530224e-01   3.946754e+05   1.000000e+02
5.581446e-01   4.073352e+05   1.000000e+02
5.633143e-01   4.203449e+05   1.000000e+02
5.685318e-01   4.337109e+05   1.000000e+02
5.737976e-01   4.474398e+05   1.000000e+02
5.791123e-01   4.615378e+05   1.000000e+02
5.844761e-01   4.760113e+05   1.000000e+02
5.898896e-01   4.908666e+05   1.000000e+02
5.953533e-01   5.061099e+05   1.000000e+02
6.008676e-01   5.217470e+05   1.000000e+02
6.064329e-01   5.377846e+05   1.000000e+02
6.120498e-01   5.542301e+05   1.000000e+02
6.177188e-01   5.710918e+05   1.000000e+02
6.234402e-01   5.883774e+05   1.000000e+02
6.292146e-01   6.060954e+05   1.000000e+02
6.350425e-01   6.242538e+05   1.000000e+02
6.409244e-01   6.428612e+05   1.000000e+02
6.468608e-01   6.619260e+05   1.000000e+02
6.528521e-01   6.814567e+05   1.000000e+02
6.588990e-01   7.014622e+05   1.000000e+02
6.650018e-01   7.219511e+05   1.000000e+02
6.711612e-01   7.429325e+05   1.000000e+02
6.773776e-01   7.644154e+05   1.000000e+02
6.836516e-01   7.864089e+05   1.000000e+02
6.899837e-01   8.089223e+05   1.000000e+02
6.963745e-01   8.319650e+05   1.000000e+02
7.028244e-01   8.555464e+05   1.000000e+02
7.093341e-01   8.796757e+05   1.000000e+02
7.159041e-01   9.043616e+05   1.000000e+02
7.225349e-01   9.296124e+05   1.000000e+02
7.292272e-01   9.554368e+05   1.000000e+02
7.359814e-01   9.818434e+05   1.000000e+02
7.427982e-01   1.008841e+06   1.000000e+02
7.496782e-01   1.036437e+06   1.000000e+02
7.566219e-01   1.064641e+06   1.000000e+02
7.636298e-01   1.093460e+06   1.000000e+02
7.707027e-01   1.122904e+06   1.000000e+02
7.778411e-01   1.152981e+06   1.000000e+02
7.850456e-01   1.183698e+06   1.000000e+02
7.923169e-01   1.215064e+06   1.000000e+02
7.996555e-01   1.247088e+06   1.000000e+02
8.070620e-01   1.279776e+06   1.000000e+02
8.145372e-01   1.313138e+06   1.000000e+02
8.220816e-01   1.347182e+06   1.000000e+02
8.296959e-01   1.381917e+06   1.000000e+02
8.373807e-01   1.417351e+06   1.000000e+02
8.451366e-01   1.453493e+06   1.000000e+02
8.529644e-01   1.490351e+06   1.000000e+02
8.608648e-01   1.527934e+06   1.000000e+02
8.688383e-01   1.566250e+06   1.000000e+02
8.768856e-01   1.605308e+06   1.000000e+02
8.850075e-01   1.645115e+06   1.000000e+02
8.932046e-01   1.685680e+06   1.000000e+02
9.014776e-01   1.727010e+06   1.000000e+02
9.098273e-01   1.769115e+06   1.000000e+02
9.182543e-01   1.812001e+06   1.000000e+02
9.267593e-01   1.855674e+06   1.000000e+02
9.353432e-01   1.900143e+06   1.000000e+02
9.440065e-01   1.945413e+06   1.000000e+02
9.527500e-01   1.991491e+06   1.000000e+02
9.615746e-01   2.038384e+06   1.000000e+02
9.704809e-01   2.086097e+06   1.000000e+02
9.794697e-01   2.134636e+06   1.000000e+02
9.885417e-01   2.184007e+06   1.000000e+02
9.976978e-01   2.234216e+06   1.000000e+02
1.006939e+00   2.285268e+06   1.000000e+02
1.016265e+00   2.337168e+06   1.000000e+02
1.025678e+00   2.389923e+06   1.000000e+02
1.035178e+00   2.443539e+06   1.000000e+02
1.044766e+00   2.498020e+06   1.000000e+02
1.054443e+00   2.553372e+06   1.000000e+02
1.064209e+00   2.609601e+06   1.000000e+02
1.074066e+00   2.666713e+06   1.000000e+02
1.084014e+00   2.724710e+06   1.000000e+02
1.094055e+00   2.783600e+06   1.000000e+02
1.104188e+00   2.843385e+06   1.000000e+02
1.114415e+00   2.904071e+06   1.000000e+02
1.124737e+00   2.965662e+06   1.000000e+02
1.135155e+00   3.028161e+06   1.000000e+02
1.145669e+00   3.091573e+06   1.000000e+02
1.156280e+00   3.155901e+06   1.000000e+02
1.166990e+00   3.221149e+06   1.000000e+02
1.177799e+00   3.287319e+06   1.000000e+02
1.188708e+00   3.354415e+06   1.000000e+02
1.199718e+00   3.422439e+06   1.000000e+02
1.210830e+00   3.491393e+06   1.000000e+02
1.222045e+00   3.561281e+06   1.000000e+02
1.233363e+00   3.632104e+06   1.000000e+02
1.244787e+00   3.703864e+06   1.000000e+02
1.256317e+00   3.776563e+06   1.000000e+02
1.267953e+00   3.850206e+06   1.000000e+02
1.279697e+00   3.924807e+06   1.000000e+02
1.291550e+00   4.000375e+06   1.000000e+02
1.303512e+00   4.076924e+06   1.000000e+02
1.315586e+00   4.154466e+06   1.000000e+02
1.327771e+00   4.233015e+06   1.000000e+02
1.340069e+00   4.312584e+06   1.000000e+02
1.352481e+00   4.393190e+06   1.000000e+02
1.365008e+00   4.474846e+06   1.000000e+02
1.377651e+00   4.557569e+06   1.000000e+02
1.390411e+00   4.641376e+06   1.000000e+02
1.403289e+00   4.726284e+06   1.000000e+02
1.416287e+00   4.812311e+06   1.000000e+02
1.429405e+00   4.899477e+06   1.000000e+02
1.442644e+00   4.987801e+06   1.000000e+02
1.456006e+00   5.077304e+06   1.000000e+02
1.469492e+00   5.168007e+06   1.000000e+02
1.483103e+00   5.259933e+06   1.000000e+02
1.496839e+00   5.353105e+06   1.000000e+02
1.510703e+00   5.447544e+06   1.000000e+02
1.524696e+00   5.543235e+06   1.000000e+02
1.538818e+00   5.640147e+06   1.000000e+02
1.553071e+00   5.738245e+06   1.000000e+02
1.567455e+00   5.837492e+06   1.000000e+02
1.581973e+00   5.937846e+06   1.000000e+02
1.596626e+00   6.039263e+06   1.000000e+02
1.611414e+00   6.141697e+06   1.000000e+02
1.626340e+00   6.245095e+06   1.000000e+02
1.641403e+00   6.349404e+06   1.000000e+02
1.656606e+00   6.454567e+06   1.000000e+02
1.671950e+00   6.560522e+06   1.000000e+02
1.687436e+00   6.667205e+06   1.000000e+02
1.703065e+00   6.774547e+06   1.000000e+02
1.718839e+00   6.882476e+06   1.000000e+02
1.734759e+00   6.990916e+06   1.000000e+02
1.750827e+00   7.099789e+06   1.000000e+02
1.767044e+00   7.209034e+06   1.000000e+02
1.783410e+00   7.318673e+06   1.000000e+02
1.799929e+00   7.428751e+06   1.000000e+02
1.816600e+00   7.539314e+06   1.000000e+02
1.833425e+00   7.650413e+06   1.000000e+02
1.850407e+00   7.762102e+06   1.000000e+02
1.867546e+00   7.874441e+06   1.000000e+02
1.884843e+00   7.987493e+06   1.000000e+02
1.902301e+00   8.101324e+06   1.000000e+02
1.919921e+00   8.216007e+06   1.000000e+02
1.937703e+00   8.331616e+06   1.000000e+02
1.955651e+00   8.448231e+06   1.000000e+02
1.973764e+00   8.565937e+06   1.000000e+02
1.992046e+00   8.684824e+06   1.000000e+02
2.010496e+00   8.804981e+06   1.000000e+02
2.029118e+00   8.926448e+06   1.000000e+02
2.047912e+00   9.049219e+06   1.000000e+02
2.066880e+00   9.173286e+06   1.000000e+02
2.086024e+00   9.298638e+06   1.000000e+02
2.105345e+00   9.425267e+06   1.000000e+02
2.124845e+00   9.553159e+06   1.000000e+02
2.144526e+00   9.682304e+06   1.000000e+02
2.164389e+00   9.812686e+06   1.000000e+02
2.184436e+00   9.944293e+06   1.000000e+02
2.204669e+00   1.007711e+07   1.000000e+02
2.225089e+00   1.021111e+07   1.000000e+02
2.245698e+00   1.034629e+07   1.000000e+02
2.266498e+00   1.048263e+07   1.000000e+02
2.287491e+00   1.062010e+07   1.000000e+02
2.308678e+00   1.075868e+07   1.000000e+02
2.330061e+00   1.089835e+07   1.000000e+02
2.351643e+00   1.103909e+07   1.000000e+02
2.373424e+00   1.118087e+07   1.000000e+02
2.395407e+00   1.132366e+07   1.000000e+02
2.417594e+00   1.146744e+07   1.000000e+02
2.439986e+00   1.161218e+07   1.000000e+02
2.462586e+00   1.175785e+07   1.000000e+02
2.485395e+00   1.190441e+07   1.000000e+02
2.508415e+00   1.205183e+07   1.000000e+02
2.531648e+00   1.220010e+07   1.000000e+02
2.555097e+00   1.234922e+07   1.000000e+02
2.578763e+00   1.249920e+07   1.000000e+02
2.602648e+00   1.265006e+07   1.000000e+02
2.626754e+00   1.280180e+07   1.000000e+02
2.651084e+00   1.295444e+07   1.000000e+02
2.675638e+00   1.310798e+07   1.000000e+02
2.700421e+00   1.326246e+07   1.000000e+02
2.725433e+00   1.341787e+07   1.000000e+02
2.750676e+00   1.357423e+07   1.000000e+02
2.776153e+00   1.373157e+07   1.000000e+02
2.801867e+00   1.388990e+07   1.000000e+02
2.827818e+00   1.404923e+07   1.000000e+02
2.854010e+00   1.420959e+07   1.000000e+02
2.880444e+00   1.437099e+07   1.000000e+02
2.907123e+00   1.453346e+07   1.000000e+02
2.934050e+00   1.469703e+07   1.000000e+02
2.961225e+00   1.486170e+07   1.000000e+02
2.988653e+00   1.502751e+07   1.000000e+02
3.016334e+00   1.519448e+07   1.000000e+02
3.044272e+00   1.536263e+07   1.000000e+02
3.072469e+00   1.553197e+07   1.000000e+02
3.100927e+00   1.570249e+07   1.000000e+02
3.129648e+00   1.587422e+07   1.000000e+02
3.158635e+00   1.604717e+07   1.000000e+02
3.187891e+00   1.622133e+07   1.000000e+02
3.217418e+00   1.639672e+07   1.000000e+02
3.247218e+00   1.657336e+07   1.000000e+02
3.277295e+00   1.675125e+07   1.000000e+02
3.307650e+00   1.693039e+07   1.000000e+02
3.338286e+00   1.711081e+07   1.000000e+02
3.369206e+00   1.729252e+07   1.000000e+02
3.400412e+00   1.747552e+07   1.000000e+02
3.431907e+00   1.765983e+07   1.000000e+02
3.463694e+00   1.784545e+07   1.000000e+02
3.495776e+00   1.803241e+07   1.000000e+02
3.528154e+00   1.822071e+07   1.000000e+02
3.560833e+00   1.841038e+07   1.000000e+02
3.593814e+00   1.860144e+07   1.000000e+02
3.627100e+00   1.879390e+07   1.000000e+02
3.660695e+00   1.898780e+07   1.000000e+02
3.694601e+00   1.918315e+07   1.000000e+02
3.728821e+00   1.937998e+07   1.000000e+02
3.763358e+00   1.957831e+07   1.000000e+02
3.798215e+00   1.977817e+07   1.000000e+02
3.833395e+00   1.997959e+07   1.000000e+02
3.868901e+00   2.018259e+07   1.000000e+02
3.904735e+00   2.038721e+07   1.000000e+02
3.940902e+00   2.059346e+07   1.000000e+02
3.977403e+00   2.080139e+07   1.000000e+02
4.014242e+00   2.101102e+07   1.000000e+02
4.051423e+00   2.122238e+07   1.000000e+02
4.088948e+00   2.143550e+07   1.000000e+02
4.126821e+00   2.165041e+07   1.000000e+02
4.165044e+00   2.186714e+07   1.000000e+02
4.203622e+00   2.208573e+07   1.000000e+02
4.242556e+00   2.230621e+07   1.000000e+02
4.281852e+00   2.252860e+07   1.000000e+02
4.321511e+00   2.275295e+07   1.000000e+02
4.361538e+00   2.297928e+07   1.000000e+02
4.401935e+00   2.320764e+07   1.000000e+02
4.442707e+00   2.343807e+07   1.000000e+02
4.483856e+00   2.367059e+07   1.000000e+02
4.525386e+00   2.390525e+07   1.000000e+02
4.567301e+00   2.414209e+07   1.000000e+02
4.609604e+00   2.438114e+07   1.000000e+02
4.652300e+00   2.462246e+07   1.000000e+02
4.695390e+00   2.486608e+07   1.000000e+02
4.738880e+00   2.511205e+07   1.000000e+02
4.782772e+00   2.536042e+07   1.000000e+02
4.827071e+00   2.561122e+07   1.000000e+02
4.871780e+00   2.586450e+07   1.000000e+02
4.916904e+00   2.612033e+07   1.000000e+02
4.962445e+00   2.637873e+07   1.000000e+02
5.008408e+00   2.663977e+07   1.000000e+02
5.054797e+00   2.690349e+07   1.000000e+02
5.101615e+00   2.716994e+07   1.000000e+02
5.148867e+00   2.743916e+07   1.000000e+02
5.196557e+00   2.771119e+07   1.000000e+02
5.244689e+00   2.798607e+07   1.000000e+02
5.293266e+00   2.826384e+07   1.000000e+02
5.342293e+00   2.854456e+07   1.000000e+02
5.391775e+00   2.882827e+07   1.000000e+02
5.441714e+00   2.911502e+07   1.000000e+02
5.492116e+00   2.940485e+07   1.000000e+02
5.542986e+00   2.969781e+07   1.000000e+02
5.594326e+00   2.999396e+07   1.000000e+02
5.646141e+00   3.029334e+07   1.000000e+02
5.698437e+00   3.059600e+07   1.000000e+02
5.751217e+00   3.090201e+07   1.000000e+02
5.804486e+00   3.121140e+07   1.000000e+02
5.858248e+00   3.152425e+07   1.000000e+02
5.912508e+00   3.184059e+07   1.000000e+02
5.967271e+00   3.216050e+07   1.000000e+02
6.022541e+00   3.248403e+07   1.000000e+02
6.078323e+00   3.281122e+07   1.000000e+02
6.134622e+00   3.314212e+07   1.000000e+02
6.191442e+00   3.347677e+07   1.000000e+02
6.248788e+00   3.381520e+07   1.000000e+02
6.306666e+00   3.415746e+07   1.000000e+02
6.365079e+00   3.450357e+07   1.000000e+02
6.424034e+00   3.485359e+07   1.000000e+02
6.483534e+00   3.520754e+07   1.000000e+02
6.543586e+00   3.556548e+07   1.000000e+02
6.604194e+00   3.592744e+07   1.000000e+02
6.665363e+00   3.629346e+07   1.000000e+02
6.727099e+00   3.666358e+07   1.000000e+02
6.789407e+00   3.703784e+07   1.000000e+02
6.852292e+00   3.741629e+07   1.000000e+02
6.915759e+00   3.779897e+07   1.000000e+02
6.979814e+00   3.818591e+07   1.000000e+02
7.044462e+00   3.857716e+07   1.000000e+02
7.109709e+00   3.897275e+07   1.000000e+02
7.175561e+00   3.937270e+07   1.000000e+02
7.242022e+00   3.977701e+07   1.000000e+02
7.309099e+00   4.018572e+07   1.000000e+02
7.376798e+00   4.059884e+07   1.000000e+02
7.445123e+00   4.101638e+07   1.000000e+02
7.514081e+00   4.143836e+07   1.000000e+02
7.583678e+00   4.186478e+07   1.000000e+02
7.653919e+00   4.229568e+07   1.000000e+02
7.724811e+00   4.273105e+07   1.000000e+02
7.796360e+00   4.317091e+07   1.000000e+02
7.868572e+00   4.361527e+07   1.000000e+02
7.941452e+00   4.406414e+07   1.000000e+02
8.015007e+00   4.451753e+07   1.000000e+02
8.089243e+00   4.497544e+07   1.000000e+02
8.164168e+00   4.543786e+07   1.000000e+02
8.239786e+00   4.590478e+07   1.000000e+02
8.316104e+00   4.637619e+07   1.000000e+02
8.393129e+00   4.685209e+07   1.000000e+02
8.470868e+00   4.733245e+07   1.000000e+02
8.549327e+00   4.781725e+07   1.000000e+02
8.628513e+00   4.830648e+07   1.000000e+02
8.708431e+00   4.880011e+07   1.000000e+02
8.789091e+00   4.929813e+07   1.000000e+02
8.870497e+00   4.980050e+07   1.000000e+02
8.952657e+00   5.030720e+07   1.000000e+02
9.035578e+00   5.081820e+07   1.000000e+02
9.119268e+00   5.133346e+07   1.000000e+02
9.203732e+00   5.185296e+07   1.000000e+02
9.288979e+00   5.237666e+07   1.000000e+02
9.375015e+00   5.290451e+07   1.000000e+02
9.461848e+00   5.343647e+07   1.000000e+02
9.549486e+00   5.397250e+07   1.000000e+02
9.637935e+00   5.451256e+07   1.000000e+02
9.727203e+00   5.505659e+07   1.000000e+02
9.817298e+00   5.560455e+07   1.000000e+02
9.908228e+00   5.615637e+07   1.000000e+02
1.000000e+01   5.671200e+07   1.000000e+02
