# Na20 + n > F17 + a   [Na20_n__F17_a]   ref=TALYS2, Koning et al. 2023
# detailed balance: alpha=0.26914 beta=0 gamma=-122.343  Q=10.5427
# T9                 rate                error
1.000000e-03   5.867900e+07   1.000000e+02
1.009262e-03   5.866592e+07   1.000000e+02
1.018610e-03   5.865297e+07   1.000000e+02
1.028045e-03   5.864015e+07   1.000000e+02
1.037567e-03   5.862747e+07   1.000000e+02
1.047177e-03   5.861492e+07   1.000000e+02
1.056876e-03   5.860250e+07   1.000000e+02
1.066665e-03   5.859022e+07   1.000000e+02
1.076545e-03   5.857807e+07   1.000000e+02
1.086516e-03   5.856605e+07   1.000000e+02
1.096579e-03   5.855417e+07   1.000000e+02
1.106736e-03   5.854243e+07   1.000000e+02
1.116987e-03   5.853083e+07   1.000000e+02
1.127333e-03   5.851936e+07   1.000000e+02
1.137774e-03   5.850803e+07   1.000000e+02
1.148312e-03   5.849684e+07   1.000000e+02
1.158948e-03   5.848579e+07   1.000000e+02
1.169683e-03   5.847488e+07   1.000000e+02
1.180517e-03   5.846411e+07   1.000000e+02
1.191451e-03   5.845348e+07   1.000000e+02
1.202486e-03   5.844299e+07   1.000000e+02
1.213624e-03   5.843265e+07   1.000000e+02
1.224865e-03   5.842244e+07   1.000000e+02
1.236210e-03   5.841238e+07   1.000000e+02
1.247660e-03   5.840247e+07   1.000000e+02
1.259216e-03   5.839270e+07   1.000000e+02
1.270879e-03   5.838307e+07   1.000000e+02
1.282650e-03   5.837359e+07   1.000000e+02
1.294530e-03   5.836426e+07   1.000000e+02
1.306520e-03   5.835507e+07   1.000000e+02
1.318621e-03   5.834603e+07   1.000000e+02
1.330835e-03   5.833714e+07   1.000000e+02
1.343161e-03   5.832839e+07   1.000000e+02
1.355602e-03   5.831980e+07   1.000000e+02
1.368158e-03   5.831135e+07   1.000000e+02
1.380830e-03   5.830306e+07   1.000000e+02
1.393619e-03   5.829491e+07   1.000000e+02
1.406527e-03   5.828692e+07   1.000000e+02
1.419555e-03   5.827908e+07   1.000000e+02
1.432703e-03   5.827139e+07   1.000000e+02
1.445973e-03   5.826386e+07   1.000000e+02
1.459366e-03   5.825648e+07   1.000000e+02
1.472883e-03   5.824925e+07   1.000000e+02
1.486525e-03   5.824218e+07   1.000000e+02
1.500293e-03   5.823526e+07   1.000000e+02
1.514189e-03   5.822850e+07   1.000000e+02
1.528214e-03   5.822190e+07   1.000000e+02
1.542369e-03   5.821545e+07   1.000000e+02
1.556654e-03   5.820917e+07   1.000000e+02
1.571072e-03   5.820304e+07   1.000000e+02
1.585624e-03   5.819707e+07   1.000000e+02
1.600310e-03   5.819126e+07   1.000000e+02
1.615133e-03   5.818561e+07   1.000000e+02
1.630092e-03   5.818012e+07   1.000000e+02
1.645191e-03   5.817479e+07   1.000000e+02
1.660429e-03   5.816963e+07   1.000000e+02
1.675808e-03   5.816462e+07   1.000000e+02
1.691330e-03   5.815978e+07   1.000000e+02
1.706995e-03   5.815511e+07   1.000000e+02
1.722805e-03   5.815060e+07   1.000000e+02
1.738762e-03   5.814625e+07   1.000000e+02
1.754867e-03   5.814207e+07   1.000000e+02
1.771121e-03   5.813806e+07   1.000000e+02
1.787526e-03   5.813421e+07   1.000000e+02
1.804082e-03   5.813053e+07   1.000000e+02
1.820792e-03   5.812702e+07   1.000000e+02
1.837656e-03   5.812368e+07   1.000000e+02
1.854677e-03   5.812051e+07   1.000000e+02
1.871855e-03   5.811751e+07   1.000000e+02
1.889193e-03   5.811468e+07   1.000000e+02
1.906691e-03   5.811202e+07   1.000000e+02
1.924351e-03   5.810953e+07   1.000000e+02
1.942175e-03   5.810721e+07   1.000000e+02
1.960163e-03   5.810507e+07   1.000000e+02
1.978319e-03   5.810310e+07   1.000000e+02
1.996642e-03   5.810131e+07   1.000000e+02
2.015136e-03   5.809969e+07   1.000000e+02
2.033800e-03   5.809825e+07   1.000000e+02
2.052638e-03   5.809698e+07   1.000000e+02
2.071650e-03   5.809589e+07   1.000000e+02
2.090838e-03   5.809498e+07   1.000000e+02
2.110203e-03   5.809424e+07   1.000000e+02
2.129749e-03   5.809369e+07   1.000000e+02
2.149475e-03   5.809331e+07   1.000000e+02
2.169384e-03   5.809312e+07   1.000000e+02
2.189477e-03   5.809310e+07   1.000000e+02
2.209756e-03   5.809327e+07   1.000000e+02
2.230223e-03   5.809362e+07   1.000000e+02
2.250880e-03   5.809415e+07   1.000000e+02
2.271728e-03   5.809487e+07   1.000000e+02
2.292769e-03   5.809577e+07   1.000000e+02
2.314005e-03   5.809685e+07   1.000000e+02
2.335438e-03   5.809812e+07   1.000000e+02
2.357069e-03   5.809957e+07   1.000000e+02
2.378901e-03   5.810122e+07   1.000000e+02
2.400935e-03   5.810305e+07   1.000000e+02
2.423173e-03   5.810506e+07   1.000000e+02
2.445617e-03   5.810727e+07   1.000000e+02
2.468268e-03   5.810967e+07   1.000000e+02
2.491130e-03   5.811225e+07   1.000000e+02
2.514203e-03   5.811503e+07   1.000000e+02
2.537490e-03   5.811800e+07   1.000000e+02
2.560993e-03   5.812116e+07   1.000000e+02
2.584714e-03   5.812451e+07   1.000000e+02
2.608654e-03   5.812806e+07   1.000000e+02
2.632815e-03   5.813180e+07   1.000000e+02
2.657201e-03   5.813573e+07   1.000000e+02
2.681813e-03   5.813986e+07   1.000000e+02
2.706652e-03   5.814419e+07   1.000000e+02
2.731722e-03   5.814871e+07   1.000000e+02
2.757023e-03   5.815343e+07   1.000000e+02
2.782559e-03   5.815835e+07   1.000000e+02
2.808332e-03   5.816347e+07   1.000000e+02
2.834343e-03   5.816879e+07   1.000000e+02
2.860596e-03   5.817431e+07   1.000000e+02
2.887091e-03   5.818003e+07   1.000000e+02
2.913832e-03   5.818595e+07   1.000000e+02
2.940820e-03   5.819207e+07   1.000000e+02
2.968059e-03   5.819840e+07   1.000000e+02
2.995549e-03   5.820493e+07   1.000000e+02
3.023295e-03   5.821167e+07   1.000000e+02
3.051297e-03   5.821870e+07   1.000000e+02
3.079559e-03   5.822611e+07   1.000000e+02
3.108082e-03   5.823399e+07   1.000000e+02
3.136870e-03   5.824244e+07   1.000000e+02
3.165924e-03   5.825156e+07   1.000000e+02
3.195248e-03   5.826143e+07   1.000000e+02
3.224842e-03   5.827216e+07   1.000000e+02
3.254712e-03   5.828383e+07   1.000000e+02
3.284857e-03   5.829656e+07   1.000000e+02
3.315282e-03   5.831042e+07   1.000000e+02
3.345989e-03   5.832551e+07   1.000000e+02
3.376980e-03   5.834194e+07   1.000000e+02
3.408259e-03   5.835980e+07   1.000000e+02
3.439826e-03   5.837918e+07   1.000000e+02
3.471687e-03   5.840018e+07   1.000000e+02
3.503842e-03   5.842290e+07   1.000000e+02
3.536296e-03   5.844744e+07   1.000000e+02
3.569049e-03   5.847388e+07   1.000000e+02
3.602107e-03   5.850233e+07   1.000000e+02
3.635470e-03   5.853290e+07   1.000000e+02
3.669142e-03   5.856567e+07   1.000000e+02
3.703127e-03   5.860074e+07   1.000000e+02
3.737426e-03   5.863822e+07   1.000000e+02
3.772042e-03   5.867820e+07   1.000000e+02
3.806980e-03   5.872079e+07   1.000000e+02
3.842241e-03   5.876608e+07   1.000000e+02
3.877828e-03   5.881419e+07   1.000000e+02
3.913746e-03   5.886520e+07   1.000000e+02
3.949995e-03   5.891923e+07   1.000000e+02
3.986581e-03   5.897637e+07   1.000000e+02
4.023506e-03   5.903672e+07   1.000000e+02
4.060772e-03   5.910010e+07   1.000000e+02
4.098384e-03   5.916612e+07   1.000000e+02
4.136344e-03   5.923443e+07   1.000000e+02
4.174655e-03   5.930464e+07   1.000000e+02
4.213322e-03   5.937638e+07   1.000000e+02
4.252346e-03   5.944926e+07   1.000000e+02
4.291732e-03   5.952292e+07   1.000000e+02
4.331483e-03   5.959697e+07   1.000000e+02
4.371602e-03   5.967102e+07   1.000000e+02
4.412093e-03   5.974468e+07   1.000000e+02
4.452959e-03   5.981758e+07   1.000000e+02
4.494203e-03   5.988932e+07   1.000000e+02
4.535829e-03   5.995951e+07   1.000000e+02
4.577841e-03   6.002775e+07   1.000000e+02
4.620241e-03   6.009366e+07   1.000000e+02
4.663035e-03   6.015683e+07   1.000000e+02
4.706225e-03   6.021687e+07   1.000000e+02
4.749815e-03   6.027337e+07   1.000000e+02
4.793808e-03   6.032595e+07   1.000000e+02
4.838210e-03   6.037420e+07   1.000000e+02
4.883022e-03   6.041772e+07   1.000000e+02
4.928250e-03   6.045610e+07   1.000000e+02
4.973896e-03   6.048896e+07   1.000000e+02
5.019965e-03   6.051590e+07   1.000000e+02
5.066461e-03   6.053686e+07   1.000000e+02
5.113388e-03   6.055220e+07   1.000000e+02
5.160749e-03   6.056230e+07   1.000000e+02
5.208549e-03   6.056754e+07   1.000000e+02
5.256791e-03   6.056829e+07   1.000000e+02
5.305481e-03   6.056494e+07   1.000000e+02
5.354621e-03   6.055787e+07   1.000000e+02
5.404216e-03   6.054746e+07   1.000000e+02
5.454271e-03   6.053410e+07   1.000000e+02
5.504790e-03   6.051817e+07   1.000000e+02
5.555776e-03   6.050005e+07   1.000000e+02
5.607235e-03   6.048013e+07   1.000000e+02
5.659170e-03   6.045878e+07   1.000000e+02
5.711586e-03   6.043640e+07   1.000000e+02
5.764488e-03   6.041336e+07   1.000000e+02
5.817880e-03   6.039004e+07   1.000000e+02
5.871766e-03   6.036683e+07   1.000000e+02
5.926152e-03   6.034410e+07   1.000000e+02
5.981041e-03   6.032224e+07   1.000000e+02
6.036439e-03   6.030159e+07   1.000000e+02
6.092349e-03   6.028222e+07   1.000000e+02
6.148778e-03   6.026397e+07   1.000000e+02
6.205729e-03   6.024670e+07   1.000000e+02
6.263207e-03   6.023025e+07   1.000000e+02
6.321218e-03   6.021448e+07   1.000000e+02
6.379767e-03   6.019923e+07   1.000000e+02
6.438857e-03   6.018437e+07   1.000000e+02
6.498495e-03   6.016974e+07   1.000000e+02
6.558686e-03   6.015519e+07   1.000000e+02
6.619433e-03   6.014057e+07   1.000000e+02
6.680744e-03   6.012574e+07   1.000000e+02
6.742622e-03   6.011054e+07   1.000000e+02
6.805074e-03   6.009484e+07   1.000000e+02
6.868104e-03   6.007847e+07   1.000000e+02
6.931717e-03   6.006130e+07   1.000000e+02
6.995920e-03   6.004318e+07   1.000000e+02
7.060718e-03   6.002399e+07   1.000000e+02
7.126115e-03   6.000375e+07   1.000000e+02
7.192119e-03   5.998252e+07   1.000000e+02
7.258734e-03   5.996039e+07   1.000000e+02
7.325965e-03   5.993740e+07   1.000000e+02
7.393820e-03   5.991363e+07   1.000000e+02
7.462303e-03   5.988914e+07   1.000000e+02
7.531420e-03   5.986401e+07   1.000000e+02
7.601178e-03   5.983829e+07   1.000000e+02
7.671581e-03   5.981205e+07   1.000000e+02
7.742637e-03   5.978535e+07   1.000000e+02
7.814351e-03   5.975827e+07   1.000000e+02
7.886729e-03   5.973087e+07   1.000000e+02
7.959777e-03   5.970321e+07   1.000000e+02
8.033502e-03   5.967535e+07   1.000000e+02
8.107910e-03   5.964725e+07   1.000000e+02
8.183007e-03   5.961872e+07   1.000000e+02
8.258799e-03   5.958958e+07   1.000000e+02
8.335294e-03   5.955964e+07   1.000000e+02
8.412497e-03   5.952872e+07   1.000000e+02
8.490415e-03   5.949663e+07   1.000000e+02
8.569055e-03   5.946319e+07   1.000000e+02
8.648423e-03   5.942822e+07   1.000000e+02
8.728527e-03   5.939153e+07   1.000000e+02
8.809372e-03   5.935294e+07   1.000000e+02
8.890966e-03   5.931227e+07   1.000000e+02
8.973316e-03   5.926934e+07   1.000000e+02
9.056428e-03   5.922401e+07   1.000000e+02
9.140311e-03   5.917664e+07   1.000000e+02
9.224970e-03   5.912789e+07   1.000000e+02
9.310413e-03   5.907844e+07   1.000000e+02
9.396648e-03   5.902894e+07   1.000000e+02
9.483682e-03   5.898005e+07   1.000000e+02
9.571522e-03   5.893245e+07   1.000000e+02
9.660175e-03   5.888679e+07   1.000000e+02
9.749649e-03   5.884372e+07   1.000000e+02
9.839952e-03   5.880390e+07   1.000000e+02
9.931092e-03   5.876798e+07   1.000000e+02
1.002308e-02   5.873662e+07   1.000000e+02
1.011591e-02   5.871005e+07   1.000000e+02
1.020961e-02   5.868773e+07   1.000000e+02
1.030417e-02   5.866902e+07   1.000000e+02
1.039961e-02   5.865329e+07   1.000000e+02
1.049593e-02   5.863990e+07   1.000000e+02
1.059315e-02   5.862823e+07   1.000000e+02
1.069126e-02   5.861763e+07   1.000000e+02
1.079029e-02   5.860749e+07   1.000000e+02
1.089023e-02   5.859717e+07   1.000000e+02
1.099110e-02   5.858604e+07   1.000000e+02
1.109290e-02   5.857357e+07   1.000000e+02
1.119564e-02   5.855979e+07   1.000000e+02
1.129934e-02   5.854489e+07   1.000000e+02
1.140400e-02   5.852907e+07   1.000000e+02
1.150962e-02   5.851253e+07   1.000000e+02
1.161623e-02   5.849546e+07   1.000000e+02
1.172382e-02   5.847807e+07   1.000000e+02
1.183241e-02   5.846054e+07   1.000000e+02
1.194200e-02   5.844308e+07   1.000000e+02
1.205261e-02   5.842588e+07   1.000000e+02
1.216424e-02   5.840900e+07   1.000000e+02
1.227691e-02   5.839241e+07   1.000000e+02
1.239062e-02   5.837603e+07   1.000000e+02
1.250539e-02   5.835981e+07   1.000000e+02
1.262121e-02   5.834369e+07   1.000000e+02
1.273811e-02   5.832762e+07   1.000000e+02
1.285610e-02   5.831153e+07   1.000000e+02
1.297517e-02   5.829537e+07   1.000000e+02
1.309535e-02   5.827908e+07   1.000000e+02
1.321664e-02   5.826266e+07   1.000000e+02
1.333906e-02   5.824612e+07   1.000000e+02
1.346261e-02   5.822947e+07   1.000000e+02
1.358730e-02   5.821274e+07   1.000000e+02
1.371315e-02   5.819594e+07   1.000000e+02
1.384016e-02   5.817907e+07   1.000000e+02
1.396835e-02   5.816216e+07   1.000000e+02
1.409773e-02   5.814521e+07   1.000000e+02
1.422830e-02   5.812825e+07   1.000000e+02
1.436009e-02   5.811126e+07   1.000000e+02
1.449310e-02   5.809428e+07   1.000000e+02
1.462733e-02   5.807729e+07   1.000000e+02
1.476281e-02   5.806031e+07   1.000000e+02
1.489955e-02   5.804335e+07   1.000000e+02
1.503755e-02   5.802641e+07   1.000000e+02
1.517683e-02   5.800950e+07   1.000000e+02
1.531740e-02   5.799261e+07   1.000000e+02
1.545928e-02   5.797575e+07   1.000000e+02
1.560246e-02   5.795890e+07   1.000000e+02
1.574698e-02   5.794207e+07   1.000000e+02
1.589283e-02   5.792525e+07   1.000000e+02
1.604003e-02   5.790845e+07   1.000000e+02
1.618860e-02   5.789165e+07   1.000000e+02
1.633854e-02   5.787486e+07   1.000000e+02
1.648987e-02   5.785810e+07   1.000000e+02
1.664260e-02   5.784137e+07   1.000000e+02
1.679675e-02   5.782466e+07   1.000000e+02
1.695232e-02   5.780800e+07   1.000000e+02
1.710934e-02   5.779138e+07   1.000000e+02
1.726781e-02   5.777482e+07   1.000000e+02
1.742775e-02   5.775831e+07   1.000000e+02
1.758917e-02   5.774186e+07   1.000000e+02
1.775208e-02   5.772549e+07   1.000000e+02
1.791650e-02   5.770919e+07   1.000000e+02
1.808245e-02   5.769297e+07   1.000000e+02
1.824993e-02   5.767684e+07   1.000000e+02
1.841897e-02   5.766079e+07   1.000000e+02
1.858957e-02   5.764482e+07   1.000000e+02
1.876175e-02   5.762894e+07   1.000000e+02
1.893552e-02   5.761313e+07   1.000000e+02
1.911091e-02   5.759741e+07   1.000000e+02
1.928792e-02   5.758176e+07   1.000000e+02
1.946656e-02   5.756620e+07   1.000000e+02
1.964687e-02   5.755071e+07   1.000000e+02
1.982884e-02   5.753530e+07   1.000000e+02
2.001250e-02   5.751996e+07   1.000000e+02
2.019786e-02   5.750471e+07   1.000000e+02
2.038493e-02   5.748954e+07   1.000000e+02
2.057374e-02   5.747448e+07   1.000000e+02
2.076430e-02   5.745954e+07   1.000000e+02
2.095662e-02   5.744474e+07   1.000000e+02
2.115073e-02   5.743008e+07   1.000000e+02
2.134663e-02   5.741559e+07   1.000000e+02
2.154435e-02   5.740127e+07   1.000000e+02
2.174389e-02   5.738715e+07   1.000000e+02
2.194529e-02   5.737323e+07   1.000000e+02
2.214855e-02   5.735954e+07   1.000000e+02
2.235370e-02   5.734608e+07   1.000000e+02
2.256074e-02   5.733288e+07   1.000000e+02
2.276970e-02   5.731994e+07   1.000000e+02
2.298060e-02   5.730727e+07   1.000000e+02
2.319345e-02   5.729490e+07   1.000000e+02
2.340827e-02   5.728284e+07   1.000000e+02
2.362508e-02   5.727111e+07   1.000000e+02
2.384390e-02   5.725970e+07   1.000000e+02
2.406475e-02   5.724865e+07   1.000000e+02
2.428764e-02   5.723797e+07   1.000000e+02
2.451260e-02   5.722767e+07   1.000000e+02
2.473964e-02   5.721776e+07   1.000000e+02
2.496878e-02   5.720826e+07   1.000000e+02
2.520005e-02   5.719917e+07   1.000000e+02
2.543346e-02   5.719050e+07   1.000000e+02
2.566903e-02   5.718223e+07   1.000000e+02
2.590678e-02   5.717433e+07   1.000000e+02
2.614673e-02   5.716679e+07   1.000000e+02
2.638891e-02   5.715959e+07   1.000000e+02
2.663333e-02   5.715273e+07   1.000000e+02
2.688001e-02   5.714617e+07   1.000000e+02
2.712898e-02   5.713990e+07   1.000000e+02
2.738025e-02   5.713392e+07   1.000000e+02
2.763385e-02   5.712819e+07   1.000000e+02
2.788980e-02   5.712271e+07   1.000000e+02
2.814812e-02   5.711745e+07   1.000000e+02
2.840884e-02   5.711241e+07   1.000000e+02
2.867196e-02   5.710756e+07   1.000000e+02
2.893753e-02   5.710289e+07   1.000000e+02
2.920556e-02   5.709837e+07   1.000000e+02
2.947606e-02   5.709401e+07   1.000000e+02
2.974908e-02   5.708977e+07   1.000000e+02
3.002462e-02   5.708564e+07   1.000000e+02
3.030271e-02   5.708162e+07   1.000000e+02
3.058338e-02   5.707780e+07   1.000000e+02
3.086665e-02   5.707424e+07   1.000000e+02
3.115254e-02   5.707102e+07   1.000000e+02
3.144108e-02   5.706824e+07   1.000000e+02
3.173230e-02   5.706598e+07   1.000000e+02
3.202621e-02   5.706430e+07   1.000000e+02
3.232284e-02   5.706331e+07   1.000000e+02
3.262222e-02   5.706307e+07   1.000000e+02
3.292437e-02   5.706367e+07   1.000000e+02
3.322933e-02   5.706520e+07   1.000000e+02
3.353710e-02   5.706772e+07   1.000000e+02
3.384773e-02   5.707134e+07   1.000000e+02
3.416123e-02   5.707612e+07   1.000000e+02
3.447764e-02   5.708216e+07   1.000000e+02
3.479698e-02   5.708952e+07   1.000000e+02
3.511928e-02   5.709830e+07   1.000000e+02
3.544456e-02   5.710858e+07   1.000000e+02
3.577285e-02   5.712044e+07   1.000000e+02
3.610419e-02   5.713397e+07   1.000000e+02
3.643859e-02   5.714924e+07   1.000000e+02
3.677609e-02   5.716634e+07   1.000000e+02
3.711672e-02   5.718536e+07   1.000000e+02
3.746050e-02   5.720637e+07   1.000000e+02
3.780747e-02   5.722947e+07   1.000000e+02
3.815765e-02   5.725473e+07   1.000000e+02
3.851107e-02   5.728225e+07   1.000000e+02
3.886777e-02   5.731210e+07   1.000000e+02
3.922777e-02   5.734438e+07   1.000000e+02
3.959110e-02   5.737917e+07   1.000000e+02
3.995780e-02   5.741655e+07   1.000000e+02
4.032790e-02   5.745658e+07   1.000000e+02
4.070142e-02   5.749908e+07   1.000000e+02
4.107841e-02   5.754379e+07   1.000000e+02
4.145888e-02   5.759045e+07   1.000000e+02
4.184289e-02   5.763881e+07   1.000000e+02
4.223044e-02   5.768861e+07   1.000000e+02
4.262159e-02   5.773958e+07   1.000000e+02
4.301636e-02   5.779148e+07   1.000000e+02
4.341478e-02   5.784403e+07   1.000000e+02
4.381690e-02   5.789698e+07   1.000000e+02
4.422274e-02   5.795006e+07   1.000000e+02
4.463234e-02   5.800302e+07   1.000000e+02
4.504573e-02   5.805557e+07   1.000000e+02
4.546295e-02   5.810747e+07   1.000000e+02
4.588404e-02   5.815844e+07   1.000000e+02
4.630903e-02   5.820822e+07   1.000000e+02
4.673795e-02   5.825653e+07   1.000000e+02
4.717085e-02   5.830311e+07   1.000000e+02
4.760775e-02   5.834768e+07   1.000000e+02
4.804870e-02   5.838999e+07   1.000000e+02
4.849374e-02   5.842975e+07   1.000000e+02
4.894290e-02   5.846669e+07   1.000000e+02
4.939622e-02   5.850055e+07   1.000000e+02
4.985373e-02   5.853106e+07   1.000000e+02
5.031549e-02   5.855795e+07   1.000000e+02
5.078152e-02   5.858131e+07   1.000000e+02
5.125187e-02   5.860137e+07   1.000000e+02
5.172657e-02   5.861838e+07   1.000000e+02
5.220568e-02   5.863260e+07   1.000000e+02
5.268921e-02   5.864429e+07   1.000000e+02
5.317723e-02   5.865368e+07   1.000000e+02
5.366977e-02   5.866105e+07   1.000000e+02
5.416687e-02   5.866664e+07   1.000000e+02
5.466857e-02   5.867070e+07   1.000000e+02
5.517492e-02   5.867350e+07   1.000000e+02
5.568596e-02   5.867528e+07   1.000000e+02
5.620174e-02   5.867631e+07   1.000000e+02
5.672229e-02   5.867683e+07   1.000000e+02
5.724766e-02   5.867710e+07   1.000000e+02
5.777790e-02   5.867738e+07   1.000000e+02
5.831305e-02   5.867792e+07   1.000000e+02
5.885316e-02   5.867898e+07   1.000000e+02
5.939827e-02   5.868081e+07   1.000000e+02
5.994843e-02   5.868367e+07   1.000000e+02
6.050368e-02   5.868777e+07   1.000000e+02
6.106408e-02   5.869310e+07   1.000000e+02
6.162966e-02   5.869959e+07   1.000000e+02
6.220049e-02   5.870715e+07   1.000000e+02
6.277660e-02   5.871570e+07   1.000000e+02
6.335805e-02   5.872517e+07   1.000000e+02
6.394488e-02   5.873547e+07   1.000000e+02
6.453715e-02   5.874652e+07   1.000000e+02
6.513491e-02   5.875825e+07   1.000000e+02
6.573820e-02   5.877056e+07   1.000000e+02
6.634708e-02   5.878340e+07   1.000000e+02
6.696160e-02   5.879666e+07   1.000000e+02
6.758181e-02   5.881028e+07   1.000000e+02
6.820777e-02   5.882416e+07   1.000000e+02
6.883952e-02   5.883824e+07   1.000000e+02
6.947713e-02   5.885243e+07   1.000000e+02
7.012064e-02   5.886665e+07   1.000000e+02
7.077011e-02   5.888086e+07   1.000000e+02
7.142559e-02   5.889506e+07   1.000000e+02
7.208715e-02   5.890928e+07   1.000000e+02
7.275484e-02   5.892357e+07   1.000000e+02
7.342870e-02   5.893794e+07   1.000000e+02
7.410882e-02   5.895243e+07   1.000000e+02
7.479523e-02   5.896707e+07   1.000000e+02
7.548799e-02   5.898187e+07   1.000000e+02
7.618718e-02   5.899689e+07   1.000000e+02
7.689284e-02   5.901213e+07   1.000000e+02
7.760503e-02   5.902764e+07   1.000000e+02
7.832383e-02   5.904344e+07   1.000000e+02
7.904928e-02   5.905957e+07   1.000000e+02
7.978145e-02   5.907604e+07   1.000000e+02
8.052040e-02   5.909289e+07   1.000000e+02
8.126619e-02   5.911015e+07   1.000000e+02
8.201889e-02   5.912784e+07   1.000000e+02
8.277857e-02   5.914598e+07   1.000000e+02
8.354528e-02   5.916459e+07   1.000000e+02
8.431909e-02   5.918370e+07   1.000000e+02
8.510007e-02   5.920333e+07   1.000000e+02
8.588829e-02   5.922350e+07   1.000000e+02
8.668380e-02   5.924424e+07   1.000000e+02
8.748668e-02   5.926556e+07   1.000000e+02
8.829700e-02   5.928750e+07   1.000000e+02
8.911482e-02   5.931007e+07   1.000000e+02
8.994022e-02   5.933330e+07   1.000000e+02
9.077327e-02   5.935719e+07   1.000000e+02
9.161402e-02   5.938169e+07   1.000000e+02
9.246257e-02   5.940669e+07   1.000000e+02
9.331898e-02   5.943211e+07   1.000000e+02
9.418332e-02   5.945787e+07   1.000000e+02
9.505566e-02   5.948386e+07   1.000000e+02
9.593608e-02   5.950999e+07   1.000000e+02
9.682466e-02   5.953619e+07   1.000000e+02
9.772147e-02   5.956235e+07   1.000000e+02
9.862658e-02   5.958838e+07   1.000000e+02
9.954008e-02   5.961420e+07   1.000000e+02
1.004620e-01   5.963971e+07   1.000000e+02
1.013925e-01   5.966492e+07   1.000000e+02
1.023317e-01   5.968991e+07   1.000000e+02
1.032795e-01   5.971476e+07   1.000000e+02
1.042361e-01   5.973956e+07   1.000000e+02
1.052015e-01   5.976441e+07   1.000000e+02
1.061759e-01   5.978938e+07   1.000000e+02
1.071593e-01   5.981457e+07   1.000000e+02
1.081519e-01   5.984006e+07   1.000000e+02
1.091536e-01   5.986595e+07   1.000000e+02
1.101646e-01   5.989231e+07   1.000000e+02
1.111850e-01   5.991922e+07   1.000000e+02
1.122148e-01   5.994667e+07   1.000000e+02
1.132541e-01   5.997464e+07   1.000000e+02
1.143031e-01   6.000311e+07   1.000000e+02
1.153618e-01   6.003207e+07   1.000000e+02
1.164303e-01   6.006150e+07   1.000000e+02
1.175087e-01   6.009139e+07   1.000000e+02
1.185971e-01   6.012171e+07   1.000000e+02
1.196956e-01   6.015246e+07   1.000000e+02
1.208042e-01   6.018361e+07   1.000000e+02
1.219231e-01   6.021517e+07   1.000000e+02
1.230524e-01   6.024716e+07   1.000000e+02
1.241921e-01   6.027957e+07   1.000000e+02
1.253424e-01   6.031243e+07   1.000000e+02
1.265034e-01   6.034574e+07   1.000000e+02
1.276751e-01   6.037951e+07   1.000000e+02
1.288576e-01   6.041376e+07   1.000000e+02
1.300511e-01   6.044849e+07   1.000000e+02
1.312557e-01   6.048372e+07   1.000000e+02
1.324714e-01   6.051946e+07   1.000000e+02
1.336984e-01   6.055572e+07   1.000000e+02
1.349367e-01   6.059251e+07   1.000000e+02
1.361865e-01   6.062984e+07   1.000000e+02
1.374479e-01   6.066772e+07   1.000000e+02
1.387210e-01   6.070616e+07   1.000000e+02
1.400058e-01   6.074518e+07   1.000000e+02
1.413026e-01   6.078478e+07   1.000000e+02
1.426114e-01   6.082498e+07   1.000000e+02
1.439323e-01   6.086582e+07   1.000000e+02
1.452654e-01   6.090730e+07   1.000000e+02
1.466109e-01   6.094946e+07   1.000000e+02
1.479688e-01   6.099231e+07   1.000000e+02
1.493393e-01   6.103588e+07   1.000000e+02
1.507225e-01   6.108019e+07   1.000000e+02
1.521186e-01   6.112523e+07   1.000000e+02
1.535275e-01   6.117098e+07   1.000000e+02
1.549495e-01   6.121743e+07   1.000000e+02
1.563847e-01   6.126453e+07   1.000000e+02
1.578331e-01   6.131228e+07   1.000000e+02
1.592950e-01   6.136063e+07   1.000000e+02
1.607704e-01   6.140957e+07   1.000000e+02
1.622595e-01   6.145910e+07   1.000000e+02
1.637624e-01   6.150923e+07   1.000000e+02
1.652792e-01   6.155997e+07   1.000000e+02
1.668101e-01   6.161135e+07   1.000000e+02
1.683551e-01   6.166339e+07   1.000000e+02
1.699144e-01   6.171609e+07   1.000000e+02
1.714882e-01   6.176948e+07   1.000000e+02
1.730766e-01   6.182358e+07   1.000000e+02
1.746796e-01   6.187839e+07   1.000000e+02
1.762975e-01   6.193395e+07   1.000000e+02
1.779304e-01   6.199026e+07   1.000000e+02
1.795785e-01   6.204736e+07   1.000000e+02
1.812418e-01   6.210524e+07   1.000000e+02
1.829205e-01   6.216391e+07   1.000000e+02
1.846147e-01   6.222338e+07   1.000000e+02
1.863246e-01   6.228363e+07   1.000000e+02
1.880504e-01   6.234465e+07   1.000000e+02
1.897922e-01   6.240645e+07   1.000000e+02
1.915501e-01   6.246902e+07   1.000000e+02
1.933242e-01   6.253234e+07   1.000000e+02
1.951148e-01   6.259643e+07   1.000000e+02
1.969220e-01   6.266126e+07   1.000000e+02
1.987460e-01   6.272684e+07   1.000000e+02
2.005868e-01   6.279315e+07   1.000000e+02
2.024447e-01   6.286020e+07   1.000000e+02
2.043197e-01   6.292799e+07   1.000000e+02
2.062122e-01   6.299651e+07   1.000000e+02
2.081222e-01   6.306575e+07   1.000000e+02
2.100498e-01   6.313573e+07   1.000000e+02
2.119953e-01   6.320643e+07   1.000000e+02
2.139589e-01   6.327786e+07   1.000000e+02
2.159406e-01   6.335001e+07   1.000000e+02
2.179407e-01   6.342288e+07   1.000000e+02
2.199593e-01   6.349648e+07   1.000000e+02
2.219966e-01   6.357079e+07   1.000000e+02
2.240528e-01   6.364582e+07   1.000000e+02
2.261280e-01   6.372157e+07   1.000000e+02
2.282224e-01   6.379803e+07   1.000000e+02
2.303363e-01   6.387521e+07   1.000000e+02
2.324697e-01   6.395309e+07   1.000000e+02
2.346229e-01   6.403169e+07   1.000000e+02
2.367960e-01   6.411099e+07   1.000000e+02
2.389893e-01   6.419100e+07   1.000000e+02
2.412028e-01   6.427172e+07   1.000000e+02
2.434369e-01   6.435313e+07   1.000000e+02
2.456916e-01   6.443525e+07   1.000000e+02
2.479673e-01   6.451808e+07   1.000000e+02
2.502640e-01   6.460160e+07   1.000000e+02
2.525820e-01   6.468581e+07   1.000000e+02
2.549215e-01   6.477072e+07   1.000000e+02
2.572826e-01   6.485632e+07   1.000000e+02
2.596656e-01   6.494260e+07   1.000000e+02
2.620707e-01   6.502956e+07   1.000000e+02
2.644980e-01   6.511719e+07   1.000000e+02
2.669478e-01   6.520548e+07   1.000000e+02
2.694204e-01   6.529444e+07   1.000000e+02
2.719158e-01   6.538406e+07   1.000000e+02
2.744343e-01   6.547433e+07   1.000000e+02
2.769762e-01   6.556525e+07   1.000000e+02
2.795416e-01   6.565681e+07   1.000000e+02
2.821308e-01   6.574900e+07   1.000000e+02
2.847439e-01   6.584183e+07   1.000000e+02
2.873813e-01   6.593529e+07   1.000000e+02
2.900430e-01   6.602936e+07   1.000000e+02
2.927295e-01   6.612406e+07   1.000000e+02
2.954408e-01   6.621936e+07   1.000000e+02
2.981772e-01   6.631527e+07   1.000000e+02
3.009390e-01   6.641178e+07   1.000000e+02
3.037264e-01   6.650889e+07   1.000000e+02
3.065395e-01   6.660661e+07   1.000000e+02
3.093788e-01   6.670494e+07   1.000000e+02
3.122443e-01   6.680389e+07   1.000000e+02
3.151363e-01   6.690346e+07   1.000000e+02
3.180552e-01   6.700367e+07   1.000000e+02
3.210011e-01   6.710451e+07   1.000000e+02
3.239743e-01   6.720601e+07   1.000000e+02
3.269750e-01   6.730816e+07   1.000000e+02
3.300035e-01   6.741096e+07   1.000000e+02
3.330600e-01   6.751444e+07   1.000000e+02
3.361449e-01   6.761859e+07   1.000000e+02
3.392583e-01   6.772342e+07   1.000000e+02
3.424006e-01   6.782894e+07   1.000000e+02
3.455720e-01   6.793516e+07   1.000000e+02
3.487727e-01   6.804208e+07   1.000000e+02
3.520031e-01   6.814971e+07   1.000000e+02
3.552635e-01   6.825805e+07   1.000000e+02
3.585540e-01   6.836711e+07   1.000000e+02
3.618750e-01   6.847689e+07   1.000000e+02
3.652267e-01   6.858738e+07   1.000000e+02
3.686095e-01   6.869859e+07   1.000000e+02
3.720237e-01   6.881052e+07   1.000000e+02
3.754694e-01   6.892318e+07   1.000000e+02
3.789471e-01   6.903655e+07   1.000000e+02
3.824570e-01   6.915064e+07   1.000000e+02
3.859994e-01   6.926546e+07   1.000000e+02
3.895746e-01   6.938101e+07   1.000000e+02
3.931829e-01   6.949728e+07   1.000000e+02
3.968246e-01   6.961427e+07   1.000000e+02
4.005001e-01   6.973200e+07   1.000000e+02
4.042096e-01   6.985045e+07   1.000000e+02
4.079535e-01   6.996965e+07   1.000000e+02
4.117320e-01   7.008959e+07   1.000000e+02
4.155455e-01   7.021029e+07   1.000000e+02
4.193944e-01   7.033176e+07   1.000000e+02
4.232789e-01   7.045400e+07   1.000000e+02
4.271994e-01   7.057702e+07   1.000000e+02
4.311562e-01   7.070084e+07   1.000000e+02
4.351497e-01   7.082547e+07   1.000000e+02
4.391801e-01   7.095090e+07   1.000000e+02
4.432479e-01   7.107716e+07   1.000000e+02
4.473533e-01   7.120425e+07   1.000000e+02
4.514968e-01   7.133217e+07   1.000000e+02
4.556786e-01   7.146096e+07   1.000000e+02
4.598992e-01   7.159061e+07   1.000000e+02
4.641589e-01   7.172115e+07   1.000000e+02
4.684580e-01   7.185260e+07   1.000000e+02
4.727970e-01   7.198497e+07   1.000000e+02
4.771761e-01   7.211828e+07   1.000000e+02
4.815958e-01   7.225255e+07   1.000000e+02
4.860564e-01   7.238780e+07   1.000000e+02
4.905584e-01   7.252404e+07   1.000000e+02
4.951020e-01   7.266130e+07   1.000000e+02
4.996877e-01   7.279959e+07   1.000000e+02
5.043159e-01   7.293893e+07   1.000000e+02
5.089870e-01   7.307933e+07   1.000000e+02
5.137014e-01   7.322081e+07   1.000000e+02
5.184594e-01   7.336338e+07   1.000000e+02
5.232614e-01   7.350704e+07   1.000000e+02
5.281080e-01   7.365182e+07   1.000000e+02
5.329994e-01   7.379772e+07   1.000000e+02
5.379362e-01   7.394475e+07   1.000000e+02
5.429186e-01   7.409293e+07   1.000000e+02
5.479472e-01   7.424228e+07   1.000000e+02
5.530224e-01   7.439280e+07   1.000000e+02
5.581446e-01   7.454450e+07   1.000000e+02
5.633143e-01   7.469741e+07   1.000000e+02
5.685318e-01   7.485152e+07   1.000000e+02
5.737976e-01   7.500686e+07   1.000000e+02
5.791123e-01   7.516344e+07   1.000000e+02
5.844761e-01   7.532128e+07   1.000000e+02
5.898896e-01   7.548038e+07   1.000000e+02
5.953533e-01   7.564075e+07   1.000000e+02
6.008676e-01   7.580242e+07   1.000000e+02
6.064329e-01   7.596540e+07   1.000000e+02
6.120498e-01   7.612970e+07   1.000000e+02
6.177188e-01   7.629532e+07   1.000000e+02
6.234402e-01   7.646230e+07   1.000000e+02
6.292146e-01   7.663062e+07   1.000000e+02
6.350425e-01   7.680032e+07   1.000000e+02
6.409244e-01   7.697141e+07   1.000000e+02
6.468608e-01   7.714389e+07   1.000000e+02
6.528521e-01   7.731777e+07   1.000000e+02
6.588990e-01   7.749309e+07   1.000000e+02
6.650018e-01   7.766984e+07   1.000000e+02
6.711612e-01   7.784803e+07   1.000000e+02
6.773776e-01   7.802770e+07   1.000000e+02
6.836516e-01   7.820884e+07   1.000000e+02
6.899837e-01   7.839148e+07   1.000000e+02
6.963745e-01   7.857562e+07   1.000000e+02
7.028244e-01   7.876128e+07   1.000000e+02
7.093341e-01   7.894847e+07   1.000000e+02
7.159041e-01   7.913721e+07   1.000000e+02
7.225349e-01   7.932751e+07   1.000000e+02
7.292272e-01   7.951936e+07   1.000000e+02
7.359814e-01   7.971279e+07   1.000000e+02
7.427982e-01   7.990781e+07   1.000000e+02
7.496782e-01   8.010442e+07   1.000000e+02
7.566219e-01   8.030263e+07   1.000000e+02
7.636298e-01   8.050246e+07   1.000000e+02
7.707027e-01   8.070392e+07   1.000000e+02
7.778411e-01   8.090701e+07   1.000000e+02
7.850456e-01   8.111176e+07   1.000000e+02
7.923169e-01   8.131816e+07   1.000000e+02
7.996555e-01   8.152624e+07   1.000000e+02
8.070620e-01   8.173599e+07   1.000000e+02
8.145372e-01   8.194744e+07   1.000000e+02
8.220816e-01   8.216060e+07   1.000000e+02
8.296959e-01   8.237546e+07   1.000000e+02
8.373807e-01   8.259206e+07   1.000000e+02
8.451366e-01   8.281038e+07   1.000000e+02
8.529644e-01   8.303046e+07   1.000000e+02
8.608648e-01   8.325229e+07   1.000000e+02
8.688383e-01   8.347589e+07   1.000000e+02
8.768856e-01   8.370127e+07   1.000000e+02
8.850075e-01   8.392844e+07   1.000000e+02
8.932046e-01   8.415741e+07   1.000000e+02
9.014776e-01   8.438820e+07   1.000000e+02
9.098273e-01   8.462081e+07   1.000000e+02
9.182543e-01   8.485524e+07   1.000000e+02
9.267593e-01   8.509150e+07   1.000000e+02
9.353432e-01   8.532957e+07   1.000000e+02
9.440065e-01   8.556947e+07   1.000000e+02
9.527500e-01   8.581119e+07   1.000000e+02
9.615746e-01   8.605472e+07   1.000000e+02
9.704809e-01   8.630007e+07   1.000000e+02
9.794697e-01   8.654724e+07   1.000000e+02
9.885417e-01   8.679622e+07   1.000000e+02
9.976978e-01   8.704702e+07   1.000000e+02
1.006939e+00   8.729963e+07   1.000000e+02
1.016265e+00   8.755406e+07   1.000000e+02
1.025678e+00   8.781031e+07   1.000000e+02
1.035178e+00   8.806839e+07   1.000000e+02
1.044766e+00   8.832832e+07   1.000000e+02
1.054443e+00   8.859008e+07   1.000000e+02
1.064209e+00   8.885371e+07   1.000000e+02
1.074066e+00   8.911919e+07   1.000000e+02
1.084014e+00   8.938654e+07   1.000000e+02
1.094055e+00   8.965577e+07   1.000000e+02
1.104188e+00   8.992687e+07   1.000000e+02
1.114415e+00   9.019987e+07   1.000000e+02
1.124737e+00   9.047477e+07   1.000000e+02
1.135155e+00   9.075157e+07   1.000000e+02
1.145669e+00   9.103028e+07   1.000000e+02
1.156280e+00   9.131092e+07   1.000000e+02
1.166990e+00   9.159348e+07   1.000000e+02
1.177799e+00   9.187798e+07   1.000000e+02
1.188708e+00   9.216442e+07   1.000000e+02
1.199718e+00   9.245281e+07   1.000000e+02
1.210830e+00   9.274316e+07   1.000000e+02
1.222045e+00   9.303548e+07   1.000000e+02
1.233363e+00   9.332977e+07   1.000000e+02
1.244787e+00   9.362605e+07   1.000000e+02
1.256317e+00   9.392432e+07   1.000000e+02
1.267953e+00   9.422457e+07   1.000000e+02
1.279697e+00   9.452680e+07   1.000000e+02
1.291550e+00   9.483099e+07   1.000000e+02
1.303512e+00   9.513713e+07   1.000000e+02
1.315586e+00   9.544521e+07   1.000000e+02
1.327771e+00   9.575521e+07   1.000000e+02
1.340069e+00   9.606711e+07   1.000000e+02
1.352481e+00   9.638091e+07   1.000000e+02
1.365008e+00   9.669659e+07   1.000000e+02
1.377651e+00   9.701414e+07   1.000000e+02
1.390411e+00   9.733353e+07   1.000000e+02
1.403289e+00   9.765476e+07   1.000000e+02
1.416287e+00   9.797781e+07   1.000000e+02
1.429405e+00   9.830267e+07   1.000000e+02
1.442644e+00   9.862931e+07   1.000000e+02
1.456006e+00   9.895772e+07   1.000000e+02
1.469492e+00   9.928789e+07   1.000000e+02
1.483103e+00   9.961980e+07   1.000000e+02
1.496839e+00   9.995343e+07   1.000000e+02
1.510703e+00   1.002888e+08   1.000000e+02
1.524696e+00   1.006258e+08   1.000000e+02
1.538818e+00   1.009645e+08   1.000000e+02
1.553071e+00   1.013048e+08   1.000000e+02
1.567455e+00   1.016467e+08   1.000000e+02
1.581973e+00   1.019903e+08   1.000000e+02
1.596626e+00   1.023354e+08   1.000000e+02
1.611414e+00   1.026821e+08   1.000000e+02
1.626340e+00   1.030303e+08   1.000000e+02
1.641403e+00   1.033800e+08   1.000000e+02
1.656606e+00   1.037313e+08   1.000000e+02
1.671950e+00   1.040839e+08   1.000000e+02
1.687436e+00   1.044381e+08   1.000000e+02
1.703065e+00   1.047936e+08   1.000000e+02
1.718839e+00   1.051505e+08   1.000000e+02
1.734759e+00   1.055088e+08   1.000000e+02
1.750827e+00   1.058685e+08   1.000000e+02
1.767044e+00   1.062294e+08   1.000000e+02
1.783410e+00   1.065917e+08   1.000000e+02
1.799929e+00   1.069551e+08   1.000000e+02
1.816600e+00   1.073199e+08   1.000000e+02
1.833425e+00   1.076858e+08   1.000000e+02
1.850407e+00   1.080529e+08   1.000000e+02
1.867546e+00   1.084211e+08   1.000000e+02
1.884843e+00   1.087904e+08   1.000000e+02
1.902301e+00   1.091608e+08   1.000000e+02
1.919921e+00   1.095322e+08   1.000000e+02
1.937703e+00   1.099046e+08   1.000000e+02
1.955651e+00   1.102780e+08   1.000000e+02
1.973764e+00   1.106523e+08   1.000000e+02
1.992046e+00   1.110275e+08   1.000000e+02
2.010496e+00   1.114036e+08   1.000000e+02
2.029118e+00   1.117805e+08   1.000000e+02
2.047912e+00   1.121582e+08   1.000000e+02
2.066880e+00   1.125367e+08   1.000000e+02
2.086024e+00   1.129158e+08   1.000000e+02
2.105345e+00   1.132955e+08   1.000000e+02
2.124845e+00   1.136759e+08   1.000000e+02
2.144526e+00   1.140568e+08   1.000000e+02
2.164389e+00   1.144383e+08   1.000000e+02
2.184436e+00   1.148201e+08   1.000000e+02
2.204669e+00   1.152024e+08   1.000000e+02
2.225089e+00   1.155851e+08   1.000000e+02
2.245698e+00   1.159681e+08   1.000000e+02
2.266498e+00   1.163513e+08   1.000000e+02
2.287491e+00   1.167348e+08   1.000000e+02
2.308678e+00   1.171184e+08   1.000000e+02
2.330061e+00   1.175021e+08   1.000000e+02
2.351643e+00   1.178859e+08   1.000000e+02
2.373424e+00   1.182697e+08   1.000000e+02
2.395407e+00   1.186534e+08   1.000000e+02
2.417594e+00   1.190371e+08   1.000000e+02
2.439986e+00   1.194205e+08   1.000000e+02
2.462586e+00   1.198038e+08   1.000000e+02
2.485395e+00   1.201868e+08   1.000000e+02
2.508415e+00   1.205694e+08   1.000000e+02
2.531648e+00   1.209517e+08   1.000000e+02
2.555097e+00   1.213336e+08   1.000000e+02
2.578763e+00   1.217149e+08   1.000000e+02
2.602648e+00   1.220958e+08   1.000000e+02
2.626754e+00   1.224760e+08   1.000000e+02
2.651084e+00   1.228556e+08   1.000000e+02
2.675638e+00   1.232346e+08   1.000000e+02
2.700421e+00   1.236128e+08   1.000000e+02
2.725433e+00   1.239902e+08   1.000000e+02
2.750676e+00   1.243668e+08   1.000000e+02
2.776153e+00   1.247425e+08   1.000000e+02
2.801867e+00   1.251173e+08   1.000000e+02
2.827818e+00   1.254911e+08   1.000000e+02
2.854010e+00   1.258638e+08   1.000000e+02
2.880444e+00   1.262354e+08   1.000000e+02
2.907123e+00   1.266059e+08   1.000000e+02
2.934050e+00   1.269751e+08   1.000000e+02
2.961225e+00   1.273431e+08   1.000000e+02
2.988653e+00   1.277097e+08   1.000000e+02
3.016334e+00   1.280750e+08   1.000000e+02
3.044272e+00   1.284388e+08   1.000000e+02
3.072469e+00   1.288011e+08   1.000000e+02
3.100927e+00   1.291619e+08   1.000000e+02
3.129648e+00   1.295210e+08   1.000000e+02
3.158635e+00   1.298786e+08   1.000000e+02
3.187891e+00   1.302344e+08   1.000000e+02
3.217418e+00   1.305884e+08   1.000000e+02
3.247218e+00   1.309406e+08   1.000000e+02
3.277295e+00   1.312910e+08   1.000000e+02
3.307650e+00   1.316394e+08   1.000000e+02
3.338286e+00   1.319858e+08   1.000000e+02
3.369206e+00   1.323302e+08   1.000000e+02
3.400412e+00   1.326725e+08   1.000000e+02
3.431907e+00   1.330127e+08   1.000000e+02
3.463694e+00   1.333506e+08   1.000000e+02
3.495776e+00   1.336862e+08   1.000000e+02
3.528154e+00   1.340195e+08   1.000000e+02
3.560833e+00   1.343504e+08   1.000000e+02
3.593814e+00   1.346789e+08   1.000000e+02
3.627100e+00   1.350048e+08   1.000000e+02
3.660695e+00   1.353281e+08   1.000000e+02
3.694601e+00   1.356487e+08   1.000000e+02
3.728821e+00   1.359666e+08   1.000000e+02
3.763358e+00   1.362817e+08   1.000000e+02
3.798215e+00   1.365939e+08   1.000000e+02
3.833395e+00   1.369032e+08   1.000000e+02
3.868901e+00   1.372094e+08   1.000000e+02
3.904735e+00   1.375125e+08   1.000000e+02
3.940902e+00   1.378125e+08   1.000000e+02
3.977403e+00   1.381093e+08   1.000000e+02
4.014242e+00   1.384027e+08   1.000000e+02
4.051423e+00   1.386928e+08   1.000000e+02
4.088948e+00   1.389795e+08   1.000000e+02
4.126821e+00   1.392626e+08   1.000000e+02
4.165044e+00   1.395422e+08   1.000000e+02
4.203622e+00   1.398181e+08   1.000000e+02
4.242556e+00   1.400904e+08   1.000000e+02
4.281852e+00   1.403589e+08   1.000000e+02
4.321511e+00   1.406235e+08   1.000000e+02
4.361538e+00   1.408843e+08   1.000000e+02
4.401935e+00   1.411411e+08   1.000000e+02
4.442707e+00   1.413939e+08   1.000000e+02
4.483856e+00   1.416427e+08   1.000000e+02
4.525386e+00   1.418872e+08   1.000000e+02
4.567301e+00   1.421276e+08   1.000000e+02
4.609604e+00   1.423637e+08   1.000000e+02
4.652300e+00   1.425954e+08   1.000000e+02
4.695390e+00   1.428227e+08   1.000000e+02
4.738880e+00   1.430455e+08   1.000000e+02
4.782772e+00   1.432639e+08   1.000000e+02
4.827071e+00   1.434776e+08   1.000000e+02
4.871780e+00   1.436866e+08   1.000000e+02
4.916904e+00   1.438909e+08   1.000000e+02
4.962445e+00   1.440904e+08   1.000000e+02
5.008408e+00   1.442851e+08   1.000000e+02
5.054797e+00   1.444749e+08   1.000000e+02
5.101615e+00   1.446596e+08   1.000000e+02
5.148867e+00   1.448391e+08   1.000000e+02
5.196557e+00   1.450135e+08   1.000000e+02
5.244689e+00   1.451825e+08   1.000000e+02
5.293266e+00   1.453461e+08   1.000000e+02
5.342293e+00   1.455042e+08   1.000000e+02
5.391775e+00   1.456566e+08   1.000000e+02
5.441714e+00   1.458033e+08   1.000000e+02
5.492116e+00   1.459442e+08   1.000000e+02
5.542986e+00   1.460791e+08   1.000000e+02
5.594326e+00   1.462080e+08   1.000000e+02
5.646141e+00   1.463308e+08   1.000000e+02
5.698437e+00   1.464474e+08   1.000000e+02
5.751217e+00   1.465576e+08   1.000000e+02
5.804486e+00   1.466614e+08   1.000000e+02
5.858248e+00   1.467587e+08   1.000000e+02
5.912508e+00   1.468494e+08   1.000000e+02
5.967271e+00   1.469334e+08   1.000000e+02
6.022541e+00   1.470106e+08   1.000000e+02
6.078323e+00   1.470808e+08   1.000000e+02
6.134622e+00   1.471441e+08   1.000000e+02
6.191442e+00   1.472002e+08   1.000000e+02
6.248788e+00   1.472490e+08   1.000000e+02
6.306666e+00   1.472905e+08   1.000000e+02
6.365079e+00   1.473244e+08   1.000000e+02
6.424034e+00   1.473508e+08   1.000000e+02
6.483534e+00   1.473694e+08   1.000000e+02
6.543586e+00   1.473801e+08   1.000000e+02
6.604194e+00   1.473830e+08   1.000000e+02
6.665363e+00   1.473777e+08   1.000000e+02
6.727099e+00   1.473643e+08   1.000000e+02
6.789407e+00   1.473425e+08   1.000000e+02
6.852292e+00   1.473124e+08   1.000000e+02
6.915759e+00   1.472738e+08   1.000000e+02
6.979814e+00   1.472266e+08   1.000000e+02
7.044462e+00   1.471706e+08   1.000000e+02
7.109709e+00   1.471059e+08   1.000000e+02
7.175561e+00   1.470320e+08   1.000000e+02
7.242022e+00   1.469490e+08   1.000000e+02
7.309099e+00   1.468566e+08   1.000000e+02
7.376798e+00   1.467546e+08   1.000000e+02
7.445123e+00   1.466428e+08   1.000000e+02
7.514081e+00   1.465212e+08   1.000000e+02
7.583678e+00   1.463895e+08   1.000000e+02
7.653919e+00   1.462476e+08   1.000000e+02
7.724811e+00   1.460954e+08   1.000000e+02
7.796360e+00   1.459326e+08   1.000000e+02
7.868572e+00   1.457591e+08   1.000000e+02
7.941452e+00   1.455747e+08   1.000000e+02
8.015007e+00   1.453794e+08   1.000000e+02
8.089243e+00   1.451729e+08   1.000000e+02
8.164168e+00   1.449550e+08   1.000000e+02
8.239786e+00   1.447255e+08   1.000000e+02
8.316104e+00   1.444840e+08   1.000000e+02
8.393129e+00   1.442303e+08   1.000000e+02
8.470868e+00   1.439642e+08   1.000000e+02
8.549327e+00   1.436854e+08   1.000000e+02
8.628513e+00   1.433938e+08   1.000000e+02
8.708431e+00   1.430890e+08   1.000000e+02
8.789091e+00   1.427709e+08   1.000000e+02
8.870497e+00   1.424393e+08   1.000000e+02
8.952657e+00   1.420939e+08   1.000000e+02
9.035578e+00   1.417345e+08   1.000000e+02
9.119268e+00   1.413610e+08   1.000000e+02
9.203732e+00   1.409731e+08   1.000000e+02
9.288979e+00   1.405707e+08   1.000000e+02
9.375015e+00   1.401536e+08   1.000000e+02
9.461848e+00   1.397216e+08   1.000000e+02
9.549486e+00   1.392747e+08   1.000000e+02
9.637935e+00   1.388126e+08   1.000000e+02
9.727203e+00   1.383352e+08   1.000000e+02
9.817298e+00   1.378424e+08   1.000000e+02
9.908228e+00   1.373340e+08   1.000000e+02
1.000000e+01   1.368100e+08   1.000000e+02
