# Li9 + d > Be10 + n   [Li9_d__Be10_n]   ref=TALYS2, Koning et al. 2023
# detailed balance: alpha=14.49 beta=0 gamma=-202.058  Q=17.412
# T9                 rate                error
1.000000e-03   1.000000e-35   1.000000e+02
1.009262e-03   1.049869e-35   1.000000e+02
1.018610e-03   1.104035e-35   1.000000e+02
1.028045e-03   1.162909e-35   1.000000e+02
1.037567e-03   1.226947e-35   1.000000e+02
1.047177e-03   1.296658e-35   1.000000e+02
1.056876e-03   1.372610e-35   1.000000e+02
1.066665e-03   1.455434e-35   1.000000e+02
1.076545e-03   1.545839e-35   1.000000e+02
1.086516e-03   1.644616e-35   1.000000e+02
1.096579e-03   1.752651e-35   1.000000e+02
1.106736e-03   1.870938e-35   1.000000e+02
1.116987e-03   2.000592e-35   1.000000e+02
1.127333e-03   2.142866e-35   1.000000e+02
1.137774e-03   2.299171e-35   1.000000e+02
1.148312e-03   2.471095e-35   1.000000e+02
1.158948e-03   2.660429e-35   1.000000e+02
1.169683e-03   2.869196e-35   1.000000e+02
1.180517e-03   3.099684e-35   1.000000e+02
1.191451e-03   3.354482e-35   1.000000e+02
1.202486e-03   3.636525e-35   1.000000e+02
1.213624e-03   3.949144e-35   1.000000e+02
1.224865e-03   4.296125e-35   1.000000e+02
1.236210e-03   4.681777e-35   1.000000e+02
1.247660e-03   5.111007e-35   1.000000e+02
1.259216e-03   5.589417e-35   1.000000e+02
1.270879e-03   6.123406e-35   1.000000e+02
1.282650e-03   6.720295e-35   1.000000e+02
1.294530e-03   7.388470e-35   1.000000e+02
1.306520e-03   8.137555e-35   1.000000e+02
1.318621e-03   8.978604e-35   1.000000e+02
1.330835e-03   9.924333e-35   1.000000e+02
1.343161e-03   1.098939e-34   1.000000e+02
1.355602e-03   1.219069e-34   1.000000e+02
1.368158e-03   1.354775e-34   1.000000e+02
1.380830e-03   1.508318e-34   1.000000e+02
1.393619e-03   1.682315e-34   1.000000e+02
1.406527e-03   1.879805e-34   1.000000e+02
1.419555e-03   2.104319e-34   1.000000e+02
1.432703e-03   2.359967e-34   1.000000e+02
1.445973e-03   2.651539e-34   1.000000e+02
1.459366e-03   2.984629e-34   1.000000e+02
1.472883e-03   3.365772e-34   1.000000e+02
1.486525e-03   3.802627e-34   1.000000e+02
1.500293e-03   4.304170e-34   1.000000e+02
1.514189e-03   4.880947e-34   1.000000e+02
1.528214e-03   5.545362e-34   1.000000e+02
1.542369e-03   6.312033e-34   1.000000e+02
1.556654e-03   7.198205e-34   1.000000e+02
1.571072e-03   8.224266e-34   1.000000e+02
1.585624e-03   9.414347e-34   1.000000e+02
1.600310e-03   1.079706e-33   1.000000e+02
1.615133e-03   1.240640e-33   1.000000e+02
1.630092e-03   1.428278e-33   1.000000e+02
1.645191e-03   1.647436e-33   1.000000e+02
1.660429e-03   1.903864e-33   1.000000e+02
1.675808e-03   2.204433e-33   1.000000e+02
1.691330e-03   2.557370e-33   1.000000e+02
1.706995e-03   2.972544e-33   1.000000e+02
1.722805e-03   3.461811e-33   1.000000e+02
1.738762e-03   4.039437e-33   1.000000e+02
1.754867e-03   4.722621e-33   1.000000e+02
1.771121e-03   5.532130e-33   1.000000e+02
1.787526e-03   6.493081e-33   1.000000e+02
1.804082e-03   7.635909e-33   1.000000e+02
1.820792e-03   8.997552e-33   1.000000e+02
1.837656e-03   1.062292e-32   1.000000e+02
1.854677e-03   1.256671e-32   1.000000e+02
1.871855e-03   1.489566e-32   1.000000e+02
1.889193e-03   1.769132e-32   1.000000e+02
1.906691e-03   2.105358e-32   1.000000e+02
1.924351e-03   2.510490e-32   1.000000e+02
1.942175e-03   2.999581e-32   1.000000e+02
1.960163e-03   3.591155e-32   1.000000e+02
1.978319e-03   4.308058e-32   1.000000e+02
1.996642e-03   5.178512e-32   1.000000e+02
2.015136e-03   6.237445e-32   1.000000e+02
2.033800e-03   7.528162e-32   1.000000e+02
2.052638e-03   9.104454e-32   1.000000e+02
2.071650e-03   1.103326e-31   1.000000e+02
2.090838e-03   1.339803e-31   1.000000e+02
2.110203e-03   1.630301e-31   1.000000e+02
2.129749e-03   1.987861e-31   1.000000e+02
2.149475e-03   2.428837e-31   1.000000e+02
2.169384e-03   2.973766e-31   1.000000e+02
2.189477e-03   3.648494e-31   1.000000e+02
2.209756e-03   4.485606e-31   1.000000e+02
2.230223e-03   5.526262e-31   1.000000e+02
2.250880e-03   6.822553e-31   1.000000e+02
2.271728e-03   8.440531e-31   1.000000e+02
2.292769e-03   1.046411e-30   1.000000e+02
2.314005e-03   1.300009e-30   1.000000e+02
2.335438e-03   1.618470e-30   1.000000e+02
2.357069e-03   2.019199e-30   1.000000e+02
2.378901e-03   2.524482e-30   1.000000e+02
2.400935e-03   3.162905e-30   1.000000e+02
2.423173e-03   3.971211e-30   1.000000e+02
2.445617e-03   4.996720e-30   1.000000e+02
2.468268e-03   6.300493e-30   1.000000e+02
2.491130e-03   7.961479e-30   1.000000e+02
2.514203e-03   1.008196e-29   1.000000e+02
2.537490e-03   1.279470e-29   1.000000e+02
2.560993e-03   1.627242e-29   1.000000e+02
2.584714e-03   2.074018e-29   1.000000e+02
2.608654e-03   2.649194e-29   1.000000e+02
2.632815e-03   3.391237e-29   1.000000e+02
2.657201e-03   4.350587e-29   1.000000e+02
2.681813e-03   5.593520e-29   1.000000e+02
2.706652e-03   7.207296e-29   1.000000e+02
2.731722e-03   9.307041e-29   1.000000e+02
2.757023e-03   1.204495e-28   1.000000e+02
2.782559e-03   1.562267e-28   1.000000e+02
2.808332e-03   2.030785e-28   1.000000e+02
2.834343e-03   2.645659e-28   1.000000e+02
2.860596e-03   3.454355e-28   1.000000e+02
2.887091e-03   4.520281e-28   1.000000e+02
2.913832e-03   5.928321e-28   1.000000e+02
2.940820e-03   7.792341e-28   1.000000e+02
2.968059e-03   1.026541e-27   1.000000e+02
2.995549e-03   1.355374e-27   1.000000e+02
3.023295e-03   1.793639e-27   1.000000e+02
3.051297e-03   2.379741e-27   1.000000e+02
3.079559e-03   3.166736e-27   1.000000e+02
3.108082e-03   4.228151e-27   1.000000e+02
3.136870e-03   5.666494e-27   1.000000e+02
3.165924e-03   7.625573e-27   1.000000e+02
3.195248e-03   1.030845e-26   1.000000e+02
3.224842e-03   1.400382e-26   1.000000e+02
3.254712e-03   1.912494e-26   1.000000e+02
3.284857e-03   2.626778e-26   1.000000e+02
3.315282e-03   3.629821e-26   1.000000e+02
3.345989e-03   5.048406e-26   1.000000e+02
3.376980e-03   7.069676e-26   1.000000e+02
3.408259e-03   9.972174e-26   1.000000e+02
3.439826e-03   1.417405e-25   1.000000e+02
3.471687e-03   2.030865e-25   1.000000e+02
3.503842e-03   2.934404e-25   1.000000e+02
3.536296e-03   4.277392e-25   1.000000e+02
3.569049e-03   6.292565e-25   1.000000e+02
3.602107e-03   9.346189e-25   1.000000e+02
3.635470e-03   1.402066e-24   1.000000e+02
3.669142e-03   2.125193e-24   1.000000e+02
3.703127e-03   3.256066e-24   1.000000e+02
3.737426e-03   5.044542e-24   1.000000e+02
3.772042e-03   7.905927e-24   1.000000e+02
3.806980e-03   1.253878e-23   1.000000e+02
3.842241e-03   2.013252e-23   1.000000e+02
3.877828e-03   3.273784e-23   1.000000e+02
3.913746e-03   5.393617e-23   1.000000e+02
3.949995e-03   9.006519e-23   1.000000e+02
3.986581e-03   1.524929e-22   1.000000e+02
4.023506e-03   2.618721e-22   1.000000e+02
4.060772e-03   4.557379e-22   1.000000e+02
4.098384e-03   8.024579e-22   1.000000e+02
4.136344e-03   1.427244e-21   1.000000e+02
4.174655e-03   2.559946e-21   1.000000e+02
4.213322e-03   4.622828e-21   1.000000e+02
4.252346e-03   8.391054e-21   1.000000e+02
4.291732e-03   1.528428e-20   1.000000e+02
4.331483e-03   2.789207e-20   1.000000e+02
4.371602e-03   5.091101e-20   1.000000e+02
4.412093e-03   9.279515e-20   1.000000e+02
4.452959e-03   1.686201e-19   1.000000e+02
4.494203e-03   3.049660e-19   1.000000e+02
4.535829e-03   5.480743e-19   1.000000e+02
4.577841e-03   9.771493e-19   1.000000e+02
4.620241e-03   1.725455e-18   1.000000e+02
4.663035e-03   3.012696e-18   1.000000e+02
4.706225e-03   5.192822e-18   1.000000e+02
4.749815e-03   8.821368e-18   1.000000e+02
4.793808e-03   1.474485e-17   1.000000e+02
4.838210e-03   2.421055e-17   1.000000e+02
4.883022e-03   3.898667e-17   1.000000e+02
4.928250e-03   6.146993e-17   1.000000e+02
4.973896e-03   9.473972e-17   1.000000e+02
5.019965e-03   1.425053e-16   1.000000e+02
5.066461e-03   2.091648e-16   1.000000e+02
5.113388e-03   3.000378e-16   1.000000e+02
5.160749e-03   4.213158e-16   1.000000e+02
5.208549e-03   5.800945e-16   1.000000e+02
5.256791e-03   7.844471e-16   1.000000e+02
5.305481e-03   1.043560e-15   1.000000e+02
5.354621e-03   1.367963e-15   1.000000e+02
5.404216e-03   1.769904e-15   1.000000e+02
5.454271e-03   2.263904e-15   1.000000e+02
5.504790e-03   2.867569e-15   1.000000e+02
5.555776e-03   3.602735e-15   1.000000e+02
5.607235e-03   4.497052e-15   1.000000e+02
5.659170e-03   5.586186e-15   1.000000e+02
5.711586e-03   6.916869e-15   1.000000e+02
5.764488e-03   8.551162e-15   1.000000e+02
5.817880e-03   1.057248e-14   1.000000e+02
5.871766e-03   1.309422e-14   1.000000e+02
5.926152e-03   1.627226e-14   1.000000e+02
5.981041e-03   2.032341e-14   1.000000e+02
6.036439e-03   2.555013e-14   1.000000e+02
6.092349e-03   3.233962e-14   1.000000e+02
6.148778e-03   4.118523e-14   1.000000e+02
6.205729e-03   5.273824e-14   1.000000e+02
6.263207e-03   6.785789e-14   1.000000e+02
6.321218e-03   8.767554e-14   1.000000e+02
6.379767e-03   1.136771e-13   1.000000e+02
6.438857e-03   1.478074e-13   1.000000e+02
6.498495e-03   1.926024e-13   1.000000e+02
6.558686e-03   2.513518e-13   1.000000e+02
6.619433e-03   3.282993e-13   1.000000e+02
6.680744e-03   4.288826e-13   1.000000e+02
6.742622e-03   5.600159e-13   1.000000e+02
6.805074e-03   7.304131e-13   1.000000e+02
6.868104e-03   9.509461e-13   1.000000e+02
6.931717e-03   1.235024e-12   1.000000e+02
6.995920e-03   1.598967e-12   1.000000e+02
7.060718e-03   2.062581e-12   1.000000e+02
7.126115e-03   2.650886e-12   1.000000e+02
7.192119e-03   3.395107e-12   1.000000e+02
7.258734e-03   4.333831e-12   1.000000e+02
7.325965e-03   5.514681e-12   1.000000e+02
7.393820e-03   6.996362e-12   1.000000e+02
7.462303e-03   8.851186e-12   1.000000e+02
7.531420e-03   1.116816e-11   1.000000e+02
7.601178e-03   1.405680e-11   1.000000e+02
7.671581e-03   1.765184e-11   1.000000e+02
7.742637e-03   2.211900e-11   1.000000e+02
7.814351e-03   2.766222e-11   1.000000e+02
7.886729e-03   3.453251e-11   1.000000e+02
7.959777e-03   4.303905e-11   1.000000e+02
8.033502e-03   5.356231e-11   1.000000e+02
8.107910e-03   6.654956e-11   1.000000e+02
8.183007e-03   8.250627e-11   1.000000e+02
8.258799e-03   1.020100e-10   1.000000e+02
8.335294e-03   1.257103e-10   1.000000e+02
8.412497e-03   1.543225e-10   1.000000e+02
8.490415e-03   1.886150e-10   1.000000e+02
8.569055e-03   2.293876e-10   1.000000e+02
8.648423e-03   2.774395e-10   1.000000e+02
8.728527e-03   3.335260e-10   1.000000e+02
8.809372e-03   3.983016e-10   1.000000e+02
8.890966e-03   4.722520e-10   1.000000e+02
8.973316e-03   5.556137e-10   1.000000e+02
9.056428e-03   6.483541e-10   1.000000e+02
9.140311e-03   7.509200e-10   1.000000e+02
9.224970e-03   8.644328e-10   1.000000e+02
9.310413e-03   9.904760e-10   1.000000e+02
9.396648e-03   1.131230e-09   1.000000e+02
9.483682e-03   1.289646e-09   1.000000e+02
9.571522e-03   1.469679e-09   1.000000e+02
9.660175e-03   1.676584e-09   1.000000e+02
9.749649e-03   1.917334e-09   1.000000e+02
9.839952e-03   2.201199e-09   1.000000e+02
9.931092e-03   2.540554e-09   1.000000e+02
1.002308e-02   2.952036e-09   1.000000e+02
1.011591e-02   3.455770e-09   1.000000e+02
1.020961e-02   4.072864e-09   1.000000e+02
1.030417e-02   4.828586e-09   1.000000e+02
1.039961e-02   5.753576e-09   1.000000e+02
1.049593e-02   6.884721e-09   1.000000e+02
1.059315e-02   8.266058e-09   1.000000e+02
1.069126e-02   9.949633e-09   1.000000e+02
1.079029e-02   1.199624e-08   1.000000e+02
1.089023e-02   1.447589e-08   1.000000e+02
1.099110e-02   1.746789e-08   1.000000e+02
1.109290e-02   2.106319e-08   1.000000e+02
1.119564e-02   2.538073e-08   1.000000e+02
1.129934e-02   3.056960e-08   1.000000e+02
1.140400e-02   3.681215e-08   1.000000e+02
1.150962e-02   4.433211e-08   1.000000e+02
1.161623e-02   5.340490e-08   1.000000e+02
1.172382e-02   6.437085e-08   1.000000e+02
1.183241e-02   7.765201e-08   1.000000e+02
1.194200e-02   9.377377e-08   1.000000e+02
1.205261e-02   1.133920e-07   1.000000e+02
1.216424e-02   1.373077e-07   1.000000e+02
1.227691e-02   1.664885e-07   1.000000e+02
1.239062e-02   2.021214e-07   1.000000e+02
1.250539e-02   2.456640e-07   1.000000e+02
1.262121e-02   2.989055e-07   1.000000e+02
1.273811e-02   3.640420e-07   1.000000e+02
1.285610e-02   4.437682e-07   1.000000e+02
1.297517e-02   5.413900e-07   1.000000e+02
1.309535e-02   6.609661e-07   1.000000e+02
1.321664e-02   8.075246e-07   1.000000e+02
1.333906e-02   9.872904e-07   1.000000e+02
1.346261e-02   1.207958e-06   1.000000e+02
1.358730e-02   1.479045e-06   1.000000e+02
1.371315e-02   1.812336e-06   1.000000e+02
1.384016e-02   2.222436e-06   1.000000e+02
1.396835e-02   2.727455e-06   1.000000e+02
1.409773e-02   3.349870e-06   1.000000e+02
1.422830e-02   4.117509e-06   1.000000e+02
1.436009e-02   5.064851e-06   1.000000e+02
1.449310e-02   6.234674e-06   1.000000e+02
1.462733e-02   7.680066e-06   1.000000e+02
1.476281e-02   9.466939e-06   1.000000e+02
1.489955e-02   1.167715e-05   1.000000e+02
1.503755e-02   1.441241e-05   1.000000e+02
1.517683e-02   1.779915e-05   1.000000e+02
1.531740e-02   2.199476e-05   1.000000e+02
1.545928e-02   2.719516e-05   1.000000e+02
1.560246e-02   3.364423e-05   1.000000e+02
1.574698e-02   4.164579e-05   1.000000e+02
1.589283e-02   5.157837e-05   1.000000e+02
1.604003e-02   6.391383e-05   1.000000e+02
1.618860e-02   7.923986e-05   1.000000e+02
1.633854e-02   9.828747e-05   1.000000e+02
1.648987e-02   1.219668e-04   1.000000e+02
1.664260e-02   1.514108e-04   1.000000e+02
1.679675e-02   1.880304e-04   1.000000e+02
1.695232e-02   2.335811e-04   1.000000e+02
1.710934e-02   2.902482e-04   1.000000e+02
1.726781e-02   3.607502e-04   1.000000e+02
1.742775e-02   4.484688e-04   1.000000e+02
1.758917e-02   5.576091e-04   1.000000e+02
1.775208e-02   6.933981e-04   1.000000e+02
1.791650e-02   8.623309e-04   1.000000e+02
1.808245e-02   1.072475e-03   1.000000e+02
1.824993e-02   1.333875e-03   1.000000e+02
1.841897e-02   1.659043e-03   1.000000e+02
1.858957e-02   2.063556e-03   1.000000e+02
1.876175e-02   2.566800e-03   1.000000e+02
1.893552e-02   3.192904e-03   1.000000e+02
1.911091e-02   3.971907e-03   1.000000e+02
1.928792e-02   4.941203e-03   1.000000e+02
1.946656e-02   6.147346e-03   1.000000e+02
1.964687e-02   7.648304e-03   1.000000e+02
1.982884e-02   9.516259e-03   1.000000e+02
2.001250e-02   1.184110e-02   1.000000e+02
2.019786e-02   1.473442e-02   1.000000e+02
2.038493e-02   1.833351e-02   1.000000e+02
2.057374e-02   2.280759e-02   1.000000e+02
2.076430e-02   2.836503e-02   1.000000e+02
2.095662e-02   3.526199e-02   1.000000e+02
2.115073e-02   4.381264e-02   1.000000e+02
2.134663e-02   5.440145e-02   1.000000e+02
2.154435e-02   6.749773e-02   1.000000e+02
2.174389e-02   8.367294e-02   1.000000e+02
2.194529e-02   1.036209e-01   1.000000e+02
2.214855e-02   1.281815e-01   1.000000e+02
2.235370e-02   1.583684e-01   1.000000e+02
2.256074e-02   1.954008e-01   1.000000e+02
2.276970e-02   2.407399e-01   1.000000e+02
2.298060e-02   2.961303e-01   1.000000e+02
2.319345e-02   3.636473e-01   1.000000e+02
2.340827e-02   4.457483e-01   1.000000e+02
2.362508e-02   5.453313e-01   1.000000e+02
2.384390e-02   6.657968e-01   1.000000e+02
2.406475e-02   8.111161e-01   1.000000e+02
2.428764e-02   9.859020e-01   1.000000e+02
2.451260e-02   1.195482e+00   1.000000e+02
2.473964e-02   1.445974e+00   1.000000e+02
2.496878e-02   1.744358e+00   1.000000e+02
2.520005e-02   2.098597e+00   1.000000e+02
2.543346e-02   2.518105e+00   1.000000e+02
2.566903e-02   3.013903e+00   1.000000e+02
2.590678e-02   3.598774e+00   1.000000e+02
2.614673e-02   4.287550e+00   1.000000e+02
2.638891e-02   5.097445e+00   1.000000e+02
2.663333e-02   6.048447e+00   1.000000e+02
2.688001e-02   7.163786e+00   1.000000e+02
2.712898e-02   8.470482e+00   1.000000e+02
2.738025e-02   9.999993e+00   1.000000e+02
2.763385e-02   1.178899e+01   1.000000e+02
2.788980e-02   1.388029e+01   1.000000e+02
2.814812e-02   1.632393e+01   1.000000e+02
2.840884e-02   1.917848e+01   1.000000e+02
2.867196e-02   2.251265e+01   1.000000e+02
2.893753e-02   2.640714e+01   1.000000e+02
2.920556e-02   3.095692e+01   1.000000e+02
2.947606e-02   3.627397e+01   1.000000e+02
2.974908e-02   4.249059e+01   1.000000e+02
3.002462e-02   4.976341e+01   1.000000e+02
3.030271e-02   5.826802e+01   1.000000e+02
3.058338e-02   6.817153e+01   1.000000e+02
3.086665e-02   7.964040e+01   1.000000e+02
3.115254e-02   9.283815e+01   1.000000e+02
3.144108e-02   1.079163e+02   1.000000e+02
3.173230e-02   1.250031e+02   1.000000e+02
3.202621e-02   1.441890e+02   1.000000e+02
3.232284e-02   1.655108e+02   1.000000e+02
3.262222e-02   1.889332e+02   1.000000e+02
3.292437e-02   2.143301e+02   1.000000e+02
3.322933e-02   2.414661e+02   1.000000e+02
3.353710e-02   2.699804e+02   1.000000e+02
3.384773e-02   2.993755e+02   1.000000e+02
3.416123e-02   3.290133e+02   1.000000e+02
3.447764e-02   3.581202e+02   1.000000e+02
3.479698e-02   3.858046e+02   1.000000e+02
3.511928e-02   4.110875e+02   1.000000e+02
3.544456e-02   4.329466e+02   1.000000e+02
3.577285e-02   4.503735e+02   1.000000e+02
3.610419e-02   4.624393e+02   1.000000e+02
3.643859e-02   4.683656e+02   1.000000e+02
3.677609e-02   4.675938e+02   1.000000e+02
3.711672e-02   4.598446e+02   1.000000e+02
3.746050e-02   4.451609e+02   1.000000e+02
3.780747e-02   4.239274e+02   1.000000e+02
3.815765e-02   3.968621e+02   1.000000e+02
3.851107e-02   3.649779e+02   1.000000e+02
3.886777e-02   3.295165e+02   1.000000e+02
3.922777e-02   2.918614e+02   1.000000e+02
3.959110e-02   2.534369e+02   1.000000e+02
3.995780e-02   2.156066e+02   1.000000e+02
4.032790e-02   1.796384e+02   1.000000e+02
4.070142e-02   1.467996e+02   1.000000e+02
4.107841e-02   1.179132e+02   1.000000e+02
4.145888e-02   9.329018e+01   1.000000e+02
4.184289e-02   7.285661e+01   1.000000e+02
4.223044e-02   5.628404e+01   1.000000e+02
4.262159e-02   4.310313e+01   1.000000e+02
4.301636e-02   3.279165e+01   1.000000e+02
4.341478e-02   2.483547e+01   1.000000e+02
4.381690e-02   1.876550e+01   1.000000e+02
4.422274e-02   1.417588e+01   1.000000e+02
4.463234e-02   1.072917e+01   1.000000e+02
4.504573e-02   8.153277e+00   1.000000e+02
4.546295e-02   6.234073e+00   1.000000e+02
4.588404e-02   4.806279e+00   1.000000e+02
4.630903e-02   3.744272e+00   1.000000e+02
4.673795e-02   2.953730e+00   1.000000e+02
4.717085e-02   2.364520e+00   1.000000e+02
4.760775e-02   1.924899e+00   1.000000e+02
4.804870e-02   1.596942e+00   1.000000e+02
4.849374e-02   1.353040e+00   1.000000e+02
4.894290e-02   1.173265e+00   1.000000e+02
4.939622e-02   1.043445e+00   1.000000e+02
4.985373e-02   9.537931e-01   1.000000e+02
5.031549e-02   8.977999e-01   1.000000e+02
5.078152e-02   8.698263e-01   1.000000e+02
5.125187e-02   8.656757e-01   1.000000e+02
5.172657e-02   8.832433e-01   1.000000e+02
5.220568e-02   9.220202e-01   1.000000e+02
5.268921e-02   9.828069e-01   1.000000e+02
5.317723e-02   1.067570e+00   1.000000e+02
5.366977e-02   1.179389e+00   1.000000e+02
5.416687e-02   1.322463e+00   1.000000e+02
5.466857e-02   1.502132e+00   1.000000e+02
5.517492e-02   1.724898e+00   1.000000e+02
5.568596e-02   1.998398e+00   1.000000e+02
5.620174e-02   2.331292e+00   1.000000e+02
5.672229e-02   2.733002e+00   1.000000e+02
5.724766e-02   3.213251e+00   1.000000e+02
5.777790e-02   3.781316e+00   1.000000e+02
5.831305e-02   4.444961e+00   1.000000e+02
5.885316e-02   5.208972e+00   1.000000e+02
5.939827e-02   6.073344e+00   1.000000e+02
5.994843e-02   7.031177e+00   1.000000e+02
6.050368e-02   8.069125e+00   1.000000e+02
6.106408e-02   9.180048e+00   1.000000e+02
6.162966e-02   1.035983e+01   1.000000e+02
6.220049e-02   1.160428e+01   1.000000e+02
6.277660e-02   1.290953e+01   1.000000e+02
6.335805e-02   1.427247e+01   1.000000e+02
6.394488e-02   1.569107e+01   1.000000e+02
6.453715e-02   1.716485e+01   1.000000e+02
6.513491e-02   1.869521e+01   1.000000e+02
6.573820e-02   2.028583e+01   1.000000e+02
6.634708e-02   2.194301e+01   1.000000e+02
6.696160e-02   2.367606e+01   1.000000e+02
6.758181e-02   2.549774e+01   1.000000e+02
6.820777e-02   2.742471e+01   1.000000e+02
6.883952e-02   2.947808e+01   1.000000e+02
6.947713e-02   3.168417e+01   1.000000e+02
7.012064e-02   3.407532e+01   1.000000e+02
7.077011e-02   3.668283e+01   1.000000e+02
7.142559e-02   3.952343e+01   1.000000e+02
7.208715e-02   4.261151e+01   1.000000e+02
7.275484e-02   4.596121e+01   1.000000e+02
7.342870e-02   4.958609e+01   1.000000e+02
7.410882e-02   5.349877e+01   1.000000e+02
7.479523e-02   5.771053e+01   1.000000e+02
7.548799e-02   6.223077e+01   1.000000e+02
7.618718e-02   6.706653e+01   1.000000e+02
7.689284e-02   7.222189e+01   1.000000e+02
7.760503e-02   7.769726e+01   1.000000e+02
7.832383e-02   8.348880e+01   1.000000e+02
7.904928e-02   8.958762e+01   1.000000e+02
7.978145e-02   9.597911e+01   1.000000e+02
8.052040e-02   1.026413e+02   1.000000e+02
8.126619e-02   1.095350e+02   1.000000e+02
8.201889e-02   1.166044e+02   1.000000e+02
8.277857e-02   1.237807e+02   1.000000e+02
8.354528e-02   1.309824e+02   1.000000e+02
8.431909e-02   1.381146e+02   1.000000e+02
8.510007e-02   1.450704e+02   1.000000e+02
8.588829e-02   1.517315e+02   1.000000e+02
8.668380e-02   1.579703e+02   1.000000e+02
8.748668e-02   1.636530e+02   1.000000e+02
8.829700e-02   1.686420e+02   1.000000e+02
8.911482e-02   1.728013e+02   1.000000e+02
8.994022e-02   1.759999e+02   1.000000e+02
9.077327e-02   1.781602e+02   1.000000e+02
9.161402e-02   1.794331e+02   1.000000e+02
9.246257e-02   1.800561e+02   1.000000e+02
9.331898e-02   1.802794e+02   1.000000e+02
9.418332e-02   1.803585e+02   1.000000e+02
9.505566e-02   1.805509e+02   1.000000e+02
9.593608e-02   1.811150e+02   1.000000e+02
9.682466e-02   1.823142e+02   1.000000e+02
9.772147e-02   1.844242e+02   1.000000e+02
9.862658e-02   1.877440e+02   1.000000e+02
9.954008e-02   1.926127e+02   1.000000e+02
1.004620e-01   1.994204e+02   1.000000e+02
1.013925e-01   2.083817e+02   1.000000e+02
1.023317e-01   2.195022e+02   1.000000e+02
1.032795e-01   2.327912e+02   1.000000e+02
1.042361e-01   2.482575e+02   1.000000e+02
1.052015e-01   2.658921e+02   1.000000e+02
1.061759e-01   2.856508e+02   1.000000e+02
1.071593e-01   3.074339e+02   1.000000e+02
1.081519e-01   3.310654e+02   1.000000e+02
1.091536e-01   3.562714e+02   1.000000e+02
1.101646e-01   3.826601e+02   1.000000e+02
1.111850e-01   4.098737e+02   1.000000e+02
1.122148e-01   4.379021e+02   1.000000e+02
1.132541e-01   4.668180e+02   1.000000e+02
1.143031e-01   4.967242e+02   1.000000e+02
1.153618e-01   5.277565e+02   1.000000e+02
1.164303e-01   5.600876e+02   1.000000e+02
1.175087e-01   5.939309e+02   1.000000e+02
1.185971e-01   6.295454e+02   1.000000e+02
1.196956e-01   6.672410e+02   1.000000e+02
1.208042e-01   7.073652e+02   1.000000e+02
1.219231e-01   7.501173e+02   1.000000e+02
1.230524e-01   7.955934e+02   1.000000e+02
1.241921e-01   8.438807e+02   1.000000e+02
1.253424e-01   8.950559e+02   1.000000e+02
1.265034e-01   9.491829e+02   1.000000e+02
1.276751e-01   1.006310e+03   1.000000e+02
1.288576e-01   1.066465e+03   1.000000e+02
1.300511e-01   1.129657e+03   1.000000e+02
1.312557e-01   1.195868e+03   1.000000e+02
1.324714e-01   1.265066e+03   1.000000e+02
1.336984e-01   1.337189e+03   1.000000e+02
1.349367e-01   1.412144e+03   1.000000e+02
1.361865e-01   1.489800e+03   1.000000e+02
1.374479e-01   1.569991e+03   1.000000e+02
1.387210e-01   1.652505e+03   1.000000e+02
1.400058e-01   1.737087e+03   1.000000e+02
1.413026e-01   1.823589e+03   1.000000e+02
1.426114e-01   1.912482e+03   1.000000e+02
1.439323e-01   2.004502e+03   1.000000e+02
1.452654e-01   2.100528e+03   1.000000e+02
1.466109e-01   2.201594e+03   1.000000e+02
1.479688e-01   2.308907e+03   1.000000e+02
1.493393e-01   2.423875e+03   1.000000e+02
1.507225e-01   2.548094e+03   1.000000e+02
1.521186e-01   2.682515e+03   1.000000e+02
1.535275e-01   2.827298e+03   1.000000e+02
1.549495e-01   2.982492e+03   1.000000e+02
1.563847e-01   3.148044e+03   1.000000e+02
1.578331e-01   3.323777e+03   1.000000e+02
1.592950e-01   3.509362e+03   1.000000e+02
1.607704e-01   3.704319e+03   1.000000e+02
1.622595e-01   3.908523e+03   1.000000e+02
1.637624e-01   4.122305e+03   1.000000e+02
1.652792e-01   4.346020e+03   1.000000e+02
1.668101e-01   4.580033e+03   1.000000e+02
1.683551e-01   4.824718e+03   1.000000e+02
1.699144e-01   5.080459e+03   1.000000e+02
1.714882e-01   5.347646e+03   1.000000e+02
1.730766e-01   5.626680e+03   1.000000e+02
1.746796e-01   5.917971e+03   1.000000e+02
1.762975e-01   6.221937e+03   1.000000e+02
1.779304e-01   6.539005e+03   1.000000e+02
1.795785e-01   6.869612e+03   1.000000e+02
1.812418e-01   7.214215e+03   1.000000e+02
1.829205e-01   7.573410e+03   1.000000e+02
1.846147e-01   7.947895e+03   1.000000e+02
1.863246e-01   8.338422e+03   1.000000e+02
1.880504e-01   8.745801e+03   1.000000e+02
1.897922e-01   9.170905e+03   1.000000e+02
1.915501e-01   9.614670e+03   1.000000e+02
1.933242e-01   1.007811e+04   1.000000e+02
1.951148e-01   1.056232e+04   1.000000e+02
1.969220e-01   1.106846e+04   1.000000e+02
1.987460e-01   1.159783e+04   1.000000e+02
2.005868e-01   1.215177e+04   1.000000e+02
2.024447e-01   1.273161e+04   1.000000e+02
2.043197e-01   1.333846e+04   1.000000e+02
2.062122e-01   1.397345e+04   1.000000e+02
2.081222e-01   1.463773e+04   1.000000e+02
2.100498e-01   1.533251e+04   1.000000e+02
2.119953e-01   1.605902e+04   1.000000e+02
2.139589e-01   1.681852e+04   1.000000e+02
2.159406e-01   1.761232e+04   1.000000e+02
2.179407e-01   1.844175e+04   1.000000e+02
2.199593e-01   1.930819e+04   1.000000e+02
2.219966e-01   2.021305e+04   1.000000e+02
2.240528e-01   2.115775e+04   1.000000e+02
2.261280e-01   2.214379e+04   1.000000e+02
2.282224e-01   2.317265e+04   1.000000e+02
2.303363e-01   2.424587e+04   1.000000e+02
2.324697e-01   2.536502e+04   1.000000e+02
2.346229e-01   2.653168e+04   1.000000e+02
2.367960e-01   2.774747e+04   1.000000e+02
2.389893e-01   2.901403e+04   1.000000e+02
2.412028e-01   3.033301e+04   1.000000e+02
2.434369e-01   3.170610e+04   1.000000e+02
2.456916e-01   3.313499e+04   1.000000e+02
2.479673e-01   3.462138e+04   1.000000e+02
2.502640e-01   3.616700e+04   1.000000e+02
2.525820e-01   3.777367e+04   1.000000e+02
2.549215e-01   3.944352e+04   1.000000e+02
2.572826e-01   4.117879e+04   1.000000e+02
2.596656e-01   4.298183e+04   1.000000e+02
2.620707e-01   4.485505e+04   1.000000e+02
2.644980e-01   4.680094e+04   1.000000e+02
2.669478e-01   4.882211e+04   1.000000e+02
2.694204e-01   5.092123e+04   1.000000e+02
2.719158e-01   5.310109e+04   1.000000e+02
2.744343e-01   5.536457e+04   1.000000e+02
2.769762e-01   5.771468e+04   1.000000e+02
2.795416e-01   6.015450e+04   1.000000e+02
2.821308e-01   6.268726e+04   1.000000e+02
2.847439e-01   6.531629e+04   1.000000e+02
2.873813e-01   6.804507e+04   1.000000e+02
2.900430e-01   7.087719e+04   1.000000e+02
2.927295e-01   7.381637e+04   1.000000e+02
2.954408e-01   7.686650e+04   1.000000e+02
2.981772e-01   8.003161e+04   1.000000e+02
3.009390e-01   8.331587e+04   1.000000e+02
3.037264e-01   8.672336e+04   1.000000e+02
3.065395e-01   9.025789e+04   1.000000e+02
3.093788e-01   9.392329e+04   1.000000e+02
3.122443e-01   9.772345e+04   1.000000e+02
3.151363e-01   1.016623e+05   1.000000e+02
3.180552e-01   1.057439e+05   1.000000e+02
3.210011e-01   1.099722e+05   1.000000e+02
3.239743e-01   1.143513e+05   1.000000e+02
3.269750e-01   1.188854e+05   1.000000e+02
3.300035e-01   1.235786e+05   1.000000e+02
3.330600e-01   1.284351e+05   1.000000e+02
3.361449e-01   1.334592e+05   1.000000e+02
3.392583e-01   1.386549e+05   1.000000e+02
3.424006e-01   1.440266e+05   1.000000e+02
3.455720e-01   1.495786e+05   1.000000e+02
3.487727e-01   1.553150e+05   1.000000e+02
3.520031e-01   1.612402e+05   1.000000e+02
3.552635e-01   1.673596e+05   1.000000e+02
3.585540e-01   1.736794e+05   1.000000e+02
3.618750e-01   1.802063e+05   1.000000e+02
3.652267e-01   1.869473e+05   1.000000e+02
3.686095e-01   1.939094e+05   1.000000e+02
3.720237e-01   2.011004e+05   1.000000e+02
3.754694e-01   2.085281e+05   1.000000e+02
3.789471e-01   2.162007e+05   1.000000e+02
3.824570e-01   2.241269e+05   1.000000e+02
3.859994e-01   2.323157e+05   1.000000e+02
3.895746e-01   2.407766e+05   1.000000e+02
3.931829e-01   2.495196e+05   1.000000e+02
3.968246e-01   2.585550e+05   1.000000e+02
4.005001e-01   2.678937e+05   1.000000e+02
4.042096e-01   2.775460e+05   1.000000e+02
4.079535e-01   2.875186e+05   1.000000e+02
4.117320e-01   2.978180e+05   1.000000e+02
4.155455e-01   3.084500e+05   1.000000e+02
4.193944e-01   3.194204e+05   1.000000e+02
4.232789e-01   3.307346e+05   1.000000e+02
4.271994e-01   3.423978e+05   1.000000e+02
4.311562e-01   3.544147e+05   1.000000e+02
4.351497e-01   3.667895e+05   1.000000e+02
4.391801e-01   3.795261e+05   1.000000e+02
4.432479e-01   3.926279e+05   1.000000e+02
4.473533e-01   4.060977e+05   1.000000e+02
4.514968e-01   4.199376e+05   1.000000e+02
4.556786e-01   4.341533e+05   1.000000e+02
4.598992e-01   4.487557e+05   1.000000e+02
4.641589e-01   4.637570e+05   1.000000e+02
4.684580e-01   4.791699e+05   1.000000e+02
4.727970e-01   4.950080e+05   1.000000e+02
4.771761e-01   5.112854e+05   1.000000e+02
4.815958e-01   5.280173e+05   1.000000e+02
4.860564e-01   5.452195e+05   1.000000e+02
4.905584e-01   5.629091e+05   1.000000e+02
4.951020e-01   5.811037e+05   1.000000e+02
4.996877e-01   5.998222e+05   1.000000e+02
5.043159e-01   6.190834e+05   1.000000e+02
5.089870e-01   6.389012e+05   1.000000e+02
5.137014e-01   6.592879e+05   1.000000e+02
5.184594e-01   6.802560e+05   1.000000e+02
5.232614e-01   7.018180e+05   1.000000e+02
5.281080e-01   7.239864e+05   1.000000e+02
5.329994e-01   7.467738e+05   1.000000e+02
5.379362e-01   7.701929e+05   1.000000e+02
5.429186e-01   7.942562e+05   1.000000e+02
5.479472e-01   8.189766e+05   1.000000e+02
5.530224e-01   8.443665e+05   1.000000e+02
5.581446e-01   8.704385e+05   1.000000e+02
5.633143e-01   8.972054e+05   1.000000e+02
5.685318e-01   9.246795e+05   1.000000e+02
5.737976e-01   9.528732e+05   1.000000e+02
5.791123e-01   9.817989e+05   1.000000e+02
5.844761e-01   1.011469e+06   1.000000e+02
5.898896e-01   1.041895e+06   1.000000e+02
5.953533e-01   1.073089e+06   1.000000e+02
6.008676e-01   1.105063e+06   1.000000e+02
6.064329e-01   1.137830e+06   1.000000e+02
6.120498e-01   1.171404e+06   1.000000e+02
6.177188e-01   1.205802e+06   1.000000e+02
6.234402e-01   1.241039e+06   1.000000e+02
6.292146e-01   1.277134e+06   1.000000e+02
6.350425e-01   1.314102e+06   1.000000e+02
6.409244e-01   1.351960e+06   1.000000e+02
6.468608e-01   1.390726e+06   1.000000e+02
6.528521e-01   1.430417e+06   1.000000e+02
6.588990e-01   1.471053e+06   1.000000e+02
6.650018e-01   1.512650e+06   1.000000e+02
6.711612e-01   1.555227e+06   1.000000e+02
6.773776e-01   1.598804e+06   1.000000e+02
6.836516e-01   1.643400e+06   1.000000e+02
6.899837e-01   1.689034e+06   1.000000e+02
6.963745e-01   1.735727e+06   1.000000e+02
7.028244e-01   1.783499e+06   1.000000e+02
7.093341e-01   1.832369e+06   1.000000e+02
7.159041e-01   1.882356e+06   1.000000e+02
7.225349e-01   1.933479e+06   1.000000e+02
7.292272e-01   1.985757e+06   1.000000e+02
7.359814e-01   2.039208e+06   1.000000e+02
7.427982e-01   2.093852e+06   1.000000e+02
7.496782e-01   2.149707e+06   1.000000e+02
7.566219e-01   2.206792e+06   1.000000e+02
7.636298e-01   2.265128e+06   1.000000e+02
7.707027e-01   2.324733e+06   1.000000e+02
7.778411e-01   2.385627e+06   1.000000e+02
7.850456e-01   2.447829e+06   1.000000e+02
7.923169e-01   2.511358e+06   1.000000e+02
7.996555e-01   2.576235e+06   1.000000e+02
8.070620e-01   2.642479e+06   1.000000e+02
8.145372e-01   2.710111e+06   1.000000e+02
8.220816e-01   2.779152e+06   1.000000e+02
8.296959e-01   2.849624e+06   1.000000e+02
8.373807e-01   2.921547e+06   1.000000e+02
8.451366e-01   2.994943e+06   1.000000e+02
8.529644e-01   3.069835e+06   1.000000e+02
8.608648e-01   3.146244e+06   1.000000e+02
8.688383e-01   3.224192e+06   1.000000e+02
8.768856e-01   3.303702e+06   1.000000e+02
8.850075e-01   3.384796e+06   1.000000e+02
8.932046e-01   3.467496e+06   1.000000e+02
9.014776e-01   3.551825e+06   1.000000e+02
9.098273e-01   3.637806e+06   1.000000e+02
9.182543e-01   3.725461e+06   1.000000e+02
9.267593e-01   3.814812e+06   1.000000e+02
9.353432e-01   3.905880e+06   1.000000e+02
9.440065e-01   3.998687e+06   1.000000e+02
9.527500e-01   4.093255e+06   1.000000e+02
9.615746e-01   4.189606e+06   1.000000e+02
9.704809e-01   4.287762e+06   1.000000e+02
9.794697e-01   4.387746e+06   1.000000e+02
9.885417e-01   4.489577e+06   1.000000e+02
9.976978e-01   4.593280e+06   1.000000e+02
1.006939e+00   4.698874e+06   1.000000e+02
1.016265e+00   4.806384e+06   1.000000e+02
1.025678e+00   4.915829e+06   1.000000e+02
1.035178e+00   5.027234e+06   1.000000e+02
1.044766e+00   5.140620e+06   1.000000e+02
1.054443e+00   5.256009e+06   1.000000e+02
1.064209e+00   5.373423e+06   1.000000e+02
1.074066e+00   5.492885e+06   1.000000e+02
1.084014e+00   5.614416e+06   1.000000e+02
1.094055e+00   5.738038e+06   1.000000e+02
1.104188e+00   5.863773e+06   1.000000e+02
1.114415e+00   5.991644e+06   1.000000e+02
1.124737e+00   6.121671e+06   1.000000e+02
1.135155e+00   6.253877e+06   1.000000e+02
1.145669e+00   6.388283e+06   1.000000e+02
1.156280e+00   6.524911e+06   1.000000e+02
1.166990e+00   6.663783e+06   1.000000e+02
1.177799e+00   6.804919e+06   1.000000e+02
1.188708e+00   6.948341e+06   1.000000e+02
1.199718e+00   7.094070e+06   1.000000e+02
1.210830e+00   7.242127e+06   1.000000e+02
1.222045e+00   7.392533e+06   1.000000e+02
1.233363e+00   7.545308e+06   1.000000e+02
1.244787e+00   7.700474e+06   1.000000e+02
1.256317e+00   7.858051e+06   1.000000e+02
1.267953e+00   8.018070e+06   1.000000e+02
1.279697e+00   8.180568e+06   1.000000e+02
1.291550e+00   8.345585e+06   1.000000e+02
1.303512e+00   8.513163e+06   1.000000e+02
1.315586e+00   8.683345e+06   1.000000e+02
1.327771e+00   8.856174e+06   1.000000e+02
1.340069e+00   9.031697e+06   1.000000e+02
1.352481e+00   9.209961e+06   1.000000e+02
1.365008e+00   9.391014e+06   1.000000e+02
1.377651e+00   9.574907e+06   1.000000e+02
1.390411e+00   9.761693e+06   1.000000e+02
1.403289e+00   9.951425e+06   1.000000e+02
1.416287e+00   1.014416e+07   1.000000e+02
1.429405e+00   1.033995e+07   1.000000e+02
1.442644e+00   1.053887e+07   1.000000e+02
1.456006e+00   1.074097e+07   1.000000e+02
1.469492e+00   1.094631e+07   1.000000e+02
1.483103e+00   1.115497e+07   1.000000e+02
1.496839e+00   1.136700e+07   1.000000e+02
1.510703e+00   1.158249e+07   1.000000e+02
1.524696e+00   1.180141e+07   1.000000e+02
1.538818e+00   1.202374e+07   1.000000e+02
1.553071e+00   1.224943e+07   1.000000e+02
1.567455e+00   1.247843e+07   1.000000e+02
1.581973e+00   1.271068e+07   1.000000e+02
1.596626e+00   1.294613e+07   1.000000e+02
1.611414e+00   1.318470e+07   1.000000e+02
1.626340e+00   1.342633e+07   1.000000e+02
1.641403e+00   1.367091e+07   1.000000e+02
1.656606e+00   1.391837e+07   1.000000e+02
1.671950e+00   1.416861e+07   1.000000e+02
1.687436e+00   1.442152e+07   1.000000e+02
1.703065e+00   1.467699e+07   1.000000e+02
1.718839e+00   1.493490e+07   1.000000e+02
1.734759e+00   1.519511e+07   1.000000e+02
1.750827e+00   1.545750e+07   1.000000e+02
1.767044e+00   1.572195e+07   1.000000e+02
1.783410e+00   1.598853e+07   1.000000e+02
1.799929e+00   1.625732e+07   1.000000e+02
1.816600e+00   1.652844e+07   1.000000e+02
1.833425e+00   1.680200e+07   1.000000e+02
1.850407e+00   1.707812e+07   1.000000e+02
1.867546e+00   1.735692e+07   1.000000e+02
1.884843e+00   1.763853e+07   1.000000e+02
1.902301e+00   1.792312e+07   1.000000e+02
1.919921e+00   1.821082e+07   1.000000e+02
1.937703e+00   1.850181e+07   1.000000e+02
1.955651e+00   1.879626e+07   1.000000e+02
1.973764e+00   1.909434e+07   1.000000e+02
1.992046e+00   1.939626e+07   1.000000e+02
2.010496e+00   1.970221e+07   1.000000e+02
2.029118e+00   2.001228e+07   1.000000e+02
2.047912e+00   2.032648e+07   1.000000e+02
2.066880e+00   2.064481e+07   1.000000e+02
2.086024e+00   2.096726e+07   1.000000e+02
2.105345e+00   2.129383e+07   1.000000e+02
2.124845e+00   2.162450e+07   1.000000e+02
2.144526e+00   2.195928e+07   1.000000e+02
2.164389e+00   2.229814e+07   1.000000e+02
2.184436e+00   2.264106e+07   1.000000e+02
2.204669e+00   2.298803e+07   1.000000e+02
2.225089e+00   2.333902e+07   1.000000e+02
2.245698e+00   2.369401e+07   1.000000e+02
2.266498e+00   2.405296e+07   1.000000e+02
2.287491e+00   2.441585e+07   1.000000e+02
2.308678e+00   2.478263e+07   1.000000e+02
2.330061e+00   2.515326e+07   1.000000e+02
2.351643e+00   2.552771e+07   1.000000e+02
2.373424e+00   2.590592e+07   1.000000e+02
2.395407e+00   2.628784e+07   1.000000e+02
2.417594e+00   2.667341e+07   1.000000e+02
2.439986e+00   2.706258e+07   1.000000e+02
2.462586e+00   2.745529e+07   1.000000e+02
2.485395e+00   2.785146e+07   1.000000e+02
2.508415e+00   2.825102e+07   1.000000e+02
2.531648e+00   2.865394e+07   1.000000e+02
2.555097e+00   2.906021e+07   1.000000e+02
2.578763e+00   2.946985e+07   1.000000e+02
2.602648e+00   2.988288e+07   1.000000e+02
2.626754e+00   3.029929e+07   1.000000e+02
2.651084e+00   3.071911e+07   1.000000e+02
2.675638e+00   3.114235e+07   1.000000e+02
2.700421e+00   3.156902e+07   1.000000e+02
2.725433e+00   3.199913e+07   1.000000e+02
2.750676e+00   3.243271e+07   1.000000e+02
2.776153e+00   3.286976e+07   1.000000e+02
2.801867e+00   3.331031e+07   1.000000e+02
2.827818e+00   3.375437e+07   1.000000e+02
2.854010e+00   3.420196e+07   1.000000e+02
2.880444e+00   3.465310e+07   1.000000e+02
2.907123e+00   3.510781e+07   1.000000e+02
2.934050e+00   3.556611e+07   1.000000e+02
2.961225e+00   3.602803e+07   1.000000e+02
2.988653e+00   3.649358e+07   1.000000e+02
3.016334e+00   3.696280e+07   1.000000e+02
3.044272e+00   3.743567e+07   1.000000e+02
3.072469e+00   3.791219e+07   1.000000e+02
3.100927e+00   3.839232e+07   1.000000e+02
3.129648e+00   3.887606e+07   1.000000e+02
3.158635e+00   3.936337e+07   1.000000e+02
3.187891e+00   3.985423e+07   1.000000e+02
3.217418e+00   4.034862e+07   1.000000e+02
3.247218e+00   4.084651e+07   1.000000e+02
3.277295e+00   4.134787e+07   1.000000e+02
3.307650e+00   4.185268e+07   1.000000e+02
3.338286e+00   4.236090e+07   1.000000e+02
3.369206e+00   4.287249e+07   1.000000e+02
3.400412e+00   4.338744e+07   1.000000e+02
3.431907e+00   4.390570e+07   1.000000e+02
3.463694e+00   4.442724e+07   1.000000e+02
3.495776e+00   4.495202e+07   1.000000e+02
3.528154e+00   4.548000e+07   1.000000e+02
3.560833e+00   4.601117e+07   1.000000e+02
3.593814e+00   4.654548e+07   1.000000e+02
3.627100e+00   4.708293e+07   1.000000e+02
3.660695e+00   4.762349e+07   1.000000e+02
3.694601e+00   4.816712e+07   1.000000e+02
3.728821e+00   4.871382e+07   1.000000e+02
3.763358e+00   4.926354e+07   1.000000e+02
3.798215e+00   4.981627e+07   1.000000e+02
3.833395e+00   5.037197e+07   1.000000e+02
3.868901e+00   5.093062e+07   1.000000e+02
3.904735e+00   5.149219e+07   1.000000e+02
3.940902e+00   5.205665e+07   1.000000e+02
3.977403e+00   5.262398e+07   1.000000e+02
4.014242e+00   5.319414e+07   1.000000e+02
4.051423e+00   5.376710e+07   1.000000e+02
4.088948e+00   5.434282e+07   1.000000e+02
4.126821e+00   5.492125e+07   1.000000e+02
4.165044e+00   5.550237e+07   1.000000e+02
4.203622e+00   5.608612e+07   1.000000e+02
4.242556e+00   5.667247e+07   1.000000e+02
4.281852e+00   5.726137e+07   1.000000e+02
4.321511e+00   5.785278e+07   1.000000e+02
4.361538e+00   5.844665e+07   1.000000e+02
4.401935e+00   5.904294e+07   1.000000e+02
4.442707e+00   5.964160e+07   1.000000e+02
4.483856e+00   6.024257e+07   1.000000e+02
4.525386e+00   6.084582e+07   1.000000e+02
4.567301e+00   6.145130e+07   1.000000e+02
4.609604e+00   6.205895e+07   1.000000e+02
4.652300e+00   6.266872e+07   1.000000e+02
4.695390e+00   6.328057e+07   1.000000e+02
4.738880e+00   6.389443e+07   1.000000e+02
4.782772e+00   6.451026e+07   1.000000e+02
4.827071e+00   6.512800e+07   1.000000e+02
4.871780e+00   6.574761e+07   1.000000e+02
4.916904e+00   6.636901e+07   1.000000e+02
4.962445e+00   6.699216e+07   1.000000e+02
5.008408e+00   6.761699e+07   1.000000e+02
5.054797e+00   6.824346e+07   1.000000e+02
5.101615e+00   6.887151e+07   1.000000e+02
5.148867e+00   6.950106e+07   1.000000e+02
5.196557e+00   7.013207e+07   1.000000e+02
5.244689e+00   7.076448e+07   1.000000e+02
5.293266e+00   7.139821e+07   1.000000e+02
5.342293e+00   7.203322e+07   1.000000e+02
5.391775e+00   7.266943e+07   1.000000e+02
5.441714e+00   7.330679e+07   1.000000e+02
5.492116e+00   7.394524e+07   1.000000e+02
5.542986e+00   7.458469e+07   1.000000e+02
5.594326e+00   7.522510e+07   1.000000e+02
5.646141e+00   7.586640e+07   1.000000e+02
5.698437e+00   7.650851e+07   1.000000e+02
5.751217e+00   7.715138e+07   1.000000e+02
5.804486e+00   7.779494e+07   1.000000e+02
5.858248e+00   7.843911e+07   1.000000e+02
5.912508e+00   7.908382e+07   1.000000e+02
5.967271e+00   7.972902e+07   1.000000e+02
6.022541e+00   8.037463e+07   1.000000e+02
6.078323e+00   8.102058e+07   1.000000e+02
6.134622e+00   8.166680e+07   1.000000e+02
6.191442e+00   8.231322e+07   1.000000e+02
6.248788e+00   8.295978e+07   1.000000e+02
6.306666e+00   8.360641e+07   1.000000e+02
6.365079e+00   8.425304e+07   1.000000e+02
6.424034e+00   8.489960e+07   1.000000e+02
6.483534e+00   8.554601e+07   1.000000e+02
6.543586e+00   8.619222e+07   1.000000e+02
6.604194e+00   8.683815e+07   1.000000e+02
6.665363e+00   8.748372e+07   1.000000e+02
6.727099e+00   8.812887e+07   1.000000e+02
6.789407e+00   8.877353e+07   1.000000e+02
6.852292e+00   8.941762e+07   1.000000e+02
6.915759e+00   9.006108e+07   1.000000e+02
6.979814e+00   9.070383e+07   1.000000e+02
7.044462e+00   9.134579e+07   1.000000e+02
7.109709e+00   9.198690e+07   1.000000e+02
7.175561e+00   9.262707e+07   1.000000e+02
7.242022e+00   9.326622e+07   1.000000e+02
7.309099e+00   9.390427e+07   1.000000e+02
7.376798e+00   9.454115e+07   1.000000e+02
7.445123e+00   9.517676e+07   1.000000e+02
7.514081e+00   9.581103e+07   1.000000e+02
7.583678e+00   9.644387e+07   1.000000e+02
7.653919e+00   9.707521e+07   1.000000e+02
7.724811e+00   9.770495e+07   1.000000e+02
7.796360e+00   9.833303e+07   1.000000e+02
7.868572e+00   9.895935e+07   1.000000e+02
7.941452e+00   9.958383e+07   1.000000e+02
8.015007e+00   1.002064e+08   1.000000e+02
8.089243e+00   1.008269e+08   1.000000e+02
8.164168e+00   1.014454e+08   1.000000e+02
8.239786e+00   1.020616e+08   1.000000e+02
8.316104e+00   1.026756e+08   1.000000e+02
8.393129e+00   1.032872e+08   1.000000e+02
8.470868e+00   1.038962e+08   1.000000e+02
8.549327e+00   1.045027e+08   1.000000e+02
8.628513e+00   1.051065e+08   1.000000e+02
8.708431e+00   1.057075e+08   1.000000e+02
8.789091e+00   1.063056e+08   1.000000e+02
8.870497e+00   1.069007e+08   1.000000e+02
8.952657e+00   1.074927e+08   1.000000e+02
9.035578e+00   1.080816e+08   1.000000e+02
9.119268e+00   1.086672e+08   1.000000e+02
9.203732e+00   1.092493e+08   1.000000e+02
9.288979e+00   1.098280e+08   1.000000e+02
9.375015e+00   1.104031e+08   1.000000e+02
9.461848e+00   1.109745e+08   1.000000e+02
9.549486e+00   1.115422e+08   1.000000e+02
9.637935e+00   1.121059e+08   1.000000e+02
9.727203e+00   1.126657e+08   1.000000e+02
9.817298e+00   1.132213e+08   1.000000e+02
9.908228e+00   1.137728e+08   1.000000e+02
1.000000e+01   1.143200e+08   1.000000e+02
