# C13 + t > B12 + a   [C13_t__B12_a]   ref=TALYS2, Koning et al. 2023
# detailed balance: alpha=0.98201 beta=0 gamma=-26.4699  Q=2.281
# T9                 rate                error
1.000000e-03   1.000000e-35   1.000000e+02
1.009262e-03   1.006208e-35   1.000000e+02
1.018610e-03   1.011666e-35   1.000000e+02
1.028045e-03   1.016375e-35   1.000000e+02
1.037567e-03   1.020337e-35   1.000000e+02
1.047177e-03   1.023558e-35   1.000000e+02
1.056876e-03   1.026044e-35   1.000000e+02
1.066665e-03   1.027803e-35   1.000000e+02
1.076545e-03   1.028846e-35   1.000000e+02
1.086516e-03   1.029185e-35   1.000000e+02
1.096579e-03   1.028832e-35   1.000000e+02
1.106736e-03   1.027801e-35   1.000000e+02
1.116987e-03   1.026110e-35   1.000000e+02
1.127333e-03   1.023774e-35   1.000000e+02
1.137774e-03   1.020811e-35   1.000000e+02
1.148312e-03   1.017242e-35   1.000000e+02
1.158948e-03   1.013086e-35   1.000000e+02
1.169683e-03   1.008363e-35   1.000000e+02
1.180517e-03   1.003096e-35   1.000000e+02
1.191451e-03   9.973061e-36   1.000000e+02
1.202486e-03   9.910165e-36   1.000000e+02
1.213624e-03   9.842501e-36   1.000000e+02
1.224865e-03   9.770305e-36   1.000000e+02
1.236210e-03   9.693812e-36   1.000000e+02
1.247660e-03   9.613262e-36   1.000000e+02
1.259216e-03   9.528893e-36   1.000000e+02
1.270879e-03   9.440945e-36   1.000000e+02
1.282650e-03   9.349657e-36   1.000000e+02
1.294530e-03   9.255265e-36   1.000000e+02
1.306520e-03   9.158005e-36   1.000000e+02
1.318621e-03   9.058109e-36   1.000000e+02
1.330835e-03   8.955806e-36   1.000000e+02
1.343161e-03   8.851322e-36   1.000000e+02
1.355602e-03   8.744877e-36   1.000000e+02
1.368158e-03   8.636689e-36   1.000000e+02
1.380830e-03   8.526968e-36   1.000000e+02
1.393619e-03   8.415920e-36   1.000000e+02
1.406527e-03   8.303745e-36   1.000000e+02
1.419555e-03   8.190637e-36   1.000000e+02
1.432703e-03   8.076784e-36   1.000000e+02
1.445973e-03   7.962367e-36   1.000000e+02
1.459366e-03   7.847560e-36   1.000000e+02
1.472883e-03   7.732532e-36   1.000000e+02
1.486525e-03   7.617442e-36   1.000000e+02
1.500293e-03   7.502446e-36   1.000000e+02
1.514189e-03   7.387690e-36   1.000000e+02
1.528214e-03   7.273315e-36   1.000000e+02
1.542369e-03   7.159452e-36   1.000000e+02
1.556654e-03   7.046229e-36   1.000000e+02
1.571072e-03   6.933764e-36   1.000000e+02
1.585624e-03   6.822172e-36   1.000000e+02
1.600310e-03   6.711556e-36   1.000000e+02
1.615133e-03   6.602018e-36   1.000000e+02
1.630092e-03   6.493649e-36   1.000000e+02
1.645191e-03   6.386538e-36   1.000000e+02
1.660429e-03   6.280764e-36   1.000000e+02
1.675808e-03   6.176404e-36   1.000000e+02
1.691330e-03   6.073526e-36   1.000000e+02
1.706995e-03   5.972194e-36   1.000000e+02
1.722805e-03   5.872467e-36   1.000000e+02
1.738762e-03   5.774399e-36   1.000000e+02
1.754867e-03   5.678038e-36   1.000000e+02
1.771121e-03   5.583428e-36   1.000000e+02
1.787526e-03   5.490609e-36   1.000000e+02
1.804082e-03   5.399616e-36   1.000000e+02
1.820792e-03   5.310482e-36   1.000000e+02
1.837656e-03   5.223233e-36   1.000000e+02
1.854677e-03   5.137895e-36   1.000000e+02
1.871855e-03   5.054487e-36   1.000000e+02
1.889193e-03   4.973028e-36   1.000000e+02
1.906691e-03   4.893532e-36   1.000000e+02
1.924351e-03   4.816013e-36   1.000000e+02
1.942175e-03   4.740479e-36   1.000000e+02
1.960163e-03   4.666939e-36   1.000000e+02
1.978319e-03   4.595397e-36   1.000000e+02
1.996642e-03   4.525857e-36   1.000000e+02
2.015136e-03   4.458322e-36   1.000000e+02
2.033800e-03   4.392791e-36   1.000000e+02
2.052638e-03   4.329264e-36   1.000000e+02
2.071650e-03   4.267738e-36   1.000000e+02
2.090838e-03   4.208211e-36   1.000000e+02
2.110203e-03   4.150679e-36   1.000000e+02
2.129749e-03   4.095138e-36   1.000000e+02
2.149475e-03   4.041582e-36   1.000000e+02
2.169384e-03   3.990007e-36   1.000000e+02
2.189477e-03   3.940407e-36   1.000000e+02
2.209756e-03   3.892777e-36   1.000000e+02
2.230223e-03   3.847111e-36   1.000000e+02
2.250880e-03   3.803406e-36   1.000000e+02
2.271728e-03   3.761657e-36   1.000000e+02
2.292769e-03   3.721859e-36   1.000000e+02
2.314005e-03   3.684010e-36   1.000000e+02
2.335438e-03   3.648108e-36   1.000000e+02
2.357069e-03   3.614152e-36   1.000000e+02
2.378901e-03   3.582141e-36   1.000000e+02
2.400935e-03   3.552078e-36   1.000000e+02
2.423173e-03   3.523965e-36   1.000000e+02
2.445617e-03   3.497806e-36   1.000000e+02
2.468268e-03   3.473609e-36   1.000000e+02
2.491130e-03   3.451380e-36   1.000000e+02
2.514203e-03   3.431131e-36   1.000000e+02
2.537490e-03   3.412874e-36   1.000000e+02
2.560993e-03   3.396624e-36   1.000000e+02
2.584714e-03   3.382399e-36   1.000000e+02
2.608654e-03   3.370218e-36   1.000000e+02
2.632815e-03   3.360106e-36   1.000000e+02
2.657201e-03   3.352088e-36   1.000000e+02
2.681813e-03   3.346196e-36   1.000000e+02
2.706652e-03   3.342462e-36   1.000000e+02
2.731722e-03   3.340925e-36   1.000000e+02
2.757023e-03   3.341626e-36   1.000000e+02
2.782559e-03   3.344611e-36   1.000000e+02
2.808332e-03   3.349931e-36   1.000000e+02
2.834343e-03   3.357643e-36   1.000000e+02
2.860596e-03   3.367809e-36   1.000000e+02
2.887091e-03   3.380495e-36   1.000000e+02
2.913832e-03   3.395776e-36   1.000000e+02
2.940820e-03   3.413732e-36   1.000000e+02
2.968059e-03   3.434452e-36   1.000000e+02
2.995549e-03   3.458029e-36   1.000000e+02
3.023295e-03   3.484540e-36   1.000000e+02
3.051297e-03   3.513878e-36   1.000000e+02
3.079559e-03   3.545860e-36   1.000000e+02
3.108082e-03   3.580302e-36   1.000000e+02
3.136870e-03   3.617013e-36   1.000000e+02
3.165924e-03   3.655800e-36   1.000000e+02
3.195248e-03   3.696459e-36   1.000000e+02
3.224842e-03   3.738780e-36   1.000000e+02
3.254712e-03   3.782543e-36   1.000000e+02
3.284857e-03   3.827516e-36   1.000000e+02
3.315282e-03   3.873458e-36   1.000000e+02
3.345989e-03   3.920113e-36   1.000000e+02
3.376980e-03   3.967214e-36   1.000000e+02
3.408259e-03   4.014481e-36   1.000000e+02
3.439826e-03   4.061619e-36   1.000000e+02
3.471687e-03   4.108321e-36   1.000000e+02
3.503842e-03   4.154266e-36   1.000000e+02
3.536296e-03   4.199120e-36   1.000000e+02
3.569049e-03   4.242539e-36   1.000000e+02
3.602107e-03   4.284165e-36   1.000000e+02
3.635470e-03   4.323632e-36   1.000000e+02
3.669142e-03   4.360565e-36   1.000000e+02
3.703127e-03   4.394583e-36   1.000000e+02
3.737426e-03   4.425302e-36   1.000000e+02
3.772042e-03   4.452334e-36   1.000000e+02
3.806980e-03   4.475293e-36   1.000000e+02
3.842241e-03   4.493799e-36   1.000000e+02
3.877828e-03   4.507476e-36   1.000000e+02
3.913746e-03   4.515962e-36   1.000000e+02
3.949995e-03   4.518908e-36   1.000000e+02
3.986581e-03   4.515986e-36   1.000000e+02
4.023506e-03   4.507003e-36   1.000000e+02
4.060772e-03   4.493295e-36   1.000000e+02
4.098384e-03   4.477249e-36   1.000000e+02
4.136344e-03   4.461246e-36   1.000000e+02
4.174655e-03   4.447636e-36   1.000000e+02
4.213322e-03   4.438741e-36   1.000000e+02
4.252346e-03   4.436877e-36   1.000000e+02
4.291732e-03   4.444382e-36   1.000000e+02
4.331483e-03   4.463661e-36   1.000000e+02
4.371602e-03   4.497243e-36   1.000000e+02
4.412093e-03   4.547851e-36   1.000000e+02
4.452959e-03   4.618493e-36   1.000000e+02
4.494203e-03   4.712572e-36   1.000000e+02
4.535829e-03   4.834024e-36   1.000000e+02
4.577841e-03   4.987490e-36   1.000000e+02
4.620241e-03   5.178540e-36   1.000000e+02
4.663035e-03   5.413946e-36   1.000000e+02
4.706225e-03   5.702056e-36   1.000000e+02
4.749815e-03   6.053259e-36   1.000000e+02
4.793808e-03   6.480623e-36   1.000000e+02
4.838210e-03   7.000731e-36   1.000000e+02
4.883022e-03   7.634818e-36   1.000000e+02
4.928250e-03   8.410311e-36   1.000000e+02
4.973896e-03   9.362954e-36   1.000000e+02
5.019965e-03   1.053961e-35   1.000000e+02
5.066461e-03   1.199685e-35   1.000000e+02
5.113388e-03   1.380129e-35   1.000000e+02
5.160749e-03   1.603787e-35   1.000000e+02
5.208549e-03   1.881535e-35   1.000000e+02
5.256791e-03   2.227312e-35   1.000000e+02
5.305481e-03   2.658996e-35   1.000000e+02
5.354621e-03   3.199531e-35   1.000000e+02
5.404216e-03   3.878391e-35   1.000000e+02
5.454271e-03   4.733450e-35   1.000000e+02
5.504790e-03   5.813391e-35   1.000000e+02
5.555776e-03   7.180773e-35   1.000000e+02
5.607235e-03   8.915943e-35   1.000000e+02
5.659170e-03   1.112198e-34   1.000000e+02
5.711586e-03   1.393094e-34   1.000000e+02
5.764488e-03   1.751162e-34   1.000000e+02
5.817880e-03   2.207926e-34   1.000000e+02
5.871766e-03   2.790740e-34   1.000000e+02
5.926152e-03   3.534234e-34   1.000000e+02
5.981041e-03   4.482051e-34   1.000000e+02
6.036439e-03   5.689132e-34   1.000000e+02
6.092349e-03   7.227675e-34   1.000000e+02
6.148778e-03   9.193304e-34   1.000000e+02
6.205729e-03   1.171129e-33   1.000000e+02
6.263207e-03   1.494643e-33   1.000000e+02
6.321218e-03   1.911654e-33   1.000000e+02
6.379767e-03   2.451094e-33   1.000000e+02
6.438857e-03   3.151584e-33   1.000000e+02
6.498495e-03   4.064957e-33   1.000000e+02
6.558686e-03   5.261149e-33   1.000000e+02
6.619433e-03   6.835061e-33   1.000000e+02
6.680744e-03   8.916223e-33   1.000000e+02
6.742622e-03   1.168250e-32   1.000000e+02
6.805074e-03   1.537966e-32   1.000000e+02
6.868104e-03   2.034946e-32   1.000000e+02
6.931717e-03   2.707039e-32   1.000000e+02
6.995920e-03   3.621685e-32   1.000000e+02
7.060718e-03   4.874245e-32   1.000000e+02
7.126115e-03   6.598226e-32   1.000000e+02
7.192119e-03   8.981799e-32   1.000000e+02
7.258734e-03   1.229162e-31   1.000000e+02
7.325965e-03   1.690664e-31   1.000000e+02
7.393820e-03   2.336693e-31   1.000000e+02
7.462303e-03   3.244404e-31   1.000000e+02
7.531420e-03   4.524293e-31   1.000000e+02
7.601178e-03   6.334932e-31   1.000000e+02
7.671581e-03   8.904344e-31   1.000000e+02
7.742637e-03   1.256099e-30   1.000000e+02
7.814351e-03   1.777874e-30   1.000000e+02
7.886729e-03   2.524216e-30   1.000000e+02
7.959777e-03   3.594127e-30   1.000000e+02
8.033502e-03   5.131047e-30   1.000000e+02
8.107910e-03   7.348143e-30   1.000000e+02
8.183007e-03   1.056993e-29   1.000000e+02
8.258799e-03   1.529225e-29   1.000000e+02
8.335294e-03   2.228220e-29   1.000000e+02
8.412497e-03   3.274270e-29   1.000000e+02
8.490415e-03   4.858733e-29   1.000000e+02
8.569055e-03   7.290646e-29   1.000000e+02
8.648423e-03   1.107709e-28   1.000000e+02
8.728527e-03   1.706415e-28   1.000000e+02
8.809372e-03   2.668854e-28   1.000000e+02
8.890966e-03   4.243547e-28   1.000000e+02
8.973316e-03   6.868774e-28   1.000000e+02
9.056428e-03   1.132948e-27   1.000000e+02
9.140311e-03   1.898897e-27   1.000000e+02
9.224970e-03   3.217361e-27   1.000000e+02
9.310413e-03   5.481941e-27   1.000000e+02
9.396648e-03   9.344047e-27   1.000000e+02
9.483682e-03   1.585008e-26   1.000000e+02
9.571522e-03   2.661663e-26   1.000000e+02
9.660175e-03   4.401797e-26   1.000000e+02
9.749649e-03   7.131676e-26   1.000000e+02
9.839952e-03   1.126076e-25   1.000000e+02
9.931092e-03   1.723805e-25   1.000000e+02
1.002308e-02   2.545037e-25   1.000000e+02
1.011591e-02   3.617003e-25   1.000000e+02
1.020961e-02   4.970234e-25   1.000000e+02
1.030417e-02   6.637730e-25   1.000000e+02
1.039961e-02   8.660017e-25   1.000000e+02
1.049593e-02   1.109471e-24   1.000000e+02
1.059315e-02   1.402984e-24   1.000000e+02
1.069126e-02   1.760235e-24   1.000000e+02
1.079029e-02   2.202478e-24   1.000000e+02
1.089023e-02   2.762594e-24   1.000000e+02
1.099110e-02   3.491632e-24   1.000000e+02
1.109290e-02   4.465980e-24   1.000000e+02
1.119564e-02   5.779901e-24   1.000000e+02
1.129934e-02   7.557011e-24   1.000000e+02
1.140400e-02   9.965892e-24   1.000000e+02
1.150962e-02   1.323516e-23   1.000000e+02
1.161623e-02   1.767257e-23   1.000000e+02
1.172382e-02   2.368852e-23   1.000000e+02
1.183241e-02   3.182398e-23   1.000000e+02
1.194200e-02   4.278188e-23   1.000000e+02
1.205261e-02   5.746195e-23   1.000000e+02
1.216424e-02   7.706481e-23   1.000000e+02
1.227691e-02   1.032451e-22   1.000000e+02
1.239062e-02   1.382372e-22   1.000000e+02
1.250539e-02   1.850660e-22   1.000000e+02
1.262121e-02   2.478438e-22   1.000000e+02
1.273811e-02   3.321880e-22   1.000000e+02
1.285610e-02   4.458083e-22   1.000000e+02
1.297517e-02   5.993421e-22   1.000000e+02
1.309535e-02   8.075053e-22   1.000000e+02
1.321664e-02   1.090361e-21   1.000000e+02
1.333906e-02   1.475303e-21   1.000000e+02
1.346261e-02   1.999908e-21   1.000000e+02
1.358730e-02   2.715739e-21   1.000000e+02
1.371315e-02   3.693575e-21   1.000000e+02
1.384016e-02   5.030581e-21   1.000000e+02
1.396835e-02   6.860146e-21   1.000000e+02
1.409773e-02   9.365471e-21   1.000000e+02
1.422830e-02   1.279946e-20   1.000000e+02
1.436009e-02   1.751170e-20   1.000000e+02
1.449310e-02   2.398549e-20   1.000000e+02
1.462733e-02   3.288984e-20   1.000000e+02
1.476281e-02   4.515198e-20   1.000000e+02
1.489955e-02   6.205872e-20   1.000000e+02
1.503755e-02   8.539822e-20   1.000000e+02
1.517683e-02   1.176567e-19   1.000000e+02
1.531740e-02   1.622916e-19   1.000000e+02
1.545928e-02   2.241167e-19   1.000000e+02
1.560246e-02   3.098413e-19   1.000000e+02
1.574698e-02   4.288239e-19   1.000000e+02
1.589283e-02   5.941295e-19   1.000000e+02
1.604003e-02   8.240118e-19   1.000000e+02
1.618860e-02   1.143987e-18   1.000000e+02
1.633854e-02   1.589733e-18   1.000000e+02
1.648987e-02   2.211172e-18   1.000000e+02
1.664260e-02   3.078192e-18   1.000000e+02
1.679675e-02   4.288676e-18   1.000000e+02
1.695232e-02   5.979776e-18   1.000000e+02
1.710934e-02   8.343731e-18   1.000000e+02
1.726781e-02   1.165009e-17   1.000000e+02
1.742775e-02   1.627687e-17   1.000000e+02
1.758917e-02   2.275441e-17   1.000000e+02
1.775208e-02   3.182676e-17   1.000000e+02
1.791650e-02   4.453807e-17   1.000000e+02
1.808245e-02   6.235373e-17   1.000000e+02
1.824993e-02   8.733249e-17   1.000000e+02
1.841897e-02   1.223693e-16   1.000000e+02
1.858957e-02   1.715352e-16   1.000000e+02
1.876175e-02   2.405579e-16   1.000000e+02
1.893552e-02   3.374990e-16   1.000000e+02
1.911091e-02   4.737106e-16   1.000000e+02
1.928792e-02   6.651854e-16   1.000000e+02
1.946656e-02   9.344636e-16   1.000000e+02
1.964687e-02   1.313328e-15   1.000000e+02
1.982884e-02   1.846616e-15   1.000000e+02
2.001250e-02   2.597608e-15   1.000000e+02
2.019786e-02   3.655542e-15   1.000000e+02
2.038493e-02   5.145831e-15   1.000000e+02
2.057374e-02   7.244688e-15   1.000000e+02
2.076430e-02   1.019952e-14   1.000000e+02
2.095662e-02   1.435722e-14   1.000000e+02
2.115073e-02   2.020352e-14   1.000000e+02
2.134663e-02   2.841744e-14   1.000000e+02
2.154435e-02   3.994653e-14   1.000000e+02
2.174389e-02   5.611056e-14   1.000000e+02
2.194529e-02   7.874387e-14   1.000000e+02
2.214855e-02   1.103902e-13   1.000000e+02
2.235370e-02   1.545686e-13   1.000000e+02
2.256074e-02   2.161345e-13   1.000000e+02
2.276970e-02   3.017686e-13   1.000000e+02
2.298060e-02   4.206358e-13   1.000000e+02
2.319345e-02   5.852695e-13   1.000000e+02
2.340827e-02   8.127522e-13   1.000000e+02
2.362508e-02   1.126285e-12   1.000000e+02
2.384390e-02   1.557260e-12   1.000000e+02
2.406475e-02   2.147989e-12   1.000000e+02
2.428764e-02   2.955263e-12   1.000000e+02
2.451260e-02   4.054979e-12   1.000000e+02
2.473964e-02   5.548104e-12   1.000000e+02
2.496878e-02   7.568314e-12   1.000000e+02
2.520005e-02   1.029206e-11   1.000000e+02
2.543346e-02   1.395382e-11   1.000000e+02
2.566903e-02   1.886447e-11   1.000000e+02
2.590678e-02   2.543483e-11   1.000000e+02
2.614673e-02   3.420728e-11   1.000000e+02
2.638891e-02   4.589723e-11   1.000000e+02
2.663333e-02   6.144763e-11   1.000000e+02
2.688001e-02   8.210075e-11   1.000000e+02
2.712898e-02   1.094927e-10   1.000000e+02
2.738025e-02   1.457779e-10   1.000000e+02
2.763385e-02   1.937935e-10   1.000000e+02
2.788980e-02   2.572767e-10   1.000000e+02
2.814812e-02   3.411522e-10   1.000000e+02
2.840884e-02   4.519130e-10   1.000000e+02
2.867196e-02   5.981265e-10   1.000000e+02
2.893753e-02   7.911072e-10   1.000000e+02
2.920556e-02   1.045814e-09   1.000000e+02
2.947606e-02   1.382047e-09   1.000000e+02
2.974908e-02   1.826052e-09   1.000000e+02
3.002462e-02   2.412670e-09   1.000000e+02
3.030271e-02   3.187521e-09   1.000000e+02
3.058338e-02   4.207830e-09   1.000000e+02
3.086665e-02   5.545437e-09   1.000000e+02
3.115254e-02   7.289685e-09   1.000000e+02
3.144108e-02   9.549923e-09   1.000000e+02
3.173230e-02   1.245752e-08   1.000000e+02
3.202621e-02   1.616692e-08   1.000000e+02
3.232284e-02   2.085494e-08   1.000000e+02
3.262222e-02   2.671774e-08   1.000000e+02
3.292437e-02   3.396427e-08   1.000000e+02
3.322933e-02   4.280547e-08   1.000000e+02
3.353710e-02   5.343842e-08   1.000000e+02
3.384773e-02   6.602494e-08   1.000000e+02
3.416123e-02   8.066499e-08   1.000000e+02
3.447764e-02   9.736607e-08   1.000000e+02
3.479698e-02   1.160108e-07   1.000000e+02
3.511928e-02   1.363265e-07   1.000000e+02
3.544456e-02   1.578613e-07   1.000000e+02
3.577285e-02   1.799731e-07   1.000000e+02
3.610419e-02   2.018360e-07   1.000000e+02
3.643859e-02   2.224702e-07   1.000000e+02
3.677609e-02   2.407961e-07   1.000000e+02
3.711672e-02   2.557141e-07   1.000000e+02
3.746050e-02   2.662011e-07   1.000000e+02
3.780747e-02   2.714176e-07   1.000000e+02
3.815765e-02   2.708083e-07   1.000000e+02
3.851107e-02   2.641825e-07   1.000000e+02
3.886777e-02   2.517604e-07   1.000000e+02
3.922777e-02   2.341718e-07   1.000000e+02
3.959110e-02   2.124068e-07   1.000000e+02
3.995780e-02   1.877204e-07   1.000000e+02
4.032790e-02   1.615711e-07   1.000000e+02
4.070142e-02   1.356831e-07   1.000000e+02
4.107841e-02   1.114679e-07   1.000000e+02
4.145888e-02   8.982323e-08   1.000000e+02
4.184289e-02   7.118597e-08   1.000000e+02
4.223044e-02   5.563137e-08   1.000000e+02
4.262159e-02   4.298503e-08   1.000000e+02
4.301636e-02   3.292604e-08   1.000000e+02
4.341478e-02   2.506911e-08   1.000000e+02
4.381690e-02   1.902252e-08   1.000000e+02
4.422274e-02   1.442379e-08   1.000000e+02
4.463234e-02   1.095786e-08   1.000000e+02
4.504573e-02   8.362947e-09   1.000000e+02
4.546295e-02   6.428843e-09   1.000000e+02
4.588404e-02   4.991128e-09   1.000000e+02
4.630903e-02   3.923824e-09   1.000000e+02
4.673795e-02   3.131972e-09   1.000000e+02
4.717085e-02   2.544932e-09   1.000000e+02
4.760775e-02   2.110751e-09   1.000000e+02
4.804870e-02   1.791649e-09   1.000000e+02
4.849374e-02   1.560546e-09   1.000000e+02
4.894290e-02   1.398493e-09   1.000000e+02
4.939622e-02   1.292875e-09   1.000000e+02
4.985373e-02   1.236284e-09   1.000000e+02
5.031549e-02   1.225687e-09   1.000000e+02
5.078152e-02   1.259157e-09   1.000000e+02
5.125187e-02   1.337073e-09   1.000000e+02
5.172657e-02   1.463966e-09   1.000000e+02
5.220568e-02   1.648664e-09   1.000000e+02
5.268921e-02   1.904949e-09   1.000000e+02
5.317723e-02   2.252733e-09   1.000000e+02
5.366977e-02   2.719795e-09   1.000000e+02
5.416687e-02   3.344163e-09   1.000000e+02
5.466857e-02   4.177232e-09   1.000000e+02
5.517492e-02   5.287671e-09   1.000000e+02
5.568596e-02   6.766126e-09   1.000000e+02
5.620174e-02   8.730523e-09   1.000000e+02
5.672229e-02   1.133157e-08   1.000000e+02
5.724766e-02   1.475755e-08   1.000000e+02
5.777790e-02   1.923701e-08   1.000000e+02
5.831305e-02   2.503718e-08   1.000000e+02
5.885316e-02   3.245506e-08   1.000000e+02
5.939827e-02   4.179781e-08   1.000000e+02
5.994843e-02   5.334868e-08   1.000000e+02
6.050368e-02   6.734273e-08   1.000000e+02
6.106408e-02   8.407542e-08   1.000000e+02
6.162966e-02   1.038904e-07   1.000000e+02
6.220049e-02   1.271532e-07   1.000000e+02
6.277660e-02   1.542556e-07   1.000000e+02
6.335805e-02   1.856239e-07   1.000000e+02
6.394488e-02   2.217293e-07   1.000000e+02
6.453715e-02   2.631028e-07   1.000000e+02
6.513491e-02   3.103545e-07   1.000000e+02
6.573820e-02   3.641983e-07   1.000000e+02
6.634708e-02   4.254828e-07   1.000000e+02
6.696160e-02   4.952305e-07   1.000000e+02
6.758181e-02   5.746866e-07   1.000000e+02
6.820777e-02   6.653805e-07   1.000000e+02
6.883952e-02   7.692038e-07   1.000000e+02
6.947713e-02   8.885095e-07   1.000000e+02
7.012064e-02   1.026239e-06   1.000000e+02
7.077011e-02   1.185775e-06   1.000000e+02
7.142559e-02   1.370430e-06   1.000000e+02
7.208715e-02   1.583829e-06   1.000000e+02
7.275484e-02   1.830006e-06   1.000000e+02
7.342870e-02   2.113422e-06   1.000000e+02
7.410882e-02   2.438961e-06   1.000000e+02
7.479523e-02   2.811932e-06   1.000000e+02
7.548799e-02   3.238041e-06   1.000000e+02
7.618718e-02   3.723344e-06   1.000000e+02
7.689284e-02   4.274187e-06   1.000000e+02
7.760503e-02   4.897107e-06   1.000000e+02
7.832383e-02   5.598702e-06   1.000000e+02
7.904928e-02   6.385470e-06   1.000000e+02
7.978145e-02   7.263607e-06   1.000000e+02
8.052040e-02   8.238542e-06   1.000000e+02
8.126619e-02   9.312255e-06   1.000000e+02
8.201889e-02   1.048252e-05   1.000000e+02
8.277857e-02   1.174307e-05   1.000000e+02
8.354528e-02   1.308283e-05   1.000000e+02
8.431909e-02   1.448520e-05   1.000000e+02
8.510007e-02   1.592756e-05   1.000000e+02
8.588829e-02   1.738099e-05   1.000000e+02
8.668380e-02   1.881047e-05   1.000000e+02
8.748668e-02   2.017544e-05   1.000000e+02
8.829700e-02   2.143107e-05   1.000000e+02
8.911482e-02   2.252998e-05   1.000000e+02
8.994022e-02   2.342464e-05   1.000000e+02
9.077327e-02   2.408078e-05   1.000000e+02
9.161402e-02   2.452423e-05   1.000000e+02
9.246257e-02   2.480755e-05   1.000000e+02
9.331898e-02   2.499039e-05   1.000000e+02
9.418332e-02   2.513619e-05   1.000000e+02
9.505566e-02   2.531045e-05   1.000000e+02
9.593608e-02   2.558061e-05   1.000000e+02
9.682466e-02   2.601773e-05   1.000000e+02
9.772147e-02   2.670004e-05   1.000000e+02
9.862658e-02   2.771886e-05   1.000000e+02
9.954008e-02   2.918747e-05   1.000000e+02
1.004620e-01   3.125125e-05   1.000000e+02
1.013925e-01   3.403007e-05   1.000000e+02
1.023317e-01   3.760446e-05   1.000000e+02
1.032795e-01   4.207354e-05   1.000000e+02
1.042361e-01   4.755370e-05   1.000000e+02
1.052015e-01   5.417229e-05   1.000000e+02
1.061759e-01   6.205833e-05   1.000000e+02
1.071593e-01   7.132884e-05   1.000000e+02
1.081519e-01   8.207005e-05   1.000000e+02
1.091536e-01   9.431285e-05   1.000000e+02
1.101646e-01   1.080033e-04   1.000000e+02
1.111850e-01   1.230620e-04   1.000000e+02
1.122148e-01   1.395686e-04   1.000000e+02
1.132541e-01   1.576553e-04   1.000000e+02
1.143031e-01   1.774868e-04   1.000000e+02
1.153618e-01   1.992694e-04   1.000000e+02
1.164303e-01   2.232606e-04   1.000000e+02
1.175087e-01   2.497816e-04   1.000000e+02
1.185971e-01   2.792324e-04   1.000000e+02
1.196956e-01   3.121103e-04   1.000000e+02
1.208042e-01   3.490151e-04   1.000000e+02
1.219231e-01   3.904893e-04   1.000000e+02
1.230524e-01   4.370342e-04   1.000000e+02
1.241921e-01   4.891866e-04   1.000000e+02
1.253424e-01   5.475175e-04   1.000000e+02
1.265034e-01   6.126285e-04   1.000000e+02
1.276751e-01   6.851465e-04   1.000000e+02
1.288576e-01   7.657170e-04   1.000000e+02
1.300511e-01   8.549939e-04   1.000000e+02
1.312557e-01   9.536312e-04   1.000000e+02
1.324714e-01   1.062277e-03   1.000000e+02
1.336984e-01   1.181553e-03   1.000000e+02
1.349367e-01   1.312035e-03   1.000000e+02
1.361865e-01   1.454227e-03   1.000000e+02
1.374479e-01   1.608541e-03   1.000000e+02
1.387210e-01   1.775266e-03   1.000000e+02
1.400058e-01   1.954539e-03   1.000000e+02
1.413026e-01   2.146653e-03   1.000000e+02
1.426114e-01   2.353280e-03   1.000000e+02
1.439323e-01   2.576941e-03   1.000000e+02
1.452654e-01   2.820843e-03   1.000000e+02
1.466109e-01   3.089026e-03   1.000000e+02
1.479688e-01   3.386548e-03   1.000000e+02
1.493393e-01   3.719721e-03   1.000000e+02
1.507225e-01   4.096308e-03   1.000000e+02
1.521186e-01   4.523156e-03   1.000000e+02
1.535275e-01   5.005362e-03   1.000000e+02
1.549495e-01   5.548080e-03   1.000000e+02
1.563847e-01   6.156467e-03   1.000000e+02
1.578331e-01   6.835498e-03   1.000000e+02
1.592950e-01   7.589739e-03   1.000000e+02
1.607704e-01   8.423165e-03   1.000000e+02
1.622595e-01   9.341238e-03   1.000000e+02
1.637624e-01   1.035171e-02   1.000000e+02
1.652792e-01   1.146305e-02   1.000000e+02
1.668101e-01   1.268443e-02   1.000000e+02
1.683551e-01   1.402576e-02   1.000000e+02
1.699144e-01   1.549776e-02   1.000000e+02
1.714882e-01   1.711198e-02   1.000000e+02
1.730766e-01   1.888090e-02   1.000000e+02
1.746796e-01   2.081796e-02   1.000000e+02
1.762975e-01   2.293765e-02   1.000000e+02
1.779304e-01   2.525555e-02   1.000000e+02
1.795785e-01   2.778844e-02   1.000000e+02
1.812418e-01   3.055446e-02   1.000000e+02
1.829205e-01   3.357415e-02   1.000000e+02
1.846147e-01   3.687054e-02   1.000000e+02
1.863246e-01   4.046895e-02   1.000000e+02
1.880504e-01   4.439729e-02   1.000000e+02
1.897922e-01   4.868634e-02   1.000000e+02
1.915501e-01   5.337010e-02   1.000000e+02
1.933242e-01   5.848616e-02   1.000000e+02
1.951148e-01   6.407616e-02   1.000000e+02
1.969220e-01   7.018626e-02   1.000000e+02
1.987460e-01   7.686774e-02   1.000000e+02
2.005868e-01   8.417757e-02   1.000000e+02
2.024447e-01   9.217689e-02   1.000000e+02
2.043197e-01   1.009292e-01   1.000000e+02
2.062122e-01   1.105033e-01   1.000000e+02
2.081222e-01   1.209739e-01   1.000000e+02
2.100498e-01   1.324219e-01   1.000000e+02
2.119953e-01   1.449353e-01   1.000000e+02
2.139589e-01   1.586095e-01   1.000000e+02
2.159406e-01   1.735477e-01   1.000000e+02
2.179407e-01   1.898618e-01   1.000000e+02
2.199593e-01   2.076729e-01   1.000000e+02
2.219966e-01   2.271116e-01   1.000000e+02
2.240528e-01   2.483195e-01   1.000000e+02
2.261280e-01   2.714491e-01   1.000000e+02
2.282224e-01   2.966650e-01   1.000000e+02
2.303363e-01   3.241446e-01   1.000000e+02
2.324697e-01   3.540789e-01   1.000000e+02
2.346229e-01   3.866735e-01   1.000000e+02
2.367960e-01   4.221494e-01   1.000000e+02
2.389893e-01   4.607439e-01   1.000000e+02
2.412028e-01   5.027116e-01   1.000000e+02
2.434369e-01   5.483253e-01   1.000000e+02
2.456916e-01   5.978773e-01   1.000000e+02
2.479673e-01   6.516802e-01   1.000000e+02
2.502640e-01   7.100679e-01   1.000000e+02
2.525820e-01   7.734006e-01   1.000000e+02
2.549215e-01   8.420747e-01   1.000000e+02
2.572826e-01   9.165191e-01   1.000000e+02
2.596656e-01   9.971960e-01   1.000000e+02
2.620707e-01   1.084603e+00   1.000000e+02
2.644980e-01   1.179277e+00   1.000000e+02
2.669478e-01   1.281796e+00   1.000000e+02
2.694204e-01   1.392783e+00   1.000000e+02
2.719158e-01   1.512907e+00   1.000000e+02
2.744343e-01   1.642893e+00   1.000000e+02
2.769762e-01   1.783517e+00   1.000000e+02
2.795416e-01   1.935618e+00   1.000000e+02
2.821308e-01   2.100100e+00   1.000000e+02
2.847439e-01   2.277935e+00   1.000000e+02
2.873813e-01   2.470171e+00   1.000000e+02
2.900430e-01   2.677938e+00   1.000000e+02
2.927295e-01   2.902450e+00   1.000000e+02
2.954408e-01   3.145020e+00   1.000000e+02
2.981772e-01   3.407059e+00   1.000000e+02
3.009390e-01   3.690088e+00   1.000000e+02
3.037264e-01   3.995723e+00   1.000000e+02
3.065395e-01   4.325666e+00   1.000000e+02
3.093788e-01   4.681731e+00   1.000000e+02
3.122443e-01   5.065852e+00   1.000000e+02
3.151363e-01   5.480095e+00   1.000000e+02
3.180552e-01   5.926663e+00   1.000000e+02
3.210011e-01   6.407899e+00   1.000000e+02
3.239743e-01   6.926301e+00   1.000000e+02
3.269750e-01   7.484525e+00   1.000000e+02
3.300035e-01   8.085393e+00   1.000000e+02
3.330600e-01   8.731904e+00   1.000000e+02
3.361449e-01   9.427241e+00   1.000000e+02
3.392583e-01   1.017478e+01   1.000000e+02
3.424006e-01   1.097809e+01   1.000000e+02
3.455720e-01   1.184098e+01   1.000000e+02
3.487727e-01   1.276743e+01   1.000000e+02
3.520031e-01   1.376170e+01   1.000000e+02
3.552635e-01   1.482844e+01   1.000000e+02
3.585540e-01   1.597277e+01   1.000000e+02
3.618750e-01   1.720015e+01   1.000000e+02
3.652267e-01   1.851646e+01   1.000000e+02
3.686095e-01   1.992798e+01   1.000000e+02
3.720237e-01   2.144146e+01   1.000000e+02
3.754694e-01   2.306417e+01   1.000000e+02
3.789471e-01   2.480386e+01   1.000000e+02
3.824570e-01   2.666892e+01   1.000000e+02
3.859994e-01   2.866831e+01   1.000000e+02
3.895746e-01   3.081171e+01   1.000000e+02
3.931829e-01   3.310949e+01   1.000000e+02
3.968246e-01   3.557283e+01   1.000000e+02
4.005001e-01   3.821375e+01   1.000000e+02
4.042096e-01   4.104488e+01   1.000000e+02
4.079535e-01   4.407868e+01   1.000000e+02
4.117320e-01   4.732813e+01   1.000000e+02
4.155455e-01   5.080682e+01   1.000000e+02
4.193944e-01   5.452900e+01   1.000000e+02
4.232789e-01   5.850953e+01   1.000000e+02
4.271994e-01   6.276392e+01   1.000000e+02
4.311562e-01   6.730831e+01   1.000000e+02
4.351497e-01   7.215947e+01   1.000000e+02
4.391801e-01   7.733476e+01   1.000000e+02
4.432479e-01   8.285215e+01   1.000000e+02
4.473533e-01   8.873015e+01   1.000000e+02
4.514968e-01   9.498785e+01   1.000000e+02
4.556786e-01   1.016465e+02   1.000000e+02
4.598992e-01   1.087307e+02   1.000000e+02
4.641589e-01   1.162672e+02   1.000000e+02
4.684580e-01   1.242843e+02   1.000000e+02
4.727970e-01   1.328124e+02   1.000000e+02
4.771761e-01   1.418840e+02   1.000000e+02
4.815958e-01   1.515339e+02   1.000000e+02
4.860564e-01   1.617993e+02   1.000000e+02
4.905584e-01   1.727203e+02   1.000000e+02
4.951020e-01   1.843399e+02   1.000000e+02
4.996877e-01   1.967041e+02   1.000000e+02
5.043159e-01   2.098617e+02   1.000000e+02
5.089870e-01   2.238613e+02   1.000000e+02
5.137014e-01   2.387531e+02   1.000000e+02
5.184594e-01   2.545899e+02   1.000000e+02
5.232614e-01   2.714272e+02   1.000000e+02
5.281080e-01   2.893234e+02   1.000000e+02
5.329994e-01   3.083401e+02   1.000000e+02
5.379362e-01   3.285417e+02   1.000000e+02
5.429186e-01   3.499961e+02   1.000000e+02
5.479472e-01   3.727743e+02   1.000000e+02
5.530224e-01   3.969510e+02   1.000000e+02
5.581446e-01   4.226044e+02   1.000000e+02
5.633143e-01   4.498164e+02   1.000000e+02
5.685318e-01   4.786727e+02   1.000000e+02
5.737976e-01   5.092631e+02   1.000000e+02
5.791123e-01   5.416815e+02   1.000000e+02
5.844761e-01   5.760257e+02   1.000000e+02
5.898896e-01   6.123984e+02   1.000000e+02
5.953533e-01   6.509061e+02   1.000000e+02
6.008676e-01   6.916603e+02   1.000000e+02
6.064329e-01   7.347784e+02   1.000000e+02
6.120498e-01   7.803861e+02   1.000000e+02
6.177188e-01   8.286159e+02   1.000000e+02
6.234402e-01   8.796069e+02   1.000000e+02
6.292146e-01   9.335048e+02   1.000000e+02
6.350425e-01   9.904625e+02   1.000000e+02
6.409244e-01   1.050640e+03   1.000000e+02
6.468608e-01   1.114206e+03   1.000000e+02
6.528521e-01   1.181336e+03   1.000000e+02
6.588990e-01   1.252214e+03   1.000000e+02
6.650018e-01   1.327035e+03   1.000000e+02
6.711612e-01   1.406001e+03   1.000000e+02
6.773776e-01   1.489323e+03   1.000000e+02
6.836516e-01   1.577225e+03   1.000000e+02
6.899837e-01   1.669940e+03   1.000000e+02
6.963745e-01   1.767711e+03   1.000000e+02
7.028244e-01   1.870793e+03   1.000000e+02
7.093341e-01   1.979452e+03   1.000000e+02
7.159041e-01   2.093962e+03   1.000000e+02
7.225349e-01   2.214609e+03   1.000000e+02
7.292272e-01   2.341691e+03   1.000000e+02
7.359814e-01   2.475520e+03   1.000000e+02
7.427982e-01   2.616418e+03   1.000000e+02
7.496782e-01   2.764725e+03   1.000000e+02
7.566219e-01   2.920791e+03   1.000000e+02
7.636298e-01   3.084981e+03   1.000000e+02
7.707027e-01   3.257678e+03   1.000000e+02
7.778411e-01   3.439278e+03   1.000000e+02
7.850456e-01   3.630191e+03   1.000000e+02
7.923169e-01   3.830847e+03   1.000000e+02
7.996555e-01   4.041692e+03   1.000000e+02
8.070620e-01   4.263187e+03   1.000000e+02
8.145372e-01   4.495819e+03   1.000000e+02
8.220816e-01   4.740091e+03   1.000000e+02
8.296959e-01   4.996529e+03   1.000000e+02
8.373807e-01   5.265679e+03   1.000000e+02
8.451366e-01   5.548107e+03   1.000000e+02
8.529644e-01   5.844404e+03   1.000000e+02
8.608648e-01   6.155182e+03   1.000000e+02
8.688383e-01   6.481076e+03   1.000000e+02
8.768856e-01   6.822747e+03   1.000000e+02
8.850075e-01   7.180881e+03   1.000000e+02
8.932046e-01   7.556190e+03   1.000000e+02
9.014776e-01   7.949411e+03   1.000000e+02
9.098273e-01   8.361308e+03   1.000000e+02
9.182543e-01   8.792666e+03   1.000000e+02
9.267593e-01   9.244296e+03   1.000000e+02
9.353432e-01   9.717037e+03   1.000000e+02
9.440065e-01   1.021175e+04   1.000000e+02
9.527500e-01   1.072935e+04   1.000000e+02
9.615746e-01   1.127074e+04   1.000000e+02
9.704809e-01   1.183689e+04   1.000000e+02
9.794697e-01   1.242878e+04   1.000000e+02
9.885417e-01   1.304744e+04   1.000000e+02
9.976978e-01   1.369391e+04   1.000000e+02
1.006939e+00   1.436928e+04   1.000000e+02
1.016265e+00   1.507468e+04   1.000000e+02
1.025678e+00   1.581128e+04   1.000000e+02
1.035178e+00   1.658028e+04   1.000000e+02
1.044766e+00   1.738293e+04   1.000000e+02
1.054443e+00   1.822052e+04   1.000000e+02
1.064209e+00   1.909436e+04   1.000000e+02
1.074066e+00   2.000584e+04   1.000000e+02
1.084014e+00   2.095636e+04   1.000000e+02
1.094055e+00   2.194737e+04   1.000000e+02
1.104188e+00   2.298037e+04   1.000000e+02
1.114415e+00   2.405690e+04   1.000000e+02
1.124737e+00   2.517856e+04   1.000000e+02
1.135155e+00   2.634697e+04   1.000000e+02
1.145669e+00   2.756383e+04   1.000000e+02
1.156280e+00   2.883086e+04   1.000000e+02
1.166990e+00   3.014984e+04   1.000000e+02
1.177799e+00   3.152262e+04   1.000000e+02
1.188708e+00   3.295108e+04   1.000000e+02
1.199718e+00   3.443716e+04   1.000000e+02
1.210830e+00   3.598285e+04   1.000000e+02
1.222045e+00   3.759020e+04   1.000000e+02
1.233363e+00   3.926130e+04   1.000000e+02
1.244787e+00   4.099834e+04   1.000000e+02
1.256317e+00   4.280352e+04   1.000000e+02
1.267953e+00   4.467921e+04   1.000000e+02
1.279697e+00   4.662797e+04   1.000000e+02
1.291550e+00   4.865241e+04   1.000000e+02
1.303512e+00   5.075527e+04   1.000000e+02
1.315586e+00   5.293938e+04   1.000000e+02
1.327771e+00   5.520768e+04   1.000000e+02
1.340069e+00   5.756322e+04   1.000000e+02
1.352481e+00   6.000918e+04   1.000000e+02
1.365008e+00   6.254885e+04   1.000000e+02
1.377651e+00   6.518564e+04   1.000000e+02
1.390411e+00   6.792311e+04   1.000000e+02
1.403289e+00   7.076496e+04   1.000000e+02
1.416287e+00   7.371503e+04   1.000000e+02
1.429405e+00   7.677732e+04   1.000000e+02
1.442644e+00   7.995597e+04   1.000000e+02
1.456006e+00   8.325532e+04   1.000000e+02
1.469492e+00   8.667986e+04   1.000000e+02
1.483103e+00   9.023429e+04   1.000000e+02
1.496839e+00   9.392347e+04   1.000000e+02
1.510703e+00   9.775237e+04   1.000000e+02
1.524696e+00   1.017250e+05   1.000000e+02
1.538818e+00   1.058447e+05   1.000000e+02
1.553071e+00   1.101149e+05   1.000000e+02
1.567455e+00   1.145388e+05   1.000000e+02
1.581973e+00   1.191195e+05   1.000000e+02
1.596626e+00   1.238600e+05   1.000000e+02
1.611414e+00   1.287631e+05   1.000000e+02
1.626340e+00   1.338313e+05   1.000000e+02
1.641403e+00   1.390672e+05   1.000000e+02
1.656606e+00   1.444727e+05   1.000000e+02
1.671950e+00   1.500499e+05   1.000000e+02
1.687436e+00   1.558003e+05   1.000000e+02
1.703065e+00   1.617252e+05   1.000000e+02
1.718839e+00   1.678257e+05   1.000000e+02
1.734759e+00   1.741022e+05   1.000000e+02
1.750827e+00   1.805550e+05   1.000000e+02
1.767044e+00   1.871849e+05   1.000000e+02
1.783410e+00   1.939966e+05   1.000000e+02
1.799929e+00   2.009958e+05   1.000000e+02
1.816600e+00   2.081888e+05   1.000000e+02
1.833425e+00   2.155822e+05   1.000000e+02
1.850407e+00   2.231831e+05   1.000000e+02
1.867546e+00   2.309991e+05   1.000000e+02
1.884843e+00   2.390384e+05   1.000000e+02
1.902301e+00   2.473096e+05   1.000000e+02
1.919921e+00   2.558221e+05   1.000000e+02
1.937703e+00   2.645859e+05   1.000000e+02
1.955651e+00   2.736117e+05   1.000000e+02
1.973764e+00   2.829108e+05   1.000000e+02
1.992046e+00   2.924955e+05   1.000000e+02
2.010496e+00   3.023785e+05   1.000000e+02
2.029118e+00   3.125700e+05   1.000000e+02
2.047912e+00   3.230774e+05   1.000000e+02
2.066880e+00   3.339082e+05   1.000000e+02
2.086024e+00   3.450698e+05   1.000000e+02
2.105345e+00   3.565696e+05   1.000000e+02
2.124845e+00   3.684151e+05   1.000000e+02
2.144526e+00   3.806137e+05   1.000000e+02
2.164389e+00   3.931730e+05   1.000000e+02
2.184436e+00   4.061001e+05   1.000000e+02
2.204669e+00   4.194026e+05   1.000000e+02
2.225089e+00   4.330878e+05   1.000000e+02
2.245698e+00   4.471627e+05   1.000000e+02
2.266498e+00   4.616346e+05   1.000000e+02
2.287491e+00   4.765104e+05   1.000000e+02
2.308678e+00   4.917971e+05   1.000000e+02
2.330061e+00   5.075014e+05   1.000000e+02
2.351643e+00   5.236299e+05   1.000000e+02
2.373424e+00   5.401889e+05   1.000000e+02
2.395407e+00   5.571847e+05   1.000000e+02
2.417594e+00   5.746233e+05   1.000000e+02
2.439986e+00   5.925103e+05   1.000000e+02
2.462586e+00   6.108513e+05   1.000000e+02
2.485395e+00   6.296514e+05   1.000000e+02
2.508415e+00   6.489155e+05   1.000000e+02
2.531648e+00   6.686497e+05   1.000000e+02
2.555097e+00   6.888627e+05   1.000000e+02
2.578763e+00   7.095633e+05   1.000000e+02
2.602648e+00   7.307604e+05   1.000000e+02
2.626754e+00   7.524632e+05   1.000000e+02
2.651084e+00   7.746811e+05   1.000000e+02
2.675638e+00   7.974234e+05   1.000000e+02
2.700421e+00   8.206999e+05   1.000000e+02
2.725433e+00   8.445203e+05   1.000000e+02
2.750676e+00   8.688947e+05   1.000000e+02
2.776153e+00   8.938332e+05   1.000000e+02
2.801867e+00   9.193463e+05   1.000000e+02
2.827818e+00   9.454445e+05   1.000000e+02
2.854010e+00   9.721385e+05   1.000000e+02
2.880444e+00   9.994395e+05   1.000000e+02
2.907123e+00   1.027359e+06   1.000000e+02
2.934050e+00   1.055907e+06   1.000000e+02
2.961225e+00   1.085098e+06   1.000000e+02
2.988653e+00   1.114941e+06   1.000000e+02
3.016334e+00   1.145450e+06   1.000000e+02
3.044272e+00   1.176635e+06   1.000000e+02
3.072469e+00   1.208507e+06   1.000000e+02
3.100927e+00   1.241075e+06   1.000000e+02
3.129648e+00   1.274349e+06   1.000000e+02
3.158635e+00   1.308339e+06   1.000000e+02
3.187891e+00   1.343055e+06   1.000000e+02
3.217418e+00   1.378507e+06   1.000000e+02
3.247218e+00   1.414704e+06   1.000000e+02
3.277295e+00   1.451656e+06   1.000000e+02
3.307650e+00   1.489373e+06   1.000000e+02
3.338286e+00   1.527865e+06   1.000000e+02
3.369206e+00   1.567140e+06   1.000000e+02
3.400412e+00   1.607210e+06   1.000000e+02
3.431907e+00   1.648081e+06   1.000000e+02
3.463694e+00   1.689765e+06   1.000000e+02
3.495776e+00   1.732271e+06   1.000000e+02
3.528154e+00   1.775607e+06   1.000000e+02
3.560833e+00   1.819783e+06   1.000000e+02
3.593814e+00   1.864811e+06   1.000000e+02
3.627100e+00   1.910700e+06   1.000000e+02
3.660695e+00   1.957461e+06   1.000000e+02
3.694601e+00   2.005104e+06   1.000000e+02
3.728821e+00   2.053640e+06   1.000000e+02
3.763358e+00   2.103080e+06   1.000000e+02
3.798215e+00   2.153433e+06   1.000000e+02
3.833395e+00   2.204710e+06   1.000000e+02
3.868901e+00   2.256922e+06   1.000000e+02
3.904735e+00   2.310079e+06   1.000000e+02
3.940902e+00   2.364192e+06   1.000000e+02
3.977403e+00   2.419271e+06   1.000000e+02
4.014242e+00   2.475327e+06   1.000000e+02
4.051423e+00   2.532370e+06   1.000000e+02
4.088948e+00   2.590411e+06   1.000000e+02
4.126821e+00   2.649460e+06   1.000000e+02
4.165044e+00   2.709527e+06   1.000000e+02
4.203622e+00   2.770622e+06   1.000000e+02
4.242556e+00   2.832756e+06   1.000000e+02
4.281852e+00   2.895938e+06   1.000000e+02
4.321511e+00   2.960180e+06   1.000000e+02
4.361538e+00   3.025490e+06   1.000000e+02
4.401935e+00   3.091880e+06   1.000000e+02
4.442707e+00   3.159358e+06   1.000000e+02
4.483856e+00   3.227936e+06   1.000000e+02
4.525386e+00   3.297624e+06   1.000000e+02
4.567301e+00   3.368430e+06   1.000000e+02
4.609604e+00   3.440366e+06   1.000000e+02
4.652300e+00   3.513441e+06   1.000000e+02
4.695390e+00   3.587665e+06   1.000000e+02
4.738880e+00   3.663048e+06   1.000000e+02
4.782772e+00   3.739600e+06   1.000000e+02
4.827071e+00   3.817331e+06   1.000000e+02
4.871780e+00   3.896250e+06   1.000000e+02
4.916904e+00   3.976367e+06   1.000000e+02
4.962445e+00   4.057691e+06   1.000000e+02
5.008408e+00   4.140234e+06   1.000000e+02
5.054797e+00   4.224003e+06   1.000000e+02
5.101615e+00   4.309010e+06   1.000000e+02
5.148867e+00   4.395265e+06   1.000000e+02
5.196557e+00   4.482778e+06   1.000000e+02
5.244689e+00   4.571560e+06   1.000000e+02
5.293266e+00   4.661620e+06   1.000000e+02
5.342293e+00   4.752970e+06   1.000000e+02
5.391775e+00   4.845619e+06   1.000000e+02
5.441714e+00   4.939578e+06   1.000000e+02
5.492116e+00   5.034858e+06   1.000000e+02
5.542986e+00   5.131469e+06   1.000000e+02
5.594326e+00   5.229422e+06   1.000000e+02
5.646141e+00   5.328728e+06   1.000000e+02
5.698437e+00   5.429396e+06   1.000000e+02
5.751217e+00   5.531438e+06   1.000000e+02
5.804486e+00   5.634865e+06   1.000000e+02
5.858248e+00   5.739687e+06   1.000000e+02
5.912508e+00   5.845916e+06   1.000000e+02
5.967271e+00   5.953562e+06   1.000000e+02
6.022541e+00   6.062636e+06   1.000000e+02
6.078323e+00   6.173150e+06   1.000000e+02
6.134622e+00   6.285115e+06   1.000000e+02
6.191442e+00   6.398542e+06   1.000000e+02
6.248788e+00   6.513441e+06   1.000000e+02
6.306666e+00   6.629825e+06   1.000000e+02
6.365079e+00   6.747704e+06   1.000000e+02
6.424034e+00   6.867091e+06   1.000000e+02
6.483534e+00   6.987997e+06   1.000000e+02
6.543586e+00   7.110433e+06   1.000000e+02
6.604194e+00   7.234412e+06   1.000000e+02
6.665363e+00   7.359945e+06   1.000000e+02
6.727099e+00   7.487045e+06   1.000000e+02
6.789407e+00   7.615723e+06   1.000000e+02
6.852292e+00   7.745992e+06   1.000000e+02
6.915759e+00   7.877864e+06   1.000000e+02
6.979814e+00   8.011352e+06   1.000000e+02
7.044462e+00   8.146469e+06   1.000000e+02
7.109709e+00   8.283228e+06   1.000000e+02
7.175561e+00   8.421641e+06   1.000000e+02
7.242022e+00   8.561721e+06   1.000000e+02
7.309099e+00   8.703482e+06   1.000000e+02
7.376798e+00   8.846936e+06   1.000000e+02
7.445123e+00   8.992098e+06   1.000000e+02
7.514081e+00   9.138981e+06   1.000000e+02
7.583678e+00   9.287598e+06   1.000000e+02
7.653919e+00   9.437965e+06   1.000000e+02
7.724811e+00   9.590094e+06   1.000000e+02
7.796360e+00   9.744001e+06   1.000000e+02
7.868572e+00   9.899701e+06   1.000000e+02
7.941452e+00   1.005721e+07   1.000000e+02
8.015007e+00   1.021654e+07   1.000000e+02
8.089243e+00   1.037770e+07   1.000000e+02
8.164168e+00   1.054071e+07   1.000000e+02
8.239786e+00   1.070557e+07   1.000000e+02
8.316104e+00   1.087230e+07   1.000000e+02
8.393129e+00   1.104089e+07   1.000000e+02
8.470868e+00   1.121137e+07   1.000000e+02
8.549327e+00   1.138373e+07   1.000000e+02
8.628513e+00   1.155798e+07   1.000000e+02
8.708431e+00   1.173413e+07   1.000000e+02
8.789091e+00   1.191220e+07   1.000000e+02
8.870497e+00   1.209217e+07   1.000000e+02
8.952657e+00   1.227407e+07   1.000000e+02
9.035578e+00   1.245790e+07   1.000000e+02
9.119268e+00   1.264367e+07   1.000000e+02
9.203732e+00   1.283137e+07   1.000000e+02
9.288979e+00   1.302103e+07   1.000000e+02
9.375015e+00   1.321263e+07   1.000000e+02
9.461848e+00   1.340620e+07   1.000000e+02
9.549486e+00   1.360173e+07   1.000000e+02
9.637935e+00   1.379922e+07   1.000000e+02
9.727203e+00   1.399870e+07   1.000000e+02
9.817298e+00   1.420015e+07   1.000000e+02
9.908228e+00   1.440358e+07   1.000000e+02
1.000000e+01   1.460900e+07   1.000000e+02
