# B12 + He3 > N15 + g   [B12_He3__N15_g]   ref=TALYS2, Koning et al. 2023
# detailed balance: alpha=1.1116e+11 beta=1.5 gamma=-327.232  Q=28.1987
# T9                 rate                error
1.000000e-03   1.000000e-35   1.000000e+02
1.009262e-03   9.997869e-36   1.000000e+02
1.018610e-03   9.995832e-36   1.000000e+02
1.028045e-03   9.993886e-36   1.000000e+02
1.037567e-03   9.992031e-36   1.000000e+02
1.047177e-03   9.990265e-36   1.000000e+02
1.056876e-03   9.988587e-36   1.000000e+02
1.066665e-03   9.986994e-36   1.000000e+02
1.076545e-03   9.985485e-36   1.000000e+02
1.086516e-03   9.984060e-36   1.000000e+02
1.096579e-03   9.982716e-36   1.000000e+02
1.106736e-03   9.981452e-36   1.000000e+02
1.116987e-03   9.980266e-36   1.000000e+02
1.127333e-03   9.979158e-36   1.000000e+02
1.137774e-03   9.978125e-36   1.000000e+02
1.148312e-03   9.977165e-36   1.000000e+02
1.158948e-03   9.976279e-36   1.000000e+02
1.169683e-03   9.975463e-36   1.000000e+02
1.180517e-03   9.974717e-36   1.000000e+02
1.191451e-03   9.974040e-36   1.000000e+02
1.202486e-03   9.973428e-36   1.000000e+02
1.213624e-03   9.972883e-36   1.000000e+02
1.224865e-03   9.972400e-36   1.000000e+02
1.236210e-03   9.971980e-36   1.000000e+02
1.247660e-03   9.971621e-36   1.000000e+02
1.259216e-03   9.971321e-36   1.000000e+02
1.270879e-03   9.971079e-36   1.000000e+02
1.282650e-03   9.970894e-36   1.000000e+02
1.294530e-03   9.970763e-36   1.000000e+02
1.306520e-03   9.970686e-36   1.000000e+02
1.318621e-03   9.970661e-36   1.000000e+02
1.330835e-03   9.970686e-36   1.000000e+02
1.343161e-03   9.970761e-36   1.000000e+02
1.355602e-03   9.970883e-36   1.000000e+02
1.368158e-03   9.971052e-36   1.000000e+02
1.380830e-03   9.971265e-36   1.000000e+02
1.393619e-03   9.971522e-36   1.000000e+02
1.406527e-03   9.971820e-36   1.000000e+02
1.419555e-03   9.972159e-36   1.000000e+02
1.432703e-03   9.972537e-36   1.000000e+02
1.445973e-03   9.972952e-36   1.000000e+02
1.459366e-03   9.973404e-36   1.000000e+02
1.472883e-03   9.973890e-36   1.000000e+02
1.486525e-03   9.974409e-36   1.000000e+02
1.500293e-03   9.974960e-36   1.000000e+02
1.514189e-03   9.975541e-36   1.000000e+02
1.528214e-03   9.976151e-36   1.000000e+02
1.542369e-03   9.976789e-36   1.000000e+02
1.556654e-03   9.977452e-36   1.000000e+02
1.571072e-03   9.978140e-36   1.000000e+02
1.585624e-03   9.978851e-36   1.000000e+02
1.600310e-03   9.979583e-36   1.000000e+02
1.615133e-03   9.980336e-36   1.000000e+02
1.630092e-03   9.981107e-36   1.000000e+02
1.645191e-03   9.981896e-36   1.000000e+02
1.660429e-03   9.982700e-36   1.000000e+02
1.675808e-03   9.983518e-36   1.000000e+02
1.691330e-03   9.984350e-36   1.000000e+02
1.706995e-03   9.985192e-36   1.000000e+02
1.722805e-03   9.986045e-36   1.000000e+02
1.738762e-03   9.986906e-36   1.000000e+02
1.754867e-03   9.987775e-36   1.000000e+02
1.771121e-03   9.988648e-36   1.000000e+02
1.787526e-03   9.989526e-36   1.000000e+02
1.804082e-03   9.990407e-36   1.000000e+02
1.820792e-03   9.991289e-36   1.000000e+02
1.837656e-03   9.992170e-36   1.000000e+02
1.854677e-03   9.993050e-36   1.000000e+02
1.871855e-03   9.993927e-36   1.000000e+02
1.889193e-03   9.994799e-36   1.000000e+02
1.906691e-03   9.995665e-36   1.000000e+02
1.924351e-03   9.996524e-36   1.000000e+02
1.942175e-03   9.997373e-36   1.000000e+02
1.960163e-03   9.998212e-36   1.000000e+02
1.978319e-03   9.999039e-36   1.000000e+02
1.996642e-03   9.999853e-36   1.000000e+02
2.015136e-03   1.000065e-35   1.000000e+02
2.033800e-03   1.000143e-35   1.000000e+02
2.052638e-03   1.000220e-35   1.000000e+02
2.071650e-03   1.000295e-35   1.000000e+02
2.090838e-03   1.000367e-35   1.000000e+02
2.110203e-03   1.000437e-35   1.000000e+02
2.129749e-03   1.000505e-35   1.000000e+02
2.149475e-03   1.000571e-35   1.000000e+02
2.169384e-03   1.000633e-35   1.000000e+02
2.189477e-03   1.000693e-35   1.000000e+02
2.209756e-03   1.000750e-35   1.000000e+02
2.230223e-03   1.000804e-35   1.000000e+02
2.250880e-03   1.000855e-35   1.000000e+02
2.271728e-03   1.000902e-35   1.000000e+02
2.292769e-03   1.000946e-35   1.000000e+02
2.314005e-03   1.000986e-35   1.000000e+02
2.335438e-03   1.001022e-35   1.000000e+02
2.357069e-03   1.001054e-35   1.000000e+02
2.378901e-03   1.001083e-35   1.000000e+02
2.400935e-03   1.001107e-35   1.000000e+02
2.423173e-03   1.001126e-35   1.000000e+02
2.445617e-03   1.001141e-35   1.000000e+02
2.468268e-03   1.001151e-35   1.000000e+02
2.491130e-03   1.001156e-35   1.000000e+02
2.514203e-03   1.001157e-35   1.000000e+02
2.537490e-03   1.001152e-35   1.000000e+02
2.560993e-03   1.001142e-35   1.000000e+02
2.584714e-03   1.001126e-35   1.000000e+02
2.608654e-03   1.001105e-35   1.000000e+02
2.632815e-03   1.001078e-35   1.000000e+02
2.657201e-03   1.001046e-35   1.000000e+02
2.681813e-03   1.001007e-35   1.000000e+02
2.706652e-03   1.000962e-35   1.000000e+02
2.731722e-03   1.000911e-35   1.000000e+02
2.757023e-03   1.000853e-35   1.000000e+02
2.782559e-03   1.000789e-35   1.000000e+02
2.808332e-03   1.000718e-35   1.000000e+02
2.834343e-03   1.000640e-35   1.000000e+02
2.860596e-03   1.000555e-35   1.000000e+02
2.887091e-03   1.000463e-35   1.000000e+02
2.913832e-03   1.000364e-35   1.000000e+02
2.940820e-03   1.000257e-35   1.000000e+02
2.968059e-03   1.000143e-35   1.000000e+02
2.995549e-03   1.000020e-35   1.000000e+02
3.023295e-03   9.998905e-36   1.000000e+02
3.051297e-03   9.997539e-36   1.000000e+02
3.079559e-03   9.996123e-36   1.000000e+02
3.108082e-03   9.994672e-36   1.000000e+02
3.136870e-03   9.993201e-36   1.000000e+02
3.165924e-03   9.991725e-36   1.000000e+02
3.195248e-03   9.990261e-36   1.000000e+02
3.224842e-03   9.988824e-36   1.000000e+02
3.254712e-03   9.987429e-36   1.000000e+02
3.284857e-03   9.986091e-36   1.000000e+02
3.315282e-03   9.984827e-36   1.000000e+02
3.345989e-03   9.983651e-36   1.000000e+02
3.376980e-03   9.982579e-36   1.000000e+02
3.408259e-03   9.981626e-36   1.000000e+02
3.439826e-03   9.980808e-36   1.000000e+02
3.471687e-03   9.980140e-36   1.000000e+02
3.503842e-03   9.979637e-36   1.000000e+02
3.536296e-03   9.979316e-36   1.000000e+02
3.569049e-03   9.979190e-36   1.000000e+02
3.602107e-03   9.979277e-36   1.000000e+02
3.635470e-03   9.979591e-36   1.000000e+02
3.669142e-03   9.980148e-36   1.000000e+02
3.703127e-03   9.980963e-36   1.000000e+02
3.737426e-03   9.982051e-36   1.000000e+02
3.772042e-03   9.983429e-36   1.000000e+02
3.806980e-03   9.985112e-36   1.000000e+02
3.842241e-03   9.987115e-36   1.000000e+02
3.877828e-03   9.989455e-36   1.000000e+02
3.913746e-03   9.992146e-36   1.000000e+02
3.949995e-03   9.995205e-36   1.000000e+02
3.986581e-03   9.998647e-36   1.000000e+02
4.023506e-03   1.000248e-35   1.000000e+02
4.060772e-03   1.000667e-35   1.000000e+02
4.098384e-03   1.001111e-35   1.000000e+02
4.136344e-03   1.001573e-35   1.000000e+02
4.174655e-03   1.002043e-35   1.000000e+02
4.213322e-03   1.002513e-35   1.000000e+02
4.252346e-03   1.002973e-35   1.000000e+02
4.291732e-03   1.003414e-35   1.000000e+02
4.331483e-03   1.003828e-35   1.000000e+02
4.371602e-03   1.004206e-35   1.000000e+02
4.412093e-03   1.004539e-35   1.000000e+02
4.452959e-03   1.004817e-35   1.000000e+02
4.494203e-03   1.005032e-35   1.000000e+02
4.535829e-03   1.005175e-35   1.000000e+02
4.577841e-03   1.005237e-35   1.000000e+02
4.620241e-03   1.005209e-35   1.000000e+02
4.663035e-03   1.005082e-35   1.000000e+02
4.706225e-03   1.004847e-35   1.000000e+02
4.749815e-03   1.004495e-35   1.000000e+02
4.793808e-03   1.004018e-35   1.000000e+02
4.838210e-03   1.003406e-35   1.000000e+02
4.883022e-03   1.002652e-35   1.000000e+02
4.928250e-03   1.001746e-35   1.000000e+02
4.973896e-03   1.000680e-35   1.000000e+02
5.019965e-03   9.994456e-36   1.000000e+02
5.066461e-03   9.980464e-36   1.000000e+02
5.113388e-03   9.964971e-36   1.000000e+02
5.160749e-03   9.948139e-36   1.000000e+02
5.208549e-03   9.930128e-36   1.000000e+02
5.256791e-03   9.911097e-36   1.000000e+02
5.305481e-03   9.891205e-36   1.000000e+02
5.354621e-03   9.870609e-36   1.000000e+02
5.404216e-03   9.849467e-36   1.000000e+02
5.454271e-03   9.827933e-36   1.000000e+02
5.504790e-03   9.806162e-36   1.000000e+02
5.555776e-03   9.784307e-36   1.000000e+02
5.607235e-03   9.762518e-36   1.000000e+02
5.659170e-03   9.740947e-36   1.000000e+02
5.711586e-03   9.719741e-36   1.000000e+02
5.764488e-03   9.699049e-36   1.000000e+02
5.817880e-03   9.679016e-36   1.000000e+02
5.871766e-03   9.659788e-36   1.000000e+02
5.926152e-03   9.641509e-36   1.000000e+02
5.981041e-03   9.624322e-36   1.000000e+02
6.036439e-03   9.608358e-36   1.000000e+02
6.092349e-03   9.593593e-36   1.000000e+02
6.148778e-03   9.579907e-36   1.000000e+02
6.205729e-03   9.567177e-36   1.000000e+02
6.263207e-03   9.555281e-36   1.000000e+02
6.321218e-03   9.544098e-36   1.000000e+02
6.379767e-03   9.533509e-36   1.000000e+02
6.438857e-03   9.523393e-36   1.000000e+02
6.498495e-03   9.513632e-36   1.000000e+02
6.558686e-03   9.504108e-36   1.000000e+02
6.619433e-03   9.494702e-36   1.000000e+02
6.680744e-03   9.485298e-36   1.000000e+02
6.742622e-03   9.475779e-36   1.000000e+02
6.805074e-03   9.466028e-36   1.000000e+02
6.868104e-03   9.455929e-36   1.000000e+02
6.931717e-03   9.445367e-36   1.000000e+02
6.995920e-03   9.434227e-36   1.000000e+02
7.060718e-03   9.422476e-36   1.000000e+02
7.126115e-03   9.410474e-36   1.000000e+02
7.192119e-03   9.398696e-36   1.000000e+02
7.258734e-03   9.387618e-36   1.000000e+02
7.325965e-03   9.377710e-36   1.000000e+02
7.393820e-03   9.369443e-36   1.000000e+02
7.462303e-03   9.363286e-36   1.000000e+02
7.531420e-03   9.359708e-36   1.000000e+02
7.601178e-03   9.359179e-36   1.000000e+02
7.671581e-03   9.362172e-36   1.000000e+02
7.742637e-03   9.369164e-36   1.000000e+02
7.814351e-03   9.380639e-36   1.000000e+02
7.886729e-03   9.397088e-36   1.000000e+02
7.959777e-03   9.419013e-36   1.000000e+02
8.033502e-03   9.446893e-36   1.000000e+02
8.107910e-03   9.480118e-36   1.000000e+02
8.183007e-03   9.516832e-36   1.000000e+02
8.258799e-03   9.555084e-36   1.000000e+02
8.335294e-03   9.592895e-36   1.000000e+02
8.412497e-03   9.628256e-36   1.000000e+02
8.490415e-03   9.659126e-36   1.000000e+02
8.569055e-03   9.683446e-36   1.000000e+02
8.648423e-03   9.699149e-36   1.000000e+02
8.728527e-03   9.704171e-36   1.000000e+02
8.809372e-03   9.696478e-36   1.000000e+02
8.890966e-03   9.674086e-36   1.000000e+02
8.973316e-03   9.635092e-36   1.000000e+02
9.056428e-03   9.578275e-36   1.000000e+02
9.140311e-03   9.508862e-36   1.000000e+02
9.224970e-03   9.435933e-36   1.000000e+02
9.310413e-03   9.368373e-36   1.000000e+02
9.396648e-03   9.314822e-36   1.000000e+02
9.483682e-03   9.283761e-36   1.000000e+02
9.571522e-03   9.283685e-36   1.000000e+02
9.660175e-03   9.323345e-36   1.000000e+02
9.749649e-03   9.412092e-36   1.000000e+02
9.839952e-03   9.560299e-36   1.000000e+02
9.931092e-03   9.779931e-36   1.000000e+02
1.002308e-02   1.008521e-35   1.000000e+02
1.011591e-02   1.048721e-35   1.000000e+02
1.020961e-02   1.098722e-35   1.000000e+02
1.030417e-02   1.158608e-35   1.000000e+02
1.039961e-02   1.228498e-35   1.000000e+02
1.049593e-02   1.308488e-35   1.000000e+02
1.059315e-02   1.398589e-35   1.000000e+02
1.069126e-02   1.498661e-35   1.000000e+02
1.079029e-02   1.608341e-35   1.000000e+02
1.089023e-02   1.726959e-35   1.000000e+02
1.099110e-02   1.853460e-35   1.000000e+02
1.109290e-02   1.986653e-35   1.000000e+02
1.119564e-02   2.126738e-35   1.000000e+02
1.129934e-02   2.274556e-35   1.000000e+02
1.140400e-02   2.431130e-35   1.000000e+02
1.150962e-02   2.597684e-35   1.000000e+02
1.161623e-02   2.775675e-35   1.000000e+02
1.172382e-02   2.966833e-35   1.000000e+02
1.183241e-02   3.173200e-35   1.000000e+02
1.194200e-02   3.397187e-35   1.000000e+02
1.205261e-02   3.641615e-35   1.000000e+02
1.216424e-02   3.909086e-35   1.000000e+02
1.227691e-02   4.201765e-35   1.000000e+02
1.239062e-02   4.521973e-35   1.000000e+02
1.250539e-02   4.872231e-35   1.000000e+02
1.262121e-02   5.255283e-35   1.000000e+02
1.273811e-02   5.674096e-35   1.000000e+02
1.285610e-02   6.131886e-35   1.000000e+02
1.297517e-02   6.632122e-35   1.000000e+02
1.309535e-02   7.178617e-35   1.000000e+02
1.321664e-02   7.776085e-35   1.000000e+02
1.333906e-02   8.430061e-35   1.000000e+02
1.346261e-02   9.146765e-35   1.000000e+02
1.358730e-02   9.933197e-35   1.000000e+02
1.371315e-02   1.079724e-34   1.000000e+02
1.384016e-02   1.174780e-34   1.000000e+02
1.396835e-02   1.279492e-34   1.000000e+02
1.409773e-02   1.394996e-34   1.000000e+02
1.422830e-02   1.522543e-34   1.000000e+02
1.436009e-02   1.663528e-34   1.000000e+02
1.449310e-02   1.819524e-34   1.000000e+02
1.462733e-02   1.992302e-34   1.000000e+02
1.476281e-02   2.183861e-34   1.000000e+02
1.489955e-02   2.396458e-34   1.000000e+02
1.503755e-02   2.632646e-34   1.000000e+02
1.517683e-02   2.895322e-34   1.000000e+02
1.531740e-02   3.187787e-34   1.000000e+02
1.545928e-02   3.513791e-34   1.000000e+02
1.560246e-02   3.877603e-34   1.000000e+02
1.574698e-02   4.284083e-34   1.000000e+02
1.589283e-02   4.738773e-34   1.000000e+02
1.604003e-02   5.248000e-34   1.000000e+02
1.618860e-02   5.819010e-34   1.000000e+02
1.633854e-02   6.460137e-34   1.000000e+02
1.648987e-02   7.180947e-34   1.000000e+02
1.664260e-02   7.992434e-34   1.000000e+02
1.679675e-02   8.907253e-34   1.000000e+02
1.695232e-02   9.939991e-34   1.000000e+02
1.710934e-02   1.110749e-33   1.000000e+02
1.726781e-02   1.242920e-33   1.000000e+02
1.742775e-02   1.392765e-33   1.000000e+02
1.758917e-02   1.562897e-33   1.000000e+02
1.775208e-02   1.756348e-33   1.000000e+02
1.791650e-02   1.976645e-33   1.000000e+02
1.808245e-02   2.227892e-33   1.000000e+02
1.824993e-02   2.514852e-33   1.000000e+02
1.841897e-02   2.843045e-33   1.000000e+02
1.858957e-02   3.218905e-33   1.000000e+02
1.876175e-02   3.649941e-33   1.000000e+02
1.893552e-02   4.144928e-33   1.000000e+02
1.911091e-02   4.714130e-33   1.000000e+02
1.928792e-02   5.369573e-33   1.000000e+02
1.946656e-02   6.125360e-33   1.000000e+02
1.964687e-02   6.998056e-33   1.000000e+02
1.982884e-02   8.007135e-33   1.000000e+02
2.001250e-02   9.175525e-33   1.000000e+02
2.019786e-02   1.053038e-32   1.000000e+02
2.038493e-02   1.210425e-32   1.000000e+02
2.057374e-02   1.393600e-32   1.000000e+02
2.076430e-02   1.607197e-32   1.000000e+02
2.095662e-02   1.856763e-32   1.000000e+02
2.115073e-02   2.148942e-32   1.000000e+02
2.134663e-02   2.491721e-32   1.000000e+02
2.154435e-02   2.894712e-32   1.000000e+02
2.174389e-02   3.369517e-32   1.000000e+02
2.194529e-02   3.930171e-32   1.000000e+02
2.214855e-02   4.593689e-32   1.000000e+02
2.235370e-02   5.380756e-32   1.000000e+02
2.256074e-02   6.316575e-32   1.000000e+02
2.276970e-02   7.431931e-32   1.000000e+02
2.298060e-02   8.764525e-32   1.000000e+02
2.319345e-02   1.036065e-31   1.000000e+02
2.340827e-02   1.227728e-31   1.000000e+02
2.362508e-02   1.458476e-31   1.000000e+02
2.384390e-02   1.737015e-31   1.000000e+02
2.406475e-02   2.074148e-31   1.000000e+02
2.428764e-02   2.483321e-31   1.000000e+02
2.451260e-02   2.981317e-31   1.000000e+02
2.473964e-02   3.589143e-31   1.000000e+02
2.496878e-02   4.333168e-31   1.000000e+02
2.520005e-02   5.246512e-31   1.000000e+02
2.543346e-02   6.370337e-31   1.000000e+02
2.566903e-02   7.756067e-31   1.000000e+02
2.590678e-02   9.468228e-31   1.000000e+02
2.614673e-02   1.158789e-30   1.000000e+02
2.638891e-02   1.421705e-30   1.000000e+02
2.663333e-02   1.748415e-30   1.000000e+02
2.688001e-02   2.155114e-30   1.000000e+02
2.712898e-02   2.662240e-30   1.000000e+02
2.738025e-02   3.295612e-30   1.000000e+02
2.763385e-02   4.087874e-30   1.000000e+02
2.788980e-02   5.080333e-30   1.000000e+02
2.814812e-02   6.325294e-30   1.000000e+02
2.840884e-02   7.889034e-30   1.000000e+02
2.867196e-02   9.855579e-30   1.000000e+02
2.893753e-02   1.233151e-29   1.000000e+02
2.920556e-02   1.545208e-29   1.000000e+02
2.947606e-02   1.938897e-29   1.000000e+02
2.974908e-02   2.436018e-29   1.000000e+02
3.002462e-02   3.064253e-29   1.000000e+02
3.030271e-02   3.859111e-29   1.000000e+02
3.058338e-02   4.867313e-29   1.000000e+02
3.086665e-02   6.149991e-29   1.000000e+02
3.115254e-02   7.787296e-29   1.000000e+02
3.144108e-02   9.884845e-29   1.000000e+02
3.173230e-02   1.258253e-28   1.000000e+02
3.202621e-02   1.606662e-28   1.000000e+02
3.232284e-02   2.058656e-28   1.000000e+02
3.262222e-02   2.647825e-28   1.000000e+02
3.292437e-02   3.419679e-28   1.000000e+02
3.322933e-02   4.436245e-28   1.000000e+02
3.353710e-02   5.782607e-28   1.000000e+02
3.384773e-02   7.576242e-28   1.000000e+02
3.416123e-02   9.980443e-28   1.000000e+02
3.447764e-02   1.322378e-27   1.000000e+02
3.479698e-02   1.762847e-27   1.000000e+02
3.511928e-02   2.365219e-27   1.000000e+02
3.544456e-02   3.194989e-27   1.000000e+02
3.577285e-02   4.346629e-27   1.000000e+02
3.610419e-02   5.957510e-27   1.000000e+02
3.643859e-02   8.229055e-27   1.000000e+02
3.677609e-02   1.145914e-26   1.000000e+02
3.711672e-02   1.609217e-26   1.000000e+02
3.746050e-02   2.279722e-26   1.000000e+02
3.780747e-02   3.259100e-26   1.000000e+02
3.815765e-02   4.703333e-26   1.000000e+02
3.851107e-02   6.854093e-26   1.000000e+02
3.886777e-02   1.008961e-25   1.000000e+02
3.922777e-02   1.500799e-25   1.000000e+02
3.959110e-02   2.256517e-25   1.000000e+02
3.995780e-02   3.430572e-25   1.000000e+02
4.032790e-02   5.274361e-25   1.000000e+02
4.070142e-02   8.193330e-25   1.000000e+02
4.107841e-02   1.284373e-24   1.000000e+02
4.145888e-02   2.029151e-24   1.000000e+02
4.184289e-02   3.226881e-24   1.000000e+02
4.223044e-02   5.158810e-24   1.000000e+02
4.262159e-02   8.280696e-24   1.000000e+02
4.301636e-02   1.332869e-23   1.000000e+02
4.341478e-02   2.148641e-23   1.000000e+02
4.381690e-02   3.464568e-23   1.000000e+02
4.422274e-02   5.580789e-23   1.000000e+02
4.463234e-02   8.969247e-23   1.000000e+02
4.504573e-02   1.436425e-22   1.000000e+02
4.546295e-02   2.289440e-22   1.000000e+02
4.588404e-02   3.626998e-22   1.000000e+02
4.630903e-02   5.704139e-22   1.000000e+02
4.673795e-02   8.894264e-22   1.000000e+02
4.717085e-02   1.373282e-21   1.000000e+02
4.760775e-02   2.096970e-21   1.000000e+02
4.804870e-02   3.162713e-21   1.000000e+02
4.849374e-02   4.705603e-21   1.000000e+02
4.894290e-02   6.897809e-21   1.000000e+02
4.939622e-02   9.949478e-21   1.000000e+02
4.985373e-02   1.410377e-20   1.000000e+02
5.031549e-02   1.962574e-20   1.000000e+02
5.078152e-02   2.681717e-20   1.000000e+02
5.125187e-02   3.602685e-20   1.000000e+02
5.172657e-02   4.764337e-20   1.000000e+02
5.220568e-02   6.209796e-20   1.000000e+02
5.268921e-02   7.987065e-20   1.000000e+02
5.317723e-02   1.015005e-19   1.000000e+02
5.366977e-02   1.276017e-19   1.000000e+02
5.416687e-02   1.588870e-19   1.000000e+02
5.466857e-02   1.962003e-19   1.000000e+02
5.517492e-02   2.405619e-19   1.000000e+02
5.568596e-02   2.932284e-19   1.000000e+02
5.620174e-02   3.557731e-19   1.000000e+02
5.672229e-02   4.301942e-19   1.000000e+02
5.724766e-02   5.190585e-19   1.000000e+02
5.777790e-02   6.256978e-19   1.000000e+02
5.831305e-02   7.544765e-19   1.000000e+02
5.885316e-02   9.111620e-19   1.000000e+02
5.939827e-02   1.103445e-18   1.000000e+02
5.994843e-02   1.341673e-18   1.000000e+02
6.050368e-02   1.639554e-18   1.000000e+02
6.106408e-02   2.013395e-18   1.000000e+02
6.162966e-02   2.483321e-18   1.000000e+02
6.220049e-02   3.074775e-18   1.000000e+02
6.277660e-02   3.819853e-18   1.000000e+02
6.335805e-02   4.758925e-18   1.000000e+02
6.394488e-02   5.942596e-18   1.000000e+02
6.453715e-02   7.434038e-18   1.000000e+02
6.513491e-02   9.311738e-18   1.000000e+02
6.573820e-02   1.167267e-17   1.000000e+02
6.634708e-02   1.463590e-17   1.000000e+02
6.696160e-02   1.834655e-17   1.000000e+02
6.758181e-02   2.298007e-17   1.000000e+02
6.820777e-02   2.874660e-17   1.000000e+02
6.883952e-02   3.589515e-17   1.000000e+02
6.947713e-02   4.471730e-17   1.000000e+02
7.012064e-02   5.554976e-17   1.000000e+02
7.077011e-02   6.878782e-17   1.000000e+02
7.142559e-02   8.491873e-17   1.000000e+02
7.208715e-02   1.045259e-16   1.000000e+02
7.275484e-02   1.283036e-16   1.000000e+02
7.342870e-02   1.570774e-16   1.000000e+02
7.410882e-02   1.918291e-16   1.000000e+02
7.479523e-02   2.337260e-16   1.000000e+02
7.548799e-02   2.841563e-16   1.000000e+02
7.618718e-02   3.447713e-16   1.000000e+02
7.689284e-02   4.175362e-16   1.000000e+02
7.760503e-02   5.047919e-16   1.000000e+02
7.832383e-02   6.093285e-16   1.000000e+02
7.904928e-02   7.344758e-16   1.000000e+02
7.978145e-02   8.842114e-16   1.000000e+02
8.052040e-02   1.063247e-15   1.000000e+02
8.126619e-02   1.276623e-15   1.000000e+02
8.201889e-02   1.529604e-15   1.000000e+02
8.277857e-02   1.827758e-15   1.000000e+02
8.354528e-02   2.176794e-15   1.000000e+02
8.431909e-02   2.582324e-15   1.000000e+02
8.510007e-02   3.049540e-15   1.000000e+02
8.588829e-02   3.582811e-15   1.000000e+02
8.668380e-02   4.185189e-15   1.000000e+02
8.748668e-02   4.857841e-15   1.000000e+02
8.829700e-02   5.599438e-15   1.000000e+02
8.911482e-02   6.405516e-15   1.000000e+02
8.994022e-02   7.267881e-15   1.000000e+02
9.077327e-02   8.176752e-15   1.000000e+02
9.161402e-02   9.133586e-15   1.000000e+02
9.246257e-02   1.014781e-14   1.000000e+02
9.331898e-02   1.123460e-14   1.000000e+02
9.418332e-02   1.241595e-14   1.000000e+02
9.505566e-02   1.372216e-14   1.000000e+02
9.593608e-02   1.519388e-14   1.000000e+02
9.682466e-02   1.688502e-14   1.000000e+02
9.772147e-02   1.886708e-14   1.000000e+02
9.862658e-02   2.123542e-14   1.000000e+02
9.954008e-02   2.411868e-14   1.000000e+02
1.004620e-01   2.769082e-14   1.000000e+02
1.013925e-01   3.214203e-14   1.000000e+02
1.023317e-01   3.766543e-14   1.000000e+02
1.032795e-01   4.449304e-14   1.000000e+02
1.042361e-01   5.290152e-14   1.000000e+02
1.052015e-01   6.321475e-14   1.000000e+02
1.061759e-01   7.580365e-14   1.000000e+02
1.071593e-01   9.108161e-14   1.000000e+02
1.081519e-01   1.094933e-13   1.000000e+02
1.091536e-01   1.314945e-13   1.000000e+02
1.101646e-01   1.575212e-13   1.000000e+02
1.111850e-01   1.880364e-13   1.000000e+02
1.122148e-01   2.237197e-13   1.000000e+02
1.132541e-01   2.653956e-13   1.000000e+02
1.143031e-01   3.140355e-13   1.000000e+02
1.153618e-01   3.707892e-13   1.000000e+02
1.164303e-01   4.370255e-13   1.000000e+02
1.175087e-01   5.143825e-13   1.000000e+02
1.185971e-01   6.048297e-13   1.000000e+02
1.196956e-01   7.107480e-13   1.000000e+02
1.208042e-01   8.350024e-13   1.000000e+02
1.219231e-01   9.807725e-13   1.000000e+02
1.230524e-01   1.151600e-12   1.000000e+02
1.241921e-01   1.351549e-12   1.000000e+02
1.253424e-01   1.585267e-12   1.000000e+02
1.265034e-01   1.858048e-12   1.000000e+02
1.276751e-01   2.175902e-12   1.000000e+02
1.288576e-01   2.545617e-12   1.000000e+02
1.300511e-01   2.974830e-12   1.000000e+02
1.312557e-01   3.471963e-12   1.000000e+02
1.324714e-01   4.045833e-12   1.000000e+02
1.336984e-01   4.705709e-12   1.000000e+02
1.349367e-01   5.461236e-12   1.000000e+02
1.361865e-01   6.322225e-12   1.000000e+02
1.374479e-01   7.298379e-12   1.000000e+02
1.387210e-01   8.398946e-12   1.000000e+02
1.400058e-01   9.632289e-12   1.000000e+02
1.413026e-01   1.100794e-11   1.000000e+02
1.426114e-01   1.254641e-11   1.000000e+02
1.439323e-01   1.427687e-11   1.000000e+02
1.452654e-01   1.623716e-11   1.000000e+02
1.466109e-01   1.847626e-11   1.000000e+02
1.479688e-01   2.105758e-11   1.000000e+02
1.493393e-01   2.406338e-11   1.000000e+02
1.507225e-01   2.759963e-11   1.000000e+02
1.521186e-01   3.177630e-11   1.000000e+02
1.535275e-01   3.669807e-11   1.000000e+02
1.549495e-01   4.248103e-11   1.000000e+02
1.563847e-01   4.925276e-11   1.000000e+02
1.578331e-01   5.715072e-11   1.000000e+02
1.592950e-01   6.631938e-11   1.000000e+02
1.607704e-01   7.690712e-11   1.000000e+02
1.622595e-01   8.909279e-11   1.000000e+02
1.637624e-01   1.031016e-10   1.000000e+02
1.652792e-01   1.191896e-10   1.000000e+02
1.668101e-01   1.376461e-10   1.000000e+02
1.683551e-01   1.587981e-10   1.000000e+02
1.699144e-01   1.830145e-10   1.000000e+02
1.714882e-01   2.107112e-10   1.000000e+02
1.730766e-01   2.423564e-10   1.000000e+02
1.746796e-01   2.784767e-10   1.000000e+02
1.762975e-01   3.196643e-10   1.000000e+02
1.779304e-01   3.665836e-10   1.000000e+02
1.795785e-01   4.199799e-10   1.000000e+02
1.812418e-01   4.806908e-10   1.000000e+02
1.829205e-01   5.496786e-10   1.000000e+02
1.846147e-01   6.280459e-10   1.000000e+02
1.863246e-01   7.170464e-10   1.000000e+02
1.880504e-01   8.181076e-10   1.000000e+02
1.897922e-01   9.328561e-10   1.000000e+02
1.915501e-01   1.063148e-09   1.000000e+02
1.933242e-01   1.211105e-09   1.000000e+02
1.951148e-01   1.379153e-09   1.000000e+02
1.969220e-01   1.570073e-09   1.000000e+02
1.987460e-01   1.787054e-09   1.000000e+02
2.005868e-01   2.033758e-09   1.000000e+02
2.024447e-01   2.314321e-09   1.000000e+02
2.043197e-01   2.633327e-09   1.000000e+02
2.062122e-01   2.995951e-09   1.000000e+02
2.081222e-01   3.408044e-09   1.000000e+02
2.100498e-01   3.876219e-09   1.000000e+02
2.119953e-01   4.407943e-09   1.000000e+02
2.139589e-01   5.011644e-09   1.000000e+02
2.159406e-01   5.696825e-09   1.000000e+02
2.179407e-01   6.474198e-09   1.000000e+02
2.199593e-01   7.355826e-09   1.000000e+02
2.219966e-01   8.355284e-09   1.000000e+02
2.240528e-01   9.487837e-09   1.000000e+02
2.261280e-01   1.077064e-08   1.000000e+02
2.282224e-01   1.222294e-08   1.000000e+02
2.303363e-01   1.386635e-08   1.000000e+02
2.324697e-01   1.572507e-08   1.000000e+02
2.346229e-01   1.782622e-08   1.000000e+02
2.367960e-01   2.020011e-08   1.000000e+02
2.389893e-01   2.288063e-08   1.000000e+02
2.412028e-01   2.590563e-08   1.000000e+02
2.434369e-01   2.931730e-08   1.000000e+02
2.456916e-01   3.316269e-08   1.000000e+02
2.479673e-01   3.749411e-08   1.000000e+02
2.502640e-01   4.236976e-08   1.000000e+02
2.525820e-01   4.785458e-08   1.000000e+02
2.549215e-01   5.402178e-08   1.000000e+02
2.572826e-01   6.095323e-08   1.000000e+02
2.596656e-01   6.874039e-08   1.000000e+02
2.620707e-01   7.748530e-08   1.000000e+02
2.644980e-01   8.730188e-08   1.000000e+02
2.669478e-01   9.831719e-08   1.000000e+02
2.694204e-01   1.106730e-07   1.000000e+02
2.719158e-01   1.245275e-07   1.000000e+02
2.744343e-01   1.400570e-07   1.000000e+02
2.769762e-01   1.574581e-07   1.000000e+02
2.795416e-01   1.769500e-07   1.000000e+02
2.821308e-01   1.987772e-07   1.000000e+02
2.847439e-01   2.232120e-07   1.000000e+02
2.873813e-01   2.505580e-07   1.000000e+02
2.900430e-01   2.811536e-07   1.000000e+02
2.927295e-01   3.153757e-07   1.000000e+02
2.954408e-01   3.536446e-07   1.000000e+02
2.981772e-01   3.964283e-07   1.000000e+02
3.009390e-01   4.442484e-07   1.000000e+02
3.037264e-01   4.976820e-07   1.000000e+02
3.065395e-01   5.573640e-07   1.000000e+02
3.093788e-01   6.239970e-07   1.000000e+02
3.122443e-01   6.983583e-07   1.000000e+02
3.151363e-01   7.813073e-07   1.000000e+02
3.180552e-01   8.737938e-07   1.000000e+02
3.210011e-01   9.768663e-07   1.000000e+02
3.239743e-01   1.091682e-06   1.000000e+02
3.269750e-01   1.219515e-06   1.000000e+02
3.300035e-01   1.361772e-06   1.000000e+02
3.330600e-01   1.519999e-06   1.000000e+02
3.361449e-01   1.695896e-06   1.000000e+02
3.392583e-01   1.891333e-06   1.000000e+02
3.424006e-01   2.108364e-06   1.000000e+02
3.455720e-01   2.349238e-06   1.000000e+02
3.487727e-01   2.616425e-06   1.000000e+02
3.520031e-01   2.912631e-06   1.000000e+02
3.552635e-01   3.240872e-06   1.000000e+02
3.585540e-01   3.604512e-06   1.000000e+02
3.618750e-01   4.007264e-06   1.000000e+02
3.652267e-01   4.453232e-06   1.000000e+02
3.686095e-01   4.946947e-06   1.000000e+02
3.720237e-01   5.493419e-06   1.000000e+02
3.754694e-01   6.098185e-06   1.000000e+02
3.789471e-01   6.767367e-06   1.000000e+02
3.824570e-01   7.507736e-06   1.000000e+02
3.859994e-01   8.326782e-06   1.000000e+02
3.895746e-01   9.232797e-06   1.000000e+02
3.931829e-01   1.023496e-05   1.000000e+02
3.968246e-01   1.134343e-05   1.000000e+02
4.005001e-01   1.256948e-05   1.000000e+02
4.042096e-01   1.392541e-05   1.000000e+02
4.079535e-01   1.542432e-05   1.000000e+02
4.117320e-01   1.708042e-05   1.000000e+02
4.155455e-01   1.890916e-05   1.000000e+02
4.193944e-01   2.092736e-05   1.000000e+02
4.232789e-01   2.315324e-05   1.000000e+02
4.271994e-01   2.560657e-05   1.000000e+02
4.311562e-01   2.830873e-05   1.000000e+02
4.351497e-01   3.128279e-05   1.000000e+02
4.391801e-01   3.455366e-05   1.000000e+02
4.432479e-01   3.814808e-05   1.000000e+02
4.473533e-01   4.209482e-05   1.000000e+02
4.514968e-01   4.642470e-05   1.000000e+02
4.556786e-01   5.117186e-05   1.000000e+02
4.598992e-01   5.637507e-05   1.000000e+02
4.641589e-01   6.207685e-05   1.000000e+02
4.684580e-01   6.832380e-05   1.000000e+02
4.727970e-01   7.516701e-05   1.000000e+02
4.771761e-01   8.266249e-05   1.000000e+02
4.815958e-01   9.087171e-05   1.000000e+02
4.860564e-01   9.986216e-05   1.000000e+02
4.905584e-01   1.097080e-04   1.000000e+02
4.951020e-01   1.204908e-04   1.000000e+02
4.996877e-01   1.323003e-04   1.000000e+02
5.043159e-01   1.452345e-04   1.000000e+02
5.089870e-01   1.593974e-04   1.000000e+02
5.137014e-01   1.749012e-04   1.000000e+02
5.184594e-01   1.918676e-04   1.000000e+02
5.232614e-01   2.104286e-04   1.000000e+02
5.281080e-01   2.307276e-04   1.000000e+02
5.329994e-01   2.529202e-04   1.000000e+02
5.379362e-01   2.771746e-04   1.000000e+02
5.429186e-01   3.036736e-04   1.000000e+02
5.479472e-01   3.326146e-04   1.000000e+02
5.530224e-01   3.642114e-04   1.000000e+02
5.581446e-01   3.986953e-04   1.000000e+02
5.633143e-01   4.363161e-04   1.000000e+02
5.685318e-01   4.773436e-04   1.000000e+02
5.737976e-01   5.220692e-04   1.000000e+02
5.791123e-01   5.708071e-04   1.000000e+02
5.844761e-01   6.238961e-04   1.000000e+02
5.898896e-01   6.817011e-04   1.000000e+02
5.953533e-01   7.446150e-04   1.000000e+02
6.008676e-01   8.130608e-04   1.000000e+02
6.064329e-01   8.874951e-04   1.000000e+02
6.120498e-01   9.684154e-04   1.000000e+02
6.177188e-01   1.056360e-03   1.000000e+02
6.234402e-01   1.151908e-03   1.000000e+02
6.292146e-01   1.255686e-03   1.000000e+02
6.350425e-01   1.368368e-03   1.000000e+02
6.409244e-01   1.490683e-03   1.000000e+02
6.468608e-01   1.623415e-03   1.000000e+02
6.528521e-01   1.767410e-03   1.000000e+02
6.588990e-01   1.923578e-03   1.000000e+02
6.650018e-01   2.092901e-03   1.000000e+02
6.711612e-01   2.276436e-03   1.000000e+02
6.773776e-01   2.475322e-03   1.000000e+02
6.836516e-01   2.690783e-03   1.000000e+02
6.899837e-01   2.924140e-03   1.000000e+02
6.963745e-01   3.176813e-03   1.000000e+02
7.028244e-01   3.450328e-03   1.000000e+02
7.093341e-01   3.746324e-03   1.000000e+02
7.159041e-01   4.066552e-03   1.000000e+02
7.225349e-01   4.412890e-03   1.000000e+02
7.292272e-01   4.787353e-03   1.000000e+02
7.359814e-01   5.192104e-03   1.000000e+02
7.427982e-01   5.629457e-03   1.000000e+02
7.496782e-01   6.101896e-03   1.000000e+02
7.566219e-01   6.612077e-03   1.000000e+02
7.636298e-01   7.162849e-03   1.000000e+02
7.707027e-01   7.757257e-03   1.000000e+02
7.778411e-01   8.398562e-03   1.000000e+02
7.850456e-01   9.090251e-03   1.000000e+02
7.923169e-01   9.836051e-03   1.000000e+02
7.996555e-01   1.063995e-02   1.000000e+02
8.070620e-01   1.150620e-02   1.000000e+02
8.145372e-01   1.243937e-02   1.000000e+02
8.220816e-01   1.344434e-02   1.000000e+02
8.296959e-01   1.452632e-02   1.000000e+02
8.373807e-01   1.569087e-02   1.000000e+02
8.451366e-01   1.694395e-02   1.000000e+02
8.529644e-01   1.829190e-02   1.000000e+02
8.608648e-01   1.974148e-02   1.000000e+02
8.688383e-01   2.129993e-02   1.000000e+02
8.768856e-01   2.297495e-02   1.000000e+02
8.850075e-01   2.477475e-02   1.000000e+02
8.932046e-01   2.670809e-02   1.000000e+02
9.014776e-01   2.878431e-02   1.000000e+02
9.098273e-01   3.101333e-02   1.000000e+02
9.182543e-01   3.340567e-02   1.000000e+02
9.267593e-01   3.597250e-02   1.000000e+02
9.353432e-01   3.872572e-02   1.000000e+02
9.440065e-01   4.167793e-02   1.000000e+02
9.527500e-01   4.484254e-02   1.000000e+02
9.615746e-01   4.823376e-02   1.000000e+02
9.704809e-01   5.186669e-02   1.000000e+02
9.794697e-01   5.575732e-02   1.000000e+02
9.885417e-01   5.992263e-02   1.000000e+02
9.976978e-01   6.438058e-02   1.000000e+02
1.006939e+00   6.915022e-02   1.000000e+02
1.016265e+00   7.425180e-02   1.000000e+02
1.025678e+00   7.970681e-02   1.000000e+02
1.035178e+00   8.553801e-02   1.000000e+02
1.044766e+00   9.176952e-02   1.000000e+02
1.054443e+00   9.842685e-02   1.000000e+02
1.064209e+00   1.055370e-01   1.000000e+02
1.074066e+00   1.131286e-01   1.000000e+02
1.084014e+00   1.212319e-01   1.000000e+02
1.094055e+00   1.298788e-01   1.000000e+02
1.104188e+00   1.391032e-01   1.000000e+02
1.114415e+00   1.489406e-01   1.000000e+02
1.124737e+00   1.594290e-01   1.000000e+02
1.135155e+00   1.706080e-01   1.000000e+02
1.145669e+00   1.825198e-01   1.000000e+02
1.156280e+00   1.952087e-01   1.000000e+02
1.166990e+00   2.087216e-01   1.000000e+02
1.177799e+00   2.231078e-01   1.000000e+02
1.188708e+00   2.384195e-01   1.000000e+02
1.199718e+00   2.547115e-01   1.000000e+02
1.210830e+00   2.720417e-01   1.000000e+02
1.222045e+00   2.904710e-01   1.000000e+02
1.233363e+00   3.100635e-01   1.000000e+02
1.244787e+00   3.308869e-01   1.000000e+02
1.256317e+00   3.530122e-01   1.000000e+02
1.267953e+00   3.765152e-01   1.000000e+02
1.279697e+00   4.014768e-01   1.000000e+02
1.291550e+00   4.279824e-01   1.000000e+02
1.303512e+00   4.561222e-01   1.000000e+02
1.315586e+00   4.859916e-01   1.000000e+02
1.327771e+00   5.176914e-01   1.000000e+02
1.340069e+00   5.513283e-01   1.000000e+02
1.352481e+00   5.870149e-01   1.000000e+02
1.365008e+00   6.248702e-01   1.000000e+02
1.377651e+00   6.650202e-01   1.000000e+02
1.390411e+00   7.075978e-01   1.000000e+02
1.403289e+00   7.527440e-01   1.000000e+02
1.416287e+00   8.006073e-01   1.000000e+02
1.429405e+00   8.513453e-01   1.000000e+02
1.442644e+00   9.051242e-01   1.000000e+02
1.456006e+00   9.621203e-01   1.000000e+02
1.469492e+00   1.022520e+00   1.000000e+02
1.483103e+00   1.086519e+00   1.000000e+02
1.496839e+00   1.154328e+00   1.000000e+02
1.510703e+00   1.226163e+00   1.000000e+02
1.524696e+00   1.302237e+00   1.000000e+02
1.538818e+00   1.382757e+00   1.000000e+02
1.553071e+00   1.467937e+00   1.000000e+02
1.567455e+00   1.557997e+00   1.000000e+02
1.581973e+00   1.653162e+00   1.000000e+02
1.596626e+00   1.753658e+00   1.000000e+02
1.611414e+00   1.859718e+00   1.000000e+02
1.626340e+00   1.971577e+00   1.000000e+02
1.641403e+00   2.089472e+00   1.000000e+02
1.656606e+00   2.213641e+00   1.000000e+02
1.671950e+00   2.344322e+00   1.000000e+02
1.687436e+00   2.481754e+00   1.000000e+02
1.703065e+00   2.626171e+00   1.000000e+02
1.718839e+00   2.777806e+00   1.000000e+02
1.734759e+00   2.936887e+00   1.000000e+02
1.750827e+00   3.103635e+00   1.000000e+02
1.767044e+00   3.278290e+00   1.000000e+02
1.783410e+00   3.461189e+00   1.000000e+02
1.799929e+00   3.652707e+00   1.000000e+02
1.816600e+00   3.853244e+00   1.000000e+02
1.833425e+00   4.063222e+00   1.000000e+02
1.850407e+00   4.283094e+00   1.000000e+02
1.867546e+00   4.513340e+00   1.000000e+02
1.884843e+00   4.754472e+00   1.000000e+02
1.902301e+00   5.007037e+00   1.000000e+02
1.919921e+00   5.271620e+00   1.000000e+02
1.937703e+00   5.548844e+00   1.000000e+02
1.955651e+00   5.839377e+00   1.000000e+02
1.973764e+00   6.143934e+00   1.000000e+02
1.992046e+00   6.463282e+00   1.000000e+02
2.010496e+00   6.798236e+00   1.000000e+02
2.029118e+00   7.149556e+00   1.000000e+02
2.047912e+00   7.517944e+00   1.000000e+02
2.066880e+00   7.904121e+00   1.000000e+02
2.086024e+00   8.308831e+00   1.000000e+02
2.105345e+00   8.732836e+00   1.000000e+02
2.124845e+00   9.176922e+00   1.000000e+02
2.144526e+00   9.641896e+00   1.000000e+02
2.164389e+00   1.012859e+01   1.000000e+02
2.184436e+00   1.063784e+01   1.000000e+02
2.204669e+00   1.117052e+01   1.000000e+02
2.225089e+00   1.172753e+01   1.000000e+02
2.245698e+00   1.230976e+01   1.000000e+02
2.266498e+00   1.291814e+01   1.000000e+02
2.287491e+00   1.355362e+01   1.000000e+02
2.308678e+00   1.421714e+01   1.000000e+02
2.330061e+00   1.490970e+01   1.000000e+02
2.351643e+00   1.563226e+01   1.000000e+02
2.373424e+00   1.638584e+01   1.000000e+02
2.395407e+00   1.717144e+01   1.000000e+02
2.417594e+00   1.799008e+01   1.000000e+02
2.439986e+00   1.884279e+01   1.000000e+02
2.462586e+00   1.973060e+01   1.000000e+02
2.485395e+00   2.065456e+01   1.000000e+02
2.508415e+00   2.161569e+01   1.000000e+02
2.531648e+00   2.261511e+01   1.000000e+02
2.555097e+00   2.365407e+01   1.000000e+02
2.578763e+00   2.473385e+01   1.000000e+02
2.602648e+00   2.585578e+01   1.000000e+02
2.626754e+00   2.702121e+01   1.000000e+02
2.651084e+00   2.823153e+01   1.000000e+02
2.675638e+00   2.948816e+01   1.000000e+02
2.700421e+00   3.079255e+01   1.000000e+02
2.725433e+00   3.214621e+01   1.000000e+02
2.750676e+00   3.355067e+01   1.000000e+02
2.776153e+00   3.500751e+01   1.000000e+02
2.801867e+00   3.651833e+01   1.000000e+02
2.827818e+00   3.808479e+01   1.000000e+02
2.854010e+00   3.970859e+01   1.000000e+02
2.880444e+00   4.139145e+01   1.000000e+02
2.907123e+00   4.313517e+01   1.000000e+02
2.934050e+00   4.494157e+01   1.000000e+02
2.961225e+00   4.681251e+01   1.000000e+02
2.988653e+00   4.874993e+01   1.000000e+02
3.016334e+00   5.075577e+01   1.000000e+02
3.044272e+00   5.283197e+01   1.000000e+02
3.072469e+00   5.498041e+01   1.000000e+02
3.100927e+00   5.720299e+01   1.000000e+02
3.129648e+00   5.950166e+01   1.000000e+02
3.158635e+00   6.187836e+01   1.000000e+02
3.187891e+00   6.433507e+01   1.000000e+02
3.217418e+00   6.687377e+01   1.000000e+02
3.247218e+00   6.949650e+01   1.000000e+02
3.277295e+00   7.220526e+01   1.000000e+02
3.307650e+00   7.500211e+01   1.000000e+02
3.338286e+00   7.788911e+01   1.000000e+02
3.369206e+00   8.086833e+01   1.000000e+02
3.400412e+00   8.394184e+01   1.000000e+02
3.431907e+00   8.711174e+01   1.000000e+02
3.463694e+00   9.038014e+01   1.000000e+02
3.495776e+00   9.374912e+01   1.000000e+02
3.528154e+00   9.722082e+01   1.000000e+02
3.560833e+00   1.007974e+02   1.000000e+02
3.593814e+00   1.044812e+02   1.000000e+02
3.627100e+00   1.082743e+02   1.000000e+02
3.660695e+00   1.121790e+02   1.000000e+02
3.694601e+00   1.161977e+02   1.000000e+02
3.728821e+00   1.203325e+02   1.000000e+02
3.763358e+00   1.245859e+02   1.000000e+02
3.798215e+00   1.289600e+02   1.000000e+02
3.833395e+00   1.334572e+02   1.000000e+02
3.868901e+00   1.380798e+02   1.000000e+02
3.904735e+00   1.428301e+02   1.000000e+02
3.940902e+00   1.477105e+02   1.000000e+02
3.977403e+00   1.527231e+02   1.000000e+02
4.014242e+00   1.578705e+02   1.000000e+02
4.051423e+00   1.631548e+02   1.000000e+02
4.088948e+00   1.685784e+02   1.000000e+02
4.126821e+00   1.741434e+02   1.000000e+02
4.165044e+00   1.798522e+02   1.000000e+02
4.203622e+00   1.857070e+02   1.000000e+02
4.242556e+00   1.917100e+02   1.000000e+02
4.281852e+00   1.978634e+02   1.000000e+02
4.321511e+00   2.041694e+02   1.000000e+02
4.361538e+00   2.106302e+02   1.000000e+02
4.401935e+00   2.172478e+02   1.000000e+02
4.442707e+00   2.240244e+02   1.000000e+02
4.483856e+00   2.309622e+02   1.000000e+02
4.525386e+00   2.380630e+02   1.000000e+02
4.567301e+00   2.453290e+02   1.000000e+02
4.609604e+00   2.527621e+02   1.000000e+02
4.652300e+00   2.603643e+02   1.000000e+02
4.695390e+00   2.681374e+02   1.000000e+02
4.738880e+00   2.760834e+02   1.000000e+02
4.782772e+00   2.842041e+02   1.000000e+02
4.827071e+00   2.925012e+02   1.000000e+02
4.871780e+00   3.009764e+02   1.000000e+02
4.916904e+00   3.096315e+02   1.000000e+02
4.962445e+00   3.184679e+02   1.000000e+02
5.008408e+00   3.274874e+02   1.000000e+02
5.054797e+00   3.366914e+02   1.000000e+02
5.101615e+00   3.460813e+02   1.000000e+02
5.148867e+00   3.556585e+02   1.000000e+02
5.196557e+00   3.654243e+02   1.000000e+02
5.244689e+00   3.753798e+02   1.000000e+02
5.293266e+00   3.855263e+02   1.000000e+02
5.342293e+00   3.958648e+02   1.000000e+02
5.391775e+00   4.063964e+02   1.000000e+02
5.441714e+00   4.171218e+02   1.000000e+02
5.492116e+00   4.280421e+02   1.000000e+02
5.542986e+00   4.391578e+02   1.000000e+02
5.594326e+00   4.504698e+02   1.000000e+02
5.646141e+00   4.619785e+02   1.000000e+02
5.698437e+00   4.736845e+02   1.000000e+02
5.751217e+00   4.855882e+02   1.000000e+02
5.804486e+00   4.976898e+02   1.000000e+02
5.858248e+00   5.099896e+02   1.000000e+02
5.912508e+00   5.224876e+02   1.000000e+02
5.967271e+00   5.351839e+02   1.000000e+02
6.022541e+00   5.480784e+02   1.000000e+02
6.078323e+00   5.611708e+02   1.000000e+02
6.134622e+00   5.744606e+02   1.000000e+02
6.191442e+00   5.879471e+02   1.000000e+02
6.248788e+00   6.016297e+02   1.000000e+02
6.306666e+00   6.155073e+02   1.000000e+02
6.365079e+00   6.295790e+02   1.000000e+02
6.424034e+00   6.438437e+02   1.000000e+02
6.483534e+00   6.582999e+02   1.000000e+02
6.543586e+00   6.729464e+02   1.000000e+02
6.604194e+00   6.877814e+02   1.000000e+02
6.665363e+00   7.028033e+02   1.000000e+02
6.727099e+00   7.180102e+02   1.000000e+02
6.789407e+00   7.334002e+02   1.000000e+02
6.852292e+00   7.489710e+02   1.000000e+02
6.915759e+00   7.647203e+02   1.000000e+02
6.979814e+00   7.806458e+02   1.000000e+02
7.044462e+00   7.967447e+02   1.000000e+02
7.109709e+00   8.130144e+02   1.000000e+02
7.175561e+00   8.294518e+02   1.000000e+02
7.242022e+00   8.460539e+02   1.000000e+02
7.309099e+00   8.628174e+02   1.000000e+02
7.376798e+00   8.797390e+02   1.000000e+02
7.445123e+00   8.968149e+02   1.000000e+02
7.514081e+00   9.140415e+02   1.000000e+02
7.583678e+00   9.314150e+02   1.000000e+02
7.653919e+00   9.489313e+02   1.000000e+02
7.724811e+00   9.665861e+02   1.000000e+02
7.796360e+00   9.843751e+02   1.000000e+02
7.868572e+00   1.002294e+03   1.000000e+02
7.941452e+00   1.020338e+03   1.000000e+02
8.015007e+00   1.038502e+03   1.000000e+02
8.089243e+00   1.056781e+03   1.000000e+02
8.164168e+00   1.075170e+03   1.000000e+02
8.239786e+00   1.093663e+03   1.000000e+02
8.316104e+00   1.112253e+03   1.000000e+02
8.393129e+00   1.130936e+03   1.000000e+02
8.470868e+00   1.149704e+03   1.000000e+02
8.549327e+00   1.168551e+03   1.000000e+02
8.628513e+00   1.187470e+03   1.000000e+02
8.708431e+00   1.206455e+03   1.000000e+02
8.789091e+00   1.225499e+03   1.000000e+02
8.870497e+00   1.244594e+03   1.000000e+02
8.952657e+00   1.263734e+03   1.000000e+02
9.035578e+00   1.282910e+03   1.000000e+02
9.119268e+00   1.302116e+03   1.000000e+02
9.203732e+00   1.321343e+03   1.000000e+02
9.288979e+00   1.340583e+03   1.000000e+02
9.375015e+00   1.359829e+03   1.000000e+02
9.461848e+00   1.379072e+03   1.000000e+02
9.549486e+00   1.398304e+03   1.000000e+02
9.637935e+00   1.417517e+03   1.000000e+02
9.727203e+00   1.436702e+03   1.000000e+02
9.817298e+00   1.455850e+03   1.000000e+02
9.908228e+00   1.474952e+03   1.000000e+02
1.000000e+01   1.494000e+03   1.000000e+02
