# O19 + p > N16 + a   [O19_p__N16_a]   ref=TALYS2, Koning et al. 2023
# detailed balance: alpha=0.39228 beta=0 gamma=-29.1883  Q=2.5153
# T9                 rate                error
1.000000e-03   1.000000e-35   1.000000e+02
1.009262e-03   1.006122e-35   1.000000e+02
1.018610e-03   1.011503e-35   1.000000e+02
1.028045e-03   1.016143e-35   1.000000e+02
1.037567e-03   1.020046e-35   1.000000e+02
1.047177e-03   1.023217e-35   1.000000e+02
1.056876e-03   1.025661e-35   1.000000e+02
1.066665e-03   1.027389e-35   1.000000e+02
1.076545e-03   1.028408e-35   1.000000e+02
1.086516e-03   1.028732e-35   1.000000e+02
1.096579e-03   1.028373e-35   1.000000e+02
1.106736e-03   1.027346e-35   1.000000e+02
1.116987e-03   1.025665e-35   1.000000e+02
1.127333e-03   1.023349e-35   1.000000e+02
1.137774e-03   1.020414e-35   1.000000e+02
1.148312e-03   1.016879e-35   1.000000e+02
1.158948e-03   1.012765e-35   1.000000e+02
1.169683e-03   1.008092e-35   1.000000e+02
1.180517e-03   1.002880e-35   1.000000e+02
1.191451e-03   9.971520e-36   1.000000e+02
1.202486e-03   9.909301e-36   1.000000e+02
1.213624e-03   9.842370e-36   1.000000e+02
1.224865e-03   9.770956e-36   1.000000e+02
1.236210e-03   9.695294e-36   1.000000e+02
1.247660e-03   9.615616e-36   1.000000e+02
1.259216e-03   9.532159e-36   1.000000e+02
1.270879e-03   9.445158e-36   1.000000e+02
1.282650e-03   9.354847e-36   1.000000e+02
1.294530e-03   9.261460e-36   1.000000e+02
1.306520e-03   9.165227e-36   1.000000e+02
1.318621e-03   9.066378e-36   1.000000e+02
1.330835e-03   8.965138e-36   1.000000e+02
1.343161e-03   8.861729e-36   1.000000e+02
1.355602e-03   8.756368e-36   1.000000e+02
1.368158e-03   8.649269e-36   1.000000e+02
1.380830e-03   8.540639e-36   1.000000e+02
1.393619e-03   8.430682e-36   1.000000e+02
1.406527e-03   8.319593e-36   1.000000e+02
1.419555e-03   8.207566e-36   1.000000e+02
1.432703e-03   8.094784e-36   1.000000e+02
1.445973e-03   7.981427e-36   1.000000e+02
1.459366e-03   7.867666e-36   1.000000e+02
1.472883e-03   7.753668e-36   1.000000e+02
1.486525e-03   7.639592e-36   1.000000e+02
1.500293e-03   7.525589e-36   1.000000e+02
1.514189e-03   7.411805e-36   1.000000e+02
1.528214e-03   7.298379e-36   1.000000e+02
1.542369e-03   7.185442e-36   1.000000e+02
1.556654e-03   7.073120e-36   1.000000e+02
1.571072e-03   6.961530e-36   1.000000e+02
1.585624e-03   6.850786e-36   1.000000e+02
1.600310e-03   6.740991e-36   1.000000e+02
1.615133e-03   6.632245e-36   1.000000e+02
1.630092e-03   6.524641e-36   1.000000e+02
1.645191e-03   6.418265e-36   1.000000e+02
1.660429e-03   6.313197e-36   1.000000e+02
1.675808e-03   6.209514e-36   1.000000e+02
1.691330e-03   6.107284e-36   1.000000e+02
1.706995e-03   6.006571e-36   1.000000e+02
1.722805e-03   5.907434e-36   1.000000e+02
1.738762e-03   5.809927e-36   1.000000e+02
1.754867e-03   5.714098e-36   1.000000e+02
1.771121e-03   5.619993e-36   1.000000e+02
1.787526e-03   5.527652e-36   1.000000e+02
1.804082e-03   5.437110e-36   1.000000e+02
1.820792e-03   5.348399e-36   1.000000e+02
1.837656e-03   5.261549e-36   1.000000e+02
1.854677e-03   5.176584e-36   1.000000e+02
1.871855e-03   5.093525e-36   1.000000e+02
1.889193e-03   5.012391e-36   1.000000e+02
1.906691e-03   4.933199e-36   1.000000e+02
1.924351e-03   4.855960e-36   1.000000e+02
1.942175e-03   4.780685e-36   1.000000e+02
1.960163e-03   4.707384e-36   1.000000e+02
1.978319e-03   4.636061e-36   1.000000e+02
1.996642e-03   4.566722e-36   1.000000e+02
2.015136e-03   4.499370e-36   1.000000e+02
2.033800e-03   4.434005e-36   1.000000e+02
2.052638e-03   4.370628e-36   1.000000e+02
2.071650e-03   4.309237e-36   1.000000e+02
2.090838e-03   4.249830e-36   1.000000e+02
2.110203e-03   4.192404e-36   1.000000e+02
2.129749e-03   4.136957e-36   1.000000e+02
2.149475e-03   4.083482e-36   1.000000e+02
2.169384e-03   4.031978e-36   1.000000e+02
2.189477e-03   3.982438e-36   1.000000e+02
2.209756e-03   3.934858e-36   1.000000e+02
2.230223e-03   3.889235e-36   1.000000e+02
2.250880e-03   3.845563e-36   1.000000e+02
2.271728e-03   3.803840e-36   1.000000e+02
2.292769e-03   3.764061e-36   1.000000e+02
2.314005e-03   3.726226e-36   1.000000e+02
2.335438e-03   3.690332e-36   1.000000e+02
2.357069e-03   3.656379e-36   1.000000e+02
2.378901e-03   3.624367e-36   1.000000e+02
2.400935e-03   3.594300e-36   1.000000e+02
2.423173e-03   3.566179e-36   1.000000e+02
2.445617e-03   3.540010e-36   1.000000e+02
2.468268e-03   3.515800e-36   1.000000e+02
2.491130e-03   3.493557e-36   1.000000e+02
2.514203e-03   3.473293e-36   1.000000e+02
2.537490e-03   3.455019e-36   1.000000e+02
2.560993e-03   3.438752e-36   1.000000e+02
2.584714e-03   3.424510e-36   1.000000e+02
2.608654e-03   3.412312e-36   1.000000e+02
2.632815e-03   3.402183e-36   1.000000e+02
2.657201e-03   3.394149e-36   1.000000e+02
2.681813e-03   3.388242e-36   1.000000e+02
2.706652e-03   3.384493e-36   1.000000e+02
2.731722e-03   3.382942e-36   1.000000e+02
2.757023e-03   3.383630e-36   1.000000e+02
2.782559e-03   3.386603e-36   1.000000e+02
2.808332e-03   3.391912e-36   1.000000e+02
2.834343e-03   3.399613e-36   1.000000e+02
2.860596e-03   3.409769e-36   1.000000e+02
2.887091e-03   3.422445e-36   1.000000e+02
2.913832e-03   3.437716e-36   1.000000e+02
2.940820e-03   3.455661e-36   1.000000e+02
2.968059e-03   3.476368e-36   1.000000e+02
2.995549e-03   3.499932e-36   1.000000e+02
3.023295e-03   3.526426e-36   1.000000e+02
3.051297e-03   3.555744e-36   1.000000e+02
3.079559e-03   3.587703e-36   1.000000e+02
3.108082e-03   3.622116e-36   1.000000e+02
3.136870e-03   3.658796e-36   1.000000e+02
3.165924e-03   3.697544e-36   1.000000e+02
3.195248e-03   3.738160e-36   1.000000e+02
3.224842e-03   3.780432e-36   1.000000e+02
3.254712e-03   3.824140e-36   1.000000e+02
3.284857e-03   3.869052e-36   1.000000e+02
3.315282e-03   3.914928e-36   1.000000e+02
3.345989e-03   3.961511e-36   1.000000e+02
3.376980e-03   4.008536e-36   1.000000e+02
3.408259e-03   4.055723e-36   1.000000e+02
3.439826e-03   4.102778e-36   1.000000e+02
3.471687e-03   4.149396e-36   1.000000e+02
3.503842e-03   4.195256e-36   1.000000e+02
3.536296e-03   4.240027e-36   1.000000e+02
3.569049e-03   4.283364e-36   1.000000e+02
3.602107e-03   4.324914e-36   1.000000e+02
3.635470e-03   4.364312e-36   1.000000e+02
3.669142e-03   4.401185e-36   1.000000e+02
3.703127e-03   4.435155e-36   1.000000e+02
3.737426e-03   4.465838e-36   1.000000e+02
3.772042e-03   4.492851e-36   1.000000e+02
3.806980e-03   4.515810e-36   1.000000e+02
3.842241e-03   4.534334e-36   1.000000e+02
3.877828e-03   4.548053e-36   1.000000e+02
3.913746e-03   4.556604e-36   1.000000e+02
3.949995e-03   4.559642e-36   1.000000e+02
3.986581e-03   4.556836e-36   1.000000e+02
4.023506e-03   4.547997e-36   1.000000e+02
4.060772e-03   4.534455e-36   1.000000e+02
4.098384e-03   4.518586e-36   1.000000e+02
4.136344e-03   4.502765e-36   1.000000e+02
4.174655e-03   4.489332e-36   1.000000e+02
4.213322e-03   4.480603e-36   1.000000e+02
4.252346e-03   4.478887e-36   1.000000e+02
4.291732e-03   4.486516e-36   1.000000e+02
4.331483e-03   4.505888e-36   1.000000e+02
4.371602e-03   4.539522e-36   1.000000e+02
4.412093e-03   4.590130e-36   1.000000e+02
4.452959e-03   4.660705e-36   1.000000e+02
4.494203e-03   4.754628e-36   1.000000e+02
4.535829e-03   4.875806e-36   1.000000e+02
4.577841e-03   5.028838e-36   1.000000e+02
4.620241e-03   5.219236e-36   1.000000e+02
4.663035e-03   5.453694e-36   1.000000e+02
4.706225e-03   5.740448e-36   1.000000e+02
4.749815e-03   6.089736e-36   1.000000e+02
4.793808e-03   6.514416e-36   1.000000e+02
4.838210e-03   7.030778e-36   1.000000e+02
4.883022e-03   7.659645e-36   1.000000e+02
4.928250e-03   8.427873e-36   1.000000e+02
4.973896e-03   9.370393e-36   1.000000e+02
5.019965e-03   1.053292e-35   1.000000e+02
5.066461e-03   1.197046e-35   1.000000e+02
5.113388e-03   1.374757e-35   1.000000e+02
5.160749e-03   1.594635e-35   1.000000e+02
5.208549e-03   1.867175e-35   1.000000e+02
5.256791e-03   2.205792e-35   1.000000e+02
5.305481e-03   2.627648e-35   1.000000e+02
5.354621e-03   3.154720e-35   1.000000e+02
5.404216e-03   3.815161e-35   1.000000e+02
5.454271e-03   4.645058e-35   1.000000e+02
5.504790e-03   5.690665e-35   1.000000e+02
5.555776e-03   7.011263e-35   1.000000e+02
5.607235e-03   8.682772e-35   1.000000e+02
5.659170e-03   1.080232e-34   1.000000e+02
5.711586e-03   1.349397e-34   1.000000e+02
5.764488e-03   1.691586e-34   1.000000e+02
5.817880e-03   2.126904e-34   1.000000e+02
5.871766e-03   2.680825e-34   1.000000e+02
5.926152e-03   3.385506e-34   1.000000e+02
5.981041e-03   4.281350e-34   1.000000e+02
6.036439e-03   5.419074e-34   1.000000e+02
6.092349e-03   6.865184e-34   1.000000e+02
6.148778e-03   8.707574e-34   1.000000e+02
6.205729e-03   1.106108e-33   1.000000e+02
6.263207e-03   1.407638e-33   1.000000e+02
6.321218e-03   1.795209e-33   1.000000e+02
6.379767e-03   2.295129e-33   1.000000e+02
6.438857e-03   2.942423e-33   1.000000e+02
6.498495e-03   3.783958e-33   1.000000e+02
6.558686e-03   4.882796e-33   1.000000e+02
6.619433e-03   6.324254e-33   1.000000e+02
6.680744e-03   8.224437e-33   1.000000e+02
6.742622e-03   1.074229e-32   1.000000e+02
6.805074e-03   1.409674e-32   1.000000e+02
6.868104e-03   1.859128e-32   1.000000e+02
6.931717e-03   2.464940e-32   1.000000e+02
6.995920e-03   3.286605e-32   1.000000e+02
7.060718e-03   4.407955e-32   1.000000e+02
7.126115e-03   5.945932e-32   1.000000e+02
7.192119e-03   8.064770e-32   1.000000e+02
7.258734e-03   1.099638e-31   1.000000e+02
7.325965e-03   1.506916e-31   1.000000e+02
7.393820e-03   2.074943e-31   1.000000e+02
7.462303e-03   2.870104e-31   1.000000e+02
7.531420e-03   3.987121e-31   1.000000e+02
7.601178e-03   5.561447e-31   1.000000e+02
7.671581e-03   7.787158e-31   1.000000e+02
7.742637e-03   1.094282e-30   1.000000e+02
7.814351e-03   1.542889e-30   1.000000e+02
7.886729e-03   2.182185e-30   1.000000e+02
7.959777e-03   3.095254e-30   1.000000e+02
8.033502e-03   4.402052e-30   1.000000e+02
8.107910e-03   6.280252e-30   1.000000e+02
8.183007e-03   8.999364e-30   1.000000e+02
8.258799e-03   1.296963e-29   1.000000e+02
8.335294e-03   1.882315e-29   1.000000e+02
8.412497e-03   2.754702e-29   1.000000e+02
8.490415e-03   4.070448e-29   1.000000e+02
8.569055e-03   6.080839e-29   1.000000e+02
8.648423e-03   9.196161e-29   1.000000e+02
8.728527e-03   1.409742e-28   1.000000e+02
8.809372e-03   2.193465e-28   1.000000e+02
8.890966e-03   3.468550e-28   1.000000e+02
8.973316e-03   5.581613e-28   1.000000e+02
9.056428e-03   9.149339e-28   1.000000e+02
9.140311e-03   1.523531e-27   1.000000e+02
9.224970e-03   2.564187e-27   1.000000e+02
9.310413e-03   4.339846e-27   1.000000e+02
9.396648e-03   7.348775e-27   1.000000e+02
9.483682e-03   1.238686e-26   1.000000e+02
9.571522e-03   2.067772e-26   1.000000e+02
9.660175e-03   3.401176e-26   1.000000e+02
9.749649e-03   5.484410e-26   1.000000e+02
9.839952e-03   8.625712e-26   1.000000e+02
9.931092e-03   1.316478e-25   1.000000e+02
1.002308e-02   1.939936e-25   1.000000e+02
1.011591e-02   2.754864e-25   1.000000e+02
1.020961e-02   3.786373e-25   1.000000e+02
1.030417e-02   5.062170e-25   1.000000e+02
1.039961e-02   6.616372e-25   1.000000e+02
1.049593e-02   8.496746e-25   1.000000e+02
1.059315e-02   1.077494e-24   1.000000e+02
1.069126e-02   1.356082e-24   1.000000e+02
1.079029e-02   1.702338e-24   1.000000e+02
1.089023e-02   2.142272e-24   1.000000e+02
1.099110e-02   2.716136e-24   1.000000e+02
1.109290e-02   3.484144e-24   1.000000e+02
1.119564e-02   4.521145e-24   1.000000e+02
1.129934e-02   5.925687e-24   1.000000e+02
1.140400e-02   7.832429e-24   1.000000e+02
1.150962e-02   1.042441e-23   1.000000e+02
1.161623e-02   1.394869e-23   1.000000e+02
1.172382e-02   1.873580e-23   1.000000e+02
1.183241e-02   2.522303e-23   1.000000e+02
1.194200e-02   3.398117e-23   1.000000e+02
1.205261e-02   4.574470e-23   1.000000e+02
1.216424e-02   6.149674e-23   1.000000e+02
1.227691e-02   8.259429e-23   1.000000e+02
1.239062e-02   1.108749e-22   1.000000e+02
1.250539e-02   1.488336e-22   1.000000e+02
1.262121e-02   1.998718e-22   1.000000e+02
1.273811e-02   2.686480e-22   1.000000e+02
1.285610e-02   3.615733e-22   1.000000e+02
1.297517e-02   4.875153e-22   1.000000e+02
1.309535e-02   6.587735e-22   1.000000e+02
1.321664e-02   8.921754e-22   1.000000e+02
1.333906e-02   1.210778e-21   1.000000e+02
1.346261e-02   1.646313e-21   1.000000e+02
1.358730e-02   2.242475e-21   1.000000e+02
1.371315e-02   3.059452e-21   1.000000e+02
1.384016e-02   4.180172e-21   1.000000e+02
1.396835e-02   5.718901e-21   1.000000e+02
1.409773e-02   7.833177e-21   1.000000e+02
1.422830e-02   1.074127e-20   1.000000e+02
1.436009e-02   1.474601e-20   1.000000e+02
1.449310e-02   2.026769e-20   1.000000e+02
1.462733e-02   2.789031e-20   1.000000e+02
1.476281e-02   3.842654e-20   1.000000e+02
1.489955e-02   5.300872e-20   1.000000e+02
1.503755e-02   7.321674e-20   1.000000e+02
1.517683e-02   1.012565e-19   1.000000e+02
1.531740e-02   1.402084e-19   1.000000e+02
1.545928e-02   1.943804e-19   1.000000e+02
1.560246e-02   2.698027e-19   1.000000e+02
1.574698e-02   3.749243e-19   1.000000e+02
1.589283e-02   5.215941e-19   1.000000e+02
1.604003e-02   7.264433e-19   1.000000e+02
1.618860e-02   1.012830e-18   1.000000e+02
1.633854e-02   1.413572e-18   1.000000e+02
1.648987e-02   1.974816e-18   1.000000e+02
1.664260e-02   2.761487e-18   1.000000e+02
1.679675e-02   3.864983e-18   1.000000e+02
1.695232e-02   5.414036e-18   1.000000e+02
1.710934e-02   7.590040e-18   1.000000e+02
1.726781e-02   1.064871e-17   1.000000e+02
1.742775e-02   1.495065e-17   1.000000e+02
1.758917e-02   2.100459e-17   1.000000e+02
1.775208e-02   2.952840e-17   1.000000e+02
1.791650e-02   4.153533e-17   1.000000e+02
1.808245e-02   5.845591e-17   1.000000e+02
1.824993e-02   8.231191e-17   1.000000e+02
1.841897e-02   1.159634e-16   1.000000e+02
1.858957e-02   1.634571e-16   1.000000e+02
1.876175e-02   2.305218e-16   1.000000e+02
1.893552e-02   3.252718e-16   1.000000e+02
1.911091e-02   4.592061e-16   1.000000e+02
1.928792e-02   6.486295e-16   1.000000e+02
1.946656e-02   9.166724e-16   1.000000e+02
1.964687e-02   1.296167e-15   1.000000e+02
1.982884e-02   1.833739e-15   1.000000e+02
2.001250e-02   2.595642e-15   1.000000e+02
2.019786e-02   3.675961e-15   1.000000e+02
2.038493e-02   5.207891e-15   1.000000e+02
2.057374e-02   7.379991e-15   1.000000e+02
2.076430e-02   1.045901e-14   1.000000e+02
2.095662e-02   1.482189e-14   1.000000e+02
2.115073e-02   2.100067e-14   1.000000e+02
2.134663e-02   2.974519e-14   1.000000e+02
2.154435e-02   4.211069e-14   1.000000e+02
2.174389e-02   5.957962e-14   1.000000e+02
2.194529e-02   8.423077e-14   1.000000e+02
2.214855e-02   1.189732e-13   1.000000e+02
2.235370e-02   1.678692e-13   1.000000e+02
2.256074e-02   2.365778e-13   1.000000e+02
2.276970e-02   3.329629e-13   1.000000e+02
2.298060e-02   4.679231e-13   1.000000e+02
2.319345e-02   6.565195e-13   1.000000e+02
2.340827e-02   9.195032e-13   1.000000e+02
2.362508e-02   1.285373e-12   1.000000e+02
2.384390e-02   1.793135e-12   1.000000e+02
2.406475e-02   2.495989e-12   1.000000e+02
2.428764e-02   3.466221e-12   1.000000e+02
2.451260e-02   4.801658e-12   1.000000e+02
2.473964e-02   6.634155e-12   1.000000e+02
2.496878e-02   9.140652e-12   1.000000e+02
2.520005e-02   1.255792e-11   1.000000e+02
2.543346e-02   1.720452e-11   1.000000e+02
2.566903e-02   2.350814e-11   1.000000e+02
2.590678e-02   3.204144e-11   1.000000e+02
2.614673e-02   4.357029e-11   1.000000e+02
2.638891e-02   5.911806e-11   1.000000e+02
2.663333e-02   8.005124e-11   1.000000e+02
2.688001e-02   1.081934e-10   1.000000e+02
2.712898e-02   1.459773e-10   1.000000e+02
2.738025e-02   1.966475e-10   1.000000e+02
2.763385e-02   2.645310e-10   1.000000e+02
2.788980e-02   3.553995e-10   1.000000e+02
2.814812e-02   4.769532e-10   1.000000e+02
2.840884e-02   6.394702e-10   1.000000e+02
2.867196e-02   8.566771e-10   1.000000e+02
2.893753e-02   1.146920e-09   1.000000e+02
2.920556e-02   1.534740e-09   1.000000e+02
2.947606e-02   2.053001e-09   1.000000e+02
2.974908e-02   2.745763e-09   1.000000e+02
3.002462e-02   3.672171e-09   1.000000e+02
3.030271e-02   4.910708e-09   1.000000e+02
3.058338e-02   6.561767e-09   1.000000e+02
3.086665e-02   8.753736e-09   1.000000e+02
3.115254e-02   1.164937e-08   1.000000e+02
3.144108e-02   1.545214e-08   1.000000e+02
3.173230e-02   2.041231e-08   1.000000e+02
3.202621e-02   2.683204e-08   1.000000e+02
3.232284e-02   3.506820e-08   1.000000e+02
3.262222e-02   4.553154e-08   1.000000e+02
3.292437e-02   5.868005e-08   1.000000e+02
3.322933e-02   7.500471e-08   1.000000e+02
3.353710e-02   9.500510e-08   1.000000e+02
3.384773e-02   1.191533e-07   1.000000e+02
3.416123e-02   1.478451e-07   1.000000e+02
3.447764e-02   1.813382e-07   1.000000e+02
3.479698e-02   2.196818e-07   1.000000e+02
3.511928e-02   2.626404e-07   1.000000e+02
3.544456e-02   3.096224e-07   1.000000e+02
3.577285e-02   3.596226e-07   1.000000e+02
3.610419e-02   4.111931e-07   1.000000e+02
3.643859e-02   4.624550e-07   1.000000e+02
3.677609e-02   5.111617e-07   1.000000e+02
3.711672e-02   5.548210e-07   1.000000e+02
3.746050e-02   5.908724e-07   1.000000e+02
3.780747e-02   6.169091e-07   1.000000e+02
3.815765e-02   6.309223e-07   1.000000e+02
3.851107e-02   6.315362e-07   1.000000e+02
3.886777e-02   6.181996e-07   1.000000e+02
3.922777e-02   5.913000e-07   1.000000e+02
3.959110e-02   5.521743e-07   1.000000e+02
3.995780e-02   5.030071e-07   1.000000e+02
4.032790e-02   4.467954e-07   1.000000e+02
4.070142e-02   3.876402e-07   1.000000e+02
4.107841e-02   3.293170e-07   1.000000e+02
4.145888e-02   2.746278e-07   1.000000e+02
4.184289e-02   2.253718e-07   1.000000e+02
4.223044e-02   1.824566e-07   1.000000e+02
4.262159e-02   1.460846e-07   1.000000e+02
4.301636e-02   1.159615e-07   1.000000e+02
4.341478e-02   9.148873e-08   1.000000e+02
4.381690e-02   7.191937e-08   1.000000e+02
4.422274e-02   5.647138e-08   1.000000e+02
4.463234e-02   4.440125e-08   1.000000e+02
4.504573e-02   3.504499e-08   1.000000e+02
4.546295e-02   2.783562e-08   1.000000e+02
4.588404e-02   2.230486e-08   1.000000e+02
4.630903e-02   1.807599e-08   1.000000e+02
4.673795e-02   1.485211e-08   1.000000e+02
4.717085e-02   1.240332e-08   1.000000e+02
4.760775e-02   1.055435e-08   1.000000e+02
4.804870e-02   9.173774e-09   1.000000e+02
4.849374e-02   8.165221e-09   1.000000e+02
4.894290e-02   7.460554e-09   1.000000e+02
4.939622e-02   7.015155e-09   1.000000e+02
4.985373e-02   6.805287e-09   1.000000e+02
5.031549e-02   6.826032e-09   1.000000e+02
5.078152e-02   7.075567e-09   1.000000e+02
5.125187e-02   7.561955e-09   1.000000e+02
5.172657e-02   8.313513e-09   1.000000e+02
5.220568e-02   9.380163e-09   1.000000e+02
5.268921e-02   1.083700e-08   1.000000e+02
5.317723e-02   1.279025e-08   1.000000e+02
5.366977e-02   1.538569e-08   1.000000e+02
5.416687e-02   1.882007e-08   1.000000e+02
5.466857e-02   2.335552e-08   1.000000e+02
5.517492e-02   2.933724e-08   1.000000e+02
5.568596e-02   3.721417e-08   1.000000e+02
5.620174e-02   4.756139e-08   1.000000e+02
5.672229e-02   6.110199e-08   1.000000e+02
5.724766e-02   7.872427e-08   1.000000e+02
5.777790e-02   1.014874e-07   1.000000e+02
5.831305e-02   1.306061e-07   1.000000e+02
5.885316e-02   1.674018e-07   1.000000e+02
5.939827e-02   2.132065e-07   1.000000e+02
5.994843e-02   2.692040e-07   1.000000e+02
6.050368e-02   3.363267e-07   1.000000e+02
6.106408e-02   4.157632e-07   1.000000e+02
6.162966e-02   5.088871e-07   1.000000e+02
6.220049e-02   6.171258e-07   1.000000e+02
6.277660e-02   7.419744e-07   1.000000e+02
6.335805e-02   8.850202e-07   1.000000e+02
6.394488e-02   1.047979e-06   1.000000e+02
6.453715e-02   1.232745e-06   1.000000e+02
6.513491e-02   1.441456e-06   1.000000e+02
6.573820e-02   1.676575e-06   1.000000e+02
6.634708e-02   1.940994e-06   1.000000e+02
6.696160e-02   2.238159e-06   1.000000e+02
6.758181e-02   2.572229e-06   1.000000e+02
6.820777e-02   2.948262e-06   1.000000e+02
6.883952e-02   3.372459e-06   1.000000e+02
6.947713e-02   3.852454e-06   1.000000e+02
7.012064e-02   4.397683e-06   1.000000e+02
7.077011e-02   5.018672e-06   1.000000e+02
7.142559e-02   5.725001e-06   1.000000e+02
7.208715e-02   6.526705e-06   1.000000e+02
7.275484e-02   7.434536e-06   1.000000e+02
7.342870e-02   8.459896e-06   1.000000e+02
7.410882e-02   9.614734e-06   1.000000e+02
7.479523e-02   1.091140e-05   1.000000e+02
7.548799e-02   1.236244e-05   1.000000e+02
7.618718e-02   1.398037e-05   1.000000e+02
7.689284e-02   1.577733e-05   1.000000e+02
7.760503e-02   1.776472e-05   1.000000e+02
7.832383e-02   1.995277e-05   1.000000e+02
7.904928e-02   2.235001e-05   1.000000e+02
7.978145e-02   2.496271e-05   1.000000e+02
8.052040e-02   2.779329e-05   1.000000e+02
8.126619e-02   3.082908e-05   1.000000e+02
8.201889e-02   3.404087e-05   1.000000e+02
8.277857e-02   3.738578e-05   1.000000e+02
8.354528e-02   4.080596e-05   1.000000e+02
8.431909e-02   4.422811e-05   1.000000e+02
8.510007e-02   4.756379e-05   1.000000e+02
8.588829e-02   5.071121e-05   1.000000e+02
8.668380e-02   5.355830e-05   1.000000e+02
8.748668e-02   5.598749e-05   1.000000e+02
8.829700e-02   5.788185e-05   1.000000e+02
8.911482e-02   5.913262e-05   1.000000e+02
8.994022e-02   5.964733e-05   1.000000e+02
9.077327e-02   5.938871e-05   1.000000e+02
9.161402e-02   5.849885e-05   1.000000e+02
9.246257e-02   5.718048e-05   1.000000e+02
9.331898e-02   5.563288e-05   1.000000e+02
9.418332e-02   5.404123e-05   1.000000e+02
9.505566e-02   5.257208e-05   1.000000e+02
9.593608e-02   5.137452e-05   1.000000e+02
9.682466e-02   5.058591e-05   1.000000e+02
9.772147e-02   5.034160e-05   1.000000e+02
9.862658e-02   5.078863e-05   1.000000e+02
9.954008e-02   5.210441e-05   1.000000e+02
1.004620e-01   5.451620e-05   1.000000e+02
1.013925e-01   5.818403e-05   1.000000e+02
1.023317e-01   6.318329e-05   1.000000e+02
1.032795e-01   6.962452e-05   1.000000e+02
1.042361e-01   7.764709e-05   1.000000e+02
1.052015e-01   8.740423e-05   1.000000e+02
1.061759e-01   9.904338e-05   1.000000e+02
1.071593e-01   1.126797e-04   1.000000e+02
1.081519e-01   1.283613e-04   1.000000e+02
1.091536e-01   1.460267e-04   1.000000e+02
1.101646e-01   1.654561e-04   1.000000e+02
1.111850e-01   1.863866e-04   1.000000e+02
1.122148e-01   2.088413e-04   1.000000e+02
1.132541e-01   2.329289e-04   1.000000e+02
1.143031e-01   2.588038e-04   1.000000e+02
1.153618e-01   2.866773e-04   1.000000e+02
1.164303e-01   3.168302e-04   1.000000e+02
1.175087e-01   3.496276e-04   1.000000e+02
1.185971e-01   3.855368e-04   1.000000e+02
1.196956e-01   4.251500e-04   1.000000e+02
1.208042e-01   4.691826e-04   1.000000e+02
1.219231e-01   5.182121e-04   1.000000e+02
1.230524e-01   5.727115e-04   1.000000e+02
1.241921e-01   6.331721e-04   1.000000e+02
1.253424e-01   7.001002e-04   1.000000e+02
1.265034e-01   7.740092e-04   1.000000e+02
1.276751e-01   8.554106e-04   1.000000e+02
1.288576e-01   9.448017e-04   1.000000e+02
1.300511e-01   1.042652e-03   1.000000e+02
1.312557e-01   1.149405e-03   1.000000e+02
1.324714e-01   1.265529e-03   1.000000e+02
1.336984e-01   1.391467e-03   1.000000e+02
1.349367e-01   1.527606e-03   1.000000e+02
1.361865e-01   1.674263e-03   1.000000e+02
1.374479e-01   1.831663e-03   1.000000e+02
1.387210e-01   1.999925e-03   1.000000e+02
1.400058e-01   2.179034e-03   1.000000e+02
1.413026e-01   2.369144e-03   1.000000e+02
1.426114e-01   2.571714e-03   1.000000e+02
1.439323e-01   2.788957e-03   1.000000e+02
1.452654e-01   3.023659e-03   1.000000e+02
1.466109e-01   3.279289e-03   1.000000e+02
1.479688e-01   3.560135e-03   1.000000e+02
1.493393e-01   3.871482e-03   1.000000e+02
1.507225e-01   4.219727e-03   1.000000e+02
1.521186e-01   4.610206e-03   1.000000e+02
1.535275e-01   5.046502e-03   1.000000e+02
1.549495e-01   5.532113e-03   1.000000e+02
1.563847e-01   6.070416e-03   1.000000e+02
1.578331e-01   6.664523e-03   1.000000e+02
1.592950e-01   7.317103e-03   1.000000e+02
1.607704e-01   8.030268e-03   1.000000e+02
1.622595e-01   8.807324e-03   1.000000e+02
1.637624e-01   9.653368e-03   1.000000e+02
1.652792e-01   1.057393e-02   1.000000e+02
1.668101e-01   1.157494e-02   1.000000e+02
1.683551e-01   1.266272e-02   1.000000e+02
1.699144e-01   1.384406e-02   1.000000e+02
1.714882e-01   1.512619e-02   1.000000e+02
1.730766e-01   1.651684e-02   1.000000e+02
1.746796e-01   1.802427e-02   1.000000e+02
1.762975e-01   1.965728e-02   1.000000e+02
1.779304e-01   2.142524e-02   1.000000e+02
1.795785e-01   2.333815e-02   1.000000e+02
1.812418e-01   2.540673e-02   1.000000e+02
1.829205e-01   2.764316e-02   1.000000e+02
1.846147e-01   3.006108e-02   1.000000e+02
1.863246e-01   3.267540e-02   1.000000e+02
1.880504e-01   3.550244e-02   1.000000e+02
1.897922e-01   3.856007e-02   1.000000e+02
1.915501e-01   4.186789e-02   1.000000e+02
1.933242e-01   4.544745e-02   1.000000e+02
1.951148e-01   4.932245e-02   1.000000e+02
1.969220e-01   5.351897e-02   1.000000e+02
1.987460e-01   5.806579e-02   1.000000e+02
2.005868e-01   6.299465e-02   1.000000e+02
2.024447e-01   6.833915e-02   1.000000e+02
2.043197e-01   7.413351e-02   1.000000e+02
2.062122e-01   8.041439e-02   1.000000e+02
2.081222e-01   8.722124e-02   1.000000e+02
2.100498e-01   9.459652e-02   1.000000e+02
2.119953e-01   1.025859e-01   1.000000e+02
2.139589e-01   1.112384e-01   1.000000e+02
2.159406e-01   1.206067e-01   1.000000e+02
2.179407e-01   1.307474e-01   1.000000e+02
2.199593e-01   1.417212e-01   1.000000e+02
2.219966e-01   1.535931e-01   1.000000e+02
2.240528e-01   1.664326e-01   1.000000e+02
2.261280e-01   1.803146e-01   1.000000e+02
2.282224e-01   1.953185e-01   1.000000e+02
2.303363e-01   2.115299e-01   1.000000e+02
2.324697e-01   2.290396e-01   1.000000e+02
2.346229e-01   2.479449e-01   1.000000e+02
2.367960e-01   2.683494e-01   1.000000e+02
2.389893e-01   2.903636e-01   1.000000e+02
2.412028e-01   3.141049e-01   1.000000e+02
2.434369e-01   3.396984e-01   1.000000e+02
2.456916e-01   3.672769e-01   1.000000e+02
2.479673e-01   3.969814e-01   1.000000e+02
2.502640e-01   4.289615e-01   1.000000e+02
2.525820e-01   4.633774e-01   1.000000e+02
2.549215e-01   5.004053e-01   1.000000e+02
2.572826e-01   5.402347e-01   1.000000e+02
2.596656e-01   5.830684e-01   1.000000e+02
2.620707e-01   6.291236e-01   1.000000e+02
2.644980e-01   6.786328e-01   1.000000e+02
2.669478e-01   7.318449e-01   1.000000e+02
2.694204e-01   7.890266e-01   1.000000e+02
2.719158e-01   8.504631e-01   1.000000e+02
2.744343e-01   9.164602e-01   1.000000e+02
2.769762e-01   9.873451e-01   1.000000e+02
2.795416e-01   1.063468e+00   1.000000e+02
2.821308e-01   1.145205e+00   1.000000e+02
2.847439e-01   1.232958e+00   1.000000e+02
2.873813e-01   1.327157e+00   1.000000e+02
2.900430e-01   1.428263e+00   1.000000e+02
2.927295e-01   1.536772e+00   1.000000e+02
2.954408e-01   1.653212e+00   1.000000e+02
2.981772e-01   1.778151e+00   1.000000e+02
3.009390e-01   1.912197e+00   1.000000e+02
3.037264e-01   2.055992e+00   1.000000e+02
3.065395e-01   2.210204e+00   1.000000e+02
3.093788e-01   2.375542e+00   1.000000e+02
3.122443e-01   2.552759e+00   1.000000e+02
3.151363e-01   2.742653e+00   1.000000e+02
3.180552e-01   2.946070e+00   1.000000e+02
3.210011e-01   3.163907e+00   1.000000e+02
3.239743e-01   3.397114e+00   1.000000e+02
3.269750e-01   3.646694e+00   1.000000e+02
3.300035e-01   3.913711e+00   1.000000e+02
3.330600e-01   4.199286e+00   1.000000e+02
3.361449e-01   4.504607e+00   1.000000e+02
3.392583e-01   4.830924e+00   1.000000e+02
3.424006e-01   5.179557e+00   1.000000e+02
3.455720e-01   5.551898e+00   1.000000e+02
3.487727e-01   5.949409e+00   1.000000e+02
3.520031e-01   6.373638e+00   1.000000e+02
3.552635e-01   6.826279e+00   1.000000e+02
3.585540e-01   7.309185e+00   1.000000e+02
3.618750e-01   7.824334e+00   1.000000e+02
3.652267e-01   8.373837e+00   1.000000e+02
3.686095e-01   8.959949e+00   1.000000e+02
3.720237e-01   9.585080e+00   1.000000e+02
3.754694e-01   1.025181e+01   1.000000e+02
3.789471e-01   1.096288e+01   1.000000e+02
3.824570e-01   1.172124e+01   1.000000e+02
3.859994e-01   1.253005e+01   1.000000e+02
3.895746e-01   1.339267e+01   1.000000e+02
3.931829e-01   1.431272e+01   1.000000e+02
3.968246e-01   1.529406e+01   1.000000e+02
4.005001e-01   1.634085e+01   1.000000e+02
4.042096e-01   1.745739e+01   1.000000e+02
4.079535e-01   1.864792e+01   1.000000e+02
4.117320e-01   1.991683e+01   1.000000e+02
4.155455e-01   2.126868e+01   1.000000e+02
4.193944e-01   2.270824e+01   1.000000e+02
4.232789e-01   2.424048e+01   1.000000e+02
4.271994e-01   2.587054e+01   1.000000e+02
4.311562e-01   2.760379e+01   1.000000e+02
4.351497e-01   2.944577e+01   1.000000e+02
4.391801e-01   3.140219e+01   1.000000e+02
4.432479e-01   3.347896e+01   1.000000e+02
4.473533e-01   3.568215e+01   1.000000e+02
4.514968e-01   3.801801e+01   1.000000e+02
4.556786e-01   4.049348e+01   1.000000e+02
4.598992e-01   4.311671e+01   1.000000e+02
4.641589e-01   4.589640e+01   1.000000e+02
4.684580e-01   4.884184e+01   1.000000e+02
4.727970e-01   5.196292e+01   1.000000e+02
4.771761e-01   5.527020e+01   1.000000e+02
4.815958e-01   5.877497e+01   1.000000e+02
4.860564e-01   6.248928e+01   1.000000e+02
4.905584e-01   6.642600e+01   1.000000e+02
4.951020e-01   7.059891e+01   1.000000e+02
4.996877e-01   7.502278e+01   1.000000e+02
5.043159e-01   7.971316e+01   1.000000e+02
5.089870e-01   8.468546e+01   1.000000e+02
5.137014e-01   8.995555e+01   1.000000e+02
5.184594e-01   9.554009e+01   1.000000e+02
5.232614e-01   1.014566e+02   1.000000e+02
5.281080e-01   1.077234e+02   1.000000e+02
5.329994e-01   1.143598e+02   1.000000e+02
5.379362e-01   1.213859e+02   1.000000e+02
5.429186e-01   1.288231e+02   1.000000e+02
5.479472e-01   1.366933e+02   1.000000e+02
5.530224e-01   1.450199e+02   1.000000e+02
5.581446e-01   1.538271e+02   1.000000e+02
5.633143e-01   1.631404e+02   1.000000e+02
5.685318e-01   1.729864e+02   1.000000e+02
5.737976e-01   1.833928e+02   1.000000e+02
5.791123e-01   1.943886e+02   1.000000e+02
5.844761e-01   2.060041e+02   1.000000e+02
5.898896e-01   2.182708e+02   1.000000e+02
5.953533e-01   2.312218e+02   1.000000e+02
6.008676e-01   2.448913e+02   1.000000e+02
6.064329e-01   2.593154e+02   1.000000e+02
6.120498e-01   2.745328e+02   1.000000e+02
6.177188e-01   2.905843e+02   1.000000e+02
6.234402e-01   3.075126e+02   1.000000e+02
6.292146e-01   3.253623e+02   1.000000e+02
6.350425e-01   3.441804e+02   1.000000e+02
6.409244e-01   3.640159e+02   1.000000e+02
6.468608e-01   3.849202e+02   1.000000e+02
6.528521e-01   4.069475e+02   1.000000e+02
6.588990e-01   4.301539e+02   1.000000e+02
6.650018e-01   4.545988e+02   1.000000e+02
6.711612e-01   4.803440e+02   1.000000e+02
6.773776e-01   5.074545e+02   1.000000e+02
6.836516e-01   5.359981e+02   1.000000e+02
6.899837e-01   5.660459e+02   1.000000e+02
6.963745e-01   5.976726e+02   1.000000e+02
7.028244e-01   6.309559e+02   1.000000e+02
7.093341e-01   6.659770e+02   1.000000e+02
7.159041e-01   7.028198e+02   1.000000e+02
7.225349e-01   7.415722e+02   1.000000e+02
7.292272e-01   7.823255e+02   1.000000e+02
7.359814e-01   8.251754e+02   1.000000e+02
7.427982e-01   8.702215e+02   1.000000e+02
7.496782e-01   9.175677e+02   1.000000e+02
7.566219e-01   9.673224e+02   1.000000e+02
7.636298e-01   1.019599e+03   1.000000e+02
7.707027e-01   1.074514e+03   1.000000e+02
7.778411e-01   1.132191e+03   1.000000e+02
7.850456e-01   1.192759e+03   1.000000e+02
7.923169e-01   1.256349e+03   1.000000e+02
7.996555e-01   1.323101e+03   1.000000e+02
8.070620e-01   1.393160e+03   1.000000e+02
8.145372e-01   1.466676e+03   1.000000e+02
8.220816e-01   1.543808e+03   1.000000e+02
8.296959e-01   1.624719e+03   1.000000e+02
8.373807e-01   1.709581e+03   1.000000e+02
8.451366e-01   1.798572e+03   1.000000e+02
8.529644e-01   1.891877e+03   1.000000e+02
8.608648e-01   1.989690e+03   1.000000e+02
8.688383e-01   2.092212e+03   1.000000e+02
8.768856e-01   2.199652e+03   1.000000e+02
8.850075e-01   2.312227e+03   1.000000e+02
8.932046e-01   2.430165e+03   1.000000e+02
9.014776e-01   2.553701e+03   1.000000e+02
9.098273e-01   2.683080e+03   1.000000e+02
9.182543e-01   2.818556e+03   1.000000e+02
9.267593e-01   2.960392e+03   1.000000e+02
9.353432e-01   3.108861e+03   1.000000e+02
9.440065e-01   3.264249e+03   1.000000e+02
9.527500e-01   3.426850e+03   1.000000e+02
9.615746e-01   3.596970e+03   1.000000e+02
9.704809e-01   3.774929e+03   1.000000e+02
9.794697e-01   3.961056e+03   1.000000e+02
9.885417e-01   4.155693e+03   1.000000e+02
9.976978e-01   4.359196e+03   1.000000e+02
1.006939e+00   4.571934e+03   1.000000e+02
1.016265e+00   4.794291e+03   1.000000e+02
1.025678e+00   5.026666e+03   1.000000e+02
1.035178e+00   5.269473e+03   1.000000e+02
1.044766e+00   5.523144e+03   1.000000e+02
1.054443e+00   5.788123e+03   1.000000e+02
1.064209e+00   6.064874e+03   1.000000e+02
1.074066e+00   6.353876e+03   1.000000e+02
1.084014e+00   6.655628e+03   1.000000e+02
1.094055e+00   6.970646e+03   1.000000e+02
1.104188e+00   7.299464e+03   1.000000e+02
1.114415e+00   7.642639e+03   1.000000e+02
1.124737e+00   8.000745e+03   1.000000e+02
1.135155e+00   8.374378e+03   1.000000e+02
1.145669e+00   8.764156e+03   1.000000e+02
1.156280e+00   9.170720e+03   1.000000e+02
1.166990e+00   9.594732e+03   1.000000e+02
1.177799e+00   1.003688e+04   1.000000e+02
1.188708e+00   1.049788e+04   1.000000e+02
1.199718e+00   1.097846e+04   1.000000e+02
1.210830e+00   1.147939e+04   1.000000e+02
1.222045e+00   1.200146e+04   1.000000e+02
1.233363e+00   1.254549e+04   1.000000e+02
1.244787e+00   1.311232e+04   1.000000e+02
1.256317e+00   1.370284e+04   1.000000e+02
1.267953e+00   1.431798e+04   1.000000e+02
1.279697e+00   1.495875e+04   1.000000e+02
1.291550e+00   1.562620e+04   1.000000e+02
1.303512e+00   1.632141e+04   1.000000e+02
1.315586e+00   1.704553e+04   1.000000e+02
1.327771e+00   1.779975e+04   1.000000e+02
1.340069e+00   1.858532e+04   1.000000e+02
1.352481e+00   1.940353e+04   1.000000e+02
1.365008e+00   2.025576e+04   1.000000e+02
1.377651e+00   2.114341e+04   1.000000e+02
1.390411e+00   2.206798e+04   1.000000e+02
1.403289e+00   2.303102e+04   1.000000e+02
1.416287e+00   2.403416e+04   1.000000e+02
1.429405e+00   2.507910e+04   1.000000e+02
1.442644e+00   2.616761e+04   1.000000e+02
1.456006e+00   2.730157e+04   1.000000e+02
1.469492e+00   2.848293e+04   1.000000e+02
1.483103e+00   2.971373e+04   1.000000e+02
1.496839e+00   3.099612e+04   1.000000e+02
1.510703e+00   3.233229e+04   1.000000e+02
1.524696e+00   3.372421e+04   1.000000e+02
1.538818e+00   3.517368e+04   1.000000e+02
1.553071e+00   3.668254e+04   1.000000e+02
1.567455e+00   3.825263e+04   1.000000e+02
1.581973e+00   3.988580e+04   1.000000e+02
1.596626e+00   4.158387e+04   1.000000e+02
1.611414e+00   4.334870e+04   1.000000e+02
1.626340e+00   4.518210e+04   1.000000e+02
1.641403e+00   4.708589e+04   1.000000e+02
1.656606e+00   4.906183e+04   1.000000e+02
1.671950e+00   5.111168e+04   1.000000e+02
1.687436e+00   5.323714e+04   1.000000e+02
1.703065e+00   5.543987e+04   1.000000e+02
1.718839e+00   5.772146e+04   1.000000e+02
1.734759e+00   6.008344e+04   1.000000e+02
1.750827e+00   6.252725e+04   1.000000e+02
1.767044e+00   6.505462e+04   1.000000e+02
1.783410e+00   6.766850e+04   1.000000e+02
1.799929e+00   7.037231e+04   1.000000e+02
1.816600e+00   7.316966e+04   1.000000e+02
1.833425e+00   7.606440e+04   1.000000e+02
1.850407e+00   7.906062e+04   1.000000e+02
1.867546e+00   8.216266e+04   1.000000e+02
1.884843e+00   8.537515e+04   1.000000e+02
1.902301e+00   8.870301e+04   1.000000e+02
1.919921e+00   9.215147e+04   1.000000e+02
1.937703e+00   9.572612e+04   1.000000e+02
1.955651e+00   9.943288e+04   1.000000e+02
1.973764e+00   1.032781e+05   1.000000e+02
1.992046e+00   1.072685e+05   1.000000e+02
2.010496e+00   1.114111e+05   1.000000e+02
2.029118e+00   1.157125e+05   1.000000e+02
2.047912e+00   1.201780e+05   1.000000e+02
2.066880e+00   1.248134e+05   1.000000e+02
2.086024e+00   1.296245e+05   1.000000e+02
2.105345e+00   1.346173e+05   1.000000e+02
2.124845e+00   1.397979e+05   1.000000e+02
2.144526e+00   1.451727e+05   1.000000e+02
2.164389e+00   1.507481e+05   1.000000e+02
2.184436e+00   1.565306e+05   1.000000e+02
2.204669e+00   1.625272e+05   1.000000e+02
2.225089e+00   1.687446e+05   1.000000e+02
2.245698e+00   1.751899e+05   1.000000e+02
2.266498e+00   1.818704e+05   1.000000e+02
2.287491e+00   1.887934e+05   1.000000e+02
2.308678e+00   1.959665e+05   1.000000e+02
2.330061e+00   2.033972e+05   1.000000e+02
2.351643e+00   2.110935e+05   1.000000e+02
2.373424e+00   2.190631e+05   1.000000e+02
2.395407e+00   2.273143e+05   1.000000e+02
2.417594e+00   2.358552e+05   1.000000e+02
2.439986e+00   2.446942e+05   1.000000e+02
2.462586e+00   2.538396e+05   1.000000e+02
2.485395e+00   2.633000e+05   1.000000e+02
2.508415e+00   2.730842e+05   1.000000e+02
2.531648e+00   2.832015e+05   1.000000e+02
2.555097e+00   2.936622e+05   1.000000e+02
2.578763e+00   3.044773e+05   1.000000e+02
2.602648e+00   3.156578e+05   1.000000e+02
2.626754e+00   3.272153e+05   1.000000e+02
2.651084e+00   3.391614e+05   1.000000e+02
2.675638e+00   3.515084e+05   1.000000e+02
2.700421e+00   3.642687e+05   1.000000e+02
2.725433e+00   3.774554e+05   1.000000e+02
2.750676e+00   3.910817e+05   1.000000e+02
2.776153e+00   4.051614e+05   1.000000e+02
2.801867e+00   4.197084e+05   1.000000e+02
2.827818e+00   4.347375e+05   1.000000e+02
2.854010e+00   4.502635e+05   1.000000e+02
2.880444e+00   4.663019e+05   1.000000e+02
2.907123e+00   4.828687e+05   1.000000e+02
2.934050e+00   4.999802e+05   1.000000e+02
2.961225e+00   5.176534e+05   1.000000e+02
2.988653e+00   5.359056e+05   1.000000e+02
3.016334e+00   5.547548e+05   1.000000e+02
3.044272e+00   5.742187e+05   1.000000e+02
3.072469e+00   5.943148e+05   1.000000e+02
3.100927e+00   6.150610e+05   1.000000e+02
3.129648e+00   6.364755e+05   1.000000e+02
3.158635e+00   6.585770e+05   1.000000e+02
3.187891e+00   6.813845e+05   1.000000e+02
3.217418e+00   7.049175e+05   1.000000e+02
3.247218e+00   7.291957e+05   1.000000e+02
3.277295e+00   7.542393e+05   1.000000e+02
3.307650e+00   7.800688e+05   1.000000e+02
3.338286e+00   8.067052e+05   1.000000e+02
3.369206e+00   8.341699e+05   1.000000e+02
3.400412e+00   8.624844e+05   1.000000e+02
3.431907e+00   8.916710e+05   1.000000e+02
3.463694e+00   9.217520e+05   1.000000e+02
3.495776e+00   9.527502e+05   1.000000e+02
3.528154e+00   9.846890e+05   1.000000e+02
3.560833e+00   1.017592e+06   1.000000e+02
3.593814e+00   1.051484e+06   1.000000e+02
3.627100e+00   1.086390e+06   1.000000e+02
3.660695e+00   1.122335e+06   1.000000e+02
3.694601e+00   1.159345e+06   1.000000e+02
3.728821e+00   1.197446e+06   1.000000e+02
3.763358e+00   1.236664e+06   1.000000e+02
3.798215e+00   1.277026e+06   1.000000e+02
3.833395e+00   1.318560e+06   1.000000e+02
3.868901e+00   1.361294e+06   1.000000e+02
3.904735e+00   1.405255e+06   1.000000e+02
3.940902e+00   1.450472e+06   1.000000e+02
3.977403e+00   1.496975e+06   1.000000e+02
4.014242e+00   1.544792e+06   1.000000e+02
4.051423e+00   1.593953e+06   1.000000e+02
4.088948e+00   1.644487e+06   1.000000e+02
4.126821e+00   1.696425e+06   1.000000e+02
4.165044e+00   1.749797e+06   1.000000e+02
4.203622e+00   1.804633e+06   1.000000e+02
4.242556e+00   1.860964e+06   1.000000e+02
4.281852e+00   1.918821e+06   1.000000e+02
4.321511e+00   1.978235e+06   1.000000e+02
4.361538e+00   2.039238e+06   1.000000e+02
4.401935e+00   2.101861e+06   1.000000e+02
4.442707e+00   2.166137e+06   1.000000e+02
4.483856e+00   2.232096e+06   1.000000e+02
4.525386e+00   2.299772e+06   1.000000e+02
4.567301e+00   2.369197e+06   1.000000e+02
4.609604e+00   2.440402e+06   1.000000e+02
4.652300e+00   2.513420e+06   1.000000e+02
4.695390e+00   2.588284e+06   1.000000e+02
4.738880e+00   2.665025e+06   1.000000e+02
4.782772e+00   2.743677e+06   1.000000e+02
4.827071e+00   2.824272e+06   1.000000e+02
4.871780e+00   2.906841e+06   1.000000e+02
4.916904e+00   2.991417e+06   1.000000e+02
4.962445e+00   3.078032e+06   1.000000e+02
5.008408e+00   3.166718e+06   1.000000e+02
5.054797e+00   3.257506e+06   1.000000e+02
5.101615e+00   3.350427e+06   1.000000e+02
5.148867e+00   3.445512e+06   1.000000e+02
5.196557e+00   3.542792e+06   1.000000e+02
5.244689e+00   3.642295e+06   1.000000e+02
5.293266e+00   3.744053e+06   1.000000e+02
5.342293e+00   3.848093e+06   1.000000e+02
5.391775e+00   3.954444e+06   1.000000e+02
5.441714e+00   4.063135e+06   1.000000e+02
5.492116e+00   4.174192e+06   1.000000e+02
5.542986e+00   4.287642e+06   1.000000e+02
5.594326e+00   4.403510e+06   1.000000e+02
5.646141e+00   4.521822e+06   1.000000e+02
5.698437e+00   4.642602e+06   1.000000e+02
5.751217e+00   4.765874e+06   1.000000e+02
5.804486e+00   4.891659e+06   1.000000e+02
5.858248e+00   5.019979e+06   1.000000e+02
5.912508e+00   5.150854e+06   1.000000e+02
5.967271e+00   5.284304e+06   1.000000e+02
6.022541e+00   5.420346e+06   1.000000e+02
6.078323e+00   5.558997e+06   1.000000e+02
6.134622e+00   5.700273e+06   1.000000e+02
6.191442e+00   5.844187e+06   1.000000e+02
6.248788e+00   5.990752e+06   1.000000e+02
6.306666e+00   6.139979e+06   1.000000e+02
6.365079e+00   6.291878e+06   1.000000e+02
6.424034e+00   6.446457e+06   1.000000e+02
6.483534e+00   6.603721e+06   1.000000e+02
6.543586e+00   6.763675e+06   1.000000e+02
6.604194e+00   6.926322e+06   1.000000e+02
6.665363e+00   7.091663e+06   1.000000e+02
6.727099e+00   7.259697e+06   1.000000e+02
6.789407e+00   7.430420e+06   1.000000e+02
6.852292e+00   7.603827e+06   1.000000e+02
6.915759e+00   7.779911e+06   1.000000e+02
6.979814e+00   7.958662e+06   1.000000e+02
7.044462e+00   8.140069e+06   1.000000e+02
7.109709e+00   8.324116e+06   1.000000e+02
7.175561e+00   8.510786e+06   1.000000e+02
7.242022e+00   8.700057e+06   1.000000e+02
7.309099e+00   8.891906e+06   1.000000e+02
7.376798e+00   9.086307e+06   1.000000e+02
7.445123e+00   9.283231e+06   1.000000e+02
7.514081e+00   9.482647e+06   1.000000e+02
7.583678e+00   9.684519e+06   1.000000e+02
7.653919e+00   9.888810e+06   1.000000e+02
7.724811e+00   1.009548e+07   1.000000e+02
7.796360e+00   1.030448e+07   1.000000e+02
7.868572e+00   1.051578e+07   1.000000e+02
7.941452e+00   1.072931e+07   1.000000e+02
8.015007e+00   1.094502e+07   1.000000e+02
8.089243e+00   1.116287e+07   1.000000e+02
8.164168e+00   1.138278e+07   1.000000e+02
8.239786e+00   1.160471e+07   1.000000e+02
8.316104e+00   1.182857e+07   1.000000e+02
8.393129e+00   1.205429e+07   1.000000e+02
8.470868e+00   1.228182e+07   1.000000e+02
8.549327e+00   1.251106e+07   1.000000e+02
8.628513e+00   1.274195e+07   1.000000e+02
8.708431e+00   1.297438e+07   1.000000e+02
8.789091e+00   1.320829e+07   1.000000e+02
8.870497e+00   1.344357e+07   1.000000e+02
8.952657e+00   1.368013e+07   1.000000e+02
9.035578e+00   1.391788e+07   1.000000e+02
9.119268e+00   1.415671e+07   1.000000e+02
9.203732e+00   1.439652e+07   1.000000e+02
9.288979e+00   1.463721e+07   1.000000e+02
9.375015e+00   1.487865e+07   1.000000e+02
9.461848e+00   1.512074e+07   1.000000e+02
9.549486e+00   1.536335e+07   1.000000e+02
9.637935e+00   1.560638e+07   1.000000e+02
9.727203e+00   1.584968e+07   1.000000e+02
9.817298e+00   1.609314e+07   1.000000e+02
9.908228e+00   1.633663e+07   1.000000e+02
1.000000e+01   1.658000e+07   1.000000e+02
