# C13 + a > O17 + g   [C13_a__O17_g]   ref=TALYS2, Koning et al. 2023
# detailed balance: alpha=1.7623e+10 beta=1.5 gamma=-73.79  Q=6.3587
# T9                 rate                error
1.000000e-03   1.000000e-35   1.000000e+02
1.009262e-03   9.998602e-36   1.000000e+02
1.018610e-03   9.997264e-36   1.000000e+02
1.028045e-03   9.995987e-36   1.000000e+02
1.037567e-03   9.994770e-36   1.000000e+02
1.047177e-03   9.993610e-36   1.000000e+02
1.056876e-03   9.992508e-36   1.000000e+02
1.066665e-03   9.991462e-36   1.000000e+02
1.076545e-03   9.990472e-36   1.000000e+02
1.086516e-03   9.989536e-36   1.000000e+02
1.096579e-03   9.988653e-36   1.000000e+02
1.106736e-03   9.987823e-36   1.000000e+02
1.116987e-03   9.987045e-36   1.000000e+02
1.127333e-03   9.986317e-36   1.000000e+02
1.137774e-03   9.985638e-36   1.000000e+02
1.148312e-03   9.985008e-36   1.000000e+02
1.158948e-03   9.984426e-36   1.000000e+02
1.169683e-03   9.983890e-36   1.000000e+02
1.180517e-03   9.983400e-36   1.000000e+02
1.191451e-03   9.982955e-36   1.000000e+02
1.202486e-03   9.982554e-36   1.000000e+02
1.213624e-03   9.982195e-36   1.000000e+02
1.224865e-03   9.981878e-36   1.000000e+02
1.236210e-03   9.981602e-36   1.000000e+02
1.247660e-03   9.981366e-36   1.000000e+02
1.259216e-03   9.981169e-36   1.000000e+02
1.270879e-03   9.981010e-36   1.000000e+02
1.282650e-03   9.980888e-36   1.000000e+02
1.294530e-03   9.980802e-36   1.000000e+02
1.306520e-03   9.980752e-36   1.000000e+02
1.318621e-03   9.980735e-36   1.000000e+02
1.330835e-03   9.980752e-36   1.000000e+02
1.343161e-03   9.980801e-36   1.000000e+02
1.355602e-03   9.980881e-36   1.000000e+02
1.368158e-03   9.980992e-36   1.000000e+02
1.380830e-03   9.981132e-36   1.000000e+02
1.393619e-03   9.981301e-36   1.000000e+02
1.406527e-03   9.981497e-36   1.000000e+02
1.419555e-03   9.981720e-36   1.000000e+02
1.432703e-03   9.981968e-36   1.000000e+02
1.445973e-03   9.982241e-36   1.000000e+02
1.459366e-03   9.982537e-36   1.000000e+02
1.472883e-03   9.982857e-36   1.000000e+02
1.486525e-03   9.983198e-36   1.000000e+02
1.500293e-03   9.983560e-36   1.000000e+02
1.514189e-03   9.983941e-36   1.000000e+02
1.528214e-03   9.984342e-36   1.000000e+02
1.542369e-03   9.984761e-36   1.000000e+02
1.556654e-03   9.985197e-36   1.000000e+02
1.571072e-03   9.985648e-36   1.000000e+02
1.585624e-03   9.986115e-36   1.000000e+02
1.600310e-03   9.986596e-36   1.000000e+02
1.615133e-03   9.987090e-36   1.000000e+02
1.630092e-03   9.987597e-36   1.000000e+02
1.645191e-03   9.988115e-36   1.000000e+02
1.660429e-03   9.988643e-36   1.000000e+02
1.675808e-03   9.989180e-36   1.000000e+02
1.691330e-03   9.989726e-36   1.000000e+02
1.706995e-03   9.990280e-36   1.000000e+02
1.722805e-03   9.990839e-36   1.000000e+02
1.738762e-03   9.991405e-36   1.000000e+02
1.754867e-03   9.991975e-36   1.000000e+02
1.771121e-03   9.992549e-36   1.000000e+02
1.787526e-03   9.993125e-36   1.000000e+02
1.804082e-03   9.993703e-36   1.000000e+02
1.820792e-03   9.994282e-36   1.000000e+02
1.837656e-03   9.994861e-36   1.000000e+02
1.854677e-03   9.995438e-36   1.000000e+02
1.871855e-03   9.996014e-36   1.000000e+02
1.889193e-03   9.996586e-36   1.000000e+02
1.906691e-03   9.997155e-36   1.000000e+02
1.924351e-03   9.997718e-36   1.000000e+02
1.942175e-03   9.998276e-36   1.000000e+02
1.960163e-03   9.998827e-36   1.000000e+02
1.978319e-03   9.999370e-36   1.000000e+02
1.996642e-03   9.999904e-36   1.000000e+02
2.015136e-03   1.000043e-35   1.000000e+02
2.033800e-03   1.000094e-35   1.000000e+02
2.052638e-03   1.000144e-35   1.000000e+02
2.071650e-03   1.000193e-35   1.000000e+02
2.090838e-03   1.000241e-35   1.000000e+02
2.110203e-03   1.000287e-35   1.000000e+02
2.129749e-03   1.000332e-35   1.000000e+02
2.149475e-03   1.000374e-35   1.000000e+02
2.169384e-03   1.000416e-35   1.000000e+02
2.189477e-03   1.000455e-35   1.000000e+02
2.209756e-03   1.000492e-35   1.000000e+02
2.230223e-03   1.000528e-35   1.000000e+02
2.250880e-03   1.000561e-35   1.000000e+02
2.271728e-03   1.000592e-35   1.000000e+02
2.292769e-03   1.000621e-35   1.000000e+02
2.314005e-03   1.000647e-35   1.000000e+02
2.335438e-03   1.000671e-35   1.000000e+02
2.357069e-03   1.000692e-35   1.000000e+02
2.378901e-03   1.000710e-35   1.000000e+02
2.400935e-03   1.000726e-35   1.000000e+02
2.423173e-03   1.000739e-35   1.000000e+02
2.445617e-03   1.000749e-35   1.000000e+02
2.468268e-03   1.000755e-35   1.000000e+02
2.491130e-03   1.000759e-35   1.000000e+02
2.514203e-03   1.000759e-35   1.000000e+02
2.537490e-03   1.000756e-35   1.000000e+02
2.560993e-03   1.000749e-35   1.000000e+02
2.584714e-03   1.000739e-35   1.000000e+02
2.608654e-03   1.000725e-35   1.000000e+02
2.632815e-03   1.000708e-35   1.000000e+02
2.657201e-03   1.000686e-35   1.000000e+02
2.681813e-03   1.000661e-35   1.000000e+02
2.706652e-03   1.000631e-35   1.000000e+02
2.731722e-03   1.000598e-35   1.000000e+02
2.757023e-03   1.000560e-35   1.000000e+02
2.782559e-03   1.000518e-35   1.000000e+02
2.808332e-03   1.000471e-35   1.000000e+02
2.834343e-03   1.000420e-35   1.000000e+02
2.860596e-03   1.000364e-35   1.000000e+02
2.887091e-03   1.000304e-35   1.000000e+02
2.913832e-03   1.000239e-35   1.000000e+02
2.940820e-03   1.000169e-35   1.000000e+02
2.968059e-03   1.000094e-35   1.000000e+02
2.995549e-03   1.000013e-35   1.000000e+02
3.023295e-03   9.999281e-36   1.000000e+02
3.051297e-03   9.998385e-36   1.000000e+02
3.079559e-03   9.997455e-36   1.000000e+02
3.108082e-03   9.996503e-36   1.000000e+02
3.136870e-03   9.995537e-36   1.000000e+02
3.165924e-03   9.994569e-36   1.000000e+02
3.195248e-03   9.993608e-36   1.000000e+02
3.224842e-03   9.992664e-36   1.000000e+02
3.254712e-03   9.991748e-36   1.000000e+02
3.284857e-03   9.990870e-36   1.000000e+02
3.315282e-03   9.990040e-36   1.000000e+02
3.345989e-03   9.989267e-36   1.000000e+02
3.376980e-03   9.988563e-36   1.000000e+02
3.408259e-03   9.987937e-36   1.000000e+02
3.439826e-03   9.987400e-36   1.000000e+02
3.471687e-03   9.986961e-36   1.000000e+02
3.503842e-03   9.986631e-36   1.000000e+02
3.536296e-03   9.986420e-36   1.000000e+02
3.569049e-03   9.986338e-36   1.000000e+02
3.602107e-03   9.986395e-36   1.000000e+02
3.635470e-03   9.986601e-36   1.000000e+02
3.669142e-03   9.986967e-36   1.000000e+02
3.703127e-03   9.987502e-36   1.000000e+02
3.737426e-03   9.988217e-36   1.000000e+02
3.772042e-03   9.989122e-36   1.000000e+02
3.806980e-03   9.990227e-36   1.000000e+02
3.842241e-03   9.991542e-36   1.000000e+02
3.877828e-03   9.993078e-36   1.000000e+02
3.913746e-03   9.994845e-36   1.000000e+02
3.949995e-03   9.996853e-36   1.000000e+02
3.986581e-03   9.999112e-36   1.000000e+02
4.023506e-03   1.000163e-35   1.000000e+02
4.060772e-03   1.000438e-35   1.000000e+02
4.098384e-03   1.000729e-35   1.000000e+02
4.136344e-03   1.001032e-35   1.000000e+02
4.174655e-03   1.001340e-35   1.000000e+02
4.213322e-03   1.001648e-35   1.000000e+02
4.252346e-03   1.001950e-35   1.000000e+02
4.291732e-03   1.002239e-35   1.000000e+02
4.331483e-03   1.002511e-35   1.000000e+02
4.371602e-03   1.002759e-35   1.000000e+02
4.412093e-03   1.002977e-35   1.000000e+02
4.452959e-03   1.003159e-35   1.000000e+02
4.494203e-03   1.003300e-35   1.000000e+02
4.535829e-03   1.003394e-35   1.000000e+02
4.577841e-03   1.003434e-35   1.000000e+02
4.620241e-03   1.003416e-35   1.000000e+02
4.663035e-03   1.003332e-35   1.000000e+02
4.706225e-03   1.003178e-35   1.000000e+02
4.749815e-03   1.002948e-35   1.000000e+02
4.793808e-03   1.002635e-35   1.000000e+02
4.838210e-03   1.002234e-35   1.000000e+02
4.883022e-03   1.001739e-35   1.000000e+02
4.928250e-03   1.001145e-35   1.000000e+02
4.973896e-03   1.000446e-35   1.000000e+02
5.019965e-03   9.996361e-36   1.000000e+02
5.066461e-03   9.987174e-36   1.000000e+02
5.113388e-03   9.976995e-36   1.000000e+02
5.160749e-03   9.965928e-36   1.000000e+02
5.208549e-03   9.954076e-36   1.000000e+02
5.256791e-03   9.941542e-36   1.000000e+02
5.305481e-03   9.928427e-36   1.000000e+02
5.354621e-03   9.914834e-36   1.000000e+02
5.404216e-03   9.900864e-36   1.000000e+02
5.454271e-03   9.886619e-36   1.000000e+02
5.504790e-03   9.872198e-36   1.000000e+02
5.555776e-03   9.857701e-36   1.000000e+02
5.607235e-03   9.843228e-36   1.000000e+02
5.659170e-03   9.828877e-36   1.000000e+02
5.711586e-03   9.814746e-36   1.000000e+02
5.764488e-03   9.800934e-36   1.000000e+02
5.817880e-03   9.787536e-36   1.000000e+02
5.871766e-03   9.774649e-36   1.000000e+02
5.926152e-03   9.762370e-36   1.000000e+02
5.981041e-03   9.750794e-36   1.000000e+02
6.036439e-03   9.740009e-36   1.000000e+02
6.092349e-03   9.730004e-36   1.000000e+02
6.148778e-03   9.720705e-36   1.000000e+02
6.205729e-03   9.712038e-36   1.000000e+02
6.263207e-03   9.703927e-36   1.000000e+02
6.321218e-03   9.696300e-36   1.000000e+02
6.379767e-03   9.689082e-36   1.000000e+02
6.438857e-03   9.682200e-36   1.000000e+02
6.498495e-03   9.675581e-36   1.000000e+02
6.558686e-03   9.669151e-36   1.000000e+02
6.619433e-03   9.662838e-36   1.000000e+02
6.680744e-03   9.656569e-36   1.000000e+02
6.742622e-03   9.650273e-36   1.000000e+02
6.805074e-03   9.643876e-36   1.000000e+02
6.868104e-03   9.637306e-36   1.000000e+02
6.931717e-03   9.630492e-36   1.000000e+02
6.995920e-03   9.623363e-36   1.000000e+02
7.060718e-03   9.615896e-36   1.000000e+02
7.126115e-03   9.608312e-36   1.000000e+02
7.192119e-03   9.600902e-36   1.000000e+02
7.258734e-03   9.593957e-36   1.000000e+02
7.325965e-03   9.587767e-36   1.000000e+02
7.393820e-03   9.582621e-36   1.000000e+02
7.462303e-03   9.578808e-36   1.000000e+02
7.531420e-03   9.576618e-36   1.000000e+02
7.601178e-03   9.576340e-36   1.000000e+02
7.671581e-03   9.578265e-36   1.000000e+02
7.742637e-03   9.582685e-36   1.000000e+02
7.814351e-03   9.589894e-36   1.000000e+02
7.886729e-03   9.600190e-36   1.000000e+02
7.959777e-03   9.613875e-36   1.000000e+02
8.033502e-03   9.631233e-36   1.000000e+02
8.107910e-03   9.651885e-36   1.000000e+02
8.183007e-03   9.674695e-36   1.000000e+02
8.258799e-03   9.698479e-36   1.000000e+02
8.335294e-03   9.722041e-36   1.000000e+02
8.412497e-03   9.744174e-36   1.000000e+02
8.490415e-03   9.763660e-36   1.000000e+02
8.569055e-03   9.779272e-36   1.000000e+02
8.648423e-03   9.789780e-36   1.000000e+02
8.728527e-03   9.793958e-36   1.000000e+02
8.809372e-03   9.790584e-36   1.000000e+02
8.890966e-03   9.778458e-36   1.000000e+02
8.973316e-03   9.756405e-36   1.000000e+02
9.056428e-03   9.723633e-36   1.000000e+02
9.140311e-03   9.683232e-36   1.000000e+02
9.224970e-03   9.640654e-36   1.000000e+02
9.310413e-03   9.601301e-36   1.000000e+02
9.396648e-03   9.570487e-36   1.000000e+02
9.483682e-03   9.553476e-36   1.000000e+02
9.571522e-03   9.555540e-36   1.000000e+02
9.660175e-03   9.582051e-36   1.000000e+02
9.749649e-03   9.638606e-36   1.000000e+02
9.839952e-03   9.731178e-36   1.000000e+02
9.931092e-03   9.866317e-36   1.000000e+02
1.002308e-02   1.005136e-35   1.000000e+02
1.011591e-02   1.029104e-35   1.000000e+02
1.020961e-02   1.058370e-35   1.000000e+02
1.030417e-02   1.092704e-35   1.000000e+02
1.039961e-02   1.131876e-35   1.000000e+02
1.049593e-02   1.175628e-35   1.000000e+02
1.059315e-02   1.223657e-35   1.000000e+02
1.069126e-02   1.275593e-35   1.000000e+02
1.079029e-02   1.330977e-35   1.000000e+02
1.089023e-02   1.389246e-35   1.000000e+02
1.099110e-02   1.449711e-35   1.000000e+02
1.109290e-02   1.511695e-35   1.000000e+02
1.119564e-02   1.575205e-35   1.000000e+02
1.129934e-02   1.640523e-35   1.000000e+02
1.140400e-02   1.707977e-35   1.000000e+02
1.150962e-02   1.777946e-35   1.000000e+02
1.161623e-02   1.850861e-35   1.000000e+02
1.172382e-02   1.927216e-35   1.000000e+02
1.183241e-02   2.007567e-35   1.000000e+02
1.194200e-02   2.092548e-35   1.000000e+02
1.205261e-02   2.182864e-35   1.000000e+02
1.216424e-02   2.279064e-35   1.000000e+02
1.227691e-02   2.381479e-35   1.000000e+02
1.239062e-02   2.490443e-35   1.000000e+02
1.250539e-02   2.606307e-35   1.000000e+02
1.262121e-02   2.729434e-35   1.000000e+02
1.273811e-02   2.860205e-35   1.000000e+02
1.285610e-02   2.999015e-35   1.000000e+02
1.297517e-02   3.146270e-35   1.000000e+02
1.309535e-02   3.302414e-35   1.000000e+02
1.321664e-02   3.468061e-35   1.000000e+02
1.333906e-02   3.643953e-35   1.000000e+02
1.346261e-02   3.830897e-35   1.000000e+02
1.358730e-02   4.029776e-35   1.000000e+02
1.371315e-02   4.241554e-35   1.000000e+02
1.384016e-02   4.467286e-35   1.000000e+02
1.396835e-02   4.708127e-35   1.000000e+02
1.409773e-02   4.965335e-35   1.000000e+02
1.422830e-02   5.240226e-35   1.000000e+02
1.436009e-02   5.534201e-35   1.000000e+02
1.449310e-02   5.848783e-35   1.000000e+02
1.462733e-02   6.185632e-35   1.000000e+02
1.476281e-02   6.546559e-35   1.000000e+02
1.489955e-02   6.933537e-35   1.000000e+02
1.503755e-02   7.348718e-35   1.000000e+02
1.517683e-02   7.794467e-35   1.000000e+02
1.531740e-02   8.273395e-35   1.000000e+02
1.545928e-02   8.788366e-35   1.000000e+02
1.560246e-02   9.342520e-35   1.000000e+02
1.574698e-02   9.939304e-35   1.000000e+02
1.589283e-02   1.058251e-34   1.000000e+02
1.604003e-02   1.127629e-34   1.000000e+02
1.618860e-02   1.202525e-34   1.000000e+02
1.633854e-02   1.283451e-34   1.000000e+02
1.648987e-02   1.370971e-34   1.000000e+02
1.664260e-02   1.465708e-34   1.000000e+02
1.679675e-02   1.568354e-34   1.000000e+02
1.695232e-02   1.679673e-34   1.000000e+02
1.710934e-02   1.800512e-34   1.000000e+02
1.726781e-02   1.931813e-34   1.000000e+02
1.742775e-02   2.074618e-34   1.000000e+02
1.758917e-02   2.230090e-34   1.000000e+02
1.775208e-02   2.399520e-34   1.000000e+02
1.791650e-02   2.584348e-34   1.000000e+02
1.808245e-02   2.786178e-34   1.000000e+02
1.824993e-02   3.006783e-34   1.000000e+02
1.841897e-02   3.248125e-34   1.000000e+02
1.858957e-02   3.512389e-34   1.000000e+02
1.876175e-02   3.802013e-34   1.000000e+02
1.893552e-02   4.119717e-34   1.000000e+02
1.911091e-02   4.468541e-34   1.000000e+02
1.928792e-02   4.851887e-34   1.000000e+02
1.946656e-02   5.273559e-34   1.000000e+02
1.964687e-02   5.737822e-34   1.000000e+02
1.982884e-02   6.249455e-34   1.000000e+02
2.001250e-02   6.813825e-34   1.000000e+02
2.019786e-02   7.437005e-34   1.000000e+02
2.038493e-02   8.126007e-34   1.000000e+02
2.057374e-02   8.888814e-34   1.000000e+02
2.076430e-02   9.734497e-34   1.000000e+02
2.095662e-02   1.067338e-33   1.000000e+02
2.115073e-02   1.171721e-33   1.000000e+02
2.134663e-02   1.287943e-33   1.000000e+02
2.154435e-02   1.417536e-33   1.000000e+02
2.174389e-02   1.562257e-33   1.000000e+02
2.194529e-02   1.724119e-33   1.000000e+02
2.214855e-02   1.905434e-33   1.000000e+02
2.235370e-02   2.108861e-33   1.000000e+02
2.256074e-02   2.337465e-33   1.000000e+02
2.276970e-02   2.594781e-33   1.000000e+02
2.298060e-02   2.884899e-33   1.000000e+02
2.319345e-02   3.212551e-33   1.000000e+02
2.340827e-02   3.583230e-33   1.000000e+02
2.362508e-02   4.003318e-33   1.000000e+02
2.384390e-02   4.480246e-33   1.000000e+02
2.406475e-02   5.022680e-33   1.000000e+02
2.428764e-02   5.640745e-33   1.000000e+02
2.451260e-02   6.346297e-33   1.000000e+02
2.473964e-02   7.153241e-33   1.000000e+02
2.496878e-02   8.077917e-33   1.000000e+02
2.520005e-02   9.139491e-33   1.000000e+02
2.543346e-02   1.036006e-32   1.000000e+02
2.566903e-02   1.176531e-32   1.000000e+02
2.590678e-02   1.338533e-32   1.000000e+02
2.614673e-02   1.525537e-32   1.000000e+02
2.638891e-02   1.741679e-32   1.000000e+02
2.663333e-02   1.991814e-32   1.000000e+02
2.688001e-02   2.281645e-32   1.000000e+02
2.712898e-02   2.617880e-32   1.000000e+02
2.738025e-02   3.008411e-32   1.000000e+02
2.763385e-02   3.462534e-32   1.000000e+02
2.788980e-02   3.991202e-32   1.000000e+02
2.814812e-02   4.607335e-32   1.000000e+02
2.840884e-02   5.326181e-32   1.000000e+02
2.867196e-02   6.165745e-32   1.000000e+02
2.893753e-02   7.147303e-32   1.000000e+02
2.920556e-02   8.296015e-32   1.000000e+02
2.947606e-02   9.641641e-32   1.000000e+02
2.974908e-02   1.121941e-31   1.000000e+02
3.002462e-02   1.307105e-31   1.000000e+02
3.030271e-02   1.524672e-31   1.000000e+02
3.058338e-02   1.780884e-31   1.000000e+02
3.086665e-02   2.083379e-31   1.000000e+02
3.115254e-02   2.441487e-31   1.000000e+02
3.144108e-02   2.866645e-31   1.000000e+02
3.173230e-02   3.372927e-31   1.000000e+02
3.202621e-02   3.977713e-31   1.000000e+02
3.232284e-02   4.702550e-31   1.000000e+02
3.262222e-02   5.574257e-31   1.000000e+02
3.292437e-02   6.626345e-31   1.000000e+02
3.322933e-02   7.900867e-31   1.000000e+02
3.353710e-02   9.450810e-31   1.000000e+02
3.384773e-02   1.134323e-30   1.000000e+02
3.416123e-02   1.366339e-30   1.000000e+02
3.447764e-02   1.652014e-30   1.000000e+02
3.479698e-02   2.005315e-30   1.000000e+02
3.511928e-02   2.444248e-30   1.000000e+02
3.544456e-02   2.992137e-30   1.000000e+02
3.577285e-02   3.679354e-30   1.000000e+02
3.610419e-02   4.545645e-30   1.000000e+02
3.643859e-02   5.643301e-30   1.000000e+02
3.677609e-02   7.041492e-30   1.000000e+02
3.711672e-02   8.832223e-30   1.000000e+02
3.746050e-02   1.113856e-29   1.000000e+02
3.780747e-02   1.412610e-29   1.000000e+02
3.815765e-02   1.801894e-29   1.000000e+02
3.851107e-02   2.312226e-29   1.000000e+02
3.886777e-02   2.985418e-29   1.000000e+02
3.922777e-02   3.879127e-29   1.000000e+02
3.959110e-02   5.073374e-29   1.000000e+02
3.995780e-02   6.679959e-29   1.000000e+02
4.032790e-02   8.855318e-29   1.000000e+02
4.070142e-02   1.181404e-28   1.000000e+02
4.107841e-02   1.585208e-28   1.000000e+02
4.145888e-02   2.137949e-28   1.000000e+02
4.184289e-02   2.896422e-28   1.000000e+02
4.223044e-02   3.939209e-28   1.000000e+02
4.262159e-02   5.374882e-28   1.000000e+02
4.301636e-02   7.353111e-28   1.000000e+02
4.341478e-02   1.007965e-27   1.000000e+02
4.381690e-02   1.383636e-27   1.000000e+02
4.422274e-02   1.900770e-27   1.000000e+02
4.463234e-02   2.611553e-27   1.000000e+02
4.504573e-02   3.586404e-27   1.000000e+02
4.546295e-02   4.919720e-27   1.000000e+02
4.588404e-02   6.737088e-27   1.000000e+02
4.630903e-02   9.204165e-27   1.000000e+02
4.673795e-02   1.253738e-26   1.000000e+02
4.717085e-02   1.701644e-26   1.000000e+02
4.760775e-02   2.299855e-26   1.000000e+02
4.804870e-02   3.093368e-26   1.000000e+02
4.849374e-02   4.138012e-26   1.000000e+02
4.894290e-02   5.501876e-26   1.000000e+02
4.939622e-02   7.266386e-26   1.000000e+02
4.985373e-02   9.526742e-26   1.000000e+02
5.031549e-02   1.239214e-25   1.000000e+02
5.078152e-02   1.599512e-25   1.000000e+02
5.125187e-02   2.049846e-25   1.000000e+02
5.172657e-02   2.609772e-25   1.000000e+02
5.220568e-02   3.302841e-25   1.000000e+02
5.268921e-02   4.157495e-25   1.000000e+02
5.317723e-02   5.208238e-25   1.000000e+02
5.366977e-02   6.497110e-25   1.000000e+02
5.416687e-02   8.075619e-25   1.000000e+02
5.466857e-02   1.000721e-24   1.000000e+02
5.517492e-02   1.237051e-24   1.000000e+02
5.568596e-02   1.526355e-24   1.000000e+02
5.620174e-02   1.880926e-24   1.000000e+02
5.672229e-02   2.316287e-24   1.000000e+02
5.724766e-02   2.852154e-24   1.000000e+02
5.777790e-02   3.513736e-24   1.000000e+02
5.831305e-02   4.333477e-24   1.000000e+02
5.885316e-02   5.353413e-24   1.000000e+02
5.939827e-02   6.628381e-24   1.000000e+02
5.994843e-02   8.230426e-24   1.000000e+02
6.050368e-02   1.025385e-23   1.000000e+02
6.106408e-02   1.281681e-23   1.000000e+02
6.162966e-02   1.606953e-23   1.000000e+02
6.220049e-02   2.020497e-23   1.000000e+02
6.277660e-02   2.547105e-23   1.000000e+02
6.335805e-02   3.218626e-23   1.000000e+02
6.394488e-02   4.075970e-23   1.000000e+02
6.453715e-02   5.171661e-23   1.000000e+02
6.513491e-02   6.573085e-23   1.000000e+02
6.573820e-02   8.366625e-23   1.000000e+02
6.634708e-02   1.066289e-22   1.000000e+02
6.696160e-02   1.360332e-22   1.000000e+02
6.758181e-02   1.736847e-22   1.000000e+02
6.820777e-02   2.218844e-22   1.000000e+02
6.883952e-02   2.835583e-22   1.000000e+02
6.947713e-02   3.624181e-22   1.000000e+02
7.012064e-02   4.631600e-22   1.000000e+02
7.077011e-02   5.917490e-22   1.000000e+02
7.142559e-02   7.558410e-22   1.000000e+02
7.208715e-02   9.652067e-22   1.000000e+02
7.275484e-02   1.232304e-21   1.000000e+02
7.342870e-02   1.573019e-21   1.000000e+02
7.410882e-02   2.007608e-21   1.000000e+02
7.479523e-02   2.561909e-21   1.000000e+02
7.548799e-02   3.268880e-21   1.000000e+02
7.618718e-02   4.170569e-21   1.000000e+02
7.689284e-02   5.320636e-21   1.000000e+02
7.760503e-02   6.787570e-21   1.000000e+02
7.832383e-02   8.658812e-21   1.000000e+02
7.904928e-02   1.104603e-20   1.000000e+02
7.978145e-02   1.409187e-20   1.000000e+02
8.052040e-02   1.797855e-20   1.000000e+02
8.126619e-02   2.293804e-20   1.000000e+02
8.201889e-02   2.926548e-20   1.000000e+02
8.277857e-02   3.733659e-20   1.000000e+02
8.354528e-02   4.762939e-20   1.000000e+02
8.431909e-02   6.075174e-20   1.000000e+02
8.510007e-02   7.747611e-20   1.000000e+02
8.588829e-02   9.878343e-20   1.000000e+02
8.668380e-02   1.259185e-19   1.000000e+02
8.748668e-02   1.604597e-19   1.000000e+02
8.829700e-02   2.044068e-19   1.000000e+02
8.911482e-02   2.602914e-19   1.000000e+02
8.994022e-02   3.313148e-19   1.000000e+02
9.077327e-02   4.215130e-19   1.000000e+02
9.161402e-02   5.359132e-19   1.000000e+02
9.246257e-02   6.807703e-19   1.000000e+02
9.331898e-02   8.638508e-19   1.000000e+02
9.418332e-02   1.094759e-18   1.000000e+02
9.505566e-02   1.385316e-18   1.000000e+02
9.593608e-02   1.750005e-18   1.000000e+02
9.682466e-02   2.206477e-18   1.000000e+02
9.772147e-02   2.776122e-18   1.000000e+02
9.862658e-02   3.484704e-18   1.000000e+02
9.954008e-02   4.363057e-18   1.000000e+02
1.004620e-01   5.447879e-18   1.000000e+02
1.013925e-01   6.784143e-18   1.000000e+02
1.023317e-01   8.427874e-18   1.000000e+02
1.032795e-01   1.044782e-17   1.000000e+02
1.042361e-01   1.292848e-17   1.000000e+02
1.052015e-01   1.597395e-17   1.000000e+02
1.061759e-01   1.971286e-17   1.000000e+02
1.071593e-01   2.430460e-17   1.000000e+02
1.081519e-01   2.994733e-17   1.000000e+02
1.091536e-01   3.688821e-17   1.000000e+02
1.101646e-01   4.543664e-17   1.000000e+02
1.111850e-01   5.597434e-17   1.000000e+02
1.122148e-01   6.895684e-17   1.000000e+02
1.132541e-01   8.493608e-17   1.000000e+02
1.143031e-01   1.045814e-16   1.000000e+02
1.153618e-01   1.287020e-16   1.000000e+02
1.164303e-01   1.582725e-16   1.000000e+02
1.175087e-01   1.944625e-16   1.000000e+02
1.185971e-01   2.386698e-16   1.000000e+02
1.196956e-01   2.925577e-16   1.000000e+02
1.208042e-01   3.581003e-16   1.000000e+02
1.219231e-01   4.376857e-16   1.000000e+02
1.230524e-01   5.341972e-16   1.000000e+02
1.241921e-01   6.510884e-16   1.000000e+02
1.253424e-01   7.924920e-16   1.000000e+02
1.265034e-01   9.633497e-16   1.000000e+02
1.276751e-01   1.169566e-15   1.000000e+02
1.288576e-01   1.418190e-15   1.000000e+02
1.300511e-01   1.717636e-15   1.000000e+02
1.312557e-01   2.077743e-15   1.000000e+02
1.324714e-01   2.509309e-15   1.000000e+02
1.336984e-01   3.024297e-15   1.000000e+02
1.349367e-01   3.635875e-15   1.000000e+02
1.361865e-01   4.358271e-15   1.000000e+02
1.374479e-01   5.206507e-15   1.000000e+02
1.387210e-01   6.196012e-15   1.000000e+02
1.400058e-01   7.342058e-15   1.000000e+02
1.413026e-01   8.661646e-15   1.000000e+02
1.426114e-01   1.018389e-14   1.000000e+02
1.439323e-01   1.194919e-14   1.000000e+02
1.452654e-01   1.401056e-14   1.000000e+02
1.466109e-01   1.643788e-14   1.000000e+02
1.479688e-01   1.932370e-14   1.000000e+02
1.493393e-01   2.279134e-14   1.000000e+02
1.507225e-01   2.700486e-14   1.000000e+02
1.521186e-01   3.214972e-14   1.000000e+02
1.535275e-01   3.842252e-14   1.000000e+02
1.549495e-01   4.605319e-14   1.000000e+02
1.563847e-01   5.530835e-14   1.000000e+02
1.578331e-01   6.649221e-14   1.000000e+02
1.592950e-01   7.994509e-14   1.000000e+02
1.607704e-01   9.604075e-14   1.000000e+02
1.622595e-01   1.152302e-13   1.000000e+02
1.637624e-01   1.380770e-13   1.000000e+02
1.652792e-01   1.652435e-13   1.000000e+02
1.668101e-01   1.975057e-13   1.000000e+02
1.683551e-01   2.357716e-13   1.000000e+02
1.699144e-01   2.811022e-13   1.000000e+02
1.714882e-01   3.347357e-13   1.000000e+02
1.730766e-01   3.981154e-13   1.000000e+02
1.746796e-01   4.729220e-13   1.000000e+02
1.762975e-01   5.611096e-13   1.000000e+02
1.779304e-01   6.649482e-13   1.000000e+02
1.795785e-01   7.870714e-13   1.000000e+02
1.812418e-01   9.305364e-13   1.000000e+02
1.829205e-01   1.098943e-12   1.000000e+02
1.846147e-01   1.296526e-12   1.000000e+02
1.863246e-01   1.528245e-12   1.000000e+02
1.880504e-01   1.799915e-12   1.000000e+02
1.897922e-01   2.118362e-12   1.000000e+02
1.915501e-01   2.491604e-12   1.000000e+02
1.933242e-01   2.929073e-12   1.000000e+02
1.951148e-01   3.441875e-12   1.000000e+02
1.969220e-01   4.043111e-12   1.000000e+02
1.987460e-01   4.748248e-12   1.000000e+02
2.005868e-01   5.575576e-12   1.000000e+02
2.024447e-01   6.546472e-12   1.000000e+02
2.043197e-01   7.685622e-12   1.000000e+02
2.062122e-01   9.021836e-12   1.000000e+02
2.081222e-01   1.058876e-11   1.000000e+02
2.100498e-01   1.242566e-11   1.000000e+02
2.119953e-01   1.457835e-11   1.000000e+02
2.139589e-01   1.710022e-11   1.000000e+02
2.159406e-01   2.005346e-11   1.000000e+02
2.179407e-01   2.351049e-11   1.000000e+02
2.199593e-01   2.755552e-11   1.000000e+02
2.219966e-01   3.228645e-11   1.000000e+02
2.240528e-01   3.781697e-11   1.000000e+02
2.261280e-01   4.427901e-11   1.000000e+02
2.282224e-01   5.182556e-11   1.000000e+02
2.303363e-01   6.063384e-11   1.000000e+02
2.324697e-01   7.090897e-11   1.000000e+02
2.346229e-01   8.288812e-11   1.000000e+02
2.367960e-01   9.684531e-11   1.000000e+02
2.389893e-01   1.130967e-10   1.000000e+02
2.412028e-01   1.320069e-10   1.000000e+02
2.434369e-01   1.539958e-10   1.000000e+02
2.456916e-01   1.795462e-10   1.000000e+02
2.479673e-01   2.092133e-10   1.000000e+02
2.502640e-01   2.436339e-10   1.000000e+02
2.525820e-01   2.835407e-10   1.000000e+02
2.549215e-01   3.297814e-10   1.000000e+02
2.572826e-01   3.833329e-10   1.000000e+02
2.596656e-01   4.453185e-10   1.000000e+02
2.620707e-01   5.170303e-10   1.000000e+02
2.644980e-01   5.999537e-10   1.000000e+02
2.669478e-01   6.957955e-10   1.000000e+02
2.694204e-01   8.065172e-10   1.000000e+02
2.719158e-01   9.343712e-10   1.000000e+02
2.744343e-01   1.081944e-09   1.000000e+02
2.769762e-01   1.252206e-09   1.000000e+02
2.795416e-01   1.448565e-09   1.000000e+02
2.821308e-01   1.674932e-09   1.000000e+02
2.847439e-01   1.935795e-09   1.000000e+02
2.873813e-01   2.236301e-09   1.000000e+02
2.900430e-01   2.582353e-09   1.000000e+02
2.927295e-01   2.980720e-09   1.000000e+02
2.954408e-01   3.439165e-09   1.000000e+02
2.981772e-01   3.966584e-09   1.000000e+02
3.009390e-01   4.573176e-09   1.000000e+02
3.037264e-01   5.270579e-09   1.000000e+02
3.065395e-01   6.072015e-09   1.000000e+02
3.093788e-01   6.992552e-09   1.000000e+02
3.122443e-01   8.049360e-09   1.000000e+02
3.151363e-01   9.261988e-09   1.000000e+02
3.180552e-01   1.065267e-08   1.000000e+02
3.210011e-01   1.224670e-08   1.000000e+02
3.239743e-01   1.407277e-08   1.000000e+02
3.269750e-01   1.616349e-08   1.000000e+02
3.300035e-01   1.855579e-08   1.000000e+02
3.330600e-01   2.129156e-08   1.000000e+02
3.361449e-01   2.441818e-08   1.000000e+02
3.392583e-01   2.798925e-08   1.000000e+02
3.424006e-01   3.206534e-08   1.000000e+02
3.455720e-01   3.671482e-08   1.000000e+02
3.487727e-01   4.201481e-08   1.000000e+02
3.520031e-01   4.805225e-08   1.000000e+02
3.552635e-01   5.492617e-08   1.000000e+02
3.585540e-01   6.274939e-08   1.000000e+02
3.618750e-01   7.164978e-08   1.000000e+02
3.652267e-01   8.177225e-08   1.000000e+02
3.686095e-01   9.328100e-08   1.000000e+02
3.720237e-01   1.063622e-07   1.000000e+02
3.754694e-01   1.212267e-07   1.000000e+02
3.789471e-01   1.381139e-07   1.000000e+02
3.824570e-01   1.572948e-07   1.000000e+02
3.859994e-01   1.790773e-07   1.000000e+02
3.895746e-01   2.038101e-07   1.000000e+02
3.931829e-01   2.318894e-07   1.000000e+02
3.968246e-01   2.637645e-07   1.000000e+02
4.005001e-01   2.999457e-07   1.000000e+02
4.042096e-01   3.410074e-07   1.000000e+02
4.079535e-01   3.875844e-07   1.000000e+02
4.117320e-01   4.403860e-07   1.000000e+02
4.155455e-01   5.002062e-07   1.000000e+02
4.193944e-01   5.679323e-07   1.000000e+02
4.232789e-01   6.445543e-07   1.000000e+02
4.271994e-01   7.311752e-07   1.000000e+02
4.311562e-01   8.290217e-07   1.000000e+02
4.351497e-01   9.394559e-07   1.000000e+02
4.391801e-01   1.063988e-06   1.000000e+02
4.432479e-01   1.204287e-06   1.000000e+02
4.473533e-01   1.362197e-06   1.000000e+02
4.514968e-01   1.539750e-06   1.000000e+02
4.556786e-01   1.739231e-06   1.000000e+02
4.598992e-01   1.963244e-06   1.000000e+02
4.641589e-01   2.214708e-06   1.000000e+02
4.684580e-01   2.496885e-06   1.000000e+02
4.727970e-01   2.813427e-06   1.000000e+02
4.771761e-01   3.168420e-06   1.000000e+02
4.815958e-01   3.566439e-06   1.000000e+02
4.860564e-01   4.012608e-06   1.000000e+02
4.905584e-01   4.512670e-06   1.000000e+02
4.951020e-01   5.073064e-06   1.000000e+02
4.996877e-01   5.701011e-06   1.000000e+02
5.043159e-01   6.404580e-06   1.000000e+02
5.089870e-01   7.192607e-06   1.000000e+02
5.137014e-01   8.074857e-06   1.000000e+02
5.184594e-01   9.062164e-06   1.000000e+02
5.232614e-01   1.016655e-05   1.000000e+02
5.281080e-01   1.140132e-05   1.000000e+02
5.329994e-01   1.278125e-05   1.000000e+02
5.379362e-01   1.432264e-05   1.000000e+02
5.429186e-01   1.604356e-05   1.000000e+02
5.479472e-01   1.796395e-05   1.000000e+02
5.530224e-01   2.010585e-05   1.000000e+02
5.581446e-01   2.249357e-05   1.000000e+02
5.633143e-01   2.515391e-05   1.000000e+02
5.685318e-01   2.811639e-05   1.000000e+02
5.737976e-01   3.141350e-05   1.000000e+02
5.791123e-01   3.508097e-05   1.000000e+02
5.844761e-01   3.915808e-05   1.000000e+02
5.898896e-01   4.368794e-05   1.000000e+02
5.953533e-01   4.871780e-05   1.000000e+02
6.008676e-01   5.429950e-05   1.000000e+02
6.064329e-01   6.048993e-05   1.000000e+02
6.120498e-01   6.735194e-05   1.000000e+02
6.177188e-01   7.495454e-05   1.000000e+02
6.234402e-01   8.337345e-05   1.000000e+02
6.292146e-01   9.269167e-05   1.000000e+02
6.350425e-01   1.030002e-04   1.000000e+02
6.409244e-01   1.143985e-04   1.000000e+02
6.468608e-01   1.269958e-04   1.000000e+02
6.528521e-01   1.409114e-04   1.000000e+02
6.588990e-01   1.562758e-04   1.000000e+02
6.650018e-01   1.732315e-04   1.000000e+02
6.711612e-01   1.919346e-04   1.000000e+02
6.773776e-01   2.125551e-04   1.000000e+02
6.836516e-01   2.352791e-04   1.000000e+02
6.899837e-01   2.603091e-04   1.000000e+02
6.963745e-01   2.878664e-04   1.000000e+02
7.028244e-01   3.181919e-04   1.000000e+02
7.093341e-01   3.515478e-04   1.000000e+02
7.159041e-01   3.882186e-04   1.000000e+02
7.225349e-01   4.285134e-04   1.000000e+02
7.292272e-01   4.727683e-04   1.000000e+02
7.359814e-01   5.213478e-04   1.000000e+02
7.427982e-01   5.746478e-04   1.000000e+02
7.496782e-01   6.330973e-04   1.000000e+02
7.566219e-01   6.971612e-04   1.000000e+02
7.636298e-01   7.673431e-04   1.000000e+02
7.707027e-01   8.441880e-04   1.000000e+02
7.778411e-01   9.282854e-04   1.000000e+02
7.850456e-01   1.020273e-03   1.000000e+02
7.923169e-01   1.120838e-03   1.000000e+02
7.996555e-01   1.230725e-03   1.000000e+02
8.070620e-01   1.350735e-03   1.000000e+02
8.145372e-01   1.481736e-03   1.000000e+02
8.220816e-01   1.624663e-03   1.000000e+02
8.296959e-01   1.780526e-03   1.000000e+02
8.373807e-01   1.950411e-03   1.000000e+02
8.451366e-01   2.135489e-03   1.000000e+02
8.529644e-01   2.337018e-03   1.000000e+02
8.608648e-01   2.556355e-03   1.000000e+02
8.688383e-01   2.794955e-03   1.000000e+02
8.768856e-01   3.054383e-03   1.000000e+02
8.850075e-01   3.336321e-03   1.000000e+02
8.932046e-01   3.642573e-03   1.000000e+02
9.014776e-01   3.975073e-03   1.000000e+02
9.098273e-01   4.335895e-03   1.000000e+02
9.182543e-01   4.727259e-03   1.000000e+02
9.267593e-01   5.151541e-03   1.000000e+02
9.353432e-01   5.611282e-03   1.000000e+02
9.440065e-01   6.109199e-03   1.000000e+02
9.527500e-01   6.648197e-03   1.000000e+02
9.615746e-01   7.231377e-03   1.000000e+02
9.704809e-01   7.862049e-03   1.000000e+02
9.794697e-01   8.543743e-03   1.000000e+02
9.885417e-01   9.280223e-03   1.000000e+02
9.976978e-01   1.007550e-02   1.000000e+02
1.006939e+00   1.093384e-02   1.000000e+02
1.016265e+00   1.185980e-02   1.000000e+02
1.025678e+00   1.285823e-02   1.000000e+02
1.035178e+00   1.393429e-02   1.000000e+02
1.044766e+00   1.509345e-02   1.000000e+02
1.054443e+00   1.634154e-02   1.000000e+02
1.064209e+00   1.768475e-02   1.000000e+02
1.074066e+00   1.912964e-02   1.000000e+02
1.084014e+00   2.068317e-02   1.000000e+02
1.094055e+00   2.235274e-02   1.000000e+02
1.104188e+00   2.414615e-02   1.000000e+02
1.114415e+00   2.607171e-02   1.000000e+02
1.124737e+00   2.813818e-02   1.000000e+02
1.135155e+00   3.035484e-02   1.000000e+02
1.145669e+00   3.273150e-02   1.000000e+02
1.156280e+00   3.527852e-02   1.000000e+02
1.166990e+00   3.800688e-02   1.000000e+02
1.177799e+00   4.092812e-02   1.000000e+02
1.188708e+00   4.405444e-02   1.000000e+02
1.199718e+00   4.739871e-02   1.000000e+02
1.210830e+00   5.097450e-02   1.000000e+02
1.222045e+00   5.479608e-02   1.000000e+02
1.233363e+00   5.887849e-02   1.000000e+02
1.244787e+00   6.323756e-02   1.000000e+02
1.256317e+00   6.788996e-02   1.000000e+02
1.267953e+00   7.285354e-02   1.000000e+02
1.279697e+00   7.814749e-02   1.000000e+02
1.291550e+00   8.379215e-02   1.000000e+02
1.303512e+00   8.980905e-02   1.000000e+02
1.315586e+00   9.622103e-02   1.000000e+02
1.327771e+00   1.030523e-01   1.000000e+02
1.340069e+00   1.103285e-01   1.000000e+02
1.352481e+00   1.180768e-01   1.000000e+02
1.365008e+00   1.263261e-01   1.000000e+02
1.377651e+00   1.351070e-01   1.000000e+02
1.390411e+00   1.444520e-01   1.000000e+02
1.403289e+00   1.543956e-01   1.000000e+02
1.416287e+00   1.649742e-01   1.000000e+02
1.429405e+00   1.762268e-01   1.000000e+02
1.442644e+00   1.881946e-01   1.000000e+02
1.456006e+00   2.009215e-01   1.000000e+02
1.469492e+00   2.144540e-01   1.000000e+02
1.483103e+00   2.288416e-01   1.000000e+02
1.496839e+00   2.441371e-01   1.000000e+02
1.510703e+00   2.603957e-01   1.000000e+02
1.524696e+00   2.776699e-01   1.000000e+02
1.538818e+00   2.960110e-01   1.000000e+02
1.553071e+00   3.154713e-01   1.000000e+02
1.567455e+00   3.361041e-01   1.000000e+02
1.581973e+00   3.579636e-01   1.000000e+02
1.596626e+00   3.811043e-01   1.000000e+02
1.611414e+00   4.055813e-01   1.000000e+02
1.626340e+00   4.314496e-01   1.000000e+02
1.641403e+00   4.587639e-01   1.000000e+02
1.656606e+00   4.875783e-01   1.000000e+02
1.671950e+00   5.179461e-01   1.000000e+02
1.687436e+00   5.499191e-01   1.000000e+02
1.703065e+00   5.835473e-01   1.000000e+02
1.718839e+00   6.188784e-01   1.000000e+02
1.734759e+00   6.559575e-01   1.000000e+02
1.750827e+00   6.948260e-01   1.000000e+02
1.767044e+00   7.355304e-01   1.000000e+02
1.783410e+00   7.781459e-01   1.000000e+02
1.799929e+00   8.227590e-01   1.000000e+02
1.816600e+00   8.694626e-01   1.000000e+02
1.833425e+00   9.183563e-01   1.000000e+02
1.850407e+00   9.695474e-01   1.000000e+02
1.867546e+00   1.023151e+00   1.000000e+02
1.884843e+00   1.079292e+00   1.000000e+02
1.902301e+00   1.138103e+00   1.000000e+02
1.919921e+00   1.199730e+00   1.000000e+02
1.937703e+00   1.264329e+00   1.000000e+02
1.955651e+00   1.332069e+00   1.000000e+02
1.973764e+00   1.403133e+00   1.000000e+02
1.992046e+00   1.477718e+00   1.000000e+02
2.010496e+00   1.556037e+00   1.000000e+02
2.029118e+00   1.638285e+00   1.000000e+02
2.047912e+00   1.724634e+00   1.000000e+02
2.066880e+00   1.815262e+00   1.000000e+02
2.086024e+00   1.910354e+00   1.000000e+02
2.105345e+00   2.010097e+00   1.000000e+02
2.124845e+00   2.114687e+00   1.000000e+02
2.144526e+00   2.224322e+00   1.000000e+02
2.164389e+00   2.339209e+00   1.000000e+02
2.184436e+00   2.459556e+00   1.000000e+02
2.204669e+00   2.585579e+00   1.000000e+02
2.225089e+00   2.717499e+00   1.000000e+02
2.245698e+00   2.855539e+00   1.000000e+02
2.266498e+00   2.999930e+00   1.000000e+02
2.287491e+00   3.150903e+00   1.000000e+02
2.308678e+00   3.308698e+00   1.000000e+02
2.330061e+00   3.473554e+00   1.000000e+02
2.351643e+00   3.645716e+00   1.000000e+02
2.373424e+00   3.825432e+00   1.000000e+02
2.395407e+00   4.012949e+00   1.000000e+02
2.417594e+00   4.208521e+00   1.000000e+02
2.439986e+00   4.412400e+00   1.000000e+02
2.462586e+00   4.624839e+00   1.000000e+02
2.485395e+00   4.846093e+00   1.000000e+02
2.508415e+00   5.076415e+00   1.000000e+02
2.531648e+00   5.316085e+00   1.000000e+02
2.555097e+00   5.565421e+00   1.000000e+02
2.578763e+00   5.824756e+00   1.000000e+02
2.602648e+00   6.094433e+00   1.000000e+02
2.626754e+00   6.374806e+00   1.000000e+02
2.651084e+00   6.666240e+00   1.000000e+02
2.675638e+00   6.969114e+00   1.000000e+02
2.700421e+00   7.283815e+00   1.000000e+02
2.725433e+00   7.610748e+00   1.000000e+02
2.750676e+00   7.950329e+00   1.000000e+02
2.776153e+00   8.302987e+00   1.000000e+02
2.801867e+00   8.669168e+00   1.000000e+02
2.827818e+00   9.049332e+00   1.000000e+02
2.854010e+00   9.443955e+00   1.000000e+02
2.880444e+00   9.853528e+00   1.000000e+02
2.907123e+00   1.027856e+01   1.000000e+02
2.934050e+00   1.071959e+01   1.000000e+02
2.961225e+00   1.117714e+01   1.000000e+02
2.988653e+00   1.165180e+01   1.000000e+02
3.016334e+00   1.214415e+01   1.000000e+02
3.044272e+00   1.265476e+01   1.000000e+02
3.072469e+00   1.318419e+01   1.000000e+02
3.100927e+00   1.373303e+01   1.000000e+02
3.129648e+00   1.430186e+01   1.000000e+02
3.158635e+00   1.489129e+01   1.000000e+02
3.187891e+00   1.550193e+01   1.000000e+02
3.217418e+00   1.613441e+01   1.000000e+02
3.247218e+00   1.678938e+01   1.000000e+02
3.277295e+00   1.746749e+01   1.000000e+02
3.307650e+00   1.816941e+01   1.000000e+02
3.338286e+00   1.889583e+01   1.000000e+02
3.369206e+00   1.964745e+01   1.000000e+02
3.400412e+00   2.042497e+01   1.000000e+02
3.431907e+00   2.122911e+01   1.000000e+02
3.463694e+00   2.206063e+01   1.000000e+02
3.495776e+00   2.292027e+01   1.000000e+02
3.528154e+00   2.380880e+01   1.000000e+02
3.560833e+00   2.472702e+01   1.000000e+02
3.593814e+00   2.567576e+01   1.000000e+02
3.627100e+00   2.665588e+01   1.000000e+02
3.660695e+00   2.766823e+01   1.000000e+02
3.694601e+00   2.871369e+01   1.000000e+02
3.728821e+00   2.979319e+01   1.000000e+02
3.763358e+00   3.090764e+01   1.000000e+02
3.798215e+00   3.205798e+01   1.000000e+02
3.833395e+00   3.324520e+01   1.000000e+02
3.868901e+00   3.447027e+01   1.000000e+02
3.904735e+00   3.573421e+01   1.000000e+02
3.940902e+00   3.703805e+01   1.000000e+02
3.977403e+00   3.838286e+01   1.000000e+02
4.014242e+00   3.976970e+01   1.000000e+02
4.051423e+00   4.119968e+01   1.000000e+02
4.088948e+00   4.267389e+01   1.000000e+02
4.126821e+00   4.419343e+01   1.000000e+02
4.165044e+00   4.575944e+01   1.000000e+02
4.203622e+00   4.737307e+01   1.000000e+02
4.242556e+00   4.903548e+01   1.000000e+02
4.281852e+00   5.074789e+01   1.000000e+02
4.321511e+00   5.251148e+01   1.000000e+02
4.361538e+00   5.432751e+01   1.000000e+02
4.401935e+00   5.619722e+01   1.000000e+02
4.442707e+00   5.812189e+01   1.000000e+02
4.483856e+00   6.010282e+01   1.000000e+02
4.525386e+00   6.214132e+01   1.000000e+02
4.567301e+00   6.423873e+01   1.000000e+02
4.609604e+00   6.639642e+01   1.000000e+02
4.652300e+00   6.861576e+01   1.000000e+02
4.695390e+00   7.089817e+01   1.000000e+02
4.738880e+00   7.324507e+01   1.000000e+02
4.782772e+00   7.565791e+01   1.000000e+02
4.827071e+00   7.813815e+01   1.000000e+02
4.871780e+00   8.068730e+01   1.000000e+02
4.916904e+00   8.330688e+01   1.000000e+02
4.962445e+00   8.599841e+01   1.000000e+02
5.008408e+00   8.876346e+01   1.000000e+02
5.054797e+00   9.160360e+01   1.000000e+02
5.101615e+00   9.452041e+01   1.000000e+02
5.148867e+00   9.751546e+01   1.000000e+02
5.196557e+00   1.005904e+02   1.000000e+02
5.244689e+00   1.037467e+02   1.000000e+02
5.293266e+00   1.069862e+02   1.000000e+02
5.342293e+00   1.103104e+02   1.000000e+02
5.391775e+00   1.137210e+02   1.000000e+02
5.441714e+00   1.172198e+02   1.000000e+02
5.492116e+00   1.208083e+02   1.000000e+02
5.542986e+00   1.244883e+02   1.000000e+02
5.594326e+00   1.282616e+02   1.000000e+02
5.646141e+00   1.321299e+02   1.000000e+02
5.698437e+00   1.360950e+02   1.000000e+02
5.751217e+00   1.401585e+02   1.000000e+02
5.804486e+00   1.443224e+02   1.000000e+02
5.858248e+00   1.485884e+02   1.000000e+02
5.912508e+00   1.529583e+02   1.000000e+02
5.967271e+00   1.574340e+02   1.000000e+02
6.022541e+00   1.620172e+02   1.000000e+02
6.078323e+00   1.667099e+02   1.000000e+02
6.134622e+00   1.715138e+02   1.000000e+02
6.191442e+00   1.764309e+02   1.000000e+02
6.248788e+00   1.814630e+02   1.000000e+02
6.306666e+00   1.866119e+02   1.000000e+02
6.365079e+00   1.918796e+02   1.000000e+02
6.424034e+00   1.972680e+02   1.000000e+02
6.483534e+00   2.027789e+02   1.000000e+02
6.543586e+00   2.084142e+02   1.000000e+02
6.604194e+00   2.141759e+02   1.000000e+02
6.665363e+00   2.200659e+02   1.000000e+02
6.727099e+00   2.260860e+02   1.000000e+02
6.789407e+00   2.322382e+02   1.000000e+02
6.852292e+00   2.385245e+02   1.000000e+02
6.915759e+00   2.449466e+02   1.000000e+02
6.979814e+00   2.515065e+02   1.000000e+02
7.044462e+00   2.582062e+02   1.000000e+02
7.109709e+00   2.650477e+02   1.000000e+02
7.175561e+00   2.720328e+02   1.000000e+02
7.242022e+00   2.791636e+02   1.000000e+02
7.309099e+00   2.864422e+02   1.000000e+02
7.376798e+00   2.938705e+02   1.000000e+02
7.445123e+00   3.014505e+02   1.000000e+02
7.514081e+00   3.091843e+02   1.000000e+02
7.583678e+00   3.170738e+02   1.000000e+02
7.653919e+00   3.251212e+02   1.000000e+02
7.724811e+00   3.333284e+02   1.000000e+02
7.796360e+00   3.416975e+02   1.000000e+02
7.868572e+00   3.502304e+02   1.000000e+02
7.941452e+00   3.589293e+02   1.000000e+02
8.015007e+00   3.677961e+02   1.000000e+02
8.089243e+00   3.768330e+02   1.000000e+02
8.164168e+00   3.860422e+02   1.000000e+02
8.239786e+00   3.954263e+02   1.000000e+02
8.316104e+00   4.049875e+02   1.000000e+02
8.393129e+00   4.147284e+02   1.000000e+02
8.470868e+00   4.246514e+02   1.000000e+02
8.549327e+00   4.347590e+02   1.000000e+02
8.628513e+00   4.450538e+02   1.000000e+02
8.708431e+00   4.555384e+02   1.000000e+02
8.789091e+00   4.662154e+02   1.000000e+02
8.870497e+00   4.770875e+02   1.000000e+02
8.952657e+00   4.881573e+02   1.000000e+02
9.035578e+00   4.994277e+02   1.000000e+02
9.119268e+00   5.109014e+02   1.000000e+02
9.203732e+00   5.225812e+02   1.000000e+02
9.288979e+00   5.344701e+02   1.000000e+02
9.375015e+00   5.465710e+02   1.000000e+02
9.461848e+00   5.588869e+02   1.000000e+02
9.549486e+00   5.714207e+02   1.000000e+02
9.637935e+00   5.841756e+02   1.000000e+02
9.727203e+00   5.971548e+02   1.000000e+02
9.817298e+00   6.103614e+02   1.000000e+02
9.908228e+00   6.237987e+02   1.000000e+02
1.000000e+01   6.374700e+02   1.000000e+02
