# Li7 + He3 > a + a + d   [Li7_He3__a_a_d]   ref=TALYS2, Koning et al. 2023
# detailed balance: alpha=2.87e-10 beta=-1.5 gamma=-137.558  Q=11.8538
# T9                 rate                error
1.000000e-03   1.000000e-35   1.000000e+02
1.009262e-03   1.007346e-35   1.000000e+02
1.018610e-03   1.013814e-35   1.000000e+02
1.028045e-03   1.019405e-35   1.000000e+02
1.037567e-03   1.024118e-35   1.000000e+02
1.047177e-03   1.027957e-35   1.000000e+02
1.056876e-03   1.030930e-35   1.000000e+02
1.066665e-03   1.033044e-35   1.000000e+02
1.076545e-03   1.034311e-35   1.000000e+02
1.086516e-03   1.034744e-35   1.000000e+02
1.096579e-03   1.034358e-35   1.000000e+02
1.106736e-03   1.033170e-35   1.000000e+02
1.116987e-03   1.031200e-35   1.000000e+02
1.127333e-03   1.028468e-35   1.000000e+02
1.137774e-03   1.024996e-35   1.000000e+02
1.148312e-03   1.020809e-35   1.000000e+02
1.158948e-03   1.015931e-35   1.000000e+02
1.169683e-03   1.010388e-35   1.000000e+02
1.180517e-03   1.004207e-35   1.000000e+02
1.191451e-03   9.974156e-36   1.000000e+02
1.202486e-03   9.900431e-36   1.000000e+02
1.213624e-03   9.821183e-36   1.000000e+02
1.224865e-03   9.736706e-36   1.000000e+02
1.236210e-03   9.647301e-36   1.000000e+02
1.247660e-03   9.553266e-36   1.000000e+02
1.259216e-03   9.454904e-36   1.000000e+02
1.270879e-03   9.352515e-36   1.000000e+02
1.282650e-03   9.246398e-36   1.000000e+02
1.294530e-03   9.136851e-36   1.000000e+02
1.306520e-03   9.024167e-36   1.000000e+02
1.318621e-03   8.908635e-36   1.000000e+02
1.330835e-03   8.790540e-36   1.000000e+02
1.343161e-03   8.670161e-36   1.000000e+02
1.355602e-03   8.547771e-36   1.000000e+02
1.368158e-03   8.423634e-36   1.000000e+02
1.380830e-03   8.298008e-36   1.000000e+02
1.393619e-03   8.171145e-36   1.000000e+02
1.406527e-03   8.043285e-36   1.000000e+02
1.419555e-03   7.914663e-36   1.000000e+02
1.432703e-03   7.785501e-36   1.000000e+02
1.445973e-03   7.656016e-36   1.000000e+02
1.459366e-03   7.526413e-36   1.000000e+02
1.472883e-03   7.396889e-36   1.000000e+02
1.486525e-03   7.267630e-36   1.000000e+02
1.500293e-03   7.138814e-36   1.000000e+02
1.514189e-03   7.010609e-36   1.000000e+02
1.528214e-03   6.883172e-36   1.000000e+02
1.542369e-03   6.756654e-36   1.000000e+02
1.556654e-03   6.631194e-36   1.000000e+02
1.571072e-03   6.506922e-36   1.000000e+02
1.585624e-03   6.383960e-36   1.000000e+02
1.600310e-03   6.262421e-36   1.000000e+02
1.615133e-03   6.142411e-36   1.000000e+02
1.630092e-03   6.024024e-36   1.000000e+02
1.645191e-03   5.907350e-36   1.000000e+02
1.660429e-03   5.792469e-36   1.000000e+02
1.675808e-03   5.679454e-36   1.000000e+02
1.691330e-03   5.568371e-36   1.000000e+02
1.706995e-03   5.459280e-36   1.000000e+02
1.722805e-03   5.352234e-36   1.000000e+02
1.738762e-03   5.247277e-36   1.000000e+02
1.754867e-03   5.144453e-36   1.000000e+02
1.771121e-03   5.043794e-36   1.000000e+02
1.787526e-03   4.945332e-36   1.000000e+02
1.804082e-03   4.849090e-36   1.000000e+02
1.820792e-03   4.755090e-36   1.000000e+02
1.837656e-03   4.663346e-36   1.000000e+02
1.854677e-03   4.573872e-36   1.000000e+02
1.871855e-03   4.486673e-36   1.000000e+02
1.889193e-03   4.401756e-36   1.000000e+02
1.906691e-03   4.319122e-36   1.000000e+02
1.924351e-03   4.238769e-36   1.000000e+02
1.942175e-03   4.160693e-36   1.000000e+02
1.960163e-03   4.084887e-36   1.000000e+02
1.978319e-03   4.011343e-36   1.000000e+02
1.996642e-03   3.940051e-36   1.000000e+02
2.015136e-03   3.870998e-36   1.000000e+02
2.033800e-03   3.804170e-36   1.000000e+02
2.052638e-03   3.739554e-36   1.000000e+02
2.071650e-03   3.677133e-36   1.000000e+02
2.090838e-03   3.616891e-36   1.000000e+02
2.110203e-03   3.558811e-36   1.000000e+02
2.129749e-03   3.502875e-36   1.000000e+02
2.149475e-03   3.449066e-36   1.000000e+02
2.169384e-03   3.397365e-36   1.000000e+02
2.189477e-03   3.347757e-36   1.000000e+02
2.209756e-03   3.300223e-36   1.000000e+02
2.230223e-03   3.254747e-36   1.000000e+02
2.250880e-03   3.211312e-36   1.000000e+02
2.271728e-03   3.169904e-36   1.000000e+02
2.292769e-03   3.130509e-36   1.000000e+02
2.314005e-03   3.093112e-36   1.000000e+02
2.335438e-03   3.057703e-36   1.000000e+02
2.357069e-03   3.024271e-36   1.000000e+02
2.378901e-03   2.992806e-36   1.000000e+02
2.400935e-03   2.963303e-36   1.000000e+02
2.423173e-03   2.935754e-36   1.000000e+02
2.445617e-03   2.910158e-36   1.000000e+02
2.468268e-03   2.886513e-36   1.000000e+02
2.491130e-03   2.864820e-36   1.000000e+02
2.514203e-03   2.845082e-36   1.000000e+02
2.537490e-03   2.827307e-36   1.000000e+02
2.560993e-03   2.811504e-36   1.000000e+02
2.584714e-03   2.797684e-36   1.000000e+02
2.608654e-03   2.785863e-36   1.000000e+02
2.632815e-03   2.776061e-36   1.000000e+02
2.657201e-03   2.768300e-36   1.000000e+02
2.681813e-03   2.762607e-36   1.000000e+02
2.706652e-03   2.759013e-36   1.000000e+02
2.731722e-03   2.757553e-36   1.000000e+02
2.757023e-03   2.758267e-36   1.000000e+02
2.782559e-03   2.761200e-36   1.000000e+02
2.808332e-03   2.766404e-36   1.000000e+02
2.834343e-03   2.773935e-36   1.000000e+02
2.860596e-03   2.783857e-36   1.000000e+02
2.887091e-03   2.796237e-36   1.000000e+02
2.913832e-03   2.811155e-36   1.000000e+02
2.940820e-03   2.828693e-36   1.000000e+02
2.968059e-03   2.848946e-36   1.000000e+02
2.995549e-03   2.872015e-36   1.000000e+02
3.023295e-03   2.897983e-36   1.000000e+02
3.051297e-03   2.926758e-36   1.000000e+02
3.079559e-03   2.958171e-36   1.000000e+02
3.108082e-03   2.992053e-36   1.000000e+02
3.136870e-03   3.028228e-36   1.000000e+02
3.165924e-03   3.066514e-36   1.000000e+02
3.195248e-03   3.106722e-36   1.000000e+02
3.224842e-03   3.148652e-36   1.000000e+02
3.254712e-03   3.192094e-36   1.000000e+02
3.284857e-03   3.236826e-36   1.000000e+02
3.315282e-03   3.282610e-36   1.000000e+02
3.345989e-03   3.329198e-36   1.000000e+02
3.376980e-03   3.376323e-36   1.000000e+02
3.408259e-03   3.423705e-36   1.000000e+02
3.439826e-03   3.471048e-36   1.000000e+02
3.471687e-03   3.518037e-36   1.000000e+02
3.503842e-03   3.564346e-36   1.000000e+02
3.536296e-03   3.609630e-36   1.000000e+02
3.569049e-03   3.653530e-36   1.000000e+02
3.602107e-03   3.695675e-36   1.000000e+02
3.635470e-03   3.735681e-36   1.000000e+02
3.669142e-03   3.773155e-36   1.000000e+02
3.703127e-03   3.807695e-36   1.000000e+02
3.737426e-03   3.838893e-36   1.000000e+02
3.772042e-03   3.866343e-36   1.000000e+02
3.806980e-03   3.889635e-36   1.000000e+02
3.842241e-03   3.908368e-36   1.000000e+02
3.877828e-03   3.922147e-36   1.000000e+02
3.913746e-03   3.930593e-36   1.000000e+02
3.949995e-03   3.933343e-36   1.000000e+02
3.986581e-03   3.930059e-36   1.000000e+02
4.023506e-03   3.920548e-36   1.000000e+02
4.060772e-03   3.906186e-36   1.000000e+02
4.098384e-03   3.889425e-36   1.000000e+02
4.136344e-03   3.872708e-36   1.000000e+02
4.174655e-03   3.858436e-36   1.000000e+02
4.213322e-03   3.848977e-36   1.000000e+02
4.252346e-03   3.846692e-36   1.000000e+02
4.291732e-03   3.853967e-36   1.000000e+02
4.331483e-03   3.873266e-36   1.000000e+02
4.371602e-03   3.907202e-36   1.000000e+02
4.412093e-03   3.958621e-36   1.000000e+02
4.452959e-03   4.030716e-36   1.000000e+02
4.494203e-03   4.127155e-36   1.000000e+02
4.535829e-03   4.252264e-36   1.000000e+02
4.577841e-03   4.411242e-36   1.000000e+02
4.620241e-03   4.610450e-36   1.000000e+02
4.663035e-03   4.857778e-36   1.000000e+02
4.706225e-03   5.163147e-36   1.000000e+02
4.749815e-03   5.539164e-36   1.000000e+02
4.793808e-03   6.002017e-36   1.000000e+02
4.838210e-03   6.572701e-36   1.000000e+02
4.883022e-03   7.278713e-36   1.000000e+02
4.928250e-03   8.156424e-36   1.000000e+02
4.973896e-03   9.254435e-36   1.000000e+02
5.019965e-03   1.063819e-35   1.000000e+02
5.066461e-03   1.239018e-35   1.000000e+02
5.113388e-03   1.461228e-35   1.000000e+02
5.160749e-03   1.743855e-35   1.000000e+02
5.208549e-03   2.104634e-35   1.000000e+02
5.256791e-03   2.567076e-35   1.000000e+02
5.305481e-03   3.162411e-35   1.000000e+02
5.354621e-03   3.932215e-35   1.000000e+02
5.404216e-03   4.931936e-35   1.000000e+02
5.454271e-03   6.235632e-35   1.000000e+02
5.504790e-03   7.942337e-35   1.000000e+02
5.555776e-03   1.018457e-34   1.000000e+02
5.607235e-03   1.313970e-34   1.000000e+02
5.659170e-03   1.704505e-34   1.000000e+02
5.711586e-03   2.221790e-34   1.000000e+02
5.764488e-03   2.908181e-34   1.000000e+02
5.817880e-03   3.820107e-34   1.000000e+02
5.871766e-03   5.032536e-34   1.000000e+02
5.926152e-03   6.644731e-34   1.000000e+02
5.981041e-03   8.787571e-34   1.000000e+02
6.036439e-03   1.163333e-33   1.000000e+02
6.092349e-03   1.541621e-33   1.000000e+02
6.148778e-03   2.045749e-33   1.000000e+02
6.205729e-03   2.719526e-33   1.000000e+02
6.263207e-03   3.622975e-33   1.000000e+02
6.321218e-03   4.838758e-33   1.000000e+02
6.379767e-03   6.481331e-33   1.000000e+02
6.438857e-03   8.710064e-33   1.000000e+02
6.498495e-03   1.174818e-32   1.000000e+02
6.558686e-03   1.591026e-32   1.000000e+02
6.619433e-03   2.164244e-32   1.000000e+02
6.680744e-03   2.958168e-32   1.000000e+02
6.742622e-03   4.064362e-32   1.000000e+02
6.805074e-03   5.615391e-32   1.000000e+02
6.868104e-03   7.804604e-32   1.000000e+02
6.931717e-03   1.091617e-31   1.000000e+02
6.995920e-03   1.537104e-31   1.000000e+02
7.060718e-03   2.179588e-31   1.000000e+02
7.126115e-03   3.111809e-31   1.000000e+02
7.192119e-03   4.471859e-31   1.000000e+02
7.258734e-03   6.466504e-31   1.000000e+02
7.325965e-03   9.406476e-31   1.000000e+02
7.393820e-03   1.376036e-30   1.000000e+02
7.462303e-03   2.023707e-30   1.000000e+02
7.531420e-03   2.991233e-30   1.000000e+02
7.601178e-03   4.442292e-30   1.000000e+02
7.671581e-03   6.626555e-30   1.000000e+02
7.742637e-03   9.925718e-30   1.000000e+02
7.814351e-03   1.492448e-29   1.000000e+02
7.886729e-03   2.252002e-29   1.000000e+02
7.959777e-03   3.409108e-29   1.000000e+02
8.033502e-03   5.176038e-29   1.000000e+02
8.107910e-03   7.886726e-29   1.000000e+02
8.183007e-03   1.207871e-28   1.000000e+02
8.258799e-03   1.862401e-28   1.000000e+02
8.335294e-03   2.895741e-28   1.000000e+02
8.412497e-03   4.547621e-28   1.000000e+02
8.490415e-03   7.225229e-28   1.000000e+02
8.569055e-03   1.163232e-27   1.000000e+02
8.648423e-03   1.900785e-27   1.000000e+02
8.728527e-03   3.157594e-27   1.000000e+02
8.809372e-03   5.341222e-27   1.000000e+02
8.890966e-03   9.214901e-27   1.000000e+02
8.973316e-03   1.624093e-26   1.000000e+02
9.056428e-03   2.927699e-26   1.000000e+02
9.140311e-03   5.379644e-26   1.000000e+02
9.224970e-03   1.001273e-25   1.000000e+02
9.310413e-03   1.875702e-25   1.000000e+02
9.396648e-03   3.514214e-25   1.000000e+02
9.483682e-03   6.543140e-25   1.000000e+02
9.571522e-03   1.203036e-24   1.000000e+02
9.660175e-03   2.170430e-24   1.000000e+02
9.749649e-03   3.817935e-24   1.000000e+02
9.839952e-03   6.506802e-24   1.000000e+02
9.931092e-03   1.067587e-23   1.000000e+02
1.002308e-02   1.675679e-23   1.000000e+02
1.011591e-02   2.510240e-23   1.000000e+02
1.020961e-02   3.608457e-23   1.000000e+02
1.030417e-02   5.008882e-23   1.000000e+02
1.039961e-02   6.756229e-23   1.000000e+02
1.049593e-02   8.911347e-23   1.000000e+02
1.059315e-02   1.156615e-22   1.000000e+02
1.069126e-02   1.486526e-22   1.000000e+02
1.079029e-02   1.903815e-22   1.000000e+02
1.089023e-02   2.444992e-22   1.000000e+02
1.099110e-02   3.168555e-22   1.000000e+02
1.109290e-02   4.165390e-22   1.000000e+02
1.119564e-02   5.553730e-22   1.000000e+02
1.129934e-02   7.495621e-22   1.000000e+02
1.140400e-02   1.022075e-21   1.000000e+02
1.150962e-02   1.405301e-21   1.000000e+02
1.161623e-02   1.944580e-21   1.000000e+02
1.172382e-02   2.702782e-21   1.000000e+02
1.183241e-02   3.766029e-21   1.000000e+02
1.194200e-02   5.250522e-21   1.000000e+02
1.205261e-02   7.310475e-21   1.000000e+02
1.216424e-02   1.015771e-20   1.000000e+02
1.227691e-02   1.409205e-20   1.000000e+02
1.239062e-02   1.953123e-20   1.000000e+02
1.250539e-02   2.705888e-20   1.000000e+02
1.262121e-02   3.749409e-20   1.000000e+02
1.273811e-02   5.199204e-20   1.000000e+02
1.285610e-02   7.219047e-20   1.000000e+02
1.297517e-02   1.004246e-19   1.000000e+02
1.309535e-02   1.400354e-19   1.000000e+02
1.321664e-02   1.957423e-19   1.000000e+02
1.333906e-02   2.742184e-19   1.000000e+02
1.346261e-02   3.849366e-19   1.000000e+02
1.358730e-02   5.413496e-19   1.000000e+02
1.371315e-02   7.625668e-19   1.000000e+02
1.384016e-02   1.075734e-18   1.000000e+02
1.396835e-02   1.519408e-18   1.000000e+02
1.409773e-02   2.148368e-18   1.000000e+02
1.422830e-02   3.040801e-18   1.000000e+02
1.436009e-02   4.308463e-18   1.000000e+02
1.449310e-02   6.111139e-18   1.000000e+02
1.462733e-02   8.677559e-18   1.000000e+02
1.476281e-02   1.233556e-17   1.000000e+02
1.489955e-02   1.755562e-17   1.000000e+02
1.503755e-02   2.501382e-17   1.000000e+02
1.517683e-02   3.568219e-17   1.000000e+02
1.531740e-02   5.095853e-17   1.000000e+02
1.545928e-02   7.285517e-17   1.000000e+02
1.560246e-02   1.042716e-16   1.000000e+02
1.574698e-02   1.493890e-16   1.000000e+02
1.589283e-02   2.142407e-16   1.000000e+02
1.604003e-02   3.075391e-16   1.000000e+02
1.618860e-02   4.418703e-16   1.000000e+02
1.633854e-02   6.354183e-16   1.000000e+02
1.648987e-02   9.144693e-16   1.000000e+02
1.664260e-02   1.317034e-15   1.000000e+02
1.679675e-02   1.898091e-15   1.000000e+02
1.695232e-02   2.737180e-15   1.000000e+02
1.710934e-02   3.949387e-15   1.000000e+02
1.726781e-02   5.701252e-15   1.000000e+02
1.742775e-02   8.233770e-15   1.000000e+02
1.758917e-02   1.189568e-14   1.000000e+02
1.775208e-02   1.719156e-14   1.000000e+02
1.791650e-02   2.485143e-14   1.000000e+02
1.808245e-02   3.593119e-14   1.000000e+02
1.824993e-02   5.195935e-14   1.000000e+02
1.841897e-02   7.514993e-14   1.000000e+02
1.858957e-02   1.087096e-13   1.000000e+02
1.876175e-02   1.572834e-13   1.000000e+02
1.893552e-02   2.276015e-13   1.000000e+02
1.911091e-02   3.294172e-13   1.000000e+02
1.928792e-02   4.768676e-13   1.000000e+02
1.946656e-02   6.904484e-13   1.000000e+02
1.964687e-02   9.998804e-13   1.000000e+02
1.982884e-02   1.448271e-12   1.000000e+02
2.001250e-02   2.098157e-12   1.000000e+02
2.019786e-02   3.040165e-12   1.000000e+02
2.038493e-02   4.405111e-12   1.000000e+02
2.057374e-02   6.381683e-12   1.000000e+02
2.076430e-02   9.241671e-12   1.000000e+02
2.095662e-02   1.337583e-11   1.000000e+02
2.115073e-02   1.934482e-11   1.000000e+02
2.134663e-02   2.795116e-11   1.000000e+02
2.154435e-02   4.034083e-11   1.000000e+02
2.174389e-02   5.814571e-11   1.000000e+02
2.194529e-02   8.368289e-11   1.000000e+02
2.214855e-02   1.202320e-10   1.000000e+02
2.235370e-02   1.724193e-10   1.000000e+02
2.256074e-02   2.467473e-10   1.000000e+02
2.276970e-02   3.523206e-10   1.000000e+02
2.298060e-02   5.018348e-10   1.000000e+02
2.319345e-02   7.129168e-10   1.000000e+02
2.340827e-02   1.009928e-09   1.000000e+02
2.362508e-02   1.426375e-09   1.000000e+02
2.384390e-02   2.008108e-09   1.000000e+02
2.406475e-02   2.817531e-09   1.000000e+02
2.428764e-02   3.939096e-09   1.000000e+02
2.451260e-02   5.486420e-09   1.000000e+02
2.473964e-02   7.611395e-09   1.000000e+02
2.496878e-02   1.051576e-08   1.000000e+02
2.520005e-02   1.446622e-08   1.000000e+02
2.543346e-02   1.981799e-08   1.000000e+02
2.566903e-02   2.704266e-08   1.000000e+02
2.590678e-02   3.676369e-08   1.000000e+02
2.614673e-02   4.980393e-08   1.000000e+02
2.638891e-02   6.724779e-08   1.000000e+02
2.663333e-02   9.052263e-08   1.000000e+02
2.688001e-02   1.215055e-07   1.000000e+02
2.712898e-02   1.626631e-07   1.000000e+02
2.738025e-02   2.172360e-07   1.000000e+02
2.763385e-02   2.894802e-07   1.000000e+02
2.788980e-02   3.849862e-07   1.000000e+02
2.814812e-02   5.110997e-07   1.000000e+02
2.840884e-02   6.774780e-07   1.000000e+02
2.867196e-02   8.968272e-07   1.000000e+02
2.893753e-02   1.185881e-06   1.000000e+02
2.920556e-02   1.566706e-06   1.000000e+02
2.947606e-02   2.068438e-06   1.000000e+02
2.974908e-02   2.729614e-06   1.000000e+02
3.002462e-02   3.601292e-06   1.000000e+02
3.030271e-02   4.749919e-06   1.000000e+02
3.058338e-02   6.257204e-06   1.000000e+02
3.086665e-02   8.223647e-06   1.000000e+02
3.115254e-02   1.077116e-05   1.000000e+02
3.144108e-02   1.404422e-05   1.000000e+02
3.173230e-02   1.820934e-05   1.000000e+02
3.202621e-02   2.345176e-05   1.000000e+02
3.232284e-02   2.996851e-05   1.000000e+02
3.262222e-02   3.795659e-05   1.000000e+02
3.292437e-02   4.759541e-05   1.000000e+02
3.322933e-02   5.902317e-05   1.000000e+02
3.353710e-02   7.230750e-05   1.000000e+02
3.384773e-02   8.741201e-05   1.000000e+02
3.416123e-02   1.041621e-04   1.000000e+02
3.447764e-02   1.222144e-04   1.000000e+02
3.479698e-02   1.410371e-04   1.000000e+02
3.511928e-02   1.599064e-04   1.000000e+02
3.544456e-02   1.779279e-04   1.000000e+02
3.577285e-02   1.940847e-04   1.000000e+02
3.610419e-02   2.073154e-04   1.000000e+02
3.643859e-02   2.166148e-04   1.000000e+02
3.677609e-02   2.211491e-04   1.000000e+02
3.711672e-02   2.203667e-04   1.000000e+02
3.746050e-02   2.140891e-04   1.000000e+02
3.780747e-02   2.025603e-04   1.000000e+02
3.815765e-02   1.864443e-04   1.000000e+02
3.851107e-02   1.667642e-04   1.000000e+02
3.886777e-02   1.447901e-04   1.000000e+02
3.922777e-02   1.218936e-04   1.000000e+02
3.959110e-02   9.939232e-05   1.000000e+02
3.995780e-02   7.841123e-05   1.000000e+02
4.032790e-02   5.981467e-05   1.000000e+02
4.070142e-02   4.422562e-05   1.000000e+02
4.107841e-02   3.180240e-05   1.000000e+02
4.145888e-02   2.231768e-05   1.000000e+02
4.184289e-02   1.533646e-05   1.000000e+02
4.223044e-02   1.035550e-05   1.000000e+02
4.262159e-02   6.893991e-06   1.000000e+02
4.301636e-02   4.540540e-06   1.000000e+02
4.341478e-02   2.968689e-06   1.000000e+02
4.381690e-02   1.933419e-06   1.000000e+02
4.422274e-02   1.258562e-06   1.000000e+02
4.463234e-02   8.216643e-07   1.000000e+02
4.504573e-02   5.398443e-07   1.000000e+02
4.546295e-02   3.581627e-07   1.000000e+02
4.588404e-02   2.407762e-07   1.000000e+02
4.630903e-02   1.645704e-07   1.000000e+02
4.673795e-02   1.147567e-07   1.000000e+02
4.717085e-02   8.191734e-08   1.000000e+02
4.760775e-02   6.006603e-08   1.000000e+02
4.804870e-02   4.539632e-08   1.000000e+02
4.849374e-02   3.548416e-08   1.000000e+02
4.894290e-02   2.878418e-08   1.000000e+02
4.939622e-02   2.431433e-08   1.000000e+02
4.985373e-02   2.146066e-08   1.000000e+02
5.031549e-02   1.985308e-08   1.000000e+02
5.078152e-02   1.923426e-08   1.000000e+02
5.125187e-02   1.945410e-08   1.000000e+02
5.172657e-02   2.047593e-08   1.000000e+02
5.220568e-02   2.235539e-08   1.000000e+02
5.268921e-02   2.523691e-08   1.000000e+02
5.317723e-02   2.936397e-08   1.000000e+02
5.366977e-02   3.510164e-08   1.000000e+02
5.416687e-02   4.297174e-08   1.000000e+02
5.466857e-02   5.370205e-08   1.000000e+02
5.517492e-02   6.829051e-08   1.000000e+02
5.568596e-02   8.808472e-08   1.000000e+02
5.620174e-02   1.148738e-07   1.000000e+02
5.672229e-02   1.509838e-07   1.000000e+02
5.724766e-02   1.993601e-07   1.000000e+02
5.777790e-02   2.636052e-07   1.000000e+02
5.831305e-02   3.479258e-07   1.000000e+02
5.885316e-02   4.569254e-07   1.000000e+02
5.939827e-02   5.951679e-07   1.000000e+02
5.994843e-02   7.664402e-07   1.000000e+02
6.050368e-02   9.731878e-07   1.000000e+02
6.106408e-02   1.218502e-06   1.000000e+02
6.162966e-02   1.505891e-06   1.000000e+02
6.220049e-02   1.838760e-06   1.000000e+02
6.277660e-02   2.220483e-06   1.000000e+02
6.335805e-02   2.654528e-06   1.000000e+02
6.394488e-02   3.144643e-06   1.000000e+02
6.453715e-02   3.695100e-06   1.000000e+02
6.513491e-02   4.311004e-06   1.000000e+02
6.573820e-02   4.998673e-06   1.000000e+02
6.634708e-02   5.766095e-06   1.000000e+02
6.696160e-02   6.623480e-06   1.000000e+02
6.758181e-02   7.583936e-06   1.000000e+02
6.820777e-02   8.664304e-06   1.000000e+02
6.883952e-02   9.886213e-06   1.000000e+02
6.947713e-02   1.127743e-05   1.000000e+02
7.012064e-02   1.287361e-05   1.000000e+02
7.077011e-02   1.471536e-05   1.000000e+02
7.142559e-02   1.683965e-05   1.000000e+02
7.208715e-02   1.928621e-05   1.000000e+02
7.275484e-02   2.209899e-05   1.000000e+02
7.342870e-02   2.532618e-05   1.000000e+02
7.410882e-02   2.902009e-05   1.000000e+02
7.479523e-02   3.323686e-05   1.000000e+02
7.548799e-02   3.803586e-05   1.000000e+02
7.618718e-02   4.347893e-05   1.000000e+02
7.689284e-02   4.962913e-05   1.000000e+02
7.760503e-02   5.654927e-05   1.000000e+02
7.832383e-02   6.429983e-05   1.000000e+02
7.904928e-02   7.293657e-05   1.000000e+02
7.978145e-02   8.250754e-05   1.000000e+02
8.052040e-02   9.304792e-05   1.000000e+02
8.126619e-02   1.045572e-04   1.000000e+02
8.201889e-02   1.169920e-04   1.000000e+02
8.277857e-02   1.302668e-04   1.000000e+02
8.354528e-02   1.442472e-04   1.000000e+02
8.431909e-02   1.587439e-04   1.000000e+02
8.510007e-02   1.735096e-04   1.000000e+02
8.588829e-02   1.882378e-04   1.000000e+02
8.668380e-02   2.025665e-04   1.000000e+02
8.748668e-02   2.160857e-04   1.000000e+02
8.829700e-02   2.283508e-04   1.000000e+02
8.911482e-02   2.389008e-04   1.000000e+02
8.994022e-02   2.472814e-04   1.000000e+02
9.077327e-02   2.531794e-04   1.000000e+02
9.161402e-02   2.568893e-04   1.000000e+02
9.246257e-02   2.589673e-04   1.000000e+02
9.331898e-02   2.600316e-04   1.000000e+02
9.418332e-02   2.607295e-04   1.000000e+02
9.505566e-02   2.617207e-04   1.000000e+02
9.593608e-02   2.636760e-04   1.000000e+02
9.682466e-02   2.672935e-04   1.000000e+02
9.772147e-02   2.733332e-04   1.000000e+02
9.862658e-02   2.826724e-04   1.000000e+02
9.954008e-02   2.963891e-04   1.000000e+02
1.004620e-01   3.158542e-04   1.000000e+02
1.013925e-01   3.421586e-04   1.000000e+02
1.023317e-01   3.759830e-04   1.000000e+02
1.032795e-01   4.181667e-04   1.000000e+02
1.042361e-01   4.696905e-04   1.000000e+02
1.052015e-01   5.316132e-04   1.000000e+02
1.061759e-01   6.049815e-04   1.000000e+02
1.071593e-01   6.907029e-04   1.000000e+02
1.081519e-01   7.893761e-04   1.000000e+02
1.091536e-01   9.010746e-04   1.000000e+02
1.101646e-01   1.025093e-03   1.000000e+02
1.111850e-01   1.160516e-03   1.000000e+02
1.122148e-01   1.307908e-03   1.000000e+02
1.132541e-01   1.468294e-03   1.000000e+02
1.143031e-01   1.642978e-03   1.000000e+02
1.153618e-01   1.833606e-03   1.000000e+02
1.164303e-01   2.042245e-03   1.000000e+02
1.175087e-01   2.271486e-03   1.000000e+02
1.185971e-01   2.524558e-03   1.000000e+02
1.196956e-01   2.805474e-03   1.000000e+02
1.208042e-01   3.119050e-03   1.000000e+02
1.219231e-01   3.469508e-03   1.000000e+02
1.230524e-01   3.860627e-03   1.000000e+02
1.241921e-01   4.296413e-03   1.000000e+02
1.253424e-01   4.781081e-03   1.000000e+02
1.265034e-01   5.319023e-03   1.000000e+02
1.276751e-01   5.914759e-03   1.000000e+02
1.288576e-01   6.572877e-03   1.000000e+02
1.300511e-01   7.297950e-03   1.000000e+02
1.312557e-01   8.094476e-03   1.000000e+02
1.324714e-01   8.966872e-03   1.000000e+02
1.336984e-01   9.919296e-03   1.000000e+02
1.349367e-01   1.095548e-02   1.000000e+02
1.361865e-01   1.207859e-02   1.000000e+02
1.374479e-01   1.329103e-02   1.000000e+02
1.387210e-01   1.459424e-02   1.000000e+02
1.400058e-01   1.598851e-02   1.000000e+02
1.413026e-01   1.747538e-02   1.000000e+02
1.426114e-01   1.906699e-02   1.000000e+02
1.439323e-01   2.078176e-02   1.000000e+02
1.452654e-01   2.264305e-02   1.000000e+02
1.466109e-01   2.468016e-02   1.000000e+02
1.479688e-01   2.692956e-02   1.000000e+02
1.493393e-01   2.943653e-02   1.000000e+02
1.507225e-01   3.225639e-02   1.000000e+02
1.521186e-01   3.543659e-02   1.000000e+02
1.535275e-01   3.901081e-02   1.000000e+02
1.549495e-01   4.301253e-02   1.000000e+02
1.563847e-01   4.747466e-02   1.000000e+02
1.578331e-01   5.242830e-02   1.000000e+02
1.592950e-01   5.790108e-02   1.000000e+02
1.607704e-01   6.391603e-02   1.000000e+02
1.622595e-01   7.050659e-02   1.000000e+02
1.637624e-01   7.772206e-02   1.000000e+02
1.652792e-01   8.561614e-02   1.000000e+02
1.668101e-01   9.424659e-02   1.000000e+02
1.683551e-01   1.036755e-01   1.000000e+02
1.699144e-01   1.139698e-01   1.000000e+02
1.714882e-01   1.252009e-01   1.000000e+02
1.730766e-01   1.374460e-01   1.000000e+02
1.746796e-01   1.507875e-01   1.000000e+02
1.762975e-01   1.653138e-01   1.000000e+02
1.779304e-01   1.811196e-01   1.000000e+02
1.795785e-01   1.983062e-01   1.000000e+02
1.812418e-01   2.169828e-01   1.000000e+02
1.829205e-01   2.372730e-01   1.000000e+02
1.846147e-01   2.593155e-01   1.000000e+02
1.863246e-01   2.832620e-01   1.000000e+02
1.880504e-01   3.092793e-01   1.000000e+02
1.897922e-01   3.375506e-01   1.000000e+02
1.915501e-01   3.682775e-01   1.000000e+02
1.933242e-01   4.016824e-01   1.000000e+02
1.951148e-01   4.380104e-01   1.000000e+02
1.969220e-01   4.775326e-01   1.000000e+02
1.987460e-01   5.205487e-01   1.000000e+02
2.005868e-01   5.673906e-01   1.000000e+02
2.024447e-01   6.184121e-01   1.000000e+02
2.043197e-01   6.739765e-01   1.000000e+02
2.062122e-01   7.344752e-01   1.000000e+02
2.081222e-01   8.003310e-01   1.000000e+02
2.100498e-01   8.720007e-01   1.000000e+02
2.119953e-01   9.499772e-01   1.000000e+02
2.139589e-01   1.034793e+00   1.000000e+02
2.159406e-01   1.127020e+00   1.000000e+02
2.179407e-01   1.227278e+00   1.000000e+02
2.199593e-01   1.336232e+00   1.000000e+02
2.219966e-01   1.454596e+00   1.000000e+02
2.240528e-01   1.583141e+00   1.000000e+02
2.261280e-01   1.722692e+00   1.000000e+02
2.282224e-01   1.874137e+00   1.000000e+02
2.303363e-01   2.038428e+00   1.000000e+02
2.324697e-01   2.216582e+00   1.000000e+02
2.346229e-01   2.409693e+00   1.000000e+02
2.367960e-01   2.618926e+00   1.000000e+02
2.389893e-01   2.845529e+00   1.000000e+02
2.412028e-01   3.090835e+00   1.000000e+02
2.434369e-01   3.356263e+00   1.000000e+02
2.456916e-01   3.643326e+00   1.000000e+02
2.479673e-01   3.953636e+00   1.000000e+02
2.502640e-01   4.288905e+00   1.000000e+02
2.525820e-01   4.650971e+00   1.000000e+02
2.549215e-01   5.041858e+00   1.000000e+02
2.572826e-01   5.463746e+00   1.000000e+02
2.596656e-01   5.918975e+00   1.000000e+02
2.620707e-01   6.410053e+00   1.000000e+02
2.644980e-01   6.939675e+00   1.000000e+02
2.669478e-01   7.510731e+00   1.000000e+02
2.694204e-01   8.126320e+00   1.000000e+02
2.719158e-01   8.789769e+00   1.000000e+02
2.744343e-01   9.504646e+00   1.000000e+02
2.769762e-01   1.027478e+01   1.000000e+02
2.795416e-01   1.110428e+01   1.000000e+02
2.821308e-01   1.199756e+01   1.000000e+02
2.847439e-01   1.295934e+01   1.000000e+02
2.873813e-01   1.399471e+01   1.000000e+02
2.900430e-01   1.510910e+01   1.000000e+02
2.927295e-01   1.630836e+01   1.000000e+02
2.954408e-01   1.759877e+01   1.000000e+02
2.981772e-01   1.898706e+01   1.000000e+02
3.009390e-01   2.048046e+01   1.000000e+02
3.037264e-01   2.208660e+01   1.000000e+02
3.065395e-01   2.381347e+01   1.000000e+02
3.093788e-01   2.566956e+01   1.000000e+02
3.122443e-01   2.766386e+01   1.000000e+02
3.151363e-01   2.980595e+01   1.000000e+02
3.180552e-01   3.210599e+01   1.000000e+02
3.210011e-01   3.457476e+01   1.000000e+02
3.239743e-01   3.722366e+01   1.000000e+02
3.269750e-01   4.006481e+01   1.000000e+02
3.300035e-01   4.311100e+01   1.000000e+02
3.330600e-01   4.637579e+01   1.000000e+02
3.361449e-01   4.987348e+01   1.000000e+02
3.392583e-01   5.361918e+01   1.000000e+02
3.424006e-01   5.762885e+01   1.000000e+02
3.455720e-01   6.191930e+01   1.000000e+02
3.487727e-01   6.650825e+01   1.000000e+02
3.520031e-01   7.141439e+01   1.000000e+02
3.552635e-01   7.665826e+01   1.000000e+02
3.585540e-01   8.226235e+01   1.000000e+02
3.618750e-01   8.825068e+01   1.000000e+02
3.652267e-01   9.464895e+01   1.000000e+02
3.686095e-01   1.014846e+02   1.000000e+02
3.720237e-01   1.087871e+02   1.000000e+02
3.754694e-01   1.165877e+02   1.000000e+02
3.789471e-01   1.249203e+02   1.000000e+02
3.824570e-01   1.338208e+02   1.000000e+02
3.859994e-01   1.433278e+02   1.000000e+02
3.895746e-01   1.534828e+02   1.000000e+02
3.931829e-01   1.643301e+02   1.000000e+02
3.968246e-01   1.759174e+02   1.000000e+02
4.005001e-01   1.882958e+02   1.000000e+02
4.042096e-01   2.015185e+02   1.000000e+02
4.079535e-01   2.156376e+02   1.000000e+02
4.117320e-01   2.307069e+02   1.000000e+02
4.155455e-01   2.467826e+02   1.000000e+02
4.193944e-01   2.639233e+02   1.000000e+02
4.232789e-01   2.821897e+02   1.000000e+02
4.271994e-01   3.016451e+02   1.000000e+02
4.311562e-01   3.223549e+02   1.000000e+02
4.351497e-01   3.443868e+02   1.000000e+02
4.391801e-01   3.678104e+02   1.000000e+02
4.432479e-01   3.926976e+02   1.000000e+02
4.473533e-01   4.191219e+02   1.000000e+02
4.514968e-01   4.471589e+02   1.000000e+02
4.556786e-01   4.768929e+02   1.000000e+02
4.598992e-01   5.084233e+02   1.000000e+02
4.641589e-01   5.418565e+02   1.000000e+02
4.684580e-01   5.773062e+02   1.000000e+02
4.727970e-01   6.148937e+02   1.000000e+02
4.771761e-01   6.547485e+02   1.000000e+02
4.815958e-01   6.970091e+02   1.000000e+02
4.860564e-01   7.418234e+02   1.000000e+02
4.905584e-01   7.893500e+02   1.000000e+02
4.951020e-01   8.397586e+02   1.000000e+02
4.996877e-01   8.932312e+02   1.000000e+02
5.043159e-01   9.499596e+02   1.000000e+02
5.089870e-01   1.010133e+03   1.000000e+02
5.137014e-01   1.073945e+03   1.000000e+02
5.184594e-01   1.141601e+03   1.000000e+02
5.232614e-01   1.213313e+03   1.000000e+02
5.281080e-01   1.289305e+03   1.000000e+02
5.329994e-01   1.369814e+03   1.000000e+02
5.379362e-01   1.455084e+03   1.000000e+02
5.429186e-01   1.545374e+03   1.000000e+02
5.479472e-01   1.640952e+03   1.000000e+02
5.530224e-01   1.742102e+03   1.000000e+02
5.581446e-01   1.849117e+03   1.000000e+02
5.633143e-01   1.962305e+03   1.000000e+02
5.685318e-01   2.081987e+03   1.000000e+02
5.737976e-01   2.208499e+03   1.000000e+02
5.791123e-01   2.342189e+03   1.000000e+02
5.844761e-01   2.483422e+03   1.000000e+02
5.898896e-01   2.632576e+03   1.000000e+02
5.953533e-01   2.790046e+03   1.000000e+02
6.008676e-01   2.956241e+03   1.000000e+02
6.064329e-01   3.131592e+03   1.000000e+02
6.120498e-01   3.316562e+03   1.000000e+02
6.177188e-01   3.511636e+03   1.000000e+02
6.234402e-01   3.717322e+03   1.000000e+02
6.292146e-01   3.934152e+03   1.000000e+02
6.350425e-01   4.162681e+03   1.000000e+02
6.409244e-01   4.403493e+03   1.000000e+02
6.468608e-01   4.657195e+03   1.000000e+02
6.528521e-01   4.924423e+03   1.000000e+02
6.588990e-01   5.205842e+03   1.000000e+02
6.650018e-01   5.502149e+03   1.000000e+02
6.711612e-01   5.814070e+03   1.000000e+02
6.773776e-01   6.142364e+03   1.000000e+02
6.836516e-01   6.487828e+03   1.000000e+02
6.899837e-01   6.851289e+03   1.000000e+02
6.963745e-01   7.233616e+03   1.000000e+02
7.028244e-01   7.635714e+03   1.000000e+02
7.093341e-01   8.058521e+03   1.000000e+02
7.159041e-01   8.503006e+03   1.000000e+02
7.225349e-01   8.970175e+03   1.000000e+02
7.292272e-01   9.461077e+03   1.000000e+02
7.359814e-01   9.976802e+03   1.000000e+02
7.427982e-01   1.051848e+04   1.000000e+02
7.496782e-01   1.108730e+04   1.000000e+02
7.566219e-01   1.168448e+04   1.000000e+02
7.636298e-01   1.231129e+04   1.000000e+02
7.707027e-01   1.296905e+04   1.000000e+02
7.778411e-01   1.365914e+04   1.000000e+02
7.850456e-01   1.438298e+04   1.000000e+02
7.923169e-01   1.514205e+04   1.000000e+02
7.996555e-01   1.593789e+04   1.000000e+02
8.070620e-01   1.677208e+04   1.000000e+02
8.145372e-01   1.764629e+04   1.000000e+02
8.220816e-01   1.856224e+04   1.000000e+02
8.296959e-01   1.952172e+04   1.000000e+02
8.373807e-01   2.052660e+04   1.000000e+02
8.451366e-01   2.157880e+04   1.000000e+02
8.529644e-01   2.268032e+04   1.000000e+02
8.608648e-01   2.383323e+04   1.000000e+02
8.688383e-01   2.503967e+04   1.000000e+02
8.768856e-01   2.630189e+04   1.000000e+02
8.850075e-01   2.762217e+04   1.000000e+02
8.932046e-01   2.900292e+04   1.000000e+02
9.014776e-01   3.044659e+04   1.000000e+02
9.098273e-01   3.195575e+04   1.000000e+02
9.182543e-01   3.353301e+04   1.000000e+02
9.267593e-01   3.518107e+04   1.000000e+02
9.353432e-01   3.690272e+04   1.000000e+02
9.440065e-01   3.870084e+04   1.000000e+02
9.527500e-01   4.057838e+04   1.000000e+02
9.615746e-01   4.253842e+04   1.000000e+02
9.704809e-01   4.458410e+04   1.000000e+02
9.794697e-01   4.671867e+04   1.000000e+02
9.885417e-01   4.894550e+04   1.000000e+02
9.976978e-01   5.126801e+04   1.000000e+02
1.006939e+00   5.368976e+04   1.000000e+02
1.016265e+00   5.621445e+04   1.000000e+02
1.025678e+00   5.884589e+04   1.000000e+02
1.035178e+00   6.158801e+04   1.000000e+02
1.044766e+00   6.444488e+04   1.000000e+02
1.054443e+00   6.742067e+04   1.000000e+02
1.064209e+00   7.051969e+04   1.000000e+02
1.074066e+00   7.374635e+04   1.000000e+02
1.084014e+00   7.710523e+04   1.000000e+02
1.094055e+00   8.060101e+04   1.000000e+02
1.104188e+00   8.423853e+04   1.000000e+02
1.114415e+00   8.802274e+04   1.000000e+02
1.124737e+00   9.195875e+04   1.000000e+02
1.135155e+00   9.605182e+04   1.000000e+02
1.145669e+00   1.003073e+05   1.000000e+02
1.156280e+00   1.047308e+05   1.000000e+02
1.166990e+00   1.093280e+05   1.000000e+02
1.177799e+00   1.141048e+05   1.000000e+02
1.188708e+00   1.190670e+05   1.000000e+02
1.199718e+00   1.242210e+05   1.000000e+02
1.210830e+00   1.295731e+05   1.000000e+02
1.222045e+00   1.351296e+05   1.000000e+02
1.233363e+00   1.408973e+05   1.000000e+02
1.244787e+00   1.468831e+05   1.000000e+02
1.256317e+00   1.530939e+05   1.000000e+02
1.267953e+00   1.595372e+05   1.000000e+02
1.279697e+00   1.662211e+05   1.000000e+02
1.291550e+00   1.731538e+05   1.000000e+02
1.303512e+00   1.803439e+05   1.000000e+02
1.315586e+00   1.878004e+05   1.000000e+02
1.327771e+00   1.955324e+05   1.000000e+02
1.340069e+00   2.035495e+05   1.000000e+02
1.352481e+00   2.118616e+05   1.000000e+02
1.365008e+00   2.204791e+05   1.000000e+02
1.377651e+00   2.294125e+05   1.000000e+02
1.390411e+00   2.386730e+05   1.000000e+02
1.403289e+00   2.482720e+05   1.000000e+02
1.416287e+00   2.582215e+05   1.000000e+02
1.429405e+00   2.685339e+05   1.000000e+02
1.442644e+00   2.792219e+05   1.000000e+02
1.456006e+00   2.902991e+05   1.000000e+02
1.469492e+00   3.017792e+05   1.000000e+02
1.483103e+00   3.136767e+05   1.000000e+02
1.496839e+00   3.260066e+05   1.000000e+02
1.510703e+00   3.387841e+05   1.000000e+02
1.524696e+00   3.520212e+05   1.000000e+02
1.538818e+00   3.657280e+05   1.000000e+02
1.553071e+00   3.799144e+05   1.000000e+02
1.567455e+00   3.945898e+05   1.000000e+02
1.581973e+00   4.097634e+05   1.000000e+02
1.596626e+00   4.254435e+05   1.000000e+02
1.611414e+00   4.416382e+05   1.000000e+02
1.626340e+00   4.583549e+05   1.000000e+02
1.641403e+00   4.756003e+05   1.000000e+02
1.656606e+00   4.933803e+05   1.000000e+02
1.671950e+00   5.116999e+05   1.000000e+02
1.687436e+00   5.305634e+05   1.000000e+02
1.703065e+00   5.499739e+05   1.000000e+02
1.718839e+00   5.699335e+05   1.000000e+02
1.734759e+00   5.904432e+05   1.000000e+02
1.750827e+00   6.115026e+05   1.000000e+02
1.767044e+00   6.331137e+05   1.000000e+02
1.783410e+00   6.552905e+05   1.000000e+02
1.799929e+00   6.780504e+05   1.000000e+02
1.816600e+00   7.014125e+05   1.000000e+02
1.833425e+00   7.253967e+05   1.000000e+02
1.850407e+00   7.500248e+05   1.000000e+02
1.867546e+00   7.753199e+05   1.000000e+02
1.884843e+00   8.013067e+05   1.000000e+02
1.902301e+00   8.280117e+05   1.000000e+02
1.919921e+00   8.554632e+05   1.000000e+02
1.937703e+00   8.836914e+05   1.000000e+02
1.955651e+00   9.127288e+05   1.000000e+02
1.973764e+00   9.426098e+05   1.000000e+02
1.992046e+00   9.733713e+05   1.000000e+02
2.010496e+00   1.005052e+06   1.000000e+02
2.029118e+00   1.037682e+06   1.000000e+02
2.047912e+00   1.071283e+06   1.000000e+02
2.066880e+00   1.105877e+06   1.000000e+02
2.086024e+00   1.141485e+06   1.000000e+02
2.105345e+00   1.178128e+06   1.000000e+02
2.124845e+00   1.215829e+06   1.000000e+02
2.144526e+00   1.254608e+06   1.000000e+02
2.164389e+00   1.294487e+06   1.000000e+02
2.184436e+00   1.335488e+06   1.000000e+02
2.204669e+00   1.377630e+06   1.000000e+02
2.225089e+00   1.420935e+06   1.000000e+02
2.245698e+00   1.465424e+06   1.000000e+02
2.266498e+00   1.511116e+06   1.000000e+02
2.287491e+00   1.558032e+06   1.000000e+02
2.308678e+00   1.606190e+06   1.000000e+02
2.330061e+00   1.655611e+06   1.000000e+02
2.351643e+00   1.706312e+06   1.000000e+02
2.373424e+00   1.758310e+06   1.000000e+02
2.395407e+00   1.811624e+06   1.000000e+02
2.417594e+00   1.866270e+06   1.000000e+02
2.439986e+00   1.922264e+06   1.000000e+02
2.462586e+00   1.979620e+06   1.000000e+02
2.485395e+00   2.038353e+06   1.000000e+02
2.508415e+00   2.098475e+06   1.000000e+02
2.531648e+00   2.160005e+06   1.000000e+02
2.555097e+00   2.222966e+06   1.000000e+02
2.578763e+00   2.287384e+06   1.000000e+02
2.602648e+00   2.353285e+06   1.000000e+02
2.626754e+00   2.420694e+06   1.000000e+02
2.651084e+00   2.489639e+06   1.000000e+02
2.675638e+00   2.560146e+06   1.000000e+02
2.700421e+00   2.632243e+06   1.000000e+02
2.725433e+00   2.705959e+06   1.000000e+02
2.750676e+00   2.781321e+06   1.000000e+02
2.776153e+00   2.858359e+06   1.000000e+02
2.801867e+00   2.937103e+06   1.000000e+02
2.827818e+00   3.017583e+06   1.000000e+02
2.854010e+00   3.099830e+06   1.000000e+02
2.880444e+00   3.183875e+06   1.000000e+02
2.907123e+00   3.269751e+06   1.000000e+02
2.934050e+00   3.357490e+06   1.000000e+02
2.961225e+00   3.447127e+06   1.000000e+02
2.988653e+00   3.538694e+06   1.000000e+02
3.016334e+00   3.632228e+06   1.000000e+02
3.044272e+00   3.727760e+06   1.000000e+02
3.072469e+00   3.825316e+06   1.000000e+02
3.100927e+00   3.924926e+06   1.000000e+02
3.129648e+00   4.026618e+06   1.000000e+02
3.158635e+00   4.130418e+06   1.000000e+02
3.187891e+00   4.236355e+06   1.000000e+02
3.217418e+00   4.344456e+06   1.000000e+02
3.247218e+00   4.454750e+06   1.000000e+02
3.277295e+00   4.567262e+06   1.000000e+02
3.307650e+00   4.682021e+06   1.000000e+02
3.338286e+00   4.799054e+06   1.000000e+02
3.369206e+00   4.918386e+06   1.000000e+02
3.400412e+00   5.040046e+06   1.000000e+02
3.431907e+00   5.164059e+06   1.000000e+02
3.463694e+00   5.290451e+06   1.000000e+02
3.495776e+00   5.419249e+06   1.000000e+02
3.528154e+00   5.550478e+06   1.000000e+02
3.560833e+00   5.684166e+06   1.000000e+02
3.593814e+00   5.820344e+06   1.000000e+02
3.627100e+00   5.959039e+06   1.000000e+02
3.660695e+00   6.100281e+06   1.000000e+02
3.694601e+00   6.244099e+06   1.000000e+02
3.728821e+00   6.390523e+06   1.000000e+02
3.763358e+00   6.539582e+06   1.000000e+02
3.798215e+00   6.691305e+06   1.000000e+02
3.833395e+00   6.845721e+06   1.000000e+02
3.868901e+00   7.002860e+06   1.000000e+02
3.904735e+00   7.162751e+06   1.000000e+02
3.940902e+00   7.325423e+06   1.000000e+02
3.977403e+00   7.490906e+06   1.000000e+02
4.014242e+00   7.659230e+06   1.000000e+02
4.051423e+00   7.830422e+06   1.000000e+02
4.088948e+00   8.004512e+06   1.000000e+02
4.126821e+00   8.181527e+06   1.000000e+02
4.165044e+00   8.361495e+06   1.000000e+02
4.203622e+00   8.544444e+06   1.000000e+02
4.242556e+00   8.730402e+06   1.000000e+02
4.281852e+00   8.919396e+06   1.000000e+02
4.321511e+00   9.111454e+06   1.000000e+02
4.361538e+00   9.306603e+06   1.000000e+02
4.401935e+00   9.504870e+06   1.000000e+02
4.442707e+00   9.706283e+06   1.000000e+02
4.483856e+00   9.910867e+06   1.000000e+02
4.525386e+00   1.011865e+07   1.000000e+02
4.567301e+00   1.032966e+07   1.000000e+02
4.609604e+00   1.054392e+07   1.000000e+02
4.652300e+00   1.076146e+07   1.000000e+02
4.695390e+00   1.098230e+07   1.000000e+02
4.738880e+00   1.120647e+07   1.000000e+02
4.782772e+00   1.143400e+07   1.000000e+02
4.827071e+00   1.166491e+07   1.000000e+02
4.871780e+00   1.189922e+07   1.000000e+02
4.916904e+00   1.213697e+07   1.000000e+02
4.962445e+00   1.237817e+07   1.000000e+02
5.008408e+00   1.262285e+07   1.000000e+02
5.054797e+00   1.287104e+07   1.000000e+02
5.101615e+00   1.312276e+07   1.000000e+02
5.148867e+00   1.337804e+07   1.000000e+02
5.196557e+00   1.363690e+07   1.000000e+02
5.244689e+00   1.389936e+07   1.000000e+02
5.293266e+00   1.416547e+07   1.000000e+02
5.342293e+00   1.443523e+07   1.000000e+02
5.391775e+00   1.470867e+07   1.000000e+02
5.441714e+00   1.498582e+07   1.000000e+02
5.492116e+00   1.526671e+07   1.000000e+02
5.542986e+00   1.555136e+07   1.000000e+02
5.594326e+00   1.583979e+07   1.000000e+02
5.646141e+00   1.613204e+07   1.000000e+02
5.698437e+00   1.642811e+07   1.000000e+02
5.751217e+00   1.672805e+07   1.000000e+02
5.804486e+00   1.703187e+07   1.000000e+02
5.858248e+00   1.733959e+07   1.000000e+02
5.912508e+00   1.765125e+07   1.000000e+02
5.967271e+00   1.796687e+07   1.000000e+02
6.022541e+00   1.828647e+07   1.000000e+02
6.078323e+00   1.861008e+07   1.000000e+02
6.134622e+00   1.893772e+07   1.000000e+02
6.191442e+00   1.926943e+07   1.000000e+02
6.248788e+00   1.960522e+07   1.000000e+02
6.306666e+00   1.994513e+07   1.000000e+02
6.365079e+00   2.028919e+07   1.000000e+02
6.424034e+00   2.063741e+07   1.000000e+02
6.483534e+00   2.098983e+07   1.000000e+02
6.543586e+00   2.134649e+07   1.000000e+02
6.604194e+00   2.170739e+07   1.000000e+02
6.665363e+00   2.207259e+07   1.000000e+02
6.727099e+00   2.244209e+07   1.000000e+02
6.789407e+00   2.281594e+07   1.000000e+02
6.852292e+00   2.319416e+07   1.000000e+02
6.915759e+00   2.357679e+07   1.000000e+02
6.979814e+00   2.396384e+07   1.000000e+02
7.044462e+00   2.435536e+07   1.000000e+02
7.109709e+00   2.475138e+07   1.000000e+02
7.175561e+00   2.515193e+07   1.000000e+02
7.242022e+00   2.555704e+07   1.000000e+02
7.309099e+00   2.596675e+07   1.000000e+02
7.376798e+00   2.638111e+07   1.000000e+02
7.445123e+00   2.680014e+07   1.000000e+02
7.514081e+00   2.722388e+07   1.000000e+02
7.583678e+00   2.765238e+07   1.000000e+02
7.653919e+00   2.808568e+07   1.000000e+02
7.724811e+00   2.852380e+07   1.000000e+02
7.796360e+00   2.896680e+07   1.000000e+02
7.868572e+00   2.941472e+07   1.000000e+02
7.941452e+00   2.986760e+07   1.000000e+02
8.015007e+00   3.032548e+07   1.000000e+02
8.089243e+00   3.078842e+07   1.000000e+02
8.164168e+00   3.125645e+07   1.000000e+02
8.239786e+00   3.172963e+07   1.000000e+02
8.316104e+00   3.220801e+07   1.000000e+02
8.393129e+00   3.269164e+07   1.000000e+02
8.470868e+00   3.318058e+07   1.000000e+02
8.549327e+00   3.367488e+07   1.000000e+02
8.628513e+00   3.417459e+07   1.000000e+02
8.708431e+00   3.467979e+07   1.000000e+02
8.789091e+00   3.519052e+07   1.000000e+02
8.870497e+00   3.570684e+07   1.000000e+02
8.952657e+00   3.622882e+07   1.000000e+02
9.035578e+00   3.675653e+07   1.000000e+02
9.119268e+00   3.729002e+07   1.000000e+02
9.203732e+00   3.782937e+07   1.000000e+02
9.288979e+00   3.837464e+07   1.000000e+02
9.375015e+00   3.892591e+07   1.000000e+02
9.461848e+00   3.948325e+07   1.000000e+02
9.549486e+00   4.004672e+07   1.000000e+02
9.637935e+00   4.061642e+07   1.000000e+02
9.727203e+00   4.119242e+07   1.000000e+02
9.817298e+00   4.177479e+07   1.000000e+02
9.908228e+00   4.236362e+07   1.000000e+02
1.000000e+01   4.295900e+07   1.000000e+02
