# Be9 + He3 > C12 + g   [Be9_He3__C12_g]   ref=TALYS2, Koning et al. 2023
# detailed balance: alpha=2.6913e+11 beta=1.5 gamma=-304.953  Q=26.2788
# T9                 rate                error
1.000000e-03   1.000000e-35   1.000000e+02
1.009262e-03   1.000075e-35   1.000000e+02
1.018610e-03   1.000120e-35   1.000000e+02
1.028045e-03   1.000135e-35   1.000000e+02
1.037567e-03   1.000120e-35   1.000000e+02
1.047177e-03   1.000077e-35   1.000000e+02
1.056876e-03   1.000006e-35   1.000000e+02
1.066665e-03   9.999075e-36   1.000000e+02
1.076545e-03   9.997817e-36   1.000000e+02
1.086516e-03   9.996295e-36   1.000000e+02
1.096579e-03   9.994513e-36   1.000000e+02
1.106736e-03   9.992478e-36   1.000000e+02
1.116987e-03   9.990194e-36   1.000000e+02
1.127333e-03   9.987667e-36   1.000000e+02
1.137774e-03   9.984903e-36   1.000000e+02
1.148312e-03   9.981907e-36   1.000000e+02
1.158948e-03   9.978685e-36   1.000000e+02
1.169683e-03   9.975243e-36   1.000000e+02
1.180517e-03   9.971586e-36   1.000000e+02
1.191451e-03   9.967719e-36   1.000000e+02
1.202486e-03   9.963649e-36   1.000000e+02
1.213624e-03   9.959380e-36   1.000000e+02
1.224865e-03   9.954920e-36   1.000000e+02
1.236210e-03   9.950272e-36   1.000000e+02
1.247660e-03   9.945443e-36   1.000000e+02
1.259216e-03   9.940438e-36   1.000000e+02
1.270879e-03   9.935264e-36   1.000000e+02
1.282650e-03   9.929925e-36   1.000000e+02
1.294530e-03   9.924427e-36   1.000000e+02
1.306520e-03   9.918776e-36   1.000000e+02
1.318621e-03   9.912977e-36   1.000000e+02
1.330835e-03   9.907037e-36   1.000000e+02
1.343161e-03   9.900960e-36   1.000000e+02
1.355602e-03   9.894752e-36   1.000000e+02
1.368158e-03   9.888419e-36   1.000000e+02
1.380830e-03   9.881967e-36   1.000000e+02
1.393619e-03   9.875400e-36   1.000000e+02
1.406527e-03   9.868725e-36   1.000000e+02
1.419555e-03   9.861946e-36   1.000000e+02
1.432703e-03   9.855070e-36   1.000000e+02
1.445973e-03   9.848103e-36   1.000000e+02
1.459366e-03   9.841048e-36   1.000000e+02
1.472883e-03   9.833913e-36   1.000000e+02
1.486525e-03   9.826702e-36   1.000000e+02
1.500293e-03   9.819421e-36   1.000000e+02
1.514189e-03   9.812076e-36   1.000000e+02
1.528214e-03   9.804671e-36   1.000000e+02
1.542369e-03   9.797213e-36   1.000000e+02
1.556654e-03   9.789706e-36   1.000000e+02
1.571072e-03   9.782156e-36   1.000000e+02
1.585624e-03   9.774568e-36   1.000000e+02
1.600310e-03   9.766949e-36   1.000000e+02
1.615133e-03   9.759302e-36   1.000000e+02
1.630092e-03   9.751634e-36   1.000000e+02
1.645191e-03   9.743949e-36   1.000000e+02
1.660429e-03   9.736254e-36   1.000000e+02
1.675808e-03   9.728553e-36   1.000000e+02
1.691330e-03   9.720851e-36   1.000000e+02
1.706995e-03   9.713154e-36   1.000000e+02
1.722805e-03   9.705467e-36   1.000000e+02
1.738762e-03   9.697795e-36   1.000000e+02
1.754867e-03   9.690144e-36   1.000000e+02
1.771121e-03   9.682518e-36   1.000000e+02
1.787526e-03   9.674923e-36   1.000000e+02
1.804082e-03   9.667364e-36   1.000000e+02
1.820792e-03   9.659845e-36   1.000000e+02
1.837656e-03   9.652373e-36   1.000000e+02
1.854677e-03   9.644952e-36   1.000000e+02
1.871855e-03   9.637588e-36   1.000000e+02
1.889193e-03   9.630284e-36   1.000000e+02
1.906691e-03   9.623047e-36   1.000000e+02
1.924351e-03   9.615882e-36   1.000000e+02
1.942175e-03   9.608793e-36   1.000000e+02
1.960163e-03   9.601785e-36   1.000000e+02
1.978319e-03   9.594864e-36   1.000000e+02
1.996642e-03   9.588034e-36   1.000000e+02
2.015136e-03   9.581301e-36   1.000000e+02
2.033800e-03   9.574669e-36   1.000000e+02
2.052638e-03   9.568143e-36   1.000000e+02
2.071650e-03   9.561729e-36   1.000000e+02
2.090838e-03   9.555431e-36   1.000000e+02
2.110203e-03   9.549254e-36   1.000000e+02
2.129749e-03   9.543203e-36   1.000000e+02
2.149475e-03   9.537282e-36   1.000000e+02
2.169384e-03   9.531498e-36   1.000000e+02
2.189477e-03   9.525854e-36   1.000000e+02
2.209756e-03   9.520356e-36   1.000000e+02
2.230223e-03   9.515008e-36   1.000000e+02
2.250880e-03   9.509816e-36   1.000000e+02
2.271728e-03   9.504783e-36   1.000000e+02
2.292769e-03   9.499916e-36   1.000000e+02
2.314005e-03   9.495219e-36   1.000000e+02
2.335438e-03   9.490696e-36   1.000000e+02
2.357069e-03   9.486353e-36   1.000000e+02
2.378901e-03   9.482194e-36   1.000000e+02
2.400935e-03   9.478225e-36   1.000000e+02
2.423173e-03   9.474450e-36   1.000000e+02
2.445617e-03   9.470874e-36   1.000000e+02
2.468268e-03   9.467502e-36   1.000000e+02
2.491130e-03   9.464339e-36   1.000000e+02
2.514203e-03   9.461389e-36   1.000000e+02
2.537490e-03   9.458658e-36   1.000000e+02
2.560993e-03   9.456151e-36   1.000000e+02
2.584714e-03   9.453872e-36   1.000000e+02
2.608654e-03   9.451826e-36   1.000000e+02
2.632815e-03   9.450019e-36   1.000000e+02
2.657201e-03   9.448455e-36   1.000000e+02
2.681813e-03   9.447139e-36   1.000000e+02
2.706652e-03   9.446076e-36   1.000000e+02
2.731722e-03   9.445271e-36   1.000000e+02
2.757023e-03   9.444730e-36   1.000000e+02
2.782559e-03   9.444456e-36   1.000000e+02
2.808332e-03   9.444457e-36   1.000000e+02
2.834343e-03   9.444735e-36   1.000000e+02
2.860596e-03   9.445297e-36   1.000000e+02
2.887091e-03   9.446147e-36   1.000000e+02
2.913832e-03   9.447292e-36   1.000000e+02
2.940820e-03   9.448735e-36   1.000000e+02
2.968059e-03   9.450483e-36   1.000000e+02
2.995549e-03   9.452539e-36   1.000000e+02
3.023295e-03   9.454909e-36   1.000000e+02
3.051297e-03   9.457579e-36   1.000000e+02
3.079559e-03   9.460532e-36   1.000000e+02
3.108082e-03   9.463750e-36   1.000000e+02
3.136870e-03   9.467216e-36   1.000000e+02
3.165924e-03   9.470912e-36   1.000000e+02
3.195248e-03   9.474819e-36   1.000000e+02
3.224842e-03   9.478921e-36   1.000000e+02
3.254712e-03   9.483199e-36   1.000000e+02
3.284857e-03   9.487636e-36   1.000000e+02
3.315282e-03   9.492213e-36   1.000000e+02
3.345989e-03   9.496914e-36   1.000000e+02
3.376980e-03   9.501719e-36   1.000000e+02
3.408259e-03   9.506611e-36   1.000000e+02
3.439826e-03   9.511573e-36   1.000000e+02
3.471687e-03   9.516585e-36   1.000000e+02
3.503842e-03   9.521631e-36   1.000000e+02
3.536296e-03   9.526692e-36   1.000000e+02
3.569049e-03   9.531749e-36   1.000000e+02
3.602107e-03   9.536785e-36   1.000000e+02
3.635470e-03   9.541782e-36   1.000000e+02
3.669142e-03   9.546721e-36   1.000000e+02
3.703127e-03   9.551584e-36   1.000000e+02
3.737426e-03   9.556352e-36   1.000000e+02
3.772042e-03   9.561008e-36   1.000000e+02
3.806980e-03   9.565534e-36   1.000000e+02
3.842241e-03   9.569909e-36   1.000000e+02
3.877828e-03   9.574117e-36   1.000000e+02
3.913746e-03   9.578139e-36   1.000000e+02
3.949995e-03   9.581956e-36   1.000000e+02
3.986581e-03   9.585549e-36   1.000000e+02
4.023506e-03   9.588909e-36   1.000000e+02
4.060772e-03   9.592129e-36   1.000000e+02
4.098384e-03   9.595373e-36   1.000000e+02
4.136344e-03   9.598811e-36   1.000000e+02
4.174655e-03   9.602609e-36   1.000000e+02
4.213322e-03   9.606937e-36   1.000000e+02
4.252346e-03   9.611963e-36   1.000000e+02
4.291732e-03   9.617855e-36   1.000000e+02
4.331483e-03   9.624784e-36   1.000000e+02
4.371602e-03   9.632920e-36   1.000000e+02
4.412093e-03   9.642435e-36   1.000000e+02
4.452959e-03   9.653501e-36   1.000000e+02
4.494203e-03   9.666292e-36   1.000000e+02
4.535829e-03   9.680985e-36   1.000000e+02
4.577841e-03   9.697757e-36   1.000000e+02
4.620241e-03   9.716788e-36   1.000000e+02
4.663035e-03   9.738263e-36   1.000000e+02
4.706225e-03   9.762367e-36   1.000000e+02
4.749815e-03   9.789291e-36   1.000000e+02
4.793808e-03   9.819229e-36   1.000000e+02
4.838210e-03   9.852381e-36   1.000000e+02
4.883022e-03   9.888952e-36   1.000000e+02
4.928250e-03   9.929151e-36   1.000000e+02
4.973896e-03   9.973196e-36   1.000000e+02
5.019965e-03   1.002131e-35   1.000000e+02
5.066461e-03   1.007359e-35   1.000000e+02
5.113388e-03   1.013002e-35   1.000000e+02
5.160749e-03   1.019055e-35   1.000000e+02
5.208549e-03   1.025514e-35   1.000000e+02
5.256791e-03   1.032376e-35   1.000000e+02
5.305481e-03   1.039638e-35   1.000000e+02
5.354621e-03   1.047297e-35   1.000000e+02
5.404216e-03   1.055350e-35   1.000000e+02
5.454271e-03   1.063793e-35   1.000000e+02
5.504790e-03   1.072624e-35   1.000000e+02
5.555776e-03   1.081841e-35   1.000000e+02
5.607235e-03   1.091441e-35   1.000000e+02
5.659170e-03   1.101421e-35   1.000000e+02
5.711586e-03   1.111778e-35   1.000000e+02
5.764488e-03   1.122510e-35   1.000000e+02
5.817880e-03   1.133614e-35   1.000000e+02
5.871766e-03   1.145087e-35   1.000000e+02
5.926152e-03   1.156927e-35   1.000000e+02
5.981041e-03   1.169128e-35   1.000000e+02
6.036439e-03   1.181690e-35   1.000000e+02
6.092349e-03   1.194618e-35   1.000000e+02
6.148778e-03   1.207923e-35   1.000000e+02
6.205729e-03   1.221616e-35   1.000000e+02
6.263207e-03   1.235711e-35   1.000000e+02
6.321218e-03   1.250219e-35   1.000000e+02
6.379767e-03   1.265155e-35   1.000000e+02
6.438857e-03   1.280531e-35   1.000000e+02
6.498495e-03   1.296363e-35   1.000000e+02
6.558686e-03   1.312664e-35   1.000000e+02
6.619433e-03   1.329451e-35   1.000000e+02
6.680744e-03   1.346740e-35   1.000000e+02
6.742622e-03   1.364547e-35   1.000000e+02
6.805074e-03   1.382889e-35   1.000000e+02
6.868104e-03   1.401784e-35   1.000000e+02
6.931717e-03   1.421252e-35   1.000000e+02
6.995920e-03   1.441311e-35   1.000000e+02
7.060718e-03   1.461992e-35   1.000000e+02
7.126115e-03   1.483371e-35   1.000000e+02
7.192119e-03   1.505544e-35   1.000000e+02
7.258734e-03   1.528613e-35   1.000000e+02
7.325965e-03   1.552683e-35   1.000000e+02
7.393820e-03   1.577869e-35   1.000000e+02
7.462303e-03   1.604291e-35   1.000000e+02
7.531420e-03   1.632076e-35   1.000000e+02
7.601178e-03   1.661362e-35   1.000000e+02
7.671581e-03   1.692294e-35   1.000000e+02
7.742637e-03   1.725029e-35   1.000000e+02
7.814351e-03   1.759735e-35   1.000000e+02
7.886729e-03   1.796593e-35   1.000000e+02
7.959777e-03   1.835798e-35   1.000000e+02
8.033502e-03   1.877555e-35   1.000000e+02
8.107910e-03   1.921883e-35   1.000000e+02
8.183007e-03   1.968567e-35   1.000000e+02
8.258799e-03   2.017353e-35   1.000000e+02
8.335294e-03   2.067960e-35   1.000000e+02
8.412497e-03   2.120070e-35   1.000000e+02
8.490415e-03   2.173332e-35   1.000000e+02
8.569055e-03   2.227354e-35   1.000000e+02
8.648423e-03   2.281704e-35   1.000000e+02
8.728527e-03   2.335909e-35   1.000000e+02
8.809372e-03   2.389456e-35   1.000000e+02
8.890966e-03   2.441789e-35   1.000000e+02
8.973316e-03   2.492315e-35   1.000000e+02
9.056428e-03   2.540545e-35   1.000000e+02
9.140311e-03   2.587566e-35   1.000000e+02
9.224970e-03   2.635574e-35   1.000000e+02
9.310413e-03   2.686949e-35   1.000000e+02
9.396648e-03   2.744260e-35   1.000000e+02
9.483682e-03   2.810308e-35   1.000000e+02
9.571522e-03   2.888197e-35   1.000000e+02
9.660175e-03   2.981433e-35   1.000000e+02
9.749649e-03   3.094069e-35   1.000000e+02
9.839952e-03   3.230894e-35   1.000000e+02
9.931092e-03   3.397697e-35   1.000000e+02
1.002308e-02   3.601594e-35   1.000000e+02
1.011591e-02   3.849304e-35   1.000000e+02
1.020961e-02   4.144668e-35   1.000000e+02
1.030417e-02   4.491637e-35   1.000000e+02
1.039961e-02   4.894562e-35   1.000000e+02
1.049593e-02   5.358023e-35   1.000000e+02
1.059315e-02   5.886591e-35   1.000000e+02
1.069126e-02   6.484534e-35   1.000000e+02
1.079029e-02   7.155442e-35   1.000000e+02
1.089023e-02   7.901763e-35   1.000000e+02
1.099110e-02   8.724258e-35   1.000000e+02
1.109290e-02   9.622902e-35   1.000000e+02
1.119564e-02   1.060407e-34   1.000000e+02
1.129934e-02   1.167778e-34   1.000000e+02
1.140400e-02   1.285589e-34   1.000000e+02
1.150962e-02   1.415242e-34   1.000000e+02
1.161623e-02   1.558398e-34   1.000000e+02
1.172382e-02   1.717030e-34   1.000000e+02
1.183241e-02   1.893485e-34   1.000000e+02
1.194200e-02   2.090563e-34   1.000000e+02
1.205261e-02   2.311592e-34   1.000000e+02
1.216424e-02   2.560111e-34   1.000000e+02
1.227691e-02   2.839730e-34   1.000000e+02
1.239062e-02   3.154513e-34   1.000000e+02
1.250539e-02   3.509067e-34   1.000000e+02
1.262121e-02   3.908604e-34   1.000000e+02
1.273811e-02   4.359023e-34   1.000000e+02
1.285610e-02   4.866995e-34   1.000000e+02
1.297517e-02   5.440061e-34   1.000000e+02
1.309535e-02   6.086793e-34   1.000000e+02
1.321664e-02   6.817390e-34   1.000000e+02
1.333906e-02   7.643811e-34   1.000000e+02
1.346261e-02   8.579882e-34   1.000000e+02
1.358730e-02   9.641613e-34   1.000000e+02
1.371315e-02   1.084757e-33   1.000000e+02
1.384016e-02   1.221933e-33   1.000000e+02
1.396835e-02   1.378198e-33   1.000000e+02
1.409773e-02   1.556473e-33   1.000000e+02
1.422830e-02   1.760132e-33   1.000000e+02
1.436009e-02   1.993087e-33   1.000000e+02
1.449310e-02   2.259895e-33   1.000000e+02
1.462733e-02   2.565871e-33   1.000000e+02
1.476281e-02   2.917223e-33   1.000000e+02
1.489955e-02   3.321207e-33   1.000000e+02
1.503755e-02   3.786323e-33   1.000000e+02
1.517683e-02   4.322542e-33   1.000000e+02
1.531740e-02   4.941595e-33   1.000000e+02
1.545928e-02   5.657284e-33   1.000000e+02
1.560246e-02   6.485870e-33   1.000000e+02
1.574698e-02   7.446542e-33   1.000000e+02
1.589283e-02   8.561971e-33   1.000000e+02
1.604003e-02   9.858985e-33   1.000000e+02
1.618860e-02   1.136941e-32   1.000000e+02
1.633854e-02   1.313111e-32   1.000000e+02
1.648987e-02   1.518915e-32   1.000000e+02
1.664260e-02   1.759725e-32   1.000000e+02
1.679675e-02   2.041956e-32   1.000000e+02
1.695232e-02   2.373278e-32   1.000000e+02
1.710934e-02   2.762882e-32   1.000000e+02
1.726781e-02   3.221799e-32   1.000000e+02
1.742775e-02   3.763290e-32   1.000000e+02
1.758917e-02   4.403325e-32   1.000000e+02
1.775208e-02   5.161173e-32   1.000000e+02
1.791650e-02   6.060122e-32   1.000000e+02
1.808245e-02   7.128370e-32   1.000000e+02
1.824993e-02   8.400011e-32   1.000000e+02
1.841897e-02   9.916300e-32   1.000000e+02
1.858957e-02   1.172732e-31   1.000000e+02
1.876175e-02   1.389396e-31   1.000000e+02
1.893552e-02   1.649037e-31   1.000000e+02
1.911091e-02   1.960701e-31   1.000000e+02
1.928792e-02   2.335435e-31   1.000000e+02
1.946656e-02   2.786755e-31   1.000000e+02
1.964687e-02   3.331220e-31   1.000000e+02
1.982884e-02   3.989152e-31   1.000000e+02
2.001250e-02   4.785523e-31   1.000000e+02
2.019786e-02   5.751152e-31   1.000000e+02
2.038493e-02   6.924362e-31   1.000000e+02
2.057374e-02   8.352786e-31   1.000000e+02
2.076430e-02   1.009570e-30   1.000000e+02
2.095662e-02   1.222706e-30   1.000000e+02
2.115073e-02   1.483935e-30   1.000000e+02
2.134663e-02   1.804854e-30   1.000000e+02
2.154435e-02   2.200041e-30   1.000000e+02
2.174389e-02   2.687866e-30   1.000000e+02
2.194529e-02   3.291544e-30   1.000000e+02
2.214855e-02   4.040488e-30   1.000000e+02
2.235370e-02   4.972069e-30   1.000000e+02
2.256074e-02   6.133896e-30   1.000000e+02
2.276970e-02   7.586801e-30   1.000000e+02
2.298060e-02   9.408727e-30   1.000000e+02
2.319345e-02   1.169984e-29   1.000000e+02
2.340827e-02   1.458925e-29   1.000000e+02
2.362508e-02   1.824385e-29   1.000000e+02
2.384390e-02   2.288010e-29   1.000000e+02
2.406475e-02   2.877954e-29   1.000000e+02
2.428764e-02   3.630960e-29   1.000000e+02
2.451260e-02   4.595129e-29   1.000000e+02
2.473964e-02   5.833636e-29   1.000000e+02
2.496878e-02   7.429737e-29   1.000000e+02
2.520005e-02   9.493333e-29   1.000000e+02
2.543346e-02   1.216871e-28   1.000000e+02
2.566903e-02   1.564594e-28   1.000000e+02
2.590678e-02   2.017626e-28   1.000000e+02
2.614673e-02   2.609233e-28   1.000000e+02
2.638891e-02   3.383519e-28   1.000000e+02
2.663333e-02   4.399051e-28   1.000000e+02
2.688001e-02   5.733695e-28   1.000000e+02
2.712898e-02   7.491112e-28   1.000000e+02
2.738025e-02   9.809457e-28   1.000000e+02
2.763385e-02   1.287305e-27   1.000000e+02
2.788980e-02   1.692802e-27   1.000000e+02
2.814812e-02   2.230336e-27   1.000000e+02
2.840884e-02   2.943911e-27   1.000000e+02
2.867196e-02   3.892421e-27   1.000000e+02
2.893753e-02   5.154740e-27   1.000000e+02
2.920556e-02   6.836537e-27   1.000000e+02
2.947606e-02   9.079436e-27   1.000000e+02
2.974908e-02   1.207329e-26   1.000000e+02
3.002462e-02   1.607265e-26   1.000000e+02
3.030271e-02   2.142102e-26   1.000000e+02
3.058338e-02   2.859025e-26   1.000000e+02
3.086665e-02   3.822799e-26   1.000000e+02
3.115254e-02   5.122612e-26   1.000000e+02
3.144108e-02   6.881907e-26   1.000000e+02
3.173230e-02   9.272440e-26   1.000000e+02
3.202621e-02   1.253453e-25   1.000000e+02
3.232284e-02   1.700635e-25   1.000000e+02
3.262222e-02   2.316672e-25   1.000000e+02
3.292437e-02   3.169777e-25   1.000000e+02
3.322933e-02   4.357770e-25   1.000000e+02
3.353710e-02   6.021880e-25   1.000000e+02
3.384773e-02   8.367445e-25   1.000000e+02
3.416123e-02   1.169519e-24   1.000000e+02
3.447764e-02   1.644887e-24   1.000000e+02
3.479698e-02   2.328840e-24   1.000000e+02
3.511928e-02   3.320315e-24   1.000000e+02
3.544456e-02   4.768868e-24   1.000000e+02
3.577285e-02   6.902532e-24   1.000000e+02
3.610419e-02   1.007209e-23   1.000000e+02
3.643859e-02   1.482208e-23   1.000000e+02
3.677609e-02   2.200585e-23   1.000000e+02
3.711672e-02   3.297367e-23   1.000000e+02
3.746050e-02   4.988351e-23   1.000000e+02
3.780747e-02   7.621988e-23   1.000000e+02
3.815765e-02   1.176689e-22   1.000000e+02
3.851107e-02   1.836106e-22   1.000000e+02
3.886777e-02   2.896928e-22   1.000000e+02
3.922777e-02   4.623191e-22   1.000000e+02
3.959110e-02   7.465707e-22   1.000000e+02
3.995780e-02   1.220354e-21   1.000000e+02
4.032790e-02   2.019544e-21   1.000000e+02
4.070142e-02   3.379951e-21   1.000000e+02
4.107841e-02   5.712261e-21   1.000000e+02
4.145888e-02   9.734123e-21   1.000000e+02
4.184289e-02   1.670042e-20   1.000000e+02
4.223044e-02   2.880386e-20   1.000000e+02
4.262159e-02   4.986743e-20   1.000000e+02
4.301636e-02   8.653209e-20   1.000000e+02
4.341478e-02   1.502733e-19   1.000000e+02
4.381690e-02   2.607845e-19   1.000000e+02
4.422274e-02   4.515726e-19   1.000000e+02
4.463234e-02   7.790581e-19   1.000000e+02
4.504573e-02   1.337086e-18   1.000000e+02
4.546295e-02   2.279537e-18   1.000000e+02
4.588404e-02   3.854629e-18   1.000000e+02
4.630903e-02   6.455320e-18   1.000000e+02
4.673795e-02   1.069062e-17   1.000000e+02
4.717085e-02   1.748189e-17   1.000000e+02
4.760775e-02   2.818546e-17   1.000000e+02
4.804870e-02   4.473668e-17   1.000000e+02
4.849374e-02   6.979994e-17   1.000000e+02
4.894290e-02   1.068931e-16   1.000000e+02
4.939622e-02   1.604345e-16   1.000000e+02
4.985373e-02   2.356410e-16   1.000000e+02
5.031549e-02   3.382420e-16   1.000000e+02
5.078152e-02   4.746792e-16   1.000000e+02
5.125187e-02   6.522390e-16   1.000000e+02
5.172657e-02   8.788048e-16   1.000000e+02
5.220568e-02   1.162792e-15   1.000000e+02
5.268921e-02   1.513146e-15   1.000000e+02
5.317723e-02   1.939429e-15   1.000000e+02
5.366977e-02   2.452031e-15   1.000000e+02
5.416687e-02   3.062542e-15   1.000000e+02
5.466857e-02   3.784317e-15   1.000000e+02
5.517492e-02   4.633265e-15   1.000000e+02
5.568596e-02   5.628932e-15   1.000000e+02
5.620174e-02   6.795935e-15   1.000000e+02
5.672229e-02   8.165855e-15   1.000000e+02
5.724766e-02   9.779766e-15   1.000000e+02
5.777790e-02   1.169162e-14   1.000000e+02
5.831305e-02   1.397285e-14   1.000000e+02
5.885316e-02   1.671880e-14   1.000000e+02
5.939827e-02   2.005762e-14   1.000000e+02
5.994843e-02   2.416314e-14   1.000000e+02
6.050368e-02   2.926554e-14   1.000000e+02
6.106408e-02   3.562940e-14   1.000000e+02
6.162966e-02   4.357403e-14   1.000000e+02
6.220049e-02   5.349731e-14   1.000000e+02
6.277660e-02   6.589302e-14   1.000000e+02
6.335805e-02   8.137072e-14   1.000000e+02
6.394488e-02   1.006784e-13   1.000000e+02
6.453715e-02   1.247273e-13   1.000000e+02
6.513491e-02   1.546189e-13   1.000000e+02
6.573820e-02   1.916712e-13   1.000000e+02
6.634708e-02   2.374449e-13   1.000000e+02
6.696160e-02   2.937639e-13   1.000000e+02
6.758181e-02   3.627285e-13   1.000000e+02
6.820777e-02   4.467151e-13   1.000000e+02
6.883952e-02   5.483570e-13   1.000000e+02
6.947713e-02   6.704989e-13   1.000000e+02
7.012064e-02   8.161181e-13   1.000000e+02
7.077011e-02   9.884395e-13   1.000000e+02
7.142559e-02   1.191379e-12   1.000000e+02
7.208715e-02   1.429378e-12   1.000000e+02
7.275484e-02   1.707405e-12   1.000000e+02
7.342870e-02   2.031010e-12   1.000000e+02
7.410882e-02   2.406406e-12   1.000000e+02
7.479523e-02   2.840542e-12   1.000000e+02
7.548799e-02   3.341209e-12   1.000000e+02
7.618718e-02   3.917156e-12   1.000000e+02
7.689284e-02   4.578226e-12   1.000000e+02
7.760503e-02   5.335527e-12   1.000000e+02
7.832383e-02   6.201629e-12   1.000000e+02
7.904928e-02   7.190798e-12   1.000000e+02
7.978145e-02   8.319282e-12   1.000000e+02
8.052040e-02   9.604967e-12   1.000000e+02
8.126619e-02   1.106007e-11   1.000000e+02
8.201889e-02   1.268938e-11   1.000000e+02
8.277857e-02   1.449133e-11   1.000000e+02
8.354528e-02   1.645611e-11   1.000000e+02
8.431909e-02   1.856363e-11   1.000000e+02
8.510007e-02   2.078169e-11   1.000000e+02
8.588829e-02   2.306463e-11   1.000000e+02
8.668380e-02   2.535279e-11   1.000000e+02
8.748668e-02   2.757299e-11   1.000000e+02
8.829700e-02   2.964057e-11   1.000000e+02
8.911482e-02   3.146293e-11   1.000000e+02
8.994022e-02   3.294484e-11   1.000000e+02
9.077327e-02   3.401424e-11   1.000000e+02
9.161402e-02   3.470884e-11   1.000000e+02
9.246257e-02   3.511740e-11   1.000000e+02
9.331898e-02   3.534305e-11   1.000000e+02
9.418332e-02   3.549622e-11   1.000000e+02
9.505566e-02   3.569056e-11   1.000000e+02
9.593608e-02   3.604247e-11   1.000000e+02
9.682466e-02   3.667434e-11   1.000000e+02
9.772147e-02   3.772191e-11   1.000000e+02
9.862658e-02   3.934643e-11   1.000000e+02
9.954008e-02   4.175361e-11   1.000000e+02
1.004620e-01   4.521707e-11   1.000000e+02
1.013925e-01   4.998366e-11   1.000000e+02
1.023317e-01   5.625006e-11   1.000000e+02
1.032795e-01   6.426663e-11   1.000000e+02
1.042361e-01   7.433846e-11   1.000000e+02
1.052015e-01   8.681711e-11   1.000000e+02
1.061759e-01   1.020843e-10   1.000000e+02
1.071593e-01   1.205237e-10   1.000000e+02
1.081519e-01   1.424767e-10   1.000000e+02
1.091536e-01   1.681788e-10   1.000000e+02
1.101646e-01   1.976760e-10   1.000000e+02
1.111850e-01   2.309355e-10   1.000000e+02
1.122148e-01   2.682695e-10   1.000000e+02
1.132541e-01   3.101254e-10   1.000000e+02
1.143031e-01   3.570511e-10   1.000000e+02
1.153618e-01   4.097244e-10   1.000000e+02
1.164303e-01   4.689894e-10   1.000000e+02
1.175087e-01   5.359023e-10   1.000000e+02
1.185971e-01   6.117879e-10   1.000000e+02
1.196956e-01   6.983133e-10   1.000000e+02
1.208042e-01   7.975297e-10   1.000000e+02
1.219231e-01   9.114512e-10   1.000000e+02
1.230524e-01   1.042086e-09   1.000000e+02
1.241921e-01   1.191651e-09   1.000000e+02
1.253424e-01   1.362581e-09   1.000000e+02
1.265034e-01   1.557527e-09   1.000000e+02
1.276751e-01   1.779345e-09   1.000000e+02
1.288576e-01   2.031088e-09   1.000000e+02
1.300511e-01   2.315970e-09   1.000000e+02
1.312557e-01   2.637348e-09   1.000000e+02
1.324714e-01   2.998711e-09   1.000000e+02
1.336984e-01   3.403600e-09   1.000000e+02
1.349367e-01   3.855524e-09   1.000000e+02
1.361865e-01   4.357864e-09   1.000000e+02
1.374479e-01   4.913754e-09   1.000000e+02
1.387210e-01   5.525949e-09   1.000000e+02
1.400058e-01   6.196668e-09   1.000000e+02
1.413026e-01   6.928717e-09   1.000000e+02
1.426114e-01   7.730294e-09   1.000000e+02
1.439323e-01   8.613346e-09   1.000000e+02
1.452654e-01   9.593228e-09   1.000000e+02
1.466109e-01   1.068953e-08   1.000000e+02
1.479688e-01   1.192719e-08   1.000000e+02
1.493393e-01   1.333789e-08   1.000000e+02
1.507225e-01   1.496148e-08   1.000000e+02
1.521186e-01   1.683621e-08   1.000000e+02
1.535275e-01   1.899479e-08   1.000000e+02
1.549495e-01   2.147191e-08   1.000000e+02
1.563847e-01   2.430402e-08   1.000000e+02
1.578331e-01   2.752850e-08   1.000000e+02
1.592950e-01   3.118241e-08   1.000000e+02
1.607704e-01   3.530136e-08   1.000000e+02
1.622595e-01   3.992972e-08   1.000000e+02
1.637624e-01   4.512544e-08   1.000000e+02
1.652792e-01   5.095297e-08   1.000000e+02
1.668101e-01   5.748345e-08   1.000000e+02
1.683551e-01   6.479535e-08   1.000000e+02
1.699144e-01   7.297515e-08   1.000000e+02
1.714882e-01   8.211807e-08   1.000000e+02
1.730766e-01   9.232886e-08   1.000000e+02
1.746796e-01   1.037227e-07   1.000000e+02
1.762975e-01   1.164259e-07   1.000000e+02
1.779304e-01   1.305774e-07   1.000000e+02
1.795785e-01   1.463293e-07   1.000000e+02
1.812418e-01   1.638489e-07   1.000000e+02
1.829205e-01   1.833263e-07   1.000000e+02
1.846147e-01   2.049763e-07   1.000000e+02
1.863246e-01   2.290386e-07   1.000000e+02
1.880504e-01   2.557810e-07   1.000000e+02
1.897922e-01   2.855034e-07   1.000000e+02
1.915501e-01   3.185414e-07   1.000000e+02
1.933242e-01   3.552719e-07   1.000000e+02
1.951148e-01   3.961180e-07   1.000000e+02
1.969220e-01   4.415558e-07   1.000000e+02
1.987460e-01   4.921218e-07   1.000000e+02
2.005868e-01   5.484206e-07   1.000000e+02
2.024447e-01   6.111175e-07   1.000000e+02
2.043197e-01   6.809271e-07   1.000000e+02
2.062122e-01   7.586380e-07   1.000000e+02
2.081222e-01   8.451229e-07   1.000000e+02
2.100498e-01   9.413466e-07   1.000000e+02
2.119953e-01   1.048376e-06   1.000000e+02
2.139589e-01   1.167388e-06   1.000000e+02
2.159406e-01   1.299683e-06   1.000000e+02
2.179407e-01   1.446694e-06   1.000000e+02
2.199593e-01   1.610002e-06   1.000000e+02
2.219966e-01   1.791348e-06   1.000000e+02
2.240528e-01   1.992646e-06   1.000000e+02
2.261280e-01   2.216002e-06   1.000000e+02
2.282224e-01   2.463732e-06   1.000000e+02
2.303363e-01   2.738376e-06   1.000000e+02
2.324697e-01   3.042721e-06   1.000000e+02
2.346229e-01   3.379823e-06   1.000000e+02
2.367960e-01   3.753027e-06   1.000000e+02
2.389893e-01   4.165992e-06   1.000000e+02
2.412028e-01   4.622719e-06   1.000000e+02
2.434369e-01   5.127575e-06   1.000000e+02
2.456916e-01   5.685324e-06   1.000000e+02
2.479673e-01   6.301156e-06   1.000000e+02
2.502640e-01   6.980720e-06   1.000000e+02
2.525820e-01   7.730203e-06   1.000000e+02
2.549215e-01   8.556477e-06   1.000000e+02
2.572826e-01   9.467087e-06   1.000000e+02
2.596656e-01   1.047030e-05   1.000000e+02
2.620707e-01   1.157515e-05   1.000000e+02
2.644980e-01   1.279156e-05   1.000000e+02
2.669478e-01   1.413037e-05   1.000000e+02
2.694204e-01   1.560344e-05   1.000000e+02
2.719158e-01   1.722377e-05   1.000000e+02
2.744343e-01   1.900556e-05   1.000000e+02
2.769762e-01   2.096438e-05   1.000000e+02
2.795416e-01   2.311724e-05   1.000000e+02
2.821308e-01   2.548277e-05   1.000000e+02
2.847439e-01   2.808134e-05   1.000000e+02
2.873813e-01   3.093525e-05   1.000000e+02
2.900430e-01   3.406887e-05   1.000000e+02
2.927295e-01   3.750889e-05   1.000000e+02
2.954408e-01   4.128449e-05   1.000000e+02
2.981772e-01   4.542761e-05   1.000000e+02
3.009390e-01   4.997318e-05   1.000000e+02
3.037264e-01   5.495905e-05   1.000000e+02
3.065395e-01   6.042591e-05   1.000000e+02
3.093788e-01   6.641792e-05   1.000000e+02
3.122443e-01   7.298301e-05   1.000000e+02
3.151363e-01   8.017314e-05   1.000000e+02
3.180552e-01   8.804467e-05   1.000000e+02
3.210011e-01   9.665861e-05   1.000000e+02
3.239743e-01   1.060810e-04   1.000000e+02
3.269750e-01   1.163833e-04   1.000000e+02
3.300035e-01   1.276426e-04   1.000000e+02
3.330600e-01   1.399424e-04   1.000000e+02
3.361449e-01   1.533726e-04   1.000000e+02
3.392583e-01   1.680302e-04   1.000000e+02
3.424006e-01   1.840197e-04   1.000000e+02
3.455720e-01   2.014535e-04   1.000000e+02
3.487727e-01   2.204528e-04   1.000000e+02
3.520031e-01   2.411476e-04   1.000000e+02
3.552635e-01   2.636816e-04   1.000000e+02
3.585540e-01   2.882130e-04   1.000000e+02
3.618750e-01   3.149136e-04   1.000000e+02
3.652267e-01   3.439701e-04   1.000000e+02
3.686095e-01   3.755856e-04   1.000000e+02
3.720237e-01   4.099807e-04   1.000000e+02
3.754694e-01   4.473953e-04   1.000000e+02
3.789471e-01   4.880906e-04   1.000000e+02
3.824570e-01   5.323505e-04   1.000000e+02
3.859994e-01   5.804845e-04   1.000000e+02
3.895746e-01   6.328293e-04   1.000000e+02
3.931829e-01   6.897518e-04   1.000000e+02
3.968246e-01   7.516521e-04   1.000000e+02
4.005001e-01   8.189662e-04   1.000000e+02
4.042096e-01   8.921607e-04   1.000000e+02
4.079535e-01   9.717157e-04   1.000000e+02
4.117320e-01   1.058141e-03   1.000000e+02
4.155455e-01   1.151981e-03   1.000000e+02
4.193944e-01   1.253814e-03   1.000000e+02
4.232789e-01   1.364258e-03   1.000000e+02
4.271994e-01   1.483969e-03   1.000000e+02
4.311562e-01   1.613639e-03   1.000000e+02
4.351497e-01   1.754006e-03   1.000000e+02
4.391801e-01   1.905845e-03   1.000000e+02
4.432479e-01   2.069974e-03   1.000000e+02
4.473533e-01   2.247256e-03   1.000000e+02
4.514968e-01   2.438594e-03   1.000000e+02
4.556786e-01   2.644987e-03   1.000000e+02
4.598992e-01   2.867575e-03   1.000000e+02
4.641589e-01   3.107591e-03   1.000000e+02
4.684580e-01   3.366370e-03   1.000000e+02
4.727970e-01   3.645353e-03   1.000000e+02
4.771761e-01   3.946099e-03   1.000000e+02
4.815958e-01   4.270296e-03   1.000000e+02
4.860564e-01   4.619770e-03   1.000000e+02
4.905584e-01   4.996504e-03   1.000000e+02
4.951020e-01   5.402643e-03   1.000000e+02
4.996877e-01   5.840520e-03   1.000000e+02
5.043159e-01   6.312640e-03   1.000000e+02
5.089870e-01   6.821584e-03   1.000000e+02
5.137014e-01   7.370071e-03   1.000000e+02
5.184594e-01   7.961011e-03   1.000000e+02
5.232614e-01   8.597504e-03   1.000000e+02
5.281080e-01   9.282865e-03   1.000000e+02
5.329994e-01   1.002062e-02   1.000000e+02
5.379362e-01   1.081454e-02   1.000000e+02
5.429186e-01   1.166863e-02   1.000000e+02
5.479472e-01   1.258717e-02   1.000000e+02
5.530224e-01   1.357469e-02   1.000000e+02
5.581446e-01   1.463603e-02   1.000000e+02
5.633143e-01   1.577632e-02   1.000000e+02
5.685318e-01   1.700103e-02   1.000000e+02
5.737976e-01   1.831594e-02   1.000000e+02
5.791123e-01   1.972720e-02   1.000000e+02
5.844761e-01   2.124132e-02   1.000000e+02
5.898896e-01   2.286522e-02   1.000000e+02
5.953533e-01   2.460620e-02   1.000000e+02
6.008676e-01   2.647199e-02   1.000000e+02
6.064329e-01   2.847084e-02   1.000000e+02
6.120498e-01   3.061162e-02   1.000000e+02
6.177188e-01   3.290379e-02   1.000000e+02
6.234402e-01   3.535739e-02   1.000000e+02
6.292146e-01   3.798310e-02   1.000000e+02
6.350425e-01   4.079223e-02   1.000000e+02
6.409244e-01   4.379684e-02   1.000000e+02
6.468608e-01   4.700968e-02   1.000000e+02
6.528521e-01   5.044432e-02   1.000000e+02
6.588990e-01   5.411516e-02   1.000000e+02
6.650018e-01   5.803745e-02   1.000000e+02
6.711612e-01   6.222739e-02   1.000000e+02
6.773776e-01   6.670216e-02   1.000000e+02
6.836516e-01   7.147999e-02   1.000000e+02
6.899837e-01   7.658019e-02   1.000000e+02
6.963745e-01   8.202324e-02   1.000000e+02
7.028244e-01   8.783084e-02   1.000000e+02
7.093341e-01   9.402587e-02   1.000000e+02
7.159041e-01   1.006324e-01   1.000000e+02
7.225349e-01   1.076759e-01   1.000000e+02
7.292272e-01   1.151831e-01   1.000000e+02
7.359814e-01   1.231824e-01   1.000000e+02
7.427982e-01   1.317038e-01   1.000000e+02
7.496782e-01   1.407788e-01   1.000000e+02
7.566219e-01   1.504408e-01   1.000000e+02
7.636298e-01   1.607249e-01   1.000000e+02
7.707027e-01   1.716681e-01   1.000000e+02
7.778411e-01   1.833096e-01   1.000000e+02
7.850456e-01   1.956903e-01   1.000000e+02
7.923169e-01   2.088536e-01   1.000000e+02
7.996555e-01   2.228452e-01   1.000000e+02
8.070620e-01   2.377130e-01   1.000000e+02
8.145372e-01   2.535077e-01   1.000000e+02
8.220816e-01   2.702828e-01   1.000000e+02
8.296959e-01   2.880944e-01   1.000000e+02
8.373807e-01   3.070017e-01   1.000000e+02
8.451366e-01   3.270669e-01   1.000000e+02
8.529644e-01   3.483554e-01   1.000000e+02
8.608648e-01   3.709359e-01   1.000000e+02
8.688383e-01   3.948809e-01   1.000000e+02
8.768856e-01   4.202661e-01   1.000000e+02
8.850075e-01   4.471715e-01   1.000000e+02
8.932046e-01   4.756806e-01   1.000000e+02
9.014776e-01   5.058815e-01   1.000000e+02
9.098273e-01   5.378663e-01   1.000000e+02
9.182543e-01   5.717310e-01   1.000000e+02
9.267593e-01   6.075761e-01   1.000000e+02
9.353432e-01   6.455069e-01   1.000000e+02
9.440065e-01   6.856334e-01   1.000000e+02
9.527500e-01   7.280709e-01   1.000000e+02
9.615746e-01   7.729397e-01   1.000000e+02
9.704809e-01   8.203657e-01   1.000000e+02
9.794697e-01   8.704804e-01   1.000000e+02
9.885417e-01   9.234211e-01   1.000000e+02
9.976978e-01   9.793311e-01   1.000000e+02
1.006939e+00   1.038360e+00   1.000000e+02
1.016265e+00   1.100665e+00   1.000000e+02
1.025678e+00   1.166411e+00   1.000000e+02
1.035178e+00   1.235768e+00   1.000000e+02
1.044766e+00   1.308917e+00   1.000000e+02
1.054443e+00   1.386043e+00   1.000000e+02
1.064209e+00   1.467342e+00   1.000000e+02
1.074066e+00   1.553018e+00   1.000000e+02
1.084014e+00   1.643281e+00   1.000000e+02
1.094055e+00   1.738354e+00   1.000000e+02
1.104188e+00   1.838465e+00   1.000000e+02
1.114415e+00   1.943855e+00   1.000000e+02
1.124737e+00   2.054773e+00   1.000000e+02
1.135155e+00   2.171479e+00   1.000000e+02
1.145669e+00   2.294243e+00   1.000000e+02
1.156280e+00   2.423346e+00   1.000000e+02
1.166990e+00   2.559081e+00   1.000000e+02
1.177799e+00   2.701750e+00   1.000000e+02
1.188708e+00   2.851671e+00   1.000000e+02
1.199718e+00   3.009172e+00   1.000000e+02
1.210830e+00   3.174592e+00   1.000000e+02
1.222045e+00   3.348287e+00   1.000000e+02
1.233363e+00   3.530624e+00   1.000000e+02
1.244787e+00   3.721983e+00   1.000000e+02
1.256317e+00   3.922762e+00   1.000000e+02
1.267953e+00   4.133380e+00   1.000000e+02
1.279697e+00   4.354281e+00   1.000000e+02
1.291550e+00   4.585932e+00   1.000000e+02
1.303512e+00   4.828819e+00   1.000000e+02
1.315586e+00   5.083447e+00   1.000000e+02
1.327771e+00   5.350348e+00   1.000000e+02
1.340069e+00   5.630075e+00   1.000000e+02
1.352481e+00   5.923206e+00   1.000000e+02
1.365008e+00   6.230344e+00   1.000000e+02
1.377651e+00   6.552123e+00   1.000000e+02
1.390411e+00   6.889201e+00   1.000000e+02
1.403289e+00   7.242268e+00   1.000000e+02
1.416287e+00   7.612045e+00   1.000000e+02
1.429405e+00   7.999287e+00   1.000000e+02
1.442644e+00   8.404782e+00   1.000000e+02
1.456006e+00   8.829355e+00   1.000000e+02
1.469492e+00   9.273870e+00   1.000000e+02
1.483103e+00   9.739230e+00   1.000000e+02
1.496839e+00   1.022638e+01   1.000000e+02
1.510703e+00   1.073629e+01   1.000000e+02
1.524696e+00   1.126983e+01   1.000000e+02
1.538818e+00   1.182782e+01   1.000000e+02
1.553071e+00   1.241106e+01   1.000000e+02
1.567455e+00   1.302036e+01   1.000000e+02
1.581973e+00   1.365652e+01   1.000000e+02
1.596626e+00   1.432034e+01   1.000000e+02
1.611414e+00   1.501260e+01   1.000000e+02
1.626340e+00   1.573404e+01   1.000000e+02
1.641403e+00   1.648542e+01   1.000000e+02
1.656606e+00   1.726744e+01   1.000000e+02
1.671950e+00   1.808078e+01   1.000000e+02
1.687436e+00   1.892607e+01   1.000000e+02
1.703065e+00   1.980392e+01   1.000000e+02
1.718839e+00   2.071488e+01   1.000000e+02
1.734759e+00   2.165942e+01   1.000000e+02
1.750827e+00   2.263798e+01   1.000000e+02
1.767044e+00   2.365109e+01   1.000000e+02
1.783410e+00   2.469982e+01   1.000000e+02
1.799929e+00   2.578545e+01   1.000000e+02
1.816600e+00   2.690932e+01   1.000000e+02
1.833425e+00   2.807288e+01   1.000000e+02
1.850407e+00   2.927766e+01   1.000000e+02
1.867546e+00   3.052529e+01   1.000000e+02
1.884843e+00   3.181752e+01   1.000000e+02
1.902301e+00   3.315622e+01   1.000000e+02
1.919921e+00   3.454336e+01   1.000000e+02
1.937703e+00   3.598108e+01   1.000000e+02
1.955651e+00   3.747165e+01   1.000000e+02
1.973764e+00   3.901749e+01   1.000000e+02
1.992046e+00   4.062121e+01   1.000000e+02
2.010496e+00   4.228553e+01   1.000000e+02
2.029118e+00   4.401282e+01   1.000000e+02
2.047912e+00   4.580500e+01   1.000000e+02
2.066880e+00   4.766403e+01   1.000000e+02
2.086024e+00   4.959189e+01   1.000000e+02
2.105345e+00   5.159056e+01   1.000000e+02
2.124845e+00   5.366207e+01   1.000000e+02
2.144526e+00   5.580846e+01   1.000000e+02
2.164389e+00   5.803177e+01   1.000000e+02
2.184436e+00   6.033407e+01   1.000000e+02
2.204669e+00   6.271743e+01   1.000000e+02
2.225089e+00   6.518393e+01   1.000000e+02
2.245698e+00   6.773565e+01   1.000000e+02
2.266498e+00   7.037467e+01   1.000000e+02
2.287491e+00   7.310304e+01   1.000000e+02
2.308678e+00   7.592284e+01   1.000000e+02
2.330061e+00   7.883610e+01   1.000000e+02
2.351643e+00   8.184485e+01   1.000000e+02
2.373424e+00   8.495108e+01   1.000000e+02
2.395407e+00   8.815675e+01   1.000000e+02
2.417594e+00   9.146380e+01   1.000000e+02
2.439986e+00   9.487409e+01   1.000000e+02
2.462586e+00   9.838947e+01   1.000000e+02
2.485395e+00   1.020117e+02   1.000000e+02
2.508415e+00   1.057425e+02   1.000000e+02
2.531648e+00   1.095838e+02   1.000000e+02
2.555097e+00   1.135382e+02   1.000000e+02
2.578763e+00   1.176080e+02   1.000000e+02
2.602648e+00   1.217958e+02   1.000000e+02
2.626754e+00   1.261043e+02   1.000000e+02
2.651084e+00   1.305361e+02   1.000000e+02
2.675638e+00   1.350938e+02   1.000000e+02
2.700421e+00   1.397802e+02   1.000000e+02
2.725433e+00   1.445981e+02   1.000000e+02
2.750676e+00   1.495502e+02   1.000000e+02
2.776153e+00   1.546395e+02   1.000000e+02
2.801867e+00   1.598689e+02   1.000000e+02
2.827818e+00   1.652414e+02   1.000000e+02
2.854010e+00   1.707599e+02   1.000000e+02
2.880444e+00   1.764276e+02   1.000000e+02
2.907123e+00   1.822476e+02   1.000000e+02
2.934050e+00   1.882232e+02   1.000000e+02
2.961225e+00   1.943576e+02   1.000000e+02
2.988653e+00   2.006541e+02   1.000000e+02
3.016334e+00   2.071161e+02   1.000000e+02
3.044272e+00   2.137468e+02   1.000000e+02
3.072469e+00   2.205491e+02   1.000000e+02
3.100927e+00   2.275259e+02   1.000000e+02
3.129648e+00   2.346801e+02   1.000000e+02
3.158635e+00   2.420146e+02   1.000000e+02
3.187891e+00   2.495323e+02   1.000000e+02
3.217418e+00   2.572361e+02   1.000000e+02
3.247218e+00   2.651288e+02   1.000000e+02
3.277295e+00   2.732133e+02   1.000000e+02
3.307650e+00   2.814924e+02   1.000000e+02
3.338286e+00   2.899690e+02   1.000000e+02
3.369206e+00   2.986457e+02   1.000000e+02
3.400412e+00   3.075254e+02   1.000000e+02
3.431907e+00   3.166108e+02   1.000000e+02
3.463694e+00   3.259045e+02   1.000000e+02
3.495776e+00   3.354092e+02   1.000000e+02
3.528154e+00   3.451275e+02   1.000000e+02
3.560833e+00   3.550623e+02   1.000000e+02
3.593814e+00   3.652164e+02   1.000000e+02
3.627100e+00   3.755927e+02   1.000000e+02
3.660695e+00   3.861940e+02   1.000000e+02
3.694601e+00   3.970232e+02   1.000000e+02
3.728821e+00   4.080832e+02   1.000000e+02
3.763358e+00   4.193768e+02   1.000000e+02
3.798215e+00   4.309067e+02   1.000000e+02
3.833395e+00   4.426757e+02   1.000000e+02
3.868901e+00   4.546866e+02   1.000000e+02
3.904735e+00   4.669422e+02   1.000000e+02
3.940902e+00   4.794452e+02   1.000000e+02
3.977403e+00   4.921982e+02   1.000000e+02
4.014242e+00   5.052041e+02   1.000000e+02
4.051423e+00   5.184653e+02   1.000000e+02
4.088948e+00   5.319844e+02   1.000000e+02
4.126821e+00   5.457638e+02   1.000000e+02
4.165044e+00   5.598058e+02   1.000000e+02
4.203622e+00   5.741130e+02   1.000000e+02
4.242556e+00   5.886875e+02   1.000000e+02
4.281852e+00   6.035317e+02   1.000000e+02
4.321511e+00   6.186477e+02   1.000000e+02
4.361538e+00   6.340377e+02   1.000000e+02
4.401935e+00   6.497038e+02   1.000000e+02
4.442707e+00   6.656481e+02   1.000000e+02
4.483856e+00   6.818726e+02   1.000000e+02
4.525386e+00   6.983792e+02   1.000000e+02
4.567301e+00   7.151699e+02   1.000000e+02
4.609604e+00   7.322463e+02   1.000000e+02
4.652300e+00   7.496104e+02   1.000000e+02
4.695390e+00   7.672637e+02   1.000000e+02
4.738880e+00   7.852080e+02   1.000000e+02
4.782772e+00   8.034447e+02   1.000000e+02
4.827071e+00   8.219755e+02   1.000000e+02
4.871780e+00   8.408017e+02   1.000000e+02
4.916904e+00   8.599247e+02   1.000000e+02
4.962445e+00   8.793458e+02   1.000000e+02
5.008408e+00   8.990662e+02   1.000000e+02
5.054797e+00   9.190871e+02   1.000000e+02
5.101615e+00   9.394095e+02   1.000000e+02
5.148867e+00   9.600345e+02   1.000000e+02
5.196557e+00   9.809630e+02   1.000000e+02
5.244689e+00   1.002196e+03   1.000000e+02
5.293266e+00   1.023734e+03   1.000000e+02
5.342293e+00   1.045578e+03   1.000000e+02
5.391775e+00   1.067728e+03   1.000000e+02
5.441714e+00   1.090185e+03   1.000000e+02
5.492116e+00   1.112950e+03   1.000000e+02
5.542986e+00   1.136022e+03   1.000000e+02
5.594326e+00   1.159403e+03   1.000000e+02
5.646141e+00   1.183092e+03   1.000000e+02
5.698437e+00   1.207089e+03   1.000000e+02
5.751217e+00   1.231396e+03   1.000000e+02
5.804486e+00   1.256010e+03   1.000000e+02
5.858248e+00   1.280933e+03   1.000000e+02
5.912508e+00   1.306164e+03   1.000000e+02
5.967271e+00   1.331703e+03   1.000000e+02
6.022541e+00   1.357549e+03   1.000000e+02
6.078323e+00   1.383703e+03   1.000000e+02
6.134622e+00   1.410163e+03   1.000000e+02
6.191442e+00   1.436928e+03   1.000000e+02
6.248788e+00   1.463998e+03   1.000000e+02
6.306666e+00   1.491371e+03   1.000000e+02
6.365079e+00   1.519047e+03   1.000000e+02
6.424034e+00   1.547025e+03   1.000000e+02
6.483534e+00   1.575303e+03   1.000000e+02
6.543586e+00   1.603880e+03   1.000000e+02
6.604194e+00   1.632754e+03   1.000000e+02
6.665363e+00   1.661923e+03   1.000000e+02
6.727099e+00   1.691387e+03   1.000000e+02
6.789407e+00   1.721144e+03   1.000000e+02
6.852292e+00   1.751191e+03   1.000000e+02
6.915759e+00   1.781527e+03   1.000000e+02
6.979814e+00   1.812149e+03   1.000000e+02
7.044462e+00   1.843056e+03   1.000000e+02
7.109709e+00   1.874246e+03   1.000000e+02
7.175561e+00   1.905716e+03   1.000000e+02
7.242022e+00   1.937464e+03   1.000000e+02
7.309099e+00   1.969488e+03   1.000000e+02
7.376798e+00   2.001785e+03   1.000000e+02
7.445123e+00   2.034354e+03   1.000000e+02
7.514081e+00   2.067192e+03   1.000000e+02
7.583678e+00   2.100296e+03   1.000000e+02
7.653919e+00   2.133664e+03   1.000000e+02
7.724811e+00   2.167293e+03   1.000000e+02
7.796360e+00   2.201180e+03   1.000000e+02
7.868572e+00   2.235322e+03   1.000000e+02
7.941452e+00   2.269718e+03   1.000000e+02
8.015007e+00   2.304363e+03   1.000000e+02
8.089243e+00   2.339254e+03   1.000000e+02
8.164168e+00   2.374388e+03   1.000000e+02
8.239786e+00   2.409762e+03   1.000000e+02
8.316104e+00   2.445371e+03   1.000000e+02
8.393129e+00   2.481212e+03   1.000000e+02
8.470868e+00   2.517281e+03   1.000000e+02
8.549327e+00   2.553573e+03   1.000000e+02
8.628513e+00   2.590085e+03   1.000000e+02
8.708431e+00   2.626813e+03   1.000000e+02
8.789091e+00   2.663752e+03   1.000000e+02
8.870497e+00   2.700897e+03   1.000000e+02
8.952657e+00   2.738245e+03   1.000000e+02
9.035578e+00   2.775791e+03   1.000000e+02
9.119268e+00   2.813530e+03   1.000000e+02
9.203732e+00   2.851458e+03   1.000000e+02
9.288979e+00   2.889570e+03   1.000000e+02
9.375015e+00   2.927861e+03   1.000000e+02
9.461848e+00   2.966327e+03   1.000000e+02
9.549486e+00   3.004962e+03   1.000000e+02
9.637935e+00   3.043761e+03   1.000000e+02
9.727203e+00   3.082719e+03   1.000000e+02
9.817298e+00   3.121832e+03   1.000000e+02
9.908228e+00   3.161094e+03   1.000000e+02
1.000000e+01   3.200500e+03   1.000000e+02
