# B11 + a > N14 + n   [B11_a__N14_n]   ref=NACRE, Xu et al. 2010, 2011
# detailed balance: alpha=3.6737 beta=0 gamma=-1.8322  Q=0.1581
# T9                 rate                error
1.000000e-03   1.000000e-35   1.000000e+00
1.009262e-03   1.000000e-35   1.000000e+00
1.018610e-03   1.000000e-35   1.000000e+00
1.028045e-03   9.999999e-36   1.000000e+00
1.037567e-03   9.999999e-36   1.000000e+00
1.047177e-03   9.999999e-36   1.000000e+00
1.056876e-03   9.999999e-36   1.000000e+00
1.066665e-03   9.999999e-36   1.000000e+00
1.076545e-03   9.999998e-36   1.000000e+00
1.086516e-03   9.999998e-36   1.000000e+00
1.096579e-03   9.999998e-36   1.000000e+00
1.106736e-03   9.999998e-36   1.000000e+00
1.116987e-03   9.999998e-36   1.000000e+00
1.127333e-03   9.999998e-36   1.000000e+00
1.137774e-03   9.999998e-36   1.000000e+00
1.148312e-03   9.999997e-36   1.000000e+00
1.158948e-03   9.999997e-36   1.000000e+00
1.169683e-03   9.999997e-36   1.000000e+00
1.180517e-03   9.999997e-36   1.000000e+00
1.191451e-03   9.999997e-36   1.000000e+00
1.202486e-03   9.999997e-36   1.000000e+00
1.213624e-03   9.999997e-36   1.000000e+00
1.224865e-03   9.999997e-36   1.000000e+00
1.236210e-03   9.999997e-36   1.000000e+00
1.247660e-03   9.999997e-36   1.000000e+00
1.259216e-03   9.999997e-36   1.000000e+00
1.270879e-03   9.999997e-36   1.000000e+00
1.282650e-03   9.999997e-36   1.000000e+00
1.294530e-03   9.999997e-36   1.000000e+00
1.306520e-03   9.999997e-36   1.000000e+00
1.318621e-03   9.999997e-36   1.000000e+00
1.330835e-03   9.999997e-36   1.000000e+00
1.343161e-03   9.999997e-36   1.000000e+00
1.355602e-03   9.999997e-36   1.000000e+00
1.368158e-03   9.999997e-36   1.000000e+00
1.380830e-03   9.999997e-36   1.000000e+00
1.393619e-03   9.999997e-36   1.000000e+00
1.406527e-03   9.999997e-36   1.000000e+00
1.419555e-03   9.999997e-36   1.000000e+00
1.432703e-03   9.999997e-36   1.000000e+00
1.445973e-03   9.999997e-36   1.000000e+00
1.459366e-03   9.999997e-36   1.000000e+00
1.472883e-03   9.999997e-36   1.000000e+00
1.486525e-03   9.999997e-36   1.000000e+00
1.500293e-03   9.999997e-36   1.000000e+00
1.514189e-03   9.999997e-36   1.000000e+00
1.528214e-03   9.999997e-36   1.000000e+00
1.542369e-03   9.999997e-36   1.000000e+00
1.556654e-03   9.999998e-36   1.000000e+00
1.571072e-03   9.999998e-36   1.000000e+00
1.585624e-03   9.999998e-36   1.000000e+00
1.600310e-03   9.999998e-36   1.000000e+00
1.615133e-03   9.999998e-36   1.000000e+00
1.630092e-03   9.999998e-36   1.000000e+00
1.645191e-03   9.999998e-36   1.000000e+00
1.660429e-03   9.999998e-36   1.000000e+00
1.675808e-03   9.999998e-36   1.000000e+00
1.691330e-03   9.999998e-36   1.000000e+00
1.706995e-03   9.999998e-36   1.000000e+00
1.722805e-03   9.999998e-36   1.000000e+00
1.738762e-03   9.999999e-36   1.000000e+00
1.754867e-03   9.999999e-36   1.000000e+00
1.771121e-03   9.999999e-36   1.000000e+00
1.787526e-03   9.999999e-36   1.000000e+00
1.804082e-03   9.999999e-36   1.000000e+00
1.820792e-03   9.999999e-36   1.000000e+00
1.837656e-03   9.999999e-36   1.000000e+00
1.854677e-03   9.999999e-36   1.000000e+00
1.871855e-03   9.999999e-36   1.000000e+00
1.889193e-03   9.999999e-36   1.000000e+00
1.906691e-03   1.000000e-35   1.000000e+00
1.924351e-03   1.000000e-35   1.000000e+00
1.942175e-03   1.000000e-35   1.000000e+00
1.960163e-03   1.000000e-35   1.000000e+00
1.978319e-03   1.000000e-35   1.000000e+00
1.996642e-03   1.000000e-35   1.000000e+00
2.015136e-03   1.000000e-35   1.000000e+00
2.033800e-03   1.000000e-35   1.000000e+00
2.052638e-03   1.000000e-35   1.000000e+00
2.071650e-03   1.000000e-35   1.000000e+00
2.090838e-03   1.000000e-35   1.000000e+00
2.110203e-03   1.000000e-35   1.000000e+00
2.129749e-03   1.000000e-35   1.000000e+00
2.149475e-03   1.000000e-35   1.000000e+00
2.169384e-03   1.000000e-35   1.000000e+00
2.189477e-03   1.000000e-35   1.000000e+00
2.209756e-03   1.000000e-35   1.000000e+00
2.230223e-03   1.000000e-35   1.000000e+00
2.250880e-03   1.000000e-35   1.000000e+00
2.271728e-03   1.000000e-35   1.000000e+00
2.292769e-03   1.000000e-35   1.000000e+00
2.314005e-03   1.000000e-35   1.000000e+00
2.335438e-03   1.000000e-35   1.000000e+00
2.357069e-03   1.000000e-35   1.000000e+00
2.378901e-03   1.000000e-35   1.000000e+00
2.400935e-03   1.000000e-35   1.000000e+00
2.423173e-03   1.000000e-35   1.000000e+00
2.445617e-03   1.000000e-35   1.000000e+00
2.468268e-03   1.000000e-35   1.000000e+00
2.491130e-03   1.000000e-35   1.000000e+00
2.514203e-03   1.000000e-35   1.000000e+00
2.537490e-03   1.000000e-35   1.000000e+00
2.560993e-03   1.000000e-35   1.000000e+00
2.584714e-03   1.000000e-35   1.000000e+00
2.608654e-03   1.000000e-35   1.000000e+00
2.632815e-03   1.000000e-35   1.000000e+00
2.657201e-03   1.000000e-35   1.000000e+00
2.681813e-03   1.000000e-35   1.000000e+00
2.706652e-03   1.000000e-35   1.000000e+00
2.731722e-03   1.000000e-35   1.000000e+00
2.757023e-03   1.000000e-35   1.000000e+00
2.782559e-03   1.000000e-35   1.000000e+00
2.808332e-03   1.000000e-35   1.000000e+00
2.834343e-03   1.000000e-35   1.000000e+00
2.860596e-03   1.000000e-35   1.000000e+00
2.887091e-03   1.000000e-35   1.000000e+00
2.913832e-03   1.000000e-35   1.000000e+00
2.940820e-03   1.000000e-35   1.000000e+00
2.968059e-03   1.000000e-35   1.000000e+00
2.995549e-03   1.000000e-35   1.000000e+00
3.023295e-03   1.000000e-35   1.000000e+00
3.051297e-03   1.000000e-35   1.000000e+00
3.079559e-03   1.000000e-35   1.000000e+00
3.108082e-03   9.999999e-36   1.000000e+00
3.136870e-03   9.999999e-36   1.000000e+00
3.165924e-03   9.999999e-36   1.000000e+00
3.195248e-03   9.999999e-36   1.000000e+00
3.224842e-03   9.999999e-36   1.000000e+00
3.254712e-03   9.999999e-36   1.000000e+00
3.284857e-03   9.999998e-36   1.000000e+00
3.315282e-03   9.999998e-36   1.000000e+00
3.345989e-03   9.999998e-36   1.000000e+00
3.376980e-03   9.999998e-36   1.000000e+00
3.408259e-03   9.999998e-36   1.000000e+00
3.439826e-03   9.999998e-36   1.000000e+00
3.471687e-03   9.999998e-36   1.000000e+00
3.503842e-03   9.999998e-36   1.000000e+00
3.536296e-03   9.999998e-36   1.000000e+00
3.569049e-03   9.999998e-36   1.000000e+00
3.602107e-03   9.999998e-36   1.000000e+00
3.635470e-03   9.999998e-36   1.000000e+00
3.669142e-03   9.999998e-36   1.000000e+00
3.703127e-03   9.999998e-36   1.000000e+00
3.737426e-03   9.999998e-36   1.000000e+00
3.772042e-03   9.999998e-36   1.000000e+00
3.806980e-03   9.999998e-36   1.000000e+00
3.842241e-03   9.999999e-36   1.000000e+00
3.877828e-03   9.999999e-36   1.000000e+00
3.913746e-03   9.999999e-36   1.000000e+00
3.949995e-03   9.999999e-36   1.000000e+00
3.986581e-03   1.000000e-35   1.000000e+00
4.023506e-03   1.000000e-35   1.000000e+00
4.060772e-03   1.000000e-35   1.000000e+00
4.098384e-03   1.000000e-35   1.000000e+00
4.136344e-03   1.000000e-35   1.000000e+00
4.174655e-03   1.000000e-35   1.000000e+00
4.213322e-03   1.000000e-35   1.000000e+00
4.252346e-03   1.000000e-35   1.000000e+00
4.291732e-03   1.000000e-35   1.000000e+00
4.331483e-03   1.000000e-35   1.000000e+00
4.371602e-03   1.000000e-35   1.000000e+00
4.412093e-03   1.000001e-35   1.000000e+00
4.452959e-03   1.000001e-35   1.000000e+00
4.494203e-03   1.000001e-35   1.000000e+00
4.535829e-03   1.000001e-35   1.000000e+00
4.577841e-03   1.000001e-35   1.000000e+00
4.620241e-03   1.000001e-35   1.000000e+00
4.663035e-03   1.000001e-35   1.000000e+00
4.706225e-03   1.000001e-35   1.000000e+00
4.749815e-03   1.000000e-35   1.000000e+00
4.793808e-03   1.000000e-35   1.000000e+00
4.838210e-03   1.000000e-35   1.000000e+00
4.883022e-03   1.000000e-35   1.000000e+00
4.928250e-03   1.000000e-35   1.000000e+00
4.973896e-03   1.000000e-35   1.000000e+00
5.019965e-03   9.999999e-36   1.000000e+00
5.066461e-03   9.999998e-36   1.000000e+00
5.113388e-03   9.999996e-36   1.000000e+00
5.160749e-03   9.999994e-36   1.000000e+00
5.208549e-03   9.999993e-36   1.000000e+00
5.256791e-03   9.999991e-36   1.000000e+00
5.305481e-03   9.999989e-36   1.000000e+00
5.354621e-03   9.999988e-36   1.000000e+00
5.404216e-03   9.999987e-36   1.000000e+00
5.454271e-03   9.999985e-36   1.000000e+00
5.504790e-03   9.999985e-36   1.000000e+00
5.555776e-03   9.999984e-36   1.000000e+00
5.607235e-03   9.999984e-36   1.000000e+00
5.659170e-03   9.999984e-36   1.000000e+00
5.711586e-03   9.999985e-36   1.000000e+00
5.764488e-03   9.999987e-36   1.000000e+00
5.817880e-03   9.999989e-36   1.000000e+00
5.871766e-03   9.999991e-36   1.000000e+00
5.926152e-03   9.999994e-36   1.000000e+00
5.981041e-03   9.999998e-36   1.000000e+00
6.036439e-03   1.000000e-35   1.000000e+00
6.092349e-03   1.000001e-35   1.000000e+00
6.148778e-03   1.000001e-35   1.000000e+00
6.205729e-03   1.000002e-35   1.000000e+00
6.263207e-03   1.000003e-35   1.000000e+00
6.321218e-03   1.000003e-35   1.000000e+00
6.379767e-03   1.000004e-35   1.000000e+00
6.438857e-03   1.000004e-35   1.000000e+00
6.498495e-03   1.000004e-35   1.000000e+00
6.558686e-03   1.000005e-35   1.000000e+00
6.619433e-03   1.000005e-35   1.000000e+00
6.680744e-03   1.000004e-35   1.000000e+00
6.742622e-03   1.000004e-35   1.000000e+00
6.805074e-03   1.000003e-35   1.000000e+00
6.868104e-03   1.000003e-35   1.000000e+00
6.931717e-03   1.000002e-35   1.000000e+00
6.995920e-03   1.000000e-35   1.000000e+00
7.060718e-03   9.999984e-36   1.000000e+00
7.126115e-03   9.999964e-36   9.999999e-01
7.192119e-03   9.999943e-36   9.999998e-01
7.258734e-03   9.999923e-36   9.999998e-01
7.325965e-03   9.999904e-36   9.999997e-01
7.393820e-03   9.999887e-36   9.999997e-01
7.462303e-03   9.999873e-36   9.999996e-01
7.531420e-03   9.999864e-36   9.999996e-01
7.601178e-03   9.999861e-36   9.999996e-01
7.671581e-03   9.999865e-36   9.999996e-01
7.742637e-03   9.999876e-36   9.999996e-01
7.814351e-03   9.999897e-36   9.999997e-01
7.886729e-03   9.999929e-36   9.999998e-01
7.959777e-03   9.999971e-36   9.999999e-01
8.033502e-03   1.000003e-35   1.000000e+00
8.107910e-03   1.000009e-35   1.000000e+00
8.183007e-03   1.000016e-35   1.000000e+00
8.258799e-03   1.000024e-35   1.000001e+00
8.335294e-03   1.000030e-35   1.000001e+00
8.412497e-03   1.000036e-35   1.000001e+00
8.490415e-03   1.000040e-35   1.000001e+00
8.569055e-03   1.000043e-35   1.000001e+00
8.648423e-03   1.000043e-35   1.000001e+00
8.728527e-03   1.000039e-35   1.000001e+00
8.809372e-03   1.000032e-35   1.000001e+00
8.890966e-03   1.000022e-35   1.000001e+00
8.973316e-03   1.000006e-35   1.000000e+00
9.056428e-03   9.999856e-36   9.999996e-01
9.140311e-03   9.999615e-36   9.999988e-01
9.224970e-03   9.999359e-36   9.999981e-01
9.310413e-03   9.999111e-36   9.999973e-01
9.396648e-03   9.998895e-36   9.999967e-01
9.483682e-03   9.998733e-36   9.999962e-01
9.571522e-03   9.998649e-36   9.999959e-01
9.660175e-03   9.998664e-36   9.999959e-01
9.749649e-03   9.998802e-36   9.999964e-01
9.839952e-03   9.999085e-36   9.999972e-01
9.931092e-03   9.999537e-36   9.999986e-01
1.002308e-02   1.000018e-35   1.000001e+00
1.011591e-02   1.000100e-35   1.000003e+00
1.020961e-02   1.000190e-35   1.000006e+00
1.030417e-02   1.000279e-35   1.000008e+00
1.039961e-02   1.000356e-35   1.000011e+00
1.049593e-02   1.000412e-35   1.000012e+00
1.059315e-02   1.000436e-35   1.000013e+00
1.069126e-02   1.000419e-35   1.000013e+00
1.079029e-02   1.000351e-35   1.000011e+00
1.089023e-02   1.000222e-35   1.000007e+00
1.099110e-02   1.000021e-35   1.000001e+00
1.109290e-02   9.997465e-36   9.999923e-01
1.119564e-02   9.994288e-36   9.999827e-01
1.129934e-02   9.991107e-36   9.999730e-01
1.140400e-02   9.988350e-36   9.999647e-01
1.150962e-02   9.986441e-36   9.999589e-01
1.161623e-02   9.985807e-36   9.999569e-01
1.172382e-02   9.986872e-36   9.999602e-01
1.183241e-02   9.990064e-36   9.999699e-01
1.194200e-02   9.995811e-36   9.999873e-01
1.205261e-02   1.000450e-35   1.000014e+00
1.216424e-02   1.001550e-35   1.000047e+00
1.227691e-02   1.002705e-35   1.000082e+00
1.239062e-02   1.003734e-35   1.000113e+00
1.250539e-02   1.004456e-35   1.000135e+00
1.262121e-02   1.004686e-35   1.000142e+00
1.273811e-02   1.004245e-35   1.000128e+00
1.285610e-02   1.002951e-35   1.000089e+00
1.297517e-02   1.000627e-35   1.000019e+00
1.309535e-02   9.971770e-36   9.999143e-01
1.321664e-02   9.930970e-36   9.997900e-01
1.333906e-02   9.891437e-36   9.996691e-01
1.346261e-02   9.860635e-36   9.995746e-01
1.358730e-02   9.845952e-36   9.995294e-01
1.371315e-02   9.854791e-36   9.995566e-01
1.384016e-02   9.894721e-36   9.996792e-01
1.396835e-02   9.973685e-36   9.999201e-01
1.409773e-02   1.009744e-35   1.000294e+00
1.422830e-02   1.024790e-35   1.000743e+00
1.436009e-02   1.039342e-35   1.001171e+00
1.449310e-02   1.050054e-35   1.001482e+00
1.462733e-02   1.053471e-35   1.001581e+00
1.476281e-02   1.046214e-35   1.001371e+00
1.489955e-02   1.025259e-35   1.000757e+00
1.503755e-02   9.883582e-36   9.996450e-01
1.517683e-02   9.393556e-36   9.981050e-01
1.531740e-02   8.908217e-36   9.965009e-01
1.545928e-02   8.540057e-36   9.952266e-01
1.560246e-02   8.385019e-36   9.946739e-01
1.574698e-02   8.542496e-36   9.952352e-01
1.589283e-02   9.148861e-36   9.973066e-01
1.604003e-02   1.043481e-35   1.001291e+00
1.618860e-02   1.275183e-35   1.007371e+00
1.633854e-02   1.658693e-35   1.015306e+00
1.648987e-02   2.278310e-35   1.024814e+00
1.664260e-02   3.278386e-35   1.035608e+00
1.679675e-02   4.902919e-35   1.047391e+00
1.695232e-02   7.560389e-35   1.059856e+00
1.710934e-02   1.192547e-34   1.072683e+00
1.726781e-02   1.908956e-34   1.085536e+00
1.742775e-02   3.076471e-34   1.098060e+00
1.758917e-02   4.952143e-34   1.109888e+00
1.775208e-02   7.898857e-34   1.120635e+00
1.791650e-02   1.238549e-33   1.129909e+00
1.808245e-02   1.894449e-33   1.137320e+00
1.824993e-02   2.819420e-33   1.142757e+00
1.841897e-02   4.093543e-33   1.146401e+00
1.858957e-02   5.815104e-33   1.148459e+00
1.876175e-02   8.105698e-33   1.149143e+00
1.893552e-02   1.111871e-32   1.148674e+00
1.911091e-02   1.505238e-32   1.147277e+00
1.928792e-02   2.016969e-32   1.145177e+00
1.946656e-02   2.682825e-32   1.142598e+00
1.964687e-02   3.552555e-32   1.139766e+00
1.982884e-02   4.696786e-32   1.136903e+00
2.001250e-02   6.217676e-32   1.134229e+00
2.019786e-02   8.260406e-32   1.131914e+00
2.038493e-02   1.101519e-31   1.129965e+00
2.057374e-02   1.473965e-31   1.128362e+00
2.076430e-02   1.978668e-31   1.127080e+00
2.095662e-02   2.664013e-31   1.126098e+00
2.115073e-02   3.596365e-31   1.125394e+00
2.134663e-02   4.866786e-31   1.124947e+00
2.154435e-02   6.600217e-31   1.124734e+00
2.174389e-02   8.968059e-31   1.124735e+00
2.194529e-02   1.220533e-30   1.124928e+00
2.214855e-02   1.663406e-30   1.125294e+00
2.235370e-02   2.269505e-30   1.125810e+00
2.256074e-02   3.099096e-30   1.126455e+00
2.276970e-02   4.234446e-30   1.127210e+00
2.298060e-02   5.787651e-30   1.128052e+00
2.319345e-02   7.911139e-30   1.128962e+00
2.340827e-02   1.081168e-29   1.129918e+00
2.362508e-02   1.476903e-29   1.130898e+00
2.384390e-02   2.016052e-29   1.131883e+00
2.406475e-02   2.749343e-29   1.132850e+00
2.428764e-02   3.744730e-29   1.133778e+00
2.451260e-02   5.092876e-29   1.134646e+00
2.473964e-02   6.914224e-29   1.135433e+00
2.496878e-02   9.368025e-29   1.136116e+00
2.520005e-02   1.266427e-28   1.136679e+00
2.543346e-02   1.708210e-28   1.137122e+00
2.566903e-02   2.299166e-28   1.137453e+00
2.590678e-02   3.088202e-28   1.137682e+00
2.614673e-02   4.139867e-28   1.137817e+00
2.638891e-02   5.539249e-28   1.137868e+00
2.663333e-02   7.398401e-28   1.137842e+00
2.688001e-02   9.864749e-28   1.137748e+00
2.712898e-02   1.313210e-27   1.137596e+00
2.738025e-02   1.745504e-27   1.137395e+00
2.763385e-02   2.316779e-27   1.137152e+00
2.788980e-02   3.070892e-27   1.136877e+00
2.814812e-02   4.065359e-27   1.136580e+00
2.840884e-02   5.375596e-27   1.136267e+00
2.867196e-02   7.100458e-27   1.135949e+00
2.893753e-02   9.369507e-27   1.135635e+00
2.920556e-02   1.235255e-26   1.135332e+00
2.947606e-02   1.627212e-26   1.135050e+00
2.974908e-02   2.141996e-26   1.134797e+00
3.002462e-02   2.817854e-26   1.134583e+00
3.030271e-02   3.704872e-26   1.134413e+00
3.058338e-02   4.868382e-26   1.134287e+00
3.086665e-02   6.393649e-26   1.134202e+00
3.115254e-02   8.391935e-26   1.134157e+00
3.144108e-02   1.100831e-25   1.134148e+00
3.173230e-02   1.443182e-25   1.134174e+00
3.202621e-02   1.890861e-25   1.134232e+00
3.232284e-02   2.475894e-25   1.134320e+00
3.262222e-02   3.239925e-25   1.134435e+00
3.292437e-02   4.237062e-25   1.134575e+00
3.322933e-02   5.537549e-25   1.134739e+00
3.353710e-02   7.232520e-25   1.134923e+00
3.384773e-02   9.440116e-25   1.135126e+00
3.416123e-02   1.231337e-24   1.135344e+00
3.447764e-02   1.605035e-24   1.135577e+00
3.479698e-02   2.090723e-24   1.135821e+00
3.511928e-02   2.721506e-24   1.136074e+00
3.544456e-02   3.540128e-24   1.136334e+00
3.577285e-02   4.601737e-24   1.136598e+00
3.610419e-02   5.977425e-24   1.136865e+00
3.643859e-02   7.758760e-24   1.137132e+00
3.677609e-02   1.006358e-23   1.137396e+00
3.711672e-02   1.304340e-23   1.137655e+00
3.746050e-02   1.689289e-23   1.137908e+00
3.780747e-02   2.186190e-23   1.138151e+00
3.815765e-02   2.827086e-23   1.138383e+00
3.851107e-02   3.653032e-23   1.138601e+00
3.886777e-02   4.716584e-23   1.138802e+00
3.922777e-02   6.084959e-23   1.138985e+00
3.959110e-02   7.844043e-23   1.139147e+00
3.995780e-02   1.010347e-22   1.139286e+00
4.032790e-02   1.300311e-22   1.139399e+00
4.070142e-02   1.672131e-22   1.139488e+00
4.107841e-02   2.148540e-22   1.139554e+00
4.145888e-02   2.758477e-22   1.139598e+00
4.184289e-02   3.538759e-22   1.139622e+00
4.223044e-02   4.536190e-22   1.139627e+00
4.262159e-02   5.810226e-22   1.139614e+00
4.301636e-02   7.436342e-22   1.139586e+00
4.341478e-02   9.510273e-22   1.139543e+00
4.381690e-02   1.215338e-21   1.139487e+00
4.422274e-02   1.551938e-21   1.139419e+00
4.463234e-02   1.980285e-21   1.139341e+00
4.504573e-02   2.524993e-21   1.139254e+00
4.546295e-02   3.217175e-21   1.139159e+00
4.588404e-02   4.096134e-21   1.139059e+00
4.630903e-02   5.211485e-21   1.138955e+00
4.673795e-02   6.625820e-21   1.138847e+00
4.717085e-02   8.418050e-21   1.138737e+00
4.760775e-02   1.068759e-20   1.138628e+00
4.804870e-02   1.355964e-20   1.138519e+00
4.849374e-02   1.719169e-20   1.138414e+00
4.894290e-02   2.178184e-20   1.138312e+00
4.939622e-02   2.757902e-20   1.138216e+00
4.985373e-02   3.489589e-20   1.138127e+00
5.031549e-02   4.412491e-20   1.138046e+00
5.078152e-02   5.575813e-20   1.137974e+00
5.125187e-02   7.041205e-20   1.137913e+00
5.172657e-02   8.885866e-20   1.137861e+00
5.220568e-02   1.120640e-19   1.137821e+00
5.268921e-02   1.412361e-19   1.137793e+00
5.317723e-02   1.778845e-19   1.137777e+00
5.366977e-02   2.238942e-19   1.137774e+00
5.416687e-02   2.816174e-19   1.137785e+00
5.466857e-02   3.539874e-19   1.137810e+00
5.517492e-02   4.446591e-19   1.137850e+00
5.568596e-02   5.581839e-19   1.137905e+00
5.620174e-02   7.002252e-19   1.137976e+00
5.672229e-02   8.778253e-19   1.138064e+00
5.724766e-02   1.099735e-18   1.138170e+00
5.777790e-02   1.376819e-18   1.138294e+00
5.831305e-02   1.722561e-18   1.138436e+00
5.885316e-02   2.153676e-18   1.138597e+00
5.939827e-02   2.690879e-18   1.138778e+00
5.994843e-02   3.359815e-18   1.138980e+00
6.050368e-02   4.192222e-18   1.139202e+00
6.106408e-02   5.227383e-18   1.139442e+00
6.162966e-02   6.513888e-18   1.139695e+00
6.220049e-02   8.111791e-18   1.139956e+00
6.277660e-02   1.009528e-17   1.140222e+00
6.335805e-02   1.255595e-17   1.140488e+00
6.394488e-02   1.560686e-17   1.140750e+00
6.453715e-02   1.938743e-17   1.141004e+00
6.513491e-02   2.406960e-17   1.141244e+00
6.573820e-02   2.986523e-17   1.141468e+00
6.634708e-02   3.703529e-17   1.141670e+00
6.696160e-02   4.590112e-17   1.141847e+00
6.758181e-02   5.685820e-17   1.141994e+00
6.820777e-02   7.039307e-17   1.142106e+00
6.883952e-02   8.710402e-17   1.142179e+00
6.947713e-02   1.077265e-16   1.142210e+00
7.012064e-02   1.331644e-16   1.142193e+00
7.077011e-02   1.645267e-16   1.142128e+00
7.142559e-02   2.031724e-16   1.142021e+00
7.208715e-02   2.507658e-16   1.141880e+00
7.275484e-02   3.093453e-16   1.141712e+00
7.342870e-02   3.814048e-16   1.141524e+00
7.410882e-02   4.699935e-16   1.141324e+00
7.479523e-02   5.788375e-16   1.141120e+00
7.548799e-02   7.124862e-16   1.140920e+00
7.618718e-02   8.764901e-16   1.140729e+00
7.689284e-02   1.077617e-15   1.140557e+00
7.760503e-02   1.324110e-15   1.140410e+00
7.832383e-02   1.626007e-15   1.140296e+00
7.904928e-02   1.995514e-15   1.140223e+00
7.978145e-02   2.447471e-15   1.140197e+00
8.052040e-02   2.999901e-15   1.140226e+00
8.126619e-02   3.674739e-15   1.140306e+00
8.201889e-02   4.498665e-15   1.140429e+00
8.277857e-02   5.504095e-15   1.140587e+00
8.354528e-02   6.730401e-15   1.140769e+00
8.431909e-02   8.225382e-15   1.140968e+00
8.510007e-02   1.004706e-14   1.141175e+00
8.588829e-02   1.226583e-14   1.141382e+00
8.668380e-02   1.496711e-14   1.141579e+00
8.748668e-02   1.825447e-14   1.141757e+00
8.829700e-02   2.225349e-14   1.141909e+00
8.911482e-02   2.711642e-14   1.142025e+00
8.994022e-02   3.302779e-14   1.142097e+00
9.077327e-02   4.021106e-14   1.142118e+00
9.161402e-02   4.893604e-14   1.142097e+00
9.246257e-02   5.952857e-14   1.142044e+00
9.331898e-02   7.238216e-14   1.141972e+00
9.418332e-02   8.797174e-14   1.141892e+00
9.505566e-02   1.068701e-13   1.141817e+00
9.593608e-02   1.297679e-13   1.141757e+00
9.682466e-02   1.574970e-13   1.141725e+00
9.772147e-02   1.910587e-13   1.141732e+00
9.862658e-02   2.316581e-13   1.141791e+00
9.954008e-02   2.807437e-13   1.141912e+00
1.004620e-01   3.400566e-13   1.142107e+00
1.013925e-01   4.116935e-13   1.142373e+00
1.023317e-01   4.981826e-13   1.142690e+00
1.032795e-01   6.025670e-13   1.143040e+00
1.042361e-01   7.285086e-13   1.143404e+00
1.052015e-01   8.804141e-13   1.143762e+00
1.061759e-01   1.063586e-12   1.144096e+00
1.071593e-01   1.284405e-12   1.144386e+00
1.081519e-01   1.550550e-12   1.144612e+00
1.091536e-01   1.871260e-12   1.144757e+00
1.101646e-01   2.257653e-12   1.144799e+00
1.111850e-01   2.723091e-12   1.144733e+00
1.122148e-01   3.283575e-12   1.144580e+00
1.132541e-01   3.958295e-12   1.144366e+00
1.143031e-01   4.770264e-12   1.144118e+00
1.153618e-01   5.747069e-12   1.143863e+00
1.164303e-01   6.921762e-12   1.143625e+00
1.175087e-01   8.333932e-12   1.143432e+00
1.185971e-01   1.003097e-11   1.143311e+00
1.196956e-01   1.206957e-11   1.143286e+00
1.208042e-01   1.451763e-11   1.143382e+00
1.219231e-01   1.745692e-11   1.143587e+00
1.230524e-01   2.098603e-11   1.143874e+00
1.241921e-01   2.522355e-11   1.144214e+00
1.253424e-01   3.031223e-11   1.144579e+00
1.265034e-01   3.642400e-11   1.144938e+00
1.276751e-01   4.376612e-11   1.145265e+00
1.288576e-01   5.258860e-11   1.145531e+00
1.300511e-01   6.319326e-11   1.145705e+00
1.312557e-01   7.594432e-11   1.145768e+00
1.324714e-01   9.127994e-11   1.145722e+00
1.336984e-01   1.097284e-10   1.145578e+00
1.349367e-01   1.319272e-10   1.145343e+00
1.361865e-01   1.586460e-10   1.145029e+00
1.374479e-01   1.908148e-10   1.144643e+00
1.387210e-01   2.295570e-10   1.144197e+00
1.400058e-01   2.762313e-10   1.143698e+00
1.413026e-01   3.324863e-10   1.143152e+00
1.426114e-01   4.003438e-10   1.142553e+00
1.439323e-01   4.822780e-10   1.141888e+00
1.452654e-01   5.813174e-10   1.141145e+00
1.466109e-01   7.011759e-10   1.140314e+00
1.479688e-01   8.464183e-10   1.139383e+00
1.493393e-01   1.022666e-09   1.138341e+00
1.507225e-01   1.236855e-09   1.137178e+00
1.521186e-01   1.497484e-09   1.135886e+00
1.535275e-01   1.814949e-09   1.134465e+00
1.549495e-01   2.202041e-09   1.132915e+00
1.563847e-01   2.674510e-09   1.131234e+00
1.578331e-01   3.251779e-09   1.129422e+00
1.592950e-01   3.957813e-09   1.127478e+00
1.607704e-01   4.822207e-09   1.125402e+00
1.622595e-01   5.881381e-09   1.123200e+00
1.637624e-01   7.180099e-09   1.120888e+00
1.652792e-01   8.773506e-09   1.118478e+00
1.668101e-01   1.072956e-08   1.115984e+00
1.683551e-01   1.313199e-08   1.113422e+00
1.699144e-01   1.608397e-08   1.110803e+00
1.714882e-01   1.971262e-08   1.108142e+00
1.730766e-01   2.417452e-08   1.105453e+00
1.746796e-01   2.966252e-08   1.102748e+00
1.762975e-01   3.641405e-08   1.100041e+00
1.779304e-01   4.472135e-08   1.097346e+00
1.795785e-01   5.494395e-08   1.094674e+00
1.812418e-01   6.752378e-08   1.092039e+00
1.829205e-01   8.300152e-08   1.089446e+00
1.846147e-01   1.020381e-07   1.086898e+00
1.863246e-01   1.254410e-07   1.084398e+00
1.880504e-01   1.541956e-07   1.081950e+00
1.897922e-01   1.895021e-07   1.079555e+00
1.915501e-01   2.328198e-07   1.077216e+00
1.933242e-01   2.859195e-07   1.074937e+00
1.951148e-01   3.509458e-07   1.072720e+00
1.969220e-01   4.304899e-07   1.070567e+00
1.987460e-01   5.276751e-07   1.068482e+00
2.005868e-01   6.462574e-07   1.066468e+00
2.024447e-01   7.907634e-07   1.064524e+00
2.043197e-01   9.666658e-07   1.062651e+00
2.062122e-01   1.180548e-06   1.060847e+00
2.081222e-01   1.440313e-06   1.059110e+00
2.100498e-01   1.755435e-06   1.057440e+00
2.119953e-01   2.137253e-06   1.055835e+00
2.139589e-01   2.599315e-06   1.054294e+00
2.159406e-01   3.157783e-06   1.052815e+00
2.179407e-01   3.831904e-06   1.051398e+00
2.199593e-01   4.644560e-06   1.050041e+00
2.219966e-01   5.622904e-06   1.048743e+00
2.240528e-01   6.799103e-06   1.047503e+00
2.261280e-01   8.211187e-06   1.046319e+00
2.282224e-01   9.904036e-06   1.045192e+00
2.303363e-01   1.193051e-05   1.044118e+00
2.324697e-01   1.435275e-05   1.043098e+00
2.346229e-01   1.724364e-05   1.042131e+00
2.367960e-01   2.068850e-05   1.041214e+00
2.389893e-01   2.478701e-05   1.040348e+00
2.412028e-01   2.965533e-05   1.039530e+00
2.434369e-01   3.542856e-05   1.038761e+00
2.456916e-01   4.226345e-05   1.038038e+00
2.479673e-01   5.034146e-05   1.037362e+00
2.502640e-01   5.987211e-05   1.036730e+00
2.525820e-01   7.109738e-05   1.036141e+00
2.549215e-01   8.429765e-05   1.035594e+00
2.572826e-01   9.979642e-05   1.035083e+00
2.596656e-01   1.179659e-04   1.034608e+00
2.620707e-01   1.392339e-04   1.034164e+00
2.644980e-01   1.640910e-04   1.033748e+00
2.669478e-01   1.930991e-04   1.033359e+00
2.694204e-01   2.269010e-04   1.032992e+00
2.719158e-01   2.662305e-04   1.032644e+00
2.744343e-01   3.119241e-04   1.032314e+00
2.769762e-01   3.649340e-04   1.031997e+00
2.795416e-01   4.263425e-04   1.031692e+00
2.821308e-01   4.973779e-04   1.031394e+00
2.847439e-01   5.794321e-04   1.031102e+00
2.873813e-01   6.740797e-04   1.030811e+00
2.900430e-01   7.831002e-04   1.030520e+00
2.927295e-01   9.085008e-04   1.030225e+00
2.954408e-01   1.052543e-03   1.029923e+00
2.981772e-01   1.217771e-03   1.029612e+00
3.009390e-01   1.407041e-03   1.029289e+00
3.037264e-01   1.623561e-03   1.028952e+00
3.065395e-01   1.870920e-03   1.028604e+00
3.093788e-01   2.153135e-03   1.028246e+00
3.122443e-01   2.474694e-03   1.027882e+00
3.151363e-01   2.840603e-03   1.027513e+00
3.180552e-01   3.256439e-03   1.027142e+00
3.210011e-01   3.728406e-03   1.026771e+00
3.239743e-01   4.263399e-03   1.026402e+00
3.269750e-01   4.869070e-03   1.026038e+00
3.300035e-01   5.553896e-03   1.025680e+00
3.330600e-01   6.327262e-03   1.025331e+00
3.361449e-01   7.199541e-03   1.024993e+00
3.392583e-01   8.182187e-03   1.024669e+00
3.424006e-01   9.287827e-03   1.024360e+00
3.455720e-01   1.053037e-02   1.024069e+00
3.487727e-01   1.192511e-02   1.023798e+00
3.520031e-01   1.348886e-02   1.023549e+00
3.552635e-01   1.524006e-02   1.023322e+00
3.585540e-01   1.719890e-02   1.023115e+00
3.618750e-01   1.938752e-02   1.022927e+00
3.652267e-01   2.183008e-02   1.022756e+00
3.686095e-01   2.455299e-02   1.022599e+00
3.720237e-01   2.758506e-02   1.022456e+00
3.754694e-01   3.095769e-02   1.022325e+00
3.789471e-01   3.470502e-02   1.022204e+00
3.824570e-01   3.886420e-02   1.022091e+00
3.859994e-01   4.347558e-02   1.021984e+00
3.895746e-01   4.858291e-02   1.021882e+00
3.931829e-01   5.423361e-02   1.021783e+00
3.968246e-01   6.047903e-02   1.021685e+00
4.005001e-01   6.737471e-02   1.021587e+00
4.042096e-01   7.498073e-02   1.021487e+00
4.079535e-01   8.336232e-02   1.021386e+00
4.117320e-01   9.258998e-02   1.021284e+00
4.155455e-01   1.027399e-01   1.021182e+00
4.193944e-01   1.138944e-01   1.021081e+00
4.232789e-01   1.261421e-01   1.020982e+00
4.271994e-01   1.395787e-01   1.020884e+00
4.311562e-01   1.543074e-01   1.020789e+00
4.351497e-01   1.704392e-01   1.020697e+00
4.391801e-01   1.880937e-01   1.020609e+00
4.432479e-01   2.073996e-01   1.020525e+00
4.473533e-01   2.284953e-01   1.020447e+00
4.514968e-01   2.515296e-01   1.020375e+00
4.556786e-01   2.766629e-01   1.020308e+00
4.598992e-01   3.040683e-01   1.020248e+00
4.641589e-01   3.339318e-01   1.020194e+00
4.684580e-01   3.664539e-01   1.020147e+00
4.727970e-01   4.018502e-01   1.020106e+00
4.771761e-01   4.403525e-01   1.020072e+00
4.815958e-01   4.822105e-01   1.020044e+00
4.860564e-01   5.276926e-01   1.020023e+00
4.905584e-01   5.770877e-01   1.020008e+00
4.951020e-01   6.307068e-01   1.020001e+00
4.996877e-01   6.888842e-01   1.020000e+00
5.043159e-01   7.519813e-01   1.020006e+00
5.089870e-01   8.203919e-01   1.020017e+00
5.137014e-01   8.945439e-01   1.020031e+00
5.184594e-01   9.749006e-01   1.020046e+00
5.232614e-01   1.061964e+00   1.020062e+00
5.281080e-01   1.156278e+00   1.020074e+00
5.329994e-01   1.258433e+00   1.020083e+00
5.379362e-01   1.369072e+00   1.020086e+00
5.429186e-01   1.488889e+00   1.020080e+00
5.479472e-01   1.618644e+00   1.020065e+00
5.530224e-01   1.759160e+00   1.020038e+00
5.581446e-01   1.911335e+00   1.019998e+00
5.633143e-01   2.076147e+00   1.019942e+00
5.685318e-01   2.254663e+00   1.019869e+00
5.737976e-01   2.448047e+00   1.019777e+00
5.791123e-01   2.657571e+00   1.019664e+00
5.844761e-01   2.884626e+00   1.019528e+00
5.898896e-01   3.130732e+00   1.019367e+00
5.953533e-01   3.397555e+00   1.019180e+00
6.008676e-01   3.686919e+00   1.018964e+00
6.064329e-01   4.000815e+00   1.018720e+00
6.120498e-01   4.341389e+00   1.018449e+00
6.177188e-01   4.710984e+00   1.018156e+00
6.234402e-01   5.112161e+00   1.017845e+00
6.292146e-01   5.547721e+00   1.017518e+00
6.350425e-01   6.020730e+00   1.017180e+00
6.409244e-01   6.534547e+00   1.016833e+00
6.468608e-01   7.092851e+00   1.016482e+00
6.528521e-01   7.699676e+00   1.016130e+00
6.588990e-01   8.359449e+00   1.015781e+00
6.650018e-01   9.077026e+00   1.015438e+00
6.711612e-01   9.857746e+00   1.015104e+00
6.773776e-01   1.070747e+01   1.014783e+00
6.836516e-01   1.163266e+01   1.014479e+00
6.899837e-01   1.264040e+01   1.014195e+00
6.963745e-01   1.373851e+01   1.013935e+00
7.028244e-01   1.493561e+01   1.013702e+00
7.093341e-01   1.624100e+01   1.013496e+00
7.159041e-01   1.766472e+01   1.013316e+00
7.225349e-01   1.921769e+01   1.013158e+00
7.292272e-01   2.091189e+01   1.013019e+00
7.359814e-01   2.276039e+01   1.012898e+00
7.427982e-01   2.477748e+01   1.012790e+00
7.496782e-01   2.697880e+01   1.012694e+00
7.566219e-01   2.938141e+01   1.012606e+00
7.636298e-01   3.200400e+01   1.012524e+00
7.707027e-01   3.486698e+01   1.012446e+00
7.778411e-01   3.799263e+01   1.012367e+00
7.850456e-01   4.140535e+01   1.012286e+00
7.923169e-01   4.513176e+01   1.012199e+00
7.996555e-01   4.920097e+01   1.012105e+00
8.070620e-01   5.364472e+01   1.012000e+00
8.145372e-01   5.849741e+01   1.011884e+00
8.220816e-01   6.379647e+01   1.011758e+00
8.296959e-01   6.958264e+01   1.011622e+00
8.373807e-01   7.590025e+01   1.011475e+00
8.451366e-01   8.279755e+01   1.011318e+00
8.529644e-01   9.032702e+01   1.011152e+00
8.608648e-01   9.854570e+01   1.010976e+00
8.688383e-01   1.075156e+02   1.010791e+00
8.768856e-01   1.173039e+02   1.010596e+00
8.850075e-01   1.279839e+02   1.010393e+00
8.932046e-01   1.396348e+02   1.010181e+00
9.014776e-01   1.523425e+02   1.009960e+00
9.098273e-01   1.661996e+02   1.009731e+00
9.182543e-01   1.813045e+02   1.009497e+00
9.267593e-01   1.977628e+02   1.009258e+00
9.353432e-01   2.156877e+02   1.009018e+00
9.440065e-01   2.352009e+02   1.008777e+00
9.527500e-01   2.564323e+02   1.008538e+00
9.615746e-01   2.795210e+02   1.008304e+00
9.704809e-01   3.046152e+02   1.008076e+00
9.794697e-01   3.318729e+02   1.007855e+00
9.885417e-01   3.614622e+02   1.007645e+00
9.976978e-01   3.935612e+02   1.007447e+00
1.006939e+00   4.283596e+02   1.007263e+00
1.016265e+00   4.660648e+02   1.007093e+00
1.025678e+00   5.069020e+02   1.006937e+00
1.035178e+00   5.511119e+02   1.006793e+00
1.044766e+00   5.989518e+02   1.006661e+00
1.054443e+00   6.506967e+02   1.006540e+00
1.064209e+00   7.066398e+02   1.006429e+00
1.074066e+00   7.670941e+02   1.006329e+00
1.084014e+00   8.323931e+02   1.006237e+00
1.094055e+00   9.028920e+02   1.006153e+00
1.104188e+00   9.789691e+02   1.006076e+00
1.114415e+00   1.061026e+03   1.006007e+00
1.124737e+00   1.149491e+03   1.005943e+00
1.135155e+00   1.244817e+03   1.005884e+00
1.145669e+00   1.347485e+03   1.005830e+00
1.156280e+00   1.458007e+03   1.005780e+00
1.166990e+00   1.576923e+03   1.005732e+00
1.177799e+00   1.704805e+03   1.005687e+00
1.188708e+00   1.842258e+03   1.005643e+00
1.199718e+00   1.989924e+03   1.005601e+00
1.210830e+00   2.148476e+03   1.005558e+00
1.222045e+00   2.318627e+03   1.005514e+00
1.233363e+00   2.501128e+03   1.005469e+00
1.244787e+00   2.696770e+03   1.005422e+00
1.256317e+00   2.906384e+03   1.005372e+00
1.267953e+00   3.130850e+03   1.005319e+00
1.279697e+00   3.371098e+03   1.005264e+00
1.291550e+00   3.628107e+03   1.005207e+00
1.303512e+00   3.902904e+03   1.005149e+00
1.315586e+00   4.196571e+03   1.005090e+00
1.327771e+00   4.510242e+03   1.005031e+00
1.340069e+00   4.845107e+03   1.004972e+00
1.352481e+00   5.202412e+03   1.004914e+00
1.365008e+00   5.583464e+03   1.004858e+00
1.377651e+00   5.989629e+03   1.004803e+00
1.390411e+00   6.422338e+03   1.004752e+00
1.403289e+00   6.883082e+03   1.004704e+00
1.416287e+00   7.373422e+03   1.004659e+00
1.429405e+00   7.894983e+03   1.004619e+00
1.442644e+00   8.449461e+03   1.004583e+00
1.456006e+00   9.038620e+03   1.004553e+00
1.469492e+00   9.664298e+03   1.004529e+00
1.483103e+00   1.032840e+04   1.004512e+00
1.496839e+00   1.103292e+04   1.004501e+00
1.510703e+00   1.177991e+04   1.004498e+00
1.524696e+00   1.257154e+04   1.004503e+00
1.538818e+00   1.341010e+04   1.004513e+00
1.553071e+00   1.429796e+04   1.004529e+00
1.567455e+00   1.523758e+04   1.004549e+00
1.581973e+00   1.623154e+04   1.004572e+00
1.596626e+00   1.728250e+04   1.004598e+00
1.611414e+00   1.839324e+04   1.004626e+00
1.626340e+00   1.956665e+04   1.004654e+00
1.641403e+00   2.080571e+04   1.004683e+00
1.656606e+00   2.211355e+04   1.004710e+00
1.671950e+00   2.349339e+04   1.004735e+00
1.687436e+00   2.494857e+04   1.004757e+00
1.703065e+00   2.648257e+04   1.004776e+00
1.718839e+00   2.809898e+04   1.004790e+00
1.734759e+00   2.980154e+04   1.004798e+00
1.750827e+00   3.159412e+04   1.004800e+00
1.767044e+00   3.348069e+04   1.004795e+00
1.783410e+00   3.546538e+04   1.004782e+00
1.799929e+00   3.755243e+04   1.004764e+00
1.816600e+00   3.974621e+04   1.004740e+00
1.833425e+00   4.205125e+04   1.004711e+00
1.850407e+00   4.447220e+04   1.004678e+00
1.867546e+00   4.701388e+04   1.004641e+00
1.884843e+00   4.968124e+04   1.004600e+00
1.902301e+00   5.247940e+04   1.004557e+00
1.919921e+00   5.541361e+04   1.004512e+00
1.937703e+00   5.848929e+04   1.004465e+00
1.955651e+00   6.171202e+04   1.004417e+00
1.973764e+00   6.508754e+04   1.004369e+00
1.992046e+00   6.862174e+04   1.004321e+00
2.010496e+00   7.232068e+04   1.004273e+00
2.029118e+00   7.619063e+04   1.004227e+00
2.047912e+00   8.023802e+04   1.004183e+00
2.066880e+00   8.446948e+04   1.004140e+00
2.086024e+00   8.889182e+04   1.004100e+00
2.105345e+00   9.351204e+04   1.004063e+00
2.124845e+00   9.833732e+04   1.004029e+00
2.144526e+00   1.033751e+05   1.003999e+00
2.164389e+00   1.086328e+05   1.003973e+00
2.184436e+00   1.141184e+05   1.003951e+00
2.204669e+00   1.198397e+05   1.003934e+00
2.225089e+00   1.258051e+05   1.003923e+00
2.245698e+00   1.320228e+05   1.003917e+00
2.266498e+00   1.385014e+05   1.003917e+00
2.287491e+00   1.452500e+05   1.003924e+00
2.308678e+00   1.522773e+05   1.003937e+00
2.330061e+00   1.595929e+05   1.003958e+00
2.351643e+00   1.672061e+05   1.003986e+00
2.373424e+00   1.751267e+05   1.004023e+00
2.395407e+00   1.833647e+05   1.004068e+00
2.417594e+00   1.919304e+05   1.004122e+00
2.439986e+00   2.008341e+05   1.004185e+00
2.462586e+00   2.100867e+05   1.004259e+00
2.485395e+00   2.196991e+05   1.004342e+00
2.508415e+00   2.296825e+05   1.004435e+00
2.531648e+00   2.400486e+05   1.004540e+00
2.555097e+00   2.508095e+05   1.004654e+00
2.578763e+00   2.619777e+05   1.004778e+00
2.602648e+00   2.735659e+05   1.004911e+00
2.626754e+00   2.855872e+05   1.005052e+00
2.651084e+00   2.980553e+05   1.005201e+00
2.675638e+00   3.109840e+05   1.005358e+00
2.700421e+00   3.243876e+05   1.005521e+00
2.725433e+00   3.382808e+05   1.005691e+00
2.750676e+00   3.526787e+05   1.005866e+00
2.776153e+00   3.675970e+05   1.006047e+00
2.801867e+00   3.830517e+05   1.006232e+00
2.827818e+00   3.990593e+05   1.006422e+00
2.854010e+00   4.156368e+05   1.006615e+00
2.880444e+00   4.328017e+05   1.006811e+00
2.907123e+00   4.505721e+05   1.007010e+00
2.934050e+00   4.689666e+05   1.007211e+00
2.961225e+00   4.880044e+05   1.007413e+00
2.988653e+00   5.077053e+05   1.007616e+00
3.016334e+00   5.280896e+05   1.007820e+00
3.044272e+00   5.491783e+05   1.008024e+00
3.072469e+00   5.709928e+05   1.008228e+00
3.100927e+00   5.935553e+05   1.008433e+00
3.129648e+00   6.168886e+05   1.008640e+00
3.158635e+00   6.410161e+05   1.008847e+00
3.187891e+00   6.659622e+05   1.009056e+00
3.217418e+00   6.917519e+05   1.009266e+00
3.247218e+00   7.184110e+05   1.009478e+00
3.277295e+00   7.459662e+05   1.009692e+00
3.307650e+00   7.744451e+05   1.009909e+00
3.338286e+00   8.038760e+05   1.010128e+00
3.369206e+00   8.342885e+05   1.010350e+00
3.400412e+00   8.657128e+05   1.010575e+00
3.431907e+00   8.981805e+05   1.010803e+00
3.463694e+00   9.317239e+05   1.011034e+00
3.495776e+00   9.663767e+05   1.011269e+00
3.528154e+00   1.002173e+06   1.011508e+00
3.560833e+00   1.039145e+06   1.011751e+00
3.593814e+00   1.077323e+06   1.011998e+00
3.627100e+00   1.116739e+06   1.012251e+00
3.660695e+00   1.157426e+06   1.012508e+00
3.694601e+00   1.199414e+06   1.012771e+00
3.728821e+00   1.242739e+06   1.013039e+00
3.763358e+00   1.287432e+06   1.013313e+00
3.798215e+00   1.333528e+06   1.013594e+00
3.833395e+00   1.381060e+06   1.013881e+00
3.868901e+00   1.430064e+06   1.014175e+00
3.904735e+00   1.480573e+06   1.014476e+00
3.940902e+00   1.532623e+06   1.014785e+00
3.977403e+00   1.586250e+06   1.015101e+00
4.014242e+00   1.641489e+06   1.015426e+00
4.051423e+00   1.698378e+06   1.015759e+00
4.088948e+00   1.756958e+06   1.016098e+00
4.126821e+00   1.817272e+06   1.016445e+00
4.165044e+00   1.879363e+06   1.016796e+00
4.203622e+00   1.943275e+06   1.017153e+00
4.242556e+00   2.009053e+06   1.017513e+00
4.281852e+00   2.076743e+06   1.017877e+00
4.321511e+00   2.146393e+06   1.018243e+00
4.361538e+00   2.218050e+06   1.018610e+00
4.401935e+00   2.291763e+06   1.018979e+00
4.442707e+00   2.367583e+06   1.019347e+00
4.483856e+00   2.445561e+06   1.019714e+00
4.525386e+00   2.525750e+06   1.020080e+00
4.567301e+00   2.608202e+06   1.020443e+00
4.609604e+00   2.692974e+06   1.020802e+00
4.652300e+00   2.780121e+06   1.021158e+00
4.695390e+00   2.869701e+06   1.021508e+00
4.738880e+00   2.961771e+06   1.021853e+00
4.782772e+00   3.056393e+06   1.022191e+00
4.827071e+00   3.153627e+06   1.022521e+00
4.871780e+00   3.253535e+06   1.022844e+00
4.916904e+00   3.356182e+06   1.023157e+00
4.962445e+00   3.461634e+06   1.023460e+00
5.008408e+00   3.569958e+06   1.023752e+00
5.054797e+00   3.681218e+06   1.024034e+00
5.101615e+00   3.795470e+06   1.024306e+00
5.148867e+00   3.912768e+06   1.024571e+00
5.196557e+00   4.033166e+06   1.024830e+00
5.244689e+00   4.156718e+06   1.025085e+00
5.293266e+00   4.283476e+06   1.025338e+00
5.342293e+00   4.413494e+06   1.025591e+00
5.391775e+00   4.546822e+06   1.025845e+00
5.441714e+00   4.683512e+06   1.026103e+00
5.492116e+00   4.823612e+06   1.026365e+00
5.542986e+00   4.967173e+06   1.026635e+00
5.594326e+00   5.114242e+06   1.026913e+00
5.646141e+00   5.264865e+06   1.027202e+00
5.698437e+00   5.419087e+06   1.027503e+00
5.751217e+00   5.576951e+06   1.027818e+00
5.804486e+00   5.738501e+06   1.028149e+00
5.858248e+00   5.903775e+06   1.028499e+00
5.912508e+00   6.072813e+06   1.028867e+00
5.967271e+00   6.245650e+06   1.029258e+00
6.022541e+00   6.422321e+06   1.029671e+00
6.078323e+00   6.602864e+06   1.030107e+00
6.134622e+00   6.787322e+06   1.030559e+00
6.191442e+00   6.975739e+06   1.031024e+00
6.248788e+00   7.168157e+06   1.031495e+00
6.306666e+00   7.364617e+06   1.031968e+00
6.365079e+00   7.565159e+06   1.032437e+00
6.424034e+00   7.769822e+06   1.032897e+00
6.483534e+00   7.978643e+06   1.033343e+00
6.543586e+00   8.191657e+06   1.033769e+00
6.604194e+00   8.408900e+06   1.034171e+00
6.665363e+00   8.630405e+06   1.034543e+00
6.727099e+00   8.856203e+06   1.034879e+00
6.789407e+00   9.086324e+06   1.035175e+00
6.852292e+00   9.320796e+06   1.035426e+00
6.915759e+00   9.559646e+06   1.035625e+00
6.979814e+00   9.802896e+06   1.035768e+00
7.044462e+00   1.005057e+07   1.035850e+00
7.109709e+00   1.030266e+07   1.035875e+00
7.175561e+00   1.055914e+07   1.035853e+00
7.242022e+00   1.082000e+07   1.035793e+00
7.309099e+00   1.108518e+07   1.035705e+00
7.376798e+00   1.135464e+07   1.035598e+00
7.445123e+00   1.162835e+07   1.035481e+00
7.514081e+00   1.190624e+07   1.035364e+00
7.583678e+00   1.218825e+07   1.035256e+00
7.653919e+00   1.247431e+07   1.035168e+00
7.724811e+00   1.276433e+07   1.035107e+00
7.796360e+00   1.305824e+07   1.035084e+00
7.868572e+00   1.335594e+07   1.035108e+00
7.941452e+00   1.365732e+07   1.035189e+00
8.015007e+00   1.396227e+07   1.035336e+00
8.089243e+00   1.427072e+07   1.035553e+00
8.164168e+00   1.458266e+07   1.035833e+00
8.239786e+00   1.489810e+07   1.036170e+00
8.316104e+00   1.521707e+07   1.036553e+00
8.393129e+00   1.553958e+07   1.036976e+00
8.470868e+00   1.586567e+07   1.037430e+00
8.549327e+00   1.619535e+07   1.037907e+00
8.628513e+00   1.652867e+07   1.038398e+00
8.708431e+00   1.686565e+07   1.038895e+00
8.789091e+00   1.720635e+07   1.039391e+00
8.870497e+00   1.755079e+07   1.039877e+00
8.952657e+00   1.789905e+07   1.040344e+00
9.035578e+00   1.825116e+07   1.040785e+00
9.119268e+00   1.860718e+07   1.041191e+00
9.203732e+00   1.896720e+07   1.041553e+00
9.288979e+00   1.933126e+07   1.041864e+00
9.375015e+00   1.969945e+07   1.042115e+00
9.461848e+00   2.007186e+07   1.042298e+00
9.549486e+00   2.044856e+07   1.042404e+00
9.637935e+00   2.082964e+07   1.042426e+00
9.727203e+00   2.121522e+07   1.042355e+00
9.817298e+00   2.160540e+07   1.042182e+00
9.908228e+00   2.200029e+07   1.041900e+00
1.000000e+01   2.240000e+07   1.041500e+00
