# t + p > a + g   [t_p__a_g]   ref=Serpico et al. 2004
# detailed balance: alpha=2.61058e+10 beta=1.5 gamma=-229.93  Q=19.8139
# T9                 rate                error
1.000000e-03   3.564000e-11   1.200000e+00
1.009262e-03   3.988675e-11   1.200000e+00
1.018610e-03   4.462368e-11   1.200000e+00
1.028045e-03   4.990549e-11   1.200000e+00
1.037567e-03   5.579275e-11   1.200000e+00
1.047177e-03   6.235255e-11   1.200000e+00
1.056876e-03   6.965912e-11   1.200000e+00
1.066665e-03   7.779460e-11   1.200000e+00
1.076545e-03   8.684984e-11   1.200000e+00
1.086516e-03   9.692527e-11   1.200000e+00
1.096579e-03   1.081319e-10   1.200000e+00
1.106736e-03   1.205924e-10   1.200000e+00
1.116987e-03   1.344422e-10   1.200000e+00
1.127333e-03   1.498309e-10   1.200000e+00
1.137774e-03   1.669235e-10   1.200000e+00
1.148312e-03   1.859022e-10   1.200000e+00
1.158948e-03   2.069677e-10   1.200000e+00
1.169683e-03   2.303414e-10   1.200000e+00
1.180517e-03   2.562674e-10   1.200000e+00
1.191451e-03   2.850146e-10   1.200000e+00
1.202486e-03   3.168790e-10   1.200000e+00
1.213624e-03   3.521867e-10   1.200000e+00
1.224865e-03   3.912963e-10   1.200000e+00
1.236210e-03   4.346027e-10   1.200000e+00
1.247660e-03   4.825400e-10   1.200000e+00
1.259216e-03   5.355854e-10   1.200000e+00
1.270879e-03   5.942635e-10   1.200000e+00
1.282650e-03   6.591508e-10   1.200000e+00
1.294530e-03   7.308802e-10   1.200000e+00
1.306520e-03   8.101468e-10   1.200000e+00
1.318621e-03   8.977133e-10   1.200000e+00
1.330835e-03   9.944170e-10   1.200000e+00
1.343161e-03   1.101176e-09   1.200000e+00
1.355602e-03   1.218996e-09   1.200000e+00
1.368158e-03   1.348982e-09   1.200000e+00
1.380830e-03   1.492341e-09   1.200000e+00
1.393619e-03   1.650399e-09   1.200000e+00
1.406527e-03   1.824605e-09   1.200000e+00
1.419555e-03   2.016547e-09   1.200000e+00
1.432703e-03   2.227962e-09   1.200000e+00
1.445973e-03   2.460750e-09   1.200000e+00
1.459366e-03   2.716989e-09   1.200000e+00
1.472883e-03   2.998951e-09   1.200000e+00
1.486525e-03   3.309118e-09   1.200000e+00
1.500293e-03   3.650202e-09   1.200000e+00
1.514189e-03   4.025165e-09   1.200000e+00
1.528214e-03   4.437243e-09   1.200000e+00
1.542369e-03   4.889963e-09   1.200000e+00
1.556654e-03   5.387178e-09   1.200000e+00
1.571072e-03   5.933087e-09   1.200000e+00
1.585624e-03   6.532272e-09   1.200000e+00
1.600310e-03   7.189726e-09   1.200000e+00
1.615133e-03   7.910888e-09   1.200000e+00
1.630092e-03   8.701685e-09   1.200000e+00
1.645191e-03   9.568571e-09   1.200000e+00
1.660429e-03   1.051857e-08   1.200000e+00
1.675808e-03   1.155934e-08   1.200000e+00
1.691330e-03   1.269919e-08   1.200000e+00
1.706995e-03   1.394717e-08   1.200000e+00
1.722805e-03   1.531312e-08   1.200000e+00
1.738762e-03   1.680773e-08   1.200000e+00
1.754867e-03   1.844263e-08   1.200000e+00
1.771121e-03   2.023044e-08   1.200000e+00
1.787526e-03   2.218487e-08   1.200000e+00
1.804082e-03   2.432080e-08   1.200000e+00
1.820792e-03   2.665438e-08   1.200000e+00
1.837656e-03   2.920314e-08   1.200000e+00
1.854677e-03   3.198609e-08   1.200000e+00
1.871855e-03   3.502383e-08   1.200000e+00
1.889193e-03   3.833871e-08   1.200000e+00
1.906691e-03   4.195494e-08   1.200000e+00
1.924351e-03   4.589874e-08   1.200000e+00
1.942175e-03   5.019852e-08   1.200000e+00
1.960163e-03   5.488503e-08   1.200000e+00
1.978319e-03   5.999157e-08   1.200000e+00
1.996642e-03   6.555414e-08   1.200000e+00
2.015136e-03   7.161171e-08   1.200000e+00
2.033800e-03   7.820641e-08   1.200000e+00
2.052638e-03   8.538379e-08   1.200000e+00
2.071650e-03   9.319307e-08   1.200000e+00
2.090838e-03   1.016875e-07   1.200000e+00
2.110203e-03   1.109244e-07   1.200000e+00
2.129749e-03   1.209659e-07   1.200000e+00
2.149475e-03   1.318790e-07   1.200000e+00
2.169384e-03   1.437360e-07   1.200000e+00
2.189477e-03   1.566147e-07   1.200000e+00
2.209756e-03   1.705994e-07   1.200000e+00
2.230223e-03   1.857808e-07   1.200000e+00
2.250880e-03   2.022565e-07   1.200000e+00
2.271728e-03   2.201320e-07   1.200000e+00
2.292769e-03   2.395208e-07   1.200000e+00
2.314005e-03   2.605452e-07   1.200000e+00
2.335438e-03   2.833368e-07   1.200000e+00
2.357069e-03   3.080373e-07   1.200000e+00
2.378901e-03   3.347994e-07   1.200000e+00
2.400935e-03   3.637870e-07   1.200000e+00
2.423173e-03   3.951767e-07   1.200000e+00
2.445617e-03   4.291582e-07   1.200000e+00
2.468268e-03   4.659357e-07   1.200000e+00
2.491130e-03   5.057284e-07   1.200000e+00
2.514203e-03   5.487719e-07   1.200000e+00
2.537490e-03   5.953192e-07   1.200000e+00
2.560993e-03   6.456421e-07   1.200000e+00
2.584714e-03   7.000323e-07   1.200000e+00
2.608654e-03   7.588029e-07   1.200000e+00
2.632815e-03   8.222900e-07   1.200000e+00
2.657201e-03   8.908538e-07   1.200000e+00
2.681813e-03   9.648809e-07   1.200000e+00
2.706652e-03   1.044786e-06   1.200000e+00
2.731722e-03   1.131012e-06   1.200000e+00
2.757023e-03   1.224036e-06   1.200000e+00
2.782559e-03   1.324368e-06   1.200000e+00
2.808332e-03   1.432553e-06   1.200000e+00
2.834343e-03   1.549177e-06   1.200000e+00
2.860596e-03   1.674865e-06   1.200000e+00
2.887091e-03   1.810286e-06   1.200000e+00
2.913832e-03   1.956159e-06   1.200000e+00
2.940820e-03   2.113249e-06   1.200000e+00
2.968059e-03   2.282376e-06   1.200000e+00
2.995549e-03   2.464416e-06   1.200000e+00
3.023295e-03   2.660307e-06   1.200000e+00
3.051297e-03   2.871048e-06   1.200000e+00
3.079559e-03   3.097710e-06   1.200000e+00
3.108082e-03   3.341433e-06   1.200000e+00
3.136870e-03   3.603437e-06   1.200000e+00
3.165924e-03   3.885023e-06   1.200000e+00
3.195248e-03   4.187579e-06   1.200000e+00
3.224842e-03   4.512586e-06   1.200000e+00
3.254712e-03   4.861626e-06   1.200000e+00
3.284857e-03   5.236381e-06   1.200000e+00
3.315282e-03   5.638650e-06   1.200000e+00
3.345989e-03   6.070347e-06   1.200000e+00
3.376980e-03   6.533511e-06   1.200000e+00
3.408259e-03   7.030317e-06   1.200000e+00
3.439826e-03   7.563079e-06   1.200000e+00
3.471687e-03   8.134261e-06   1.200000e+00
3.503842e-03   8.746488e-06   1.200000e+00
3.536296e-03   9.402553e-06   1.200000e+00
3.569049e-03   1.010543e-05   1.200000e+00
3.602107e-03   1.085827e-05   1.200000e+00
3.635470e-03   1.166444e-05   1.200000e+00
3.669142e-03   1.252753e-05   1.200000e+00
3.703127e-03   1.345131e-05   1.200000e+00
3.737426e-03   1.443984e-05   1.200000e+00
3.772042e-03   1.549741e-05   1.200000e+00
3.806980e-03   1.662856e-05   1.200000e+00
3.842241e-03   1.783815e-05   1.200000e+00
3.877828e-03   1.913131e-05   1.200000e+00
3.913746e-03   2.051350e-05   1.200000e+00
3.949995e-03   2.199051e-05   1.200000e+00
3.986581e-03   2.356849e-05   1.200000e+00
4.023506e-03   2.525394e-05   1.200000e+00
4.060772e-03   2.705378e-05   1.200000e+00
4.098384e-03   2.897533e-05   1.200000e+00
4.136344e-03   3.102636e-05   1.200000e+00
4.174655e-03   3.321510e-05   1.200000e+00
4.213322e-03   3.555026e-05   1.200000e+00
4.252346e-03   3.804107e-05   1.200000e+00
4.291732e-03   4.069731e-05   1.200000e+00
4.331483e-03   4.352933e-05   1.200000e+00
4.371602e-03   4.654808e-05   1.200000e+00
4.412093e-03   4.976517e-05   1.200000e+00
4.452959e-03   5.319285e-05   1.200000e+00
4.494203e-03   5.684411e-05   1.200000e+00
4.535829e-03   6.073266e-05   1.200000e+00
4.577841e-03   6.487301e-05   1.200000e+00
4.620241e-03   6.928050e-05   1.200000e+00
4.663035e-03   7.397132e-05   1.200000e+00
4.706225e-03   7.896262e-05   1.200000e+00
4.749815e-03   8.427246e-05   1.200000e+00
4.793808e-03   8.991995e-05   1.200000e+00
4.838210e-03   9.592527e-05   1.200000e+00
4.883022e-03   1.023097e-04   1.200000e+00
4.928250e-03   1.090957e-04   1.200000e+00
4.973896e-03   1.163070e-04   1.200000e+00
5.019965e-03   1.239686e-04   1.200000e+00
5.066461e-03   1.321068e-04   1.200000e+00
5.113388e-03   1.407496e-04   1.200000e+00
5.160749e-03   1.499263e-04   1.200000e+00
5.208549e-03   1.596678e-04   1.200000e+00
5.256791e-03   1.700067e-04   1.200000e+00
5.305481e-03   1.809773e-04   1.200000e+00
5.354621e-03   1.926160e-04   1.200000e+00
5.404216e-03   2.049607e-04   1.200000e+00
5.454271e-03   2.180517e-04   1.200000e+00
5.504790e-03   2.319313e-04   1.200000e+00
5.555776e-03   2.466439e-04   1.200000e+00
5.607235e-03   2.622363e-04   1.200000e+00
5.659170e-03   2.787579e-04   1.200000e+00
5.711586e-03   2.962605e-04   1.200000e+00
5.764488e-03   3.147987e-04   1.200000e+00
5.817880e-03   3.344297e-04   1.200000e+00
5.871766e-03   3.552140e-04   1.200000e+00
5.926152e-03   3.772148e-04   1.200000e+00
5.981041e-03   4.004988e-04   1.200000e+00
6.036439e-03   4.251361e-04   1.200000e+00
6.092349e-03   4.512000e-04   1.200000e+00
6.148778e-03   4.787677e-04   1.200000e+00
6.205729e-03   5.079202e-04   1.200000e+00
6.263207e-03   5.387426e-04   1.200000e+00
6.321218e-03   5.713240e-04   1.200000e+00
6.379767e-03   6.057579e-04   1.200000e+00
6.438857e-03   6.421428e-04   1.200000e+00
6.498495e-03   6.805814e-04   1.200000e+00
6.558686e-03   7.211820e-04   1.200000e+00
6.619433e-03   7.640575e-04   1.200000e+00
6.680744e-03   8.093269e-04   1.200000e+00
6.742622e-03   8.571144e-04   1.200000e+00
6.805074e-03   9.075505e-04   1.200000e+00
6.868104e-03   9.607716e-04   1.200000e+00
6.931717e-03   1.016921e-03   1.200000e+00
6.995920e-03   1.076148e-03   1.200000e+00
7.060718e-03   1.138609e-03   1.200000e+00
7.126115e-03   1.204470e-03   1.200000e+00
7.192119e-03   1.273901e-03   1.200000e+00
7.258734e-03   1.347084e-03   1.200000e+00
7.325965e-03   1.424206e-03   1.200000e+00
7.393820e-03   1.505465e-03   1.200000e+00
7.462303e-03   1.591066e-03   1.200000e+00
7.531420e-03   1.681226e-03   1.200000e+00
7.601178e-03   1.776170e-03   1.200000e+00
7.671581e-03   1.876134e-03   1.200000e+00
7.742637e-03   1.981364e-03   1.200000e+00
7.814351e-03   2.092118e-03   1.200000e+00
7.886729e-03   2.208665e-03   1.200000e+00
7.959777e-03   2.331287e-03   1.200000e+00
8.033502e-03   2.460276e-03   1.200000e+00
8.107910e-03   2.595940e-03   1.200000e+00
8.183007e-03   2.738597e-03   1.200000e+00
8.258799e-03   2.888579e-03   1.200000e+00
8.335294e-03   3.046233e-03   1.200000e+00
8.412497e-03   3.211920e-03   1.200000e+00
8.490415e-03   3.386018e-03   1.200000e+00
8.569055e-03   3.568918e-03   1.200000e+00
8.648423e-03   3.761031e-03   1.200000e+00
8.728527e-03   3.962782e-03   1.200000e+00
8.809372e-03   4.174616e-03   1.200000e+00
8.890966e-03   4.396994e-03   1.200000e+00
8.973316e-03   4.630399e-03   1.200000e+00
9.056428e-03   4.875331e-03   1.200000e+00
9.140311e-03   5.132319e-03   1.200000e+00
9.224970e-03   5.401916e-03   1.200000e+00
9.310413e-03   5.684700e-03   1.200000e+00
9.396648e-03   5.981276e-03   1.200000e+00
9.483682e-03   6.292271e-03   1.200000e+00
9.571522e-03   6.618343e-03   1.200000e+00
9.660175e-03   6.960177e-03   1.200000e+00
9.749649e-03   7.318487e-03   1.200000e+00
9.839952e-03   7.694019e-03   1.200000e+00
9.931092e-03   8.087551e-03   1.200000e+00
1.002308e-02   8.499895e-03   1.200000e+00
1.011591e-02   8.931883e-03   1.200000e+00
1.020961e-02   9.384353e-03   1.200000e+00
1.030417e-02   9.858171e-03   1.200000e+00
1.039961e-02   1.035423e-02   1.200000e+00
1.049593e-02   1.087345e-02   1.200000e+00
1.059315e-02   1.141680e-02   1.200000e+00
1.069126e-02   1.198524e-02   1.200000e+00
1.079029e-02   1.257981e-02   1.200000e+00
1.089023e-02   1.320155e-02   1.200000e+00
1.099110e-02   1.385153e-02   1.200000e+00
1.109290e-02   1.453089e-02   1.200000e+00
1.119564e-02   1.524086e-02   1.200000e+00
1.129934e-02   1.598275e-02   1.200000e+00
1.140400e-02   1.675795e-02   1.200000e+00
1.150962e-02   1.756788e-02   1.200000e+00
1.161623e-02   1.841406e-02   1.200000e+00
1.172382e-02   1.929803e-02   1.200000e+00
1.183241e-02   2.022144e-02   1.200000e+00
1.194200e-02   2.118601e-02   1.200000e+00
1.205261e-02   2.219351e-02   1.200000e+00
1.216424e-02   2.324574e-02   1.200000e+00
1.227691e-02   2.434445e-02   1.200000e+00
1.239062e-02   2.549147e-02   1.200000e+00
1.250539e-02   2.668866e-02   1.200000e+00
1.262121e-02   2.793795e-02   1.200000e+00
1.273811e-02   2.924132e-02   1.200000e+00
1.285610e-02   3.060082e-02   1.200000e+00
1.297517e-02   3.201855e-02   1.200000e+00
1.309535e-02   3.349666e-02   1.200000e+00
1.321664e-02   3.503750e-02   1.200000e+00
1.333906e-02   3.664352e-02   1.200000e+00
1.346261e-02   3.831725e-02   1.200000e+00
1.358730e-02   4.006133e-02   1.200000e+00
1.371315e-02   4.187850e-02   1.200000e+00
1.384016e-02   4.377159e-02   1.200000e+00
1.396835e-02   4.574353e-02   1.200000e+00
1.409773e-02   4.779737e-02   1.200000e+00
1.422830e-02   4.993619e-02   1.200000e+00
1.436009e-02   5.216315e-02   1.200000e+00
1.449310e-02   5.448152e-02   1.200000e+00
1.462733e-02   5.689466e-02   1.200000e+00
1.476281e-02   5.940604e-02   1.200000e+00
1.489955e-02   6.201925e-02   1.200000e+00
1.503755e-02   6.473798e-02   1.200000e+00
1.517683e-02   6.756605e-02   1.200000e+00
1.531740e-02   7.050743e-02   1.200000e+00
1.545928e-02   7.356620e-02   1.200000e+00
1.560246e-02   7.674659e-02   1.200000e+00
1.574698e-02   8.005295e-02   1.200000e+00
1.589283e-02   8.348979e-02   1.200000e+00
1.604003e-02   8.706174e-02   1.200000e+00
1.618860e-02   9.077358e-02   1.200000e+00
1.633854e-02   9.463032e-02   1.200000e+00
1.648987e-02   9.863710e-02   1.200000e+00
1.664260e-02   1.027992e-01   1.200000e+00
1.679675e-02   1.071222e-01   1.200000e+00
1.695232e-02   1.116117e-01   1.200000e+00
1.710934e-02   1.162736e-01   1.200000e+00
1.726781e-02   1.211139e-01   1.200000e+00
1.742775e-02   1.261388e-01   1.200000e+00
1.758917e-02   1.313548e-01   1.200000e+00
1.775208e-02   1.367685e-01   1.200000e+00
1.791650e-02   1.423868e-01   1.200000e+00
1.808245e-02   1.482167e-01   1.200000e+00
1.824993e-02   1.542655e-01   1.200000e+00
1.841897e-02   1.605404e-01   1.200000e+00
1.858957e-02   1.670489e-01   1.200000e+00
1.876175e-02   1.737987e-01   1.200000e+00
1.893552e-02   1.807978e-01   1.200000e+00
1.911091e-02   1.880543e-01   1.200000e+00
1.928792e-02   1.955764e-01   1.200000e+00
1.946656e-02   2.033729e-01   1.200000e+00
1.964687e-02   2.114525e-01   1.200000e+00
1.982884e-02   2.198243e-01   1.200000e+00
2.001250e-02   2.284974e-01   1.200000e+00
2.019786e-02   2.374814e-01   1.200000e+00
2.038493e-02   2.467864e-01   1.200000e+00
2.057374e-02   2.564225e-01   1.200000e+00
2.076430e-02   2.664002e-01   1.200000e+00
2.095662e-02   2.767304e-01   1.200000e+00
2.115073e-02   2.874243e-01   1.200000e+00
2.134663e-02   2.984933e-01   1.200000e+00
2.154435e-02   3.099492e-01   1.200000e+00
2.174389e-02   3.218039e-01   1.200000e+00
2.194529e-02   3.340701e-01   1.200000e+00
2.214855e-02   3.467603e-01   1.200000e+00
2.235370e-02   3.598878e-01   1.200000e+00
2.256074e-02   3.734659e-01   1.200000e+00
2.276970e-02   3.875086e-01   1.200000e+00
2.298060e-02   4.020299e-01   1.200000e+00
2.319345e-02   4.170446e-01   1.200000e+00
2.340827e-02   4.325675e-01   1.200000e+00
2.362508e-02   4.486141e-01   1.200000e+00
2.384390e-02   4.652001e-01   1.200000e+00
2.406475e-02   4.823417e-01   1.200000e+00
2.428764e-02   5.000555e-01   1.200000e+00
2.451260e-02   5.183587e-01   1.200000e+00
2.473964e-02   5.372688e-01   1.200000e+00
2.496878e-02   5.568036e-01   1.200000e+00
2.520005e-02   5.769817e-01   1.200000e+00
2.543346e-02   5.978218e-01   1.200000e+00
2.566903e-02   6.193429e-01   1.200000e+00
2.590678e-02   6.415647e-01   1.200000e+00
2.614673e-02   6.645072e-01   1.200000e+00
2.638891e-02   6.881908e-01   1.200000e+00
2.663333e-02   7.126368e-01   1.200000e+00
2.688001e-02   7.378664e-01   1.200000e+00
2.712898e-02   7.639018e-01   1.200000e+00
2.738025e-02   7.907654e-01   1.200000e+00
2.763385e-02   8.184804e-01   1.200000e+00
2.788980e-02   8.470701e-01   1.200000e+00
2.814812e-02   8.765589e-01   1.200000e+00
2.840884e-02   9.069712e-01   1.200000e+00
2.867196e-02   9.383324e-01   1.200000e+00
2.893753e-02   9.706681e-01   1.200000e+00
2.920556e-02   1.004005e+00   1.200000e+00
2.947606e-02   1.038369e+00   1.200000e+00
2.974908e-02   1.073789e+00   1.200000e+00
3.002462e-02   1.110292e+00   1.200000e+00
3.030271e-02   1.147908e+00   1.200000e+00
3.058338e-02   1.186665e+00   1.200000e+00
3.086665e-02   1.226595e+00   1.200000e+00
3.115254e-02   1.267728e+00   1.200000e+00
3.144108e-02   1.310096e+00   1.200000e+00
3.173230e-02   1.353731e+00   1.200000e+00
3.202621e-02   1.398667e+00   1.200000e+00
3.232284e-02   1.444938e+00   1.200000e+00
3.262222e-02   1.492578e+00   1.200000e+00
3.292437e-02   1.541623e+00   1.200000e+00
3.322933e-02   1.592109e+00   1.200000e+00
3.353710e-02   1.644073e+00   1.200000e+00
3.384773e-02   1.697553e+00   1.200000e+00
3.416123e-02   1.752587e+00   1.200000e+00
3.447764e-02   1.809215e+00   1.200000e+00
3.479698e-02   1.867477e+00   1.200000e+00
3.511928e-02   1.927415e+00   1.200000e+00
3.544456e-02   1.989071e+00   1.200000e+00
3.577285e-02   2.052487e+00   1.200000e+00
3.610419e-02   2.117707e+00   1.200000e+00
3.643859e-02   2.184777e+00   1.200000e+00
3.677609e-02   2.253742e+00   1.200000e+00
3.711672e-02   2.324648e+00   1.200000e+00
3.746050e-02   2.397544e+00   1.200000e+00
3.780747e-02   2.472479e+00   1.200000e+00
3.815765e-02   2.549501e+00   1.200000e+00
3.851107e-02   2.628662e+00   1.200000e+00
3.886777e-02   2.710013e+00   1.200000e+00
3.922777e-02   2.793608e+00   1.200000e+00
3.959110e-02   2.879500e+00   1.200000e+00
3.995780e-02   2.967745e+00   1.200000e+00
4.032790e-02   3.058398e+00   1.200000e+00
4.070142e-02   3.151517e+00   1.200000e+00
4.107841e-02   3.247158e+00   1.200000e+00
4.145888e-02   3.345380e+00   1.200000e+00
4.184289e-02   3.446244e+00   1.200000e+00
4.223044e-02   3.549809e+00   1.200000e+00
4.262159e-02   3.656138e+00   1.200000e+00
4.301636e-02   3.765293e+00   1.200000e+00
4.341478e-02   3.877338e+00   1.200000e+00
4.381690e-02   3.992339e+00   1.200000e+00
4.422274e-02   4.110363e+00   1.200000e+00
4.463234e-02   4.231476e+00   1.200000e+00
4.504573e-02   4.355747e+00   1.200000e+00
4.546295e-02   4.483247e+00   1.200000e+00
4.588404e-02   4.614047e+00   1.200000e+00
4.630903e-02   4.748218e+00   1.200000e+00
4.673795e-02   4.885835e+00   1.200000e+00
4.717085e-02   5.026972e+00   1.200000e+00
4.760775e-02   5.171705e+00   1.200000e+00
4.804870e-02   5.320112e+00   1.200000e+00
4.849374e-02   5.472271e+00   1.200000e+00
4.894290e-02   5.628263e+00   1.200000e+00
4.939622e-02   5.788168e+00   1.200000e+00
4.985373e-02   5.952069e+00   1.200000e+00
5.031549e-02   6.120050e+00   1.200000e+00
5.078152e-02   6.292198e+00   1.200000e+00
5.125187e-02   6.468603e+00   1.200000e+00
5.172657e-02   6.649358e+00   1.200000e+00
5.220568e-02   6.834554e+00   1.200000e+00
5.268921e-02   7.024289e+00   1.200000e+00
5.317723e-02   7.218658e+00   1.200000e+00
5.366977e-02   7.417762e+00   1.200000e+00
5.416687e-02   7.621700e+00   1.200000e+00
5.466857e-02   7.830576e+00   1.200000e+00
5.517492e-02   8.044495e+00   1.200000e+00
5.568596e-02   8.263563e+00   1.200000e+00
5.620174e-02   8.487890e+00   1.200000e+00
5.672229e-02   8.717586e+00   1.200000e+00
5.724766e-02   8.952766e+00   1.200000e+00
5.777790e-02   9.193543e+00   1.200000e+00
5.831305e-02   9.440037e+00   1.200000e+00
5.885316e-02   9.692367e+00   1.200000e+00
5.939827e-02   9.950655e+00   1.200000e+00
5.994843e-02   1.021503e+01   1.200000e+00
6.050368e-02   1.048561e+01   1.200000e+00
6.106408e-02   1.076252e+01   1.200000e+00
6.162966e-02   1.104588e+01   1.200000e+00
6.220049e-02   1.133583e+01   1.200000e+00
6.277660e-02   1.163248e+01   1.200000e+00
6.335805e-02   1.193595e+01   1.200000e+00
6.394488e-02   1.224639e+01   1.200000e+00
6.453715e-02   1.256392e+01   1.200000e+00
6.513491e-02   1.288867e+01   1.200000e+00
6.573820e-02   1.322077e+01   1.200000e+00
6.634708e-02   1.356037e+01   1.200000e+00
6.696160e-02   1.390759e+01   1.200000e+00
6.758181e-02   1.426258e+01   1.200000e+00
6.820777e-02   1.462547e+01   1.200000e+00
6.883952e-02   1.499641e+01   1.200000e+00
6.947713e-02   1.537554e+01   1.200000e+00
7.012064e-02   1.576300e+01   1.200000e+00
7.077011e-02   1.615895e+01   1.200000e+00
7.142559e-02   1.656353e+01   1.200000e+00
7.208715e-02   1.697691e+01   1.200000e+00
7.275484e-02   1.739926e+01   1.200000e+00
7.342870e-02   1.783073e+01   1.200000e+00
7.410882e-02   1.827149e+01   1.200000e+00
7.479523e-02   1.872172e+01   1.200000e+00
7.548799e-02   1.918158e+01   1.200000e+00
7.618718e-02   1.965126e+01   1.200000e+00
7.689284e-02   2.013093e+01   1.200000e+00
7.760503e-02   2.062077e+01   1.200000e+00
7.832383e-02   2.112096e+01   1.200000e+00
7.904928e-02   2.163170e+01   1.200000e+00
7.978145e-02   2.215317e+01   1.200000e+00
8.052040e-02   2.268557e+01   1.200000e+00
8.126619e-02   2.322909e+01   1.200000e+00
8.201889e-02   2.378392e+01   1.200000e+00
8.277857e-02   2.435028e+01   1.200000e+00
8.354528e-02   2.492835e+01   1.200000e+00
8.431909e-02   2.551836e+01   1.200000e+00
8.510007e-02   2.612051e+01   1.200000e+00
8.588829e-02   2.673501e+01   1.200000e+00
8.668380e-02   2.736208e+01   1.200000e+00
8.748668e-02   2.800194e+01   1.200000e+00
8.829700e-02   2.865481e+01   1.200000e+00
8.911482e-02   2.932092e+01   1.200000e+00
8.994022e-02   3.000050e+01   1.200000e+00
9.077327e-02   3.069378e+01   1.200000e+00
9.161402e-02   3.140099e+01   1.200000e+00
9.246257e-02   3.212237e+01   1.200000e+00
9.331898e-02   3.285815e+01   1.200000e+00
9.418332e-02   3.360857e+01   1.200000e+00
9.505566e-02   3.437386e+01   1.200000e+00
9.593608e-02   3.515428e+01   1.200000e+00
9.682466e-02   3.595007e+01   1.200000e+00
9.772147e-02   3.676148e+01   1.200000e+00
9.862658e-02   3.758876e+01   1.200000e+00
9.954008e-02   3.843217e+01   1.200000e+00
1.004620e-01   3.929196e+01   1.200000e+00
1.013925e-01   4.016841e+01   1.200000e+00
1.023317e-01   4.106176e+01   1.200000e+00
1.032795e-01   4.197229e+01   1.200000e+00
1.042361e-01   4.290027e+01   1.200000e+00
1.052015e-01   4.384595e+01   1.200000e+00
1.061759e-01   4.480962e+01   1.200000e+00
1.071593e-01   4.579155e+01   1.200000e+00
1.081519e-01   4.679202e+01   1.200000e+00
1.091536e-01   4.781132e+01   1.200000e+00
1.101646e-01   4.884971e+01   1.200000e+00
1.111850e-01   4.990751e+01   1.200000e+00
1.122148e-01   5.098504e+01   1.200000e+00
1.132541e-01   5.208261e+01   1.200000e+00
1.143031e-01   5.320058e+01   1.200000e+00
1.153618e-01   5.433928e+01   1.200000e+00
1.164303e-01   5.549907e+01   1.200000e+00
1.175087e-01   5.668029e+01   1.200000e+00
1.185971e-01   5.788331e+01   1.200000e+00
1.196956e-01   5.910850e+01   1.200000e+00
1.208042e-01   6.035623e+01   1.200000e+00
1.219231e-01   6.162685e+01   1.200000e+00
1.230524e-01   6.292072e+01   1.200000e+00
1.241921e-01   6.423819e+01   1.200000e+00
1.253424e-01   6.557960e+01   1.200000e+00
1.265034e-01   6.694532e+01   1.200000e+00
1.276751e-01   6.833571e+01   1.200000e+00
1.288576e-01   6.975114e+01   1.200000e+00
1.300511e-01   7.119197e+01   1.200000e+00
1.312557e-01   7.265858e+01   1.200000e+00
1.324714e-01   7.415134e+01   1.200000e+00
1.336984e-01   7.567061e+01   1.200000e+00
1.349367e-01   7.721675e+01   1.200000e+00
1.361865e-01   7.879014e+01   1.200000e+00
1.374479e-01   8.039116e+01   1.200000e+00
1.387210e-01   8.202017e+01   1.200000e+00
1.400058e-01   8.367756e+01   1.200000e+00
1.413026e-01   8.536371e+01   1.200000e+00
1.426114e-01   8.707898e+01   1.200000e+00
1.439323e-01   8.882376e+01   1.200000e+00
1.452654e-01   9.059840e+01   1.200000e+00
1.466109e-01   9.240328e+01   1.200000e+00
1.479688e-01   9.423878e+01   1.200000e+00
1.493393e-01   9.610526e+01   1.200000e+00
1.507225e-01   9.800311e+01   1.200000e+00
1.521186e-01   9.993283e+01   1.200000e+00
1.535275e-01   1.018950e+02   1.200000e+00
1.549495e-01   1.038904e+02   1.200000e+00
1.563847e-01   1.059195e+02   1.200000e+00
1.578331e-01   1.079832e+02   1.200000e+00
1.592950e-01   1.100820e+02   1.200000e+00
1.607704e-01   1.122168e+02   1.200000e+00
1.622595e-01   1.143882e+02   1.200000e+00
1.637624e-01   1.165965e+02   1.200000e+00
1.652792e-01   1.188425e+02   1.200000e+00
1.668101e-01   1.211265e+02   1.200000e+00
1.683551e-01   1.234490e+02   1.200000e+00
1.699144e-01   1.258107e+02   1.200000e+00
1.714882e-01   1.282119e+02   1.200000e+00
1.730766e-01   1.306533e+02   1.200000e+00
1.746796e-01   1.331352e+02   1.200000e+00
1.762975e-01   1.356584e+02   1.200000e+00
1.779304e-01   1.382232e+02   1.200000e+00
1.795785e-01   1.408302e+02   1.200000e+00
1.812418e-01   1.434800e+02   1.200000e+00
1.829205e-01   1.461731e+02   1.200000e+00
1.846147e-01   1.489100e+02   1.200000e+00
1.863246e-01   1.516913e+02   1.200000e+00
1.880504e-01   1.545176e+02   1.200000e+00
1.897922e-01   1.573894e+02   1.200000e+00
1.915501e-01   1.603073e+02   1.200000e+00
1.933242e-01   1.632719e+02   1.200000e+00
1.951148e-01   1.662837e+02   1.200000e+00
1.969220e-01   1.693434e+02   1.200000e+00
1.987460e-01   1.724515e+02   1.200000e+00
2.005868e-01   1.756085e+02   1.200000e+00
2.024447e-01   1.788152e+02   1.200000e+00
2.043197e-01   1.820722e+02   1.200000e+00
2.062122e-01   1.853801e+02   1.200000e+00
2.081222e-01   1.887396e+02   1.200000e+00
2.100498e-01   1.921515e+02   1.200000e+00
2.119953e-01   1.956165e+02   1.200000e+00
2.139589e-01   1.991352e+02   1.200000e+00
2.159406e-01   2.027085e+02   1.200000e+00
2.179407e-01   2.063369e+02   1.200000e+00
2.199593e-01   2.100214e+02   1.200000e+00
2.219966e-01   2.137626e+02   1.200000e+00
2.240528e-01   2.175613e+02   1.200000e+00
2.261280e-01   2.214183e+02   1.200000e+00
2.282224e-01   2.253343e+02   1.200000e+00
2.303363e-01   2.293103e+02   1.200000e+00
2.324697e-01   2.333469e+02   1.200000e+00
2.346229e-01   2.374449e+02   1.200000e+00
2.367960e-01   2.416054e+02   1.200000e+00
2.389893e-01   2.458289e+02   1.200000e+00
2.412028e-01   2.501165e+02   1.200000e+00
2.434369e-01   2.544690e+02   1.200000e+00
2.456916e-01   2.588873e+02   1.200000e+00
2.479673e-01   2.633722e+02   1.200000e+00
2.502640e-01   2.679246e+02   1.200000e+00
2.525820e-01   2.725456e+02   1.200000e+00
2.549215e-01   2.772359e+02   1.200000e+00
2.572826e-01   2.819966e+02   1.200000e+00
2.596656e-01   2.868286e+02   1.200000e+00
2.620707e-01   2.917329e+02   1.200000e+00
2.644980e-01   2.967104e+02   1.200000e+00
2.669478e-01   3.017623e+02   1.200000e+00
2.694204e-01   3.068895e+02   1.200000e+00
2.719158e-01   3.120930e+02   1.200000e+00
2.744343e-01   3.173739e+02   1.200000e+00
2.769762e-01   3.227333e+02   1.200000e+00
2.795416e-01   3.281723e+02   1.200000e+00
2.821308e-01   3.336919e+02   1.200000e+00
2.847439e-01   3.392932e+02   1.200000e+00
2.873813e-01   3.449775e+02   1.200000e+00
2.900430e-01   3.507458e+02   1.200000e+00
2.927295e-01   3.565994e+02   1.200000e+00
2.954408e-01   3.625393e+02   1.200000e+00
2.981772e-01   3.685669e+02   1.200000e+00
3.009390e-01   3.746833e+02   1.200000e+00
3.037264e-01   3.808897e+02   1.200000e+00
3.065395e-01   3.871872e+02   1.200000e+00
3.093788e-01   3.935769e+02   1.200000e+00
3.122443e-01   4.000599e+02   1.200000e+00
3.151363e-01   4.066373e+02   1.200000e+00
3.180552e-01   4.133102e+02   1.200000e+00
3.210011e-01   4.200797e+02   1.200000e+00
3.239743e-01   4.269469e+02   1.200000e+00
3.269750e-01   4.339130e+02   1.200000e+00
3.300035e-01   4.409792e+02   1.200000e+00
3.330600e-01   4.481465e+02   1.200000e+00
3.361449e-01   4.554162e+02   1.200000e+00
3.392583e-01   4.627893e+02   1.200000e+00
3.424006e-01   4.702671e+02   1.200000e+00
3.455720e-01   4.778508e+02   1.200000e+00
3.487727e-01   4.855415e+02   1.200000e+00
3.520031e-01   4.933404e+02   1.200000e+00
3.552635e-01   5.012490e+02   1.200000e+00
3.585540e-01   5.092687e+02   1.200000e+00
3.618750e-01   5.174013e+02   1.200000e+00
3.652267e-01   5.256483e+02   1.200000e+00
3.686095e-01   5.340114e+02   1.200000e+00
3.720237e-01   5.424923e+02   1.200000e+00
3.754694e-01   5.510927e+02   1.200000e+00
3.789471e-01   5.598144e+02   1.200000e+00
3.824570e-01   5.686591e+02   1.200000e+00
3.859994e-01   5.776287e+02   1.200000e+00
3.895746e-01   5.867250e+02   1.200000e+00
3.931829e-01   5.959500e+02   1.200000e+00
3.968246e-01   6.053055e+02   1.200000e+00
4.005001e-01   6.147936e+02   1.200000e+00
4.042096e-01   6.244161e+02   1.200000e+00
4.079535e-01   6.341746e+02   1.200000e+00
4.117320e-01   6.440704e+02   1.200000e+00
4.155455e-01   6.541050e+02   1.200000e+00
4.193944e-01   6.642800e+02   1.200000e+00
4.232789e-01   6.745966e+02   1.200000e+00
4.271994e-01   6.850565e+02   1.200000e+00
4.311562e-01   6.956611e+02   1.200000e+00
4.351497e-01   7.064119e+02   1.200000e+00
4.391801e-01   7.173102e+02   1.200000e+00
4.432479e-01   7.283576e+02   1.200000e+00
4.473533e-01   7.395556e+02   1.200000e+00
4.514968e-01   7.509056e+02   1.200000e+00
4.556786e-01   7.624093e+02   1.200000e+00
4.598992e-01   7.740690e+02   1.200000e+00
4.641589e-01   7.858867e+02   1.200000e+00
4.684580e-01   7.978649e+02   1.200000e+00
4.727970e-01   8.100057e+02   1.200000e+00
4.771761e-01   8.223115e+02   1.200000e+00
4.815958e-01   8.347848e+02   1.200000e+00
4.860564e-01   8.474279e+02   1.200000e+00
4.905584e-01   8.602433e+02   1.200000e+00
4.951020e-01   8.732336e+02   1.200000e+00
4.996877e-01   8.864013e+02   1.200000e+00
5.043159e-01   8.997490e+02   1.200000e+00
5.089870e-01   9.132791e+02   1.200000e+00
5.137014e-01   9.269938e+02   1.200000e+00
5.184594e-01   9.408953e+02   1.200000e+00
5.232614e-01   9.549861e+02   1.200000e+00
5.281080e-01   9.692685e+02   1.200000e+00
5.329994e-01   9.837447e+02   1.200000e+00
5.379362e-01   9.984173e+02   1.200000e+00
5.429186e-01   1.013289e+03   1.200000e+00
5.479472e-01   1.028361e+03   1.200000e+00
5.530224e-01   1.043638e+03   1.200000e+00
5.581446e-01   1.059120e+03   1.200000e+00
5.633143e-01   1.074811e+03   1.200000e+00
5.685318e-01   1.090714e+03   1.200000e+00
5.737976e-01   1.106830e+03   1.200000e+00
5.791123e-01   1.123163e+03   1.200000e+00
5.844761e-01   1.139716e+03   1.200000e+00
5.898896e-01   1.156490e+03   1.200000e+00
5.953533e-01   1.173489e+03   1.200000e+00
6.008676e-01   1.190715e+03   1.200000e+00
6.064329e-01   1.208171e+03   1.200000e+00
6.120498e-01   1.225861e+03   1.200000e+00
6.177188e-01   1.243787e+03   1.200000e+00
6.234402e-01   1.261953e+03   1.200000e+00
6.292146e-01   1.280362e+03   1.200000e+00
6.350425e-01   1.299017e+03   1.200000e+00
6.409244e-01   1.317922e+03   1.200000e+00
6.468608e-01   1.337079e+03   1.200000e+00
6.528521e-01   1.356493e+03   1.200000e+00
6.588990e-01   1.376167e+03   1.200000e+00
6.650018e-01   1.396104e+03   1.200000e+00
6.711612e-01   1.416309e+03   1.200000e+00
6.773776e-01   1.436784e+03   1.200000e+00
6.836516e-01   1.457533e+03   1.200000e+00
6.899837e-01   1.478561e+03   1.200000e+00
6.963745e-01   1.499872e+03   1.200000e+00
7.028244e-01   1.521468e+03   1.200000e+00
7.093341e-01   1.543354e+03   1.200000e+00
7.159041e-01   1.565533e+03   1.200000e+00
7.225349e-01   1.588009e+03   1.200000e+00
7.292272e-01   1.610784e+03   1.200000e+00
7.359814e-01   1.633863e+03   1.200000e+00
7.427982e-01   1.657248e+03   1.200000e+00
7.496782e-01   1.680943e+03   1.200000e+00
7.566219e-01   1.704951e+03   1.200000e+00
7.636298e-01   1.729276e+03   1.200000e+00
7.707027e-01   1.753922e+03   1.200000e+00
7.778411e-01   1.778891e+03   1.200000e+00
7.850456e-01   1.804188e+03   1.200000e+00
7.923169e-01   1.829816e+03   1.200000e+00
7.996555e-01   1.855779e+03   1.200000e+00
8.070620e-01   1.882079e+03   1.200000e+00
8.145372e-01   1.908722e+03   1.200000e+00
8.220816e-01   1.935710e+03   1.200000e+00
8.296959e-01   1.963048e+03   1.200000e+00
8.373807e-01   1.990740e+03   1.200000e+00
8.451366e-01   2.018789e+03   1.200000e+00
8.529644e-01   2.047200e+03   1.200000e+00
8.608648e-01   2.075977e+03   1.200000e+00
8.688383e-01   2.105123e+03   1.200000e+00
8.768856e-01   2.134642e+03   1.200000e+00
8.850075e-01   2.164540e+03   1.200000e+00
8.932046e-01   2.194819e+03   1.200000e+00
9.014776e-01   2.225485e+03   1.200000e+00
9.098273e-01   2.256541e+03   1.200000e+00
9.182543e-01   2.287995e+03   1.200000e+00
9.267593e-01   2.319852e+03   1.200000e+00
9.353432e-01   2.352120e+03   1.200000e+00
9.440065e-01   2.384805e+03   1.200000e+00
9.527500e-01   2.417915e+03   1.200000e+00
9.615746e-01   2.451456e+03   1.200000e+00
9.704809e-01   2.485437e+03   1.200000e+00
9.794697e-01   2.519864e+03   1.200000e+00
9.885417e-01   2.554746e+03   1.200000e+00
9.976978e-01   2.590091e+03   1.200000e+00
1.006939e+00   2.625906e+03   1.200000e+00
1.016265e+00   2.662197e+03   1.200000e+00
1.025678e+00   2.698972e+03   1.200000e+00
1.035178e+00   2.736234e+03   1.200000e+00
1.044766e+00   2.773990e+03   1.200000e+00
1.054443e+00   2.812245e+03   1.200000e+00
1.064209e+00   2.851005e+03   1.200000e+00
1.074066e+00   2.890276e+03   1.200000e+00
1.084014e+00   2.930063e+03   1.200000e+00
1.094055e+00   2.970373e+03   1.200000e+00
1.104188e+00   3.011211e+03   1.200000e+00
1.114415e+00   3.052583e+03   1.200000e+00
1.124737e+00   3.094495e+03   1.200000e+00
1.135155e+00   3.136953e+03   1.200000e+00
1.145669e+00   3.179964e+03   1.200000e+00
1.156280e+00   3.223533e+03   1.200000e+00
1.166990e+00   3.267666e+03   1.200000e+00
1.177799e+00   3.312370e+03   1.200000e+00
1.188708e+00   3.357650e+03   1.200000e+00
1.199718e+00   3.403513e+03   1.200000e+00
1.210830e+00   3.449966e+03   1.200000e+00
1.222045e+00   3.497015e+03   1.200000e+00
1.233363e+00   3.544665e+03   1.200000e+00
1.244787e+00   3.592923e+03   1.200000e+00
1.256317e+00   3.641797e+03   1.200000e+00
1.267953e+00   3.691292e+03   1.200000e+00
1.279697e+00   3.741418e+03   1.200000e+00
1.291550e+00   3.792183e+03   1.200000e+00
1.303512e+00   3.843595e+03   1.200000e+00
1.315586e+00   3.895663e+03   1.200000e+00
1.327771e+00   3.948396e+03   1.200000e+00
1.340069e+00   4.001802e+03   1.200000e+00
1.352481e+00   4.055890e+03   1.200000e+00
1.365008e+00   4.110671e+03   1.200000e+00
1.377651e+00   4.166152e+03   1.200000e+00
1.390411e+00   4.222344e+03   1.200000e+00
1.403289e+00   4.279256e+03   1.200000e+00
1.416287e+00   4.336899e+03   1.200000e+00
1.429405e+00   4.395281e+03   1.200000e+00
1.442644e+00   4.454413e+03   1.200000e+00
1.456006e+00   4.514305e+03   1.200000e+00
1.469492e+00   4.574968e+03   1.200000e+00
1.483103e+00   4.636412e+03   1.200000e+00
1.496839e+00   4.698648e+03   1.200000e+00
1.510703e+00   4.761687e+03   1.200000e+00
1.524696e+00   4.825540e+03   1.200000e+00
1.538818e+00   4.890215e+03   1.200000e+00
1.553071e+00   4.955723e+03   1.200000e+00
1.567455e+00   5.022075e+03   1.200000e+00
1.581973e+00   5.089281e+03   1.200000e+00
1.596626e+00   5.157351e+03   1.200000e+00
1.611414e+00   5.226296e+03   1.200000e+00
1.626340e+00   5.296127e+03   1.200000e+00
1.641403e+00   5.366854e+03   1.200000e+00
1.656606e+00   5.438489e+03   1.200000e+00
1.671950e+00   5.511042e+03   1.200000e+00
1.687436e+00   5.584526e+03   1.200000e+00
1.703065e+00   5.658950e+03   1.200000e+00
1.718839e+00   5.734327e+03   1.200000e+00
1.734759e+00   5.810669e+03   1.200000e+00
1.750827e+00   5.887986e+03   1.200000e+00
1.767044e+00   5.966292e+03   1.200000e+00
1.783410e+00   6.045597e+03   1.200000e+00
1.799929e+00   6.125914e+03   1.200000e+00
1.816600e+00   6.207256e+03   1.200000e+00
1.833425e+00   6.289633e+03   1.200000e+00
1.850407e+00   6.373059e+03   1.200000e+00
1.867546e+00   6.457546e+03   1.200000e+00
1.884843e+00   6.543108e+03   1.200000e+00
1.902301e+00   6.629756e+03   1.200000e+00
1.919921e+00   6.717503e+03   1.200000e+00
1.937703e+00   6.806363e+03   1.200000e+00
1.955651e+00   6.896349e+03   1.200000e+00
1.973764e+00   6.987475e+03   1.200000e+00
1.992046e+00   7.079753e+03   1.200000e+00
2.010496e+00   7.173198e+03   1.200000e+00
2.029118e+00   7.267824e+03   1.200000e+00
2.047912e+00   7.363647e+03   1.200000e+00
2.066880e+00   7.460683e+03   1.200000e+00
2.086024e+00   7.558947e+03   1.200000e+00
2.105345e+00   7.658456e+03   1.200000e+00
2.124845e+00   7.759227e+03   1.200000e+00
2.144526e+00   7.861277e+03   1.200000e+00
2.164389e+00   7.964622e+03   1.200000e+00
2.184436e+00   8.069279e+03   1.200000e+00
2.204669e+00   8.175268e+03   1.200000e+00
2.225089e+00   8.282605e+03   1.200000e+00
2.245698e+00   8.391308e+03   1.200000e+00
2.266498e+00   8.501396e+03   1.200000e+00
2.287491e+00   8.612888e+03   1.200000e+00
2.308678e+00   8.725803e+03   1.200000e+00
2.330061e+00   8.840159e+03   1.200000e+00
2.351643e+00   8.955977e+03   1.200000e+00
2.373424e+00   9.073277e+03   1.200000e+00
2.395407e+00   9.192078e+03   1.200000e+00
2.417594e+00   9.312402e+03   1.200000e+00
2.439986e+00   9.434268e+03   1.200000e+00
2.462586e+00   9.557699e+03   1.200000e+00
2.485395e+00   9.682716e+03   1.200000e+00
2.508415e+00   9.809340e+03   1.200000e+00
2.531648e+00   9.937591e+03   1.200000e+00
2.555097e+00   1.006749e+04   1.200000e+00
2.578763e+00   1.019904e+04   1.200000e+00
2.602648e+00   1.033228e+04   1.200000e+00
2.626754e+00   1.046721e+04   1.200000e+00
2.651084e+00   1.060384e+04   1.200000e+00
2.675638e+00   1.074221e+04   1.200000e+00
2.700421e+00   1.088232e+04   1.200000e+00
2.725433e+00   1.102420e+04   1.200000e+00
2.750676e+00   1.116785e+04   1.200000e+00
2.776153e+00   1.131329e+04   1.200000e+00
2.801867e+00   1.146055e+04   1.200000e+00
2.827818e+00   1.160964e+04   1.200000e+00
2.854010e+00   1.176057e+04   1.200000e+00
2.880444e+00   1.191336e+04   1.200000e+00
2.907123e+00   1.206804e+04   1.200000e+00
2.934050e+00   1.222461e+04   1.200000e+00
2.961225e+00   1.238309e+04   1.200000e+00
2.988653e+00   1.254350e+04   1.200000e+00
3.016334e+00   1.270586e+04   1.200000e+00
3.044272e+00   1.287019e+04   1.200000e+00
3.072469e+00   1.303652e+04   1.200000e+00
3.100927e+00   1.320489e+04   1.200000e+00
3.129648e+00   1.337532e+04   1.200000e+00
3.158635e+00   1.354784e+04   1.200000e+00
3.187891e+00   1.372249e+04   1.200000e+00
3.217418e+00   1.389931e+04   1.200000e+00
3.247218e+00   1.407832e+04   1.200000e+00
3.277295e+00   1.425957e+04   1.200000e+00
3.307650e+00   1.444308e+04   1.200000e+00
3.338286e+00   1.462890e+04   1.200000e+00
3.369206e+00   1.481705e+04   1.200000e+00
3.400412e+00   1.500759e+04   1.200000e+00
3.431907e+00   1.520055e+04   1.200000e+00
3.463694e+00   1.539597e+04   1.200000e+00
3.495776e+00   1.559389e+04   1.200000e+00
3.528154e+00   1.579434e+04   1.200000e+00
3.560833e+00   1.599737e+04   1.200000e+00
3.593814e+00   1.620299e+04   1.200000e+00
3.627100e+00   1.641124e+04   1.200000e+00
3.660695e+00   1.662213e+04   1.200000e+00
3.694601e+00   1.683569e+04   1.200000e+00
3.728821e+00   1.705196e+04   1.200000e+00
3.763358e+00   1.727095e+04   1.200000e+00
3.798215e+00   1.749269e+04   1.200000e+00
3.833395e+00   1.771721e+04   1.200000e+00
3.868901e+00   1.794453e+04   1.200000e+00
3.904735e+00   1.817469e+04   1.200000e+00
3.940902e+00   1.840771e+04   1.200000e+00
3.977403e+00   1.864360e+04   1.200000e+00
4.014242e+00   1.888241e+04   1.200000e+00
4.051423e+00   1.912416e+04   1.200000e+00
4.088948e+00   1.936888e+04   1.200000e+00
4.126821e+00   1.961663e+04   1.200000e+00
4.165044e+00   1.986742e+04   1.200000e+00
4.203622e+00   2.012131e+04   1.200000e+00
4.242556e+00   2.037833e+04   1.200000e+00
4.281852e+00   2.063852e+04   1.200000e+00
4.321511e+00   2.090192e+04   1.200000e+00
4.361538e+00   2.116858e+04   1.200000e+00
4.401935e+00   2.143854e+04   1.200000e+00
4.442707e+00   2.171183e+04   1.200000e+00
4.483856e+00   2.198850e+04   1.200000e+00
4.525386e+00   2.226860e+04   1.200000e+00
4.567301e+00   2.255216e+04   1.200000e+00
4.609604e+00   2.283924e+04   1.200000e+00
4.652300e+00   2.312988e+04   1.200000e+00
4.695390e+00   2.342412e+04   1.200000e+00
4.738880e+00   2.372201e+04   1.200000e+00
4.782772e+00   2.402361e+04   1.200000e+00
4.827071e+00   2.432895e+04   1.200000e+00
4.871780e+00   2.463808e+04   1.200000e+00
4.916904e+00   2.495106e+04   1.200000e+00
4.962445e+00   2.526794e+04   1.200000e+00
5.008408e+00   2.558876e+04   1.200000e+00
5.054797e+00   2.591358e+04   1.200000e+00
5.101615e+00   2.624245e+04   1.200000e+00
5.148867e+00   2.657540e+04   1.200000e+00
5.196557e+00   2.691248e+04   1.200000e+00
5.244689e+00   2.725375e+04   1.200000e+00
5.293266e+00   2.759924e+04   1.200000e+00
5.342293e+00   2.794901e+04   1.200000e+00
5.391775e+00   2.830310e+04   1.200000e+00
5.441714e+00   2.866157e+04   1.200000e+00
5.492116e+00   2.902445e+04   1.200000e+00
5.542986e+00   2.939180e+04   1.200000e+00
5.594326e+00   2.976366e+04   1.200000e+00
5.646141e+00   3.014010e+04   1.200000e+00
5.698437e+00   3.052115e+04   1.200000e+00
5.751217e+00   3.090687e+04   1.200000e+00
5.804486e+00   3.129731e+04   1.200000e+00
5.858248e+00   3.169252e+04   1.200000e+00
5.912508e+00   3.209255e+04   1.200000e+00
5.967271e+00   3.249745e+04   1.200000e+00
6.022541e+00   3.290729e+04   1.200000e+00
6.078323e+00   3.332210e+04   1.200000e+00
6.134622e+00   3.374196e+04   1.200000e+00
6.191442e+00   3.416691e+04   1.200000e+00
6.248788e+00   3.459702e+04   1.200000e+00
6.306666e+00   3.503235e+04   1.200000e+00
6.365079e+00   3.547296e+04   1.200000e+00
6.424034e+00   3.591891e+04   1.200000e+00
6.483534e+00   3.637025e+04   1.200000e+00
6.543586e+00   3.682707e+04   1.200000e+00
6.604194e+00   3.728941e+04   1.200000e+00
6.665363e+00   3.775733e+04   1.200000e+00
6.727099e+00   3.823092e+04   1.200000e+00
6.789407e+00   3.871023e+04   1.200000e+00
6.852292e+00   3.919532e+04   1.200000e+00
6.915759e+00   3.968627e+04   1.200000e+00
6.979814e+00   4.018313e+04   1.200000e+00
7.044462e+00   4.068599e+04   1.200000e+00
7.109709e+00   4.119492e+04   1.200000e+00
7.175561e+00   4.170999e+04   1.200000e+00
7.242022e+00   4.223129e+04   1.200000e+00
7.309099e+00   4.275890e+04   1.200000e+00
7.376798e+00   4.329291e+04   1.200000e+00
7.445123e+00   4.383341e+04   1.200000e+00
7.514081e+00   4.438048e+04   1.200000e+00
7.583678e+00   4.493421e+04   1.200000e+00
7.653919e+00   4.549469e+04   1.200000e+00
7.724811e+00   4.606202e+04   1.200000e+00
7.796360e+00   4.663628e+04   1.200000e+00
7.868572e+00   4.721758e+04   1.200000e+00
7.941452e+00   4.780601e+04   1.200000e+00
8.015007e+00   4.840167e+04   1.200000e+00
8.089243e+00   4.900466e+04   1.200000e+00
8.164168e+00   4.961504e+04   1.200000e+00
8.239786e+00   5.023289e+04   1.200000e+00
8.316104e+00   5.085829e+04   1.200000e+00
8.393129e+00   5.149132e+04   1.200000e+00
8.470868e+00   5.213205e+04   1.200000e+00
8.549327e+00   5.278056e+04   1.200000e+00
8.628513e+00   5.343691e+04   1.200000e+00
8.708431e+00   5.410120e+04   1.200000e+00
8.789091e+00   5.477349e+04   1.200000e+00
8.870497e+00   5.545387e+04   1.200000e+00
8.952657e+00   5.614241e+04   1.200000e+00
9.035578e+00   5.683919e+04   1.200000e+00
9.119268e+00   5.754428e+04   1.200000e+00
9.203732e+00   5.825778e+04   1.200000e+00
9.288979e+00   5.897974e+04   1.200000e+00
9.375015e+00   5.971026e+04   1.200000e+00
9.461848e+00   6.044941e+04   1.200000e+00
9.549486e+00   6.119727e+04   1.200000e+00
9.637935e+00   6.195392e+04   1.200000e+00
9.727203e+00   6.271944e+04   1.200000e+00
9.817298e+00   6.349390e+04   1.200000e+00
9.908228e+00   6.427740e+04   1.200000e+00
1.000000e+01   6.507000e+04   1.200000e+00
