# C14 + d > N16 + g   [C14_d__N16_g]   ref=TALYS2, Koning et al. 2023
# detailed balance: alpha=1.385e+10 beta=1.5 gamma=-121.521  Q=10.4719
# T9                 rate                error
1.000000e-03   1.000000e-35   1.000000e+02
1.009262e-03   1.005648e-35   1.000000e+02
1.018610e-03   1.010610e-35   1.000000e+02
1.028045e-03   1.014889e-35   1.000000e+02
1.037567e-03   1.018488e-35   1.000000e+02
1.047177e-03   1.021411e-35   1.000000e+02
1.056876e-03   1.023667e-35   1.000000e+02
1.066665e-03   1.025262e-35   1.000000e+02
1.076545e-03   1.026207e-35   1.000000e+02
1.086516e-03   1.026512e-35   1.000000e+02
1.096579e-03   1.026188e-35   1.000000e+02
1.106736e-03   1.025250e-35   1.000000e+02
1.116987e-03   1.023711e-35   1.000000e+02
1.127333e-03   1.021586e-35   1.000000e+02
1.137774e-03   1.018892e-35   1.000000e+02
1.148312e-03   1.015645e-35   1.000000e+02
1.158948e-03   1.011864e-35   1.000000e+02
1.169683e-03   1.007566e-35   1.000000e+02
1.180517e-03   1.002770e-35   1.000000e+02
1.191451e-03   9.974968e-36   1.000000e+02
1.202486e-03   9.917653e-36   1.000000e+02
1.213624e-03   9.855960e-36   1.000000e+02
1.224865e-03   9.790093e-36   1.000000e+02
1.236210e-03   9.720262e-36   1.000000e+02
1.247660e-03   9.646674e-36   1.000000e+02
1.259216e-03   9.569541e-36   1.000000e+02
1.270879e-03   9.489072e-36   1.000000e+02
1.282650e-03   9.405477e-36   1.000000e+02
1.294530e-03   9.318964e-36   1.000000e+02
1.306520e-03   9.229742e-36   1.000000e+02
1.318621e-03   9.138013e-36   1.000000e+02
1.330835e-03   9.043982e-36   1.000000e+02
1.343161e-03   8.947848e-36   1.000000e+02
1.355602e-03   8.849806e-36   1.000000e+02
1.368158e-03   8.750050e-36   1.000000e+02
1.380830e-03   8.648767e-36   1.000000e+02
1.393619e-03   8.546141e-36   1.000000e+02
1.406527e-03   8.442351e-36   1.000000e+02
1.419555e-03   8.337571e-36   1.000000e+02
1.432703e-03   8.231971e-36   1.000000e+02
1.445973e-03   8.125714e-36   1.000000e+02
1.459366e-03   8.018959e-36   1.000000e+02
1.472883e-03   7.911857e-36   1.000000e+02
1.486525e-03   7.804557e-36   1.000000e+02
1.500293e-03   7.697199e-36   1.000000e+02
1.514189e-03   7.589918e-36   1.000000e+02
1.528214e-03   7.482845e-36   1.000000e+02
1.542369e-03   7.376103e-36   1.000000e+02
1.556654e-03   7.269810e-36   1.000000e+02
1.571072e-03   7.164079e-36   1.000000e+02
1.585624e-03   7.059015e-36   1.000000e+02
1.600310e-03   6.954720e-36   1.000000e+02
1.615133e-03   6.851289e-36   1.000000e+02
1.630092e-03   6.748812e-36   1.000000e+02
1.645191e-03   6.647373e-36   1.000000e+02
1.660429e-03   6.547052e-36   1.000000e+02
1.675808e-03   6.447923e-36   1.000000e+02
1.691330e-03   6.350056e-36   1.000000e+02
1.706995e-03   6.253515e-36   1.000000e+02
1.722805e-03   6.158359e-36   1.000000e+02
1.738762e-03   6.064646e-36   1.000000e+02
1.754867e-03   5.972425e-36   1.000000e+02
1.771121e-03   5.881743e-36   1.000000e+02
1.787526e-03   5.792645e-36   1.000000e+02
1.804082e-03   5.705170e-36   1.000000e+02
1.820792e-03   5.619352e-36   1.000000e+02
1.837656e-03   5.535225e-36   1.000000e+02
1.854677e-03   5.452819e-36   1.000000e+02
1.871855e-03   5.372158e-36   1.000000e+02
1.889193e-03   5.293268e-36   1.000000e+02
1.906691e-03   5.216167e-36   1.000000e+02
1.924351e-03   5.140875e-36   1.000000e+02
1.942175e-03   5.067407e-36   1.000000e+02
1.960163e-03   4.995777e-36   1.000000e+02
1.978319e-03   4.925997e-36   1.000000e+02
1.996642e-03   4.858077e-36   1.000000e+02
2.015136e-03   4.792025e-36   1.000000e+02
2.033800e-03   4.727847e-36   1.000000e+02
2.052638e-03   4.665551e-36   1.000000e+02
2.071650e-03   4.605139e-36   1.000000e+02
2.090838e-03   4.546615e-36   1.000000e+02
2.110203e-03   4.489982e-36   1.000000e+02
2.129749e-03   4.435242e-36   1.000000e+02
2.149475e-03   4.382396e-36   1.000000e+02
2.169384e-03   4.331445e-36   1.000000e+02
2.189477e-03   4.282389e-36   1.000000e+02
2.209756e-03   4.235230e-36   1.000000e+02
2.230223e-03   4.189968e-36   1.000000e+02
2.250880e-03   4.146603e-36   1.000000e+02
2.271728e-03   4.105137e-36   1.000000e+02
2.292769e-03   4.065571e-36   1.000000e+02
2.314005e-03   4.027907e-36   1.000000e+02
2.335438e-03   3.992149e-36   1.000000e+02
2.357069e-03   3.958299e-36   1.000000e+02
2.378901e-03   3.926363e-36   1.000000e+02
2.400935e-03   3.896346e-36   1.000000e+02
2.423173e-03   3.868256e-36   1.000000e+02
2.445617e-03   3.842100e-36   1.000000e+02
2.468268e-03   3.817889e-36   1.000000e+02
2.491130e-03   3.795635e-36   1.000000e+02
2.514203e-03   3.775352e-36   1.000000e+02
2.537490e-03   3.757054e-36   1.000000e+02
2.560993e-03   3.740760e-36   1.000000e+02
2.584714e-03   3.726489e-36   1.000000e+02
2.608654e-03   3.714266e-36   1.000000e+02
2.632815e-03   3.704114e-36   1.000000e+02
2.657201e-03   3.696063e-36   1.000000e+02
2.681813e-03   3.690144e-36   1.000000e+02
2.706652e-03   3.686392e-36   1.000000e+02
2.731722e-03   3.684845e-36   1.000000e+02
2.757023e-03   3.685546e-36   1.000000e+02
2.782559e-03   3.688540e-36   1.000000e+02
2.808332e-03   3.693878e-36   1.000000e+02
2.834343e-03   3.701617e-36   1.000000e+02
2.860596e-03   3.711816e-36   1.000000e+02
2.887091e-03   3.724541e-36   1.000000e+02
2.913832e-03   3.739864e-36   1.000000e+02
2.940820e-03   3.757861e-36   1.000000e+02
2.968059e-03   3.778618e-36   1.000000e+02
2.995549e-03   3.802225e-36   1.000000e+02
3.023295e-03   3.828753e-36   1.000000e+02
3.051297e-03   3.858088e-36   1.000000e+02
3.079559e-03   3.890043e-36   1.000000e+02
3.108082e-03   3.924427e-36   1.000000e+02
3.136870e-03   3.961045e-36   1.000000e+02
3.165924e-03   3.999697e-36   1.000000e+02
3.195248e-03   4.040176e-36   1.000000e+02
3.224842e-03   4.082267e-36   1.000000e+02
3.254712e-03   4.125748e-36   1.000000e+02
3.284857e-03   4.170385e-36   1.000000e+02
3.315282e-03   4.215935e-36   1.000000e+02
3.345989e-03   4.262144e-36   1.000000e+02
3.376980e-03   4.308746e-36   1.000000e+02
3.408259e-03   4.355462e-36   1.000000e+02
3.439826e-03   4.402003e-36   1.000000e+02
3.471687e-03   4.448067e-36   1.000000e+02
3.503842e-03   4.493339e-36   1.000000e+02
3.536296e-03   4.537495e-36   1.000000e+02
3.569049e-03   4.580199e-36   1.000000e+02
3.602107e-03   4.621104e-36   1.000000e+02
3.635470e-03   4.659856e-36   1.000000e+02
3.669142e-03   4.696094e-36   1.000000e+02
3.703127e-03   4.729451e-36   1.000000e+02
3.737426e-03   4.759554e-36   1.000000e+02
3.772042e-03   4.786033e-36   1.000000e+02
3.806980e-03   4.808515e-36   1.000000e+02
3.842241e-03   4.826633e-36   1.000000e+02
3.877828e-03   4.840027e-36   1.000000e+02
3.913746e-03   4.848345e-36   1.000000e+02
3.949995e-03   4.851248e-36   1.000000e+02
3.986581e-03   4.848418e-36   1.000000e+02
4.023506e-03   4.839664e-36   1.000000e+02
4.060772e-03   4.826290e-36   1.000000e+02
4.098384e-03   4.810627e-36   1.000000e+02
4.136344e-03   4.795002e-36   1.000000e+02
4.174655e-03   4.781715e-36   1.000000e+02
4.213322e-03   4.773042e-36   1.000000e+02
4.252346e-03   4.771252e-36   1.000000e+02
4.291732e-03   4.778635e-36   1.000000e+02
4.331483e-03   4.797541e-36   1.000000e+02
4.371602e-03   4.830428e-36   1.000000e+02
4.412093e-03   4.879930e-36   1.000000e+02
4.452959e-03   4.948932e-36   1.000000e+02
4.494203e-03   5.040670e-36   1.000000e+02
4.535829e-03   5.158847e-36   1.000000e+02
4.577841e-03   5.307788e-36   1.000000e+02
4.620241e-03   5.492625e-36   1.000000e+02
4.663035e-03   5.719534e-36   1.000000e+02
4.706225e-03   5.996040e-36   1.000000e+02
4.749815e-03   6.331410e-36   1.000000e+02
4.793808e-03   6.737168e-36   1.000000e+02
4.838210e-03   7.227766e-36   1.000000e+02
4.883022e-03   7.821490e-36   1.000000e+02
4.928250e-03   8.541665e-36   1.000000e+02
4.973896e-03   9.418288e-36   1.000000e+02
5.019965e-03   1.049014e-35   1.000000e+02
5.066461e-03   1.180290e-35   1.000000e+02
5.113388e-03   1.340889e-35   1.000000e+02
5.160749e-03   1.537375e-35   1.000000e+02
5.208549e-03   1.778012e-35   1.000000e+02
5.256791e-03   2.073210e-35   1.000000e+02
5.305481e-03   2.436079e-35   1.000000e+02
5.354621e-03   2.883131e-35   1.000000e+02
5.404216e-03   3.435167e-35   1.000000e+02
5.454271e-03   4.118392e-35   1.000000e+02
5.504790e-03   4.965799e-35   1.000000e+02
5.555776e-03   6.018914e-35   1.000000e+02
5.607235e-03   7.329934e-35   1.000000e+02
5.659170e-03   8.964389e-35   1.000000e+02
5.711586e-03   1.100438e-34   1.000000e+02
5.764488e-03   1.355253e-34   1.000000e+02
5.817880e-03   1.673673e-34   1.000000e+02
5.871766e-03   2.071581e-34   1.000000e+02
5.926152e-03   2.568621e-34   1.000000e+02
5.981041e-03   3.188970e-34   1.000000e+02
6.036439e-03   3.962369e-34   1.000000e+02
6.092349e-03   4.927305e-34   1.000000e+02
6.148778e-03   6.133928e-34   1.000000e+02
6.205729e-03   7.646624e-34   1.000000e+02
6.263207e-03   9.548377e-34   1.000000e+02
6.321218e-03   1.194662e-33   1.000000e+02
6.379767e-03   1.498109e-33   1.000000e+02
6.438857e-03   1.883439e-33   1.000000e+02
6.498495e-03   2.374632e-33   1.000000e+02
6.558686e-03   3.003342e-33   1.000000e+02
6.619433e-03   3.811572e-33   1.000000e+02
6.680744e-03   4.855357e-33   1.000000e+02
6.742622e-03   6.209876e-33   1.000000e+02
6.805074e-03   7.976574e-33   1.000000e+02
6.868104e-03   1.029316e-32   1.000000e+02
6.931717e-03   1.334771e-32   1.000000e+02
6.995920e-03   1.739872e-32   1.000000e+02
7.060718e-03   2.280222e-32   1.000000e+02
7.126115e-03   3.004236e-32   1.000000e+02
7.192119e-03   3.978241e-32   1.000000e+02
7.258734e-03   5.293606e-32   1.000000e+02
7.325965e-03   7.076505e-32   1.000000e+02
7.393820e-03   9.501580e-32   1.000000e+02
7.462303e-03   1.281108e-31   1.000000e+02
7.531420e-03   1.734172e-31   1.000000e+02
7.601178e-03   2.356230e-31   1.000000e+02
7.671581e-03   3.212669e-31   1.000000e+02
7.742637e-03   4.394809e-31   1.000000e+02
7.814351e-03   6.030355e-31   1.000000e+02
7.886729e-03   8.298088e-31   1.000000e+02
7.959777e-03   1.144850e-30   1.000000e+02
8.033502e-03   1.583314e-30   1.000000e+02
8.107910e-03   2.195978e-30   1.000000e+02
8.183007e-03   3.058037e-30   1.000000e+02
8.258799e-03   4.280948e-30   1.000000e+02
8.335294e-03   6.031817e-30   1.000000e+02
8.412497e-03   8.564383e-30   1.000000e+02
8.490415e-03   1.226909e-29   1.000000e+02
8.569055e-03   1.775519e-29   1.000000e+02
8.648423e-03   2.598746e-29   1.000000e+02
8.728527e-03   3.851736e-29   1.000000e+02
8.809372e-03   5.788045e-29   1.000000e+02
8.890966e-03   8.829145e-29   1.000000e+02
8.973316e-03   1.368817e-28   1.000000e+02
9.056428e-03   2.158769e-28   1.000000e+02
9.140311e-03   3.454578e-28   1.000000e+02
9.224970e-03   5.582981e-28   1.000000e+02
9.310413e-03   9.069008e-28   1.000000e+02
9.396648e-03   1.473723e-27   1.000000e+02
9.483682e-03   2.384376e-27   1.000000e+02
9.571522e-03   3.822751e-27   1.000000e+02
9.660175e-03   6.044497e-27   1.000000e+02
9.749649e-03   9.381387e-27   1.000000e+02
9.839952e-03   1.422449e-26   1.000000e+02
9.931092e-03   2.097053e-26   1.000000e+02
1.002308e-02   2.991822e-26   1.000000e+02
1.011591e-02   4.123407e-26   1.000000e+02
1.020961e-02   5.512092e-26   1.000000e+02
1.030417e-02   7.180418e-26   1.000000e+02
1.039961e-02   9.157763e-26   1.000000e+02
1.049593e-02   1.148865e-25   1.000000e+02
1.059315e-02   1.424365e-25   1.000000e+02
1.069126e-02   1.753398e-25   1.000000e+02
1.079029e-02   2.153175e-25   1.000000e+02
1.089023e-02   2.650034e-25   1.000000e+02
1.099110e-02   3.284202e-25   1.000000e+02
1.109290e-02   4.114452e-25   1.000000e+02
1.119564e-02   5.210047e-25   1.000000e+02
1.129934e-02   6.658766e-25   1.000000e+02
1.140400e-02   8.577146e-25   1.000000e+02
1.150962e-02   1.111894e-24   1.000000e+02
1.161623e-02   1.448538e-24   1.000000e+02
1.172382e-02   1.893724e-24   1.000000e+02
1.183241e-02   2.480841e-24   1.000000e+02
1.194200e-02   3.252000e-24   1.000000e+02
1.205261e-02   4.259520e-24   1.000000e+02
1.216424e-02   5.571777e-24   1.000000e+02
1.227691e-02   7.281407e-24   1.000000e+02
1.239062e-02   9.510661e-24   1.000000e+02
1.250539e-02   1.242124e-23   1.000000e+02
1.262121e-02   1.622796e-23   1.000000e+02
1.273811e-02   2.121740e-23   1.000000e+02
1.285610e-02   2.777379e-23   1.000000e+02
1.297517e-02   3.641482e-23   1.000000e+02
1.309535e-02   4.783944e-23   1.000000e+02
1.321664e-02   6.297499e-23   1.000000e+02
1.333906e-02   8.305439e-23   1.000000e+02
1.346261e-02   1.097255e-22   1.000000e+02
1.358730e-02   1.451915e-22   1.000000e+02
1.371315e-02   1.923982e-22   1.000000e+02
1.384016e-02   2.552850e-22   1.000000e+02
1.396835e-02   3.391189e-22   1.000000e+02
1.409773e-02   4.509455e-22   1.000000e+02
1.422830e-02   6.002438e-22   1.000000e+02
1.436009e-02   7.997806e-22   1.000000e+02
1.449310e-02   1.066748e-21   1.000000e+02
1.462733e-02   1.424324e-21   1.000000e+02
1.476281e-02   1.903794e-21   1.000000e+02
1.489955e-02   2.547438e-21   1.000000e+02
1.503755e-02   3.412462e-21   1.000000e+02
1.517683e-02   4.576301e-21   1.000000e+02
1.531740e-02   6.143757e-21   1.000000e+02
1.545928e-02   8.256866e-21   1.000000e+02
1.560246e-02   1.110829e-20   1.000000e+02
1.574698e-02   1.495957e-20   1.000000e+02
1.589283e-02   2.016601e-20   1.000000e+02
1.604003e-02   2.721064e-20   1.000000e+02
1.618860e-02   3.675038e-20   1.000000e+02
1.633854e-02   4.967886e-20   1.000000e+02
1.648987e-02   6.721242e-20   1.000000e+02
1.664260e-02   9.100750e-20   1.000000e+02
1.679675e-02   1.233208e-19   1.000000e+02
1.695232e-02   1.672277e-19   1.000000e+02
1.710934e-02   2.269210e-19   1.000000e+02
1.726781e-02   3.081183e-19   1.000000e+02
1.742775e-02   4.186181e-19   1.000000e+02
1.758917e-02   5.690597e-19   1.000000e+02
1.775208e-02   7.739602e-19   1.000000e+02
1.791650e-02   1.053130e-18   1.000000e+02
1.808245e-02   1.433607e-18   1.000000e+02
1.824993e-02   1.952332e-18   1.000000e+02
1.841897e-02   2.659830e-18   1.000000e+02
1.858957e-02   3.625195e-18   1.000000e+02
1.876175e-02   4.942960e-18   1.000000e+02
1.893552e-02   6.742519e-18   1.000000e+02
1.911091e-02   9.201054e-18   1.000000e+02
1.928792e-02   1.256129e-17   1.000000e+02
1.946656e-02   1.715589e-17   1.000000e+02
1.964687e-02   2.344096e-17   1.000000e+02
1.982884e-02   3.204216e-17   1.000000e+02
2.001250e-02   4.381809e-17   1.000000e+02
2.019786e-02   5.994586e-17   1.000000e+02
2.038493e-02   8.203297e-17   1.000000e+02
2.057374e-02   1.122749e-16   1.000000e+02
2.076430e-02   1.536679e-16   1.000000e+02
2.095662e-02   2.102960e-16   1.000000e+02
2.115073e-02   2.877188e-16   1.000000e+02
2.134663e-02   3.934918e-16   1.000000e+02
2.154435e-02   5.378669e-16   1.000000e+02
2.174389e-02   7.347290e-16   1.000000e+02
2.194529e-02   1.002845e-15   1.000000e+02
2.214855e-02   1.367529e-15   1.000000e+02
2.235370e-02   1.862844e-15   1.000000e+02
2.256074e-02   2.534516e-15   1.000000e+02
2.276970e-02   3.443765e-15   1.000000e+02
2.298060e-02   4.672328e-15   1.000000e+02
2.319345e-02   6.329011e-15   1.000000e+02
2.340827e-02   8.558200e-15   1.000000e+02
2.362508e-02   1.155086e-14   1.000000e+02
2.384390e-02   1.555870e-14   1.000000e+02
2.406475e-02   2.091223e-14   1.000000e+02
2.428764e-02   2.804381e-14   1.000000e+02
2.451260e-02   3.751670e-14   1.000000e+02
2.473964e-02   5.006157e-14   1.000000e+02
2.496878e-02   6.662204e-14   1.000000e+02
2.520005e-02   8.841375e-14   1.000000e+02
2.543346e-02   1.170160e-13   1.000000e+02
2.566903e-02   1.544752e-13   1.000000e+02
2.590678e-02   2.034351e-13   1.000000e+02
2.614673e-02   2.673077e-13   1.000000e+02
2.638891e-02   3.504939e-13   1.000000e+02
2.663333e-02   4.586678e-13   1.000000e+02
2.688001e-02   5.991418e-13   1.000000e+02
2.712898e-02   7.813394e-13   1.000000e+02
2.738025e-02   1.017404e-12   1.000000e+02
2.763385e-02   1.322989e-12   1.000000e+02
2.788980e-02   1.718275e-12   1.000000e+02
2.814812e-02   2.229298e-12   1.000000e+02
2.840884e-02   2.889666e-12   1.000000e+02
2.867196e-02   3.742795e-12   1.000000e+02
2.893753e-02   4.844830e-12   1.000000e+02
2.920556e-02   6.268451e-12   1.000000e+02
2.947606e-02   8.107856e-12   1.000000e+02
2.974908e-02   1.048531e-11   1.000000e+02
3.002462e-02   1.355971e-11   1.000000e+02
3.030271e-02   1.753444e-11   1.000000e+02
3.058338e-02   2.265771e-11   1.000000e+02
3.086665e-02   2.923358e-11   1.000000e+02
3.115254e-02   3.763132e-11   1.000000e+02
3.144108e-02   4.829226e-11   1.000000e+02
3.173230e-02   6.173419e-11   1.000000e+02
3.202621e-02   7.855131e-11   1.000000e+02
3.232284e-02   9.940767e-11   1.000000e+02
3.262222e-02   1.250215e-10   1.000000e+02
3.292437e-02   1.561373e-10   1.000000e+02
3.322933e-02   1.934843e-10   1.000000e+02
3.353710e-02   2.377175e-10   1.000000e+02
3.384773e-02   2.893425e-10   1.000000e+02
3.416123e-02   3.486248e-10   1.000000e+02
3.447764e-02   4.154881e-10   1.000000e+02
3.479698e-02   4.894099e-10   1.000000e+02
3.511928e-02   5.693247e-10   1.000000e+02
3.544456e-02   6.535513e-10   1.000000e+02
3.577285e-02   7.397607e-10   1.000000e+02
3.610419e-02   8.250001e-10   1.000000e+02
3.643859e-02   9.057895e-10   1.000000e+02
3.677609e-02   9.782966e-10   1.000000e+02
3.711672e-02   1.038587e-09   1.000000e+02
3.746050e-02   1.082940e-09   1.000000e+02
3.780747e-02   1.108188e-09   1.000000e+02
3.815765e-02   1.112065e-09   1.000000e+02
3.851107e-02   1.093487e-09   1.000000e+02
3.886777e-02   1.052745e-09   1.000000e+02
3.922777e-02   9.915577e-10   1.000000e+02
3.959110e-02   9.129728e-10   1.000000e+02
3.995780e-02   8.211111e-10   1.000000e+02
4.032790e-02   7.210560e-10   1.000000e+02
4.070142e-02   6.192687e-10   1.000000e+02
4.107841e-02   5.213972e-10   1.000000e+02
4.145888e-02   4.313945e-10   1.000000e+02
4.184289e-02   3.515877e-10   1.000000e+02
4.223044e-02   2.829323e-10   1.000000e+02
4.262159e-02   2.253504e-10   1.000000e+02
4.301636e-02   1.780727e-10   1.000000e+02
4.341478e-02   1.399384e-10   1.000000e+02
4.381690e-02   1.096260e-10   1.000000e+02
4.422274e-02   8.581515e-11   1.000000e+02
4.463234e-02   6.728607e-11   1.000000e+02
4.504573e-02   5.297048e-11   1.000000e+02
4.546295e-02   4.196885e-11   1.000000e+02
4.588404e-02   3.354604e-11   1.000000e+02
4.630903e-02   2.711524e-11   1.000000e+02
4.673795e-02   2.221674e-11   1.000000e+02
4.717085e-02   1.849604e-11   1.000000e+02
4.760775e-02   1.568359e-11   1.000000e+02
4.804870e-02   1.357742e-11   1.000000e+02
4.849374e-02   1.202905e-11   1.000000e+02
4.894290e-02   1.093261e-11   1.000000e+02
4.939622e-02   1.021720e-11   1.000000e+02
4.985373e-02   9.842208e-12   1.000000e+02
5.031549e-02   9.793462e-12   1.000000e+02
5.078152e-02   1.006071e-11   1.000000e+02
5.125187e-02   1.064669e-11   1.000000e+02
5.172657e-02   1.158050e-11   1.000000e+02
5.220568e-02   1.291818e-11   1.000000e+02
5.268921e-02   1.474586e-11   1.000000e+02
5.317723e-02   1.718572e-11   1.000000e+02
5.366977e-02   2.040460e-11   1.000000e+02
5.416687e-02   2.462548e-11   1.000000e+02
5.466857e-02   3.014198e-11   1.000000e+02
5.517492e-02   3.733559e-11   1.000000e+02
5.568596e-02   4.669520e-11   1.000000e+02
5.620174e-02   5.883738e-11   1.000000e+02
5.672229e-02   7.452470e-11   1.000000e+02
5.724766e-02   9.467749e-11   1.000000e+02
5.777790e-02   1.203723e-10   1.000000e+02
5.831305e-02   1.528178e-10   1.000000e+02
5.885316e-02   1.932958e-10   1.000000e+02
5.939827e-02   2.430558e-10   1.000000e+02
5.994843e-02   3.031506e-10   1.000000e+02
6.050368e-02   3.743422e-10   1.000000e+02
6.106408e-02   4.576658e-10   1.000000e+02
6.162966e-02   5.543450e-10   1.000000e+02
6.220049e-02   6.656512e-10   1.000000e+02
6.277660e-02   7.929232e-10   1.000000e+02
6.335805e-02   9.375971e-10   1.000000e+02
6.394488e-02   1.101247e-09   1.000000e+02
6.453715e-02   1.285642e-09   1.000000e+02
6.513491e-02   1.492810e-09   1.000000e+02
6.573820e-02   1.725128e-09   1.000000e+02
6.634708e-02   1.985424e-09   1.000000e+02
6.696160e-02   2.277106e-09   1.000000e+02
6.758181e-02   2.604318e-09   1.000000e+02
6.820777e-02   2.972136e-09   1.000000e+02
6.883952e-02   3.386804e-09   1.000000e+02
6.947713e-02   3.856035e-09   1.000000e+02
7.012064e-02   4.389388e-09   1.000000e+02
7.077011e-02   4.997567e-09   1.000000e+02
7.142559e-02   5.690448e-09   1.000000e+02
7.208715e-02   6.478513e-09   1.000000e+02
7.275484e-02   7.373150e-09   1.000000e+02
7.342870e-02   8.386630e-09   1.000000e+02
7.410882e-02   9.532053e-09   1.000000e+02
7.479523e-02   1.082325e-08   1.000000e+02
7.548799e-02   1.227466e-08   1.000000e+02
7.618718e-02   1.390110e-08   1.000000e+02
7.689284e-02   1.571755e-08   1.000000e+02
7.760503e-02   1.773880e-08   1.000000e+02
7.832383e-02   1.997907e-08   1.000000e+02
7.904928e-02   2.245153e-08   1.000000e+02
7.978145e-02   2.516771e-08   1.000000e+02
8.052040e-02   2.813621e-08   1.000000e+02
8.126619e-02   3.135404e-08   1.000000e+02
8.201889e-02   3.480511e-08   1.000000e+02
8.277857e-02   3.846169e-08   1.000000e+02
8.354528e-02   4.228283e-08   1.000000e+02
8.431909e-02   4.621304e-08   1.000000e+02
8.510007e-02   5.018157e-08   1.000000e+02
8.588829e-02   5.410254e-08   1.000000e+02
8.668380e-02   5.787609e-08   1.000000e+02
8.748668e-02   6.139080e-08   1.000000e+02
8.829700e-02   6.452744e-08   1.000000e+02
8.911482e-02   6.716408e-08   1.000000e+02
8.994022e-02   6.918240e-08   1.000000e+02
9.077327e-02   7.050432e-08   1.000000e+02
9.161402e-02   7.121859e-08   1.000000e+02
9.246257e-02   7.148314e-08   1.000000e+02
9.331898e-02   7.146966e-08   1.000000e+02
9.418332e-02   7.135473e-08   1.000000e+02
9.505566e-02   7.131518e-08   1.000000e+02
9.593608e-02   7.152774e-08   1.000000e+02
9.682466e-02   7.217312e-08   1.000000e+02
9.772147e-02   7.344464e-08   1.000000e+02
9.862658e-02   7.556202e-08   1.000000e+02
9.954008e-02   7.879180e-08   1.000000e+02
1.004620e-01   8.346909e-08   1.000000e+02
1.013925e-01   8.984784e-08   1.000000e+02
1.023317e-01   9.806943e-08   1.000000e+02
1.032795e-01   1.083100e-07   1.000000e+02
1.042361e-01   1.207750e-07   1.000000e+02
1.052015e-01   1.356826e-07   1.000000e+02
1.061759e-01   1.532410e-07   1.000000e+02
1.071593e-01   1.736177e-07   1.000000e+02
1.081519e-01   1.969001e-07   1.000000e+02
1.091536e-01   2.230469e-07   1.000000e+02
1.101646e-01   2.518315e-07   1.000000e+02
1.111850e-01   2.829856e-07   1.000000e+02
1.122148e-01   3.165974e-07   1.000000e+02
1.132541e-01   3.528623e-07   1.000000e+02
1.143031e-01   3.920345e-07   1.000000e+02
1.153618e-01   4.344409e-07   1.000000e+02
1.164303e-01   4.804969e-07   1.000000e+02
1.175087e-01   5.307259e-07   1.000000e+02
1.185971e-01   5.857816e-07   1.000000e+02
1.196956e-01   6.464774e-07   1.000000e+02
1.208042e-01   7.137843e-07   1.000000e+02
1.219231e-01   7.885154e-07   1.000000e+02
1.230524e-01   8.713651e-07   1.000000e+02
1.241921e-01   9.630591e-07   1.000000e+02
1.253424e-01   1.064350e-06   1.000000e+02
1.265034e-01   1.176010e-06   1.000000e+02
1.276751e-01   1.298818e-06   1.000000e+02
1.288576e-01   1.433549e-06   1.000000e+02
1.300511e-01   1.580955e-06   1.000000e+02
1.312557e-01   1.741758e-06   1.000000e+02
1.324714e-01   1.916653e-06   1.000000e+02
1.336984e-01   2.106273e-06   1.000000e+02
1.349367e-01   2.311156e-06   1.000000e+02
1.361865e-01   2.531719e-06   1.000000e+02
1.374479e-01   2.768224e-06   1.000000e+02
1.387210e-01   3.020749e-06   1.000000e+02
1.400058e-01   3.289149e-06   1.000000e+02
1.413026e-01   3.573531e-06   1.000000e+02
1.426114e-01   3.876040e-06   1.000000e+02
1.439323e-01   4.199980e-06   1.000000e+02
1.452654e-01   4.549523e-06   1.000000e+02
1.466109e-01   4.929872e-06   1.000000e+02
1.479688e-01   5.347466e-06   1.000000e+02
1.493393e-01   5.810246e-06   1.000000e+02
1.507225e-01   6.327830e-06   1.000000e+02
1.521186e-01   6.908163e-06   1.000000e+02
1.535275e-01   7.556472e-06   1.000000e+02
1.549495e-01   8.277823e-06   1.000000e+02
1.563847e-01   9.077073e-06   1.000000e+02
1.578331e-01   9.958641e-06   1.000000e+02
1.592950e-01   1.092624e-05   1.000000e+02
1.607704e-01   1.198271e-05   1.000000e+02
1.622595e-01   1.313267e-05   1.000000e+02
1.637624e-01   1.438344e-05   1.000000e+02
1.652792e-01   1.574295e-05   1.000000e+02
1.668101e-01   1.721968e-05   1.000000e+02
1.683551e-01   1.882269e-05   1.000000e+02
1.699144e-01   2.056163e-05   1.000000e+02
1.714882e-01   2.244682e-05   1.000000e+02
1.730766e-01   2.448923e-05   1.000000e+02
1.746796e-01   2.670059e-05   1.000000e+02
1.762975e-01   2.909333e-05   1.000000e+02
1.779304e-01   3.168073e-05   1.000000e+02
1.795785e-01   3.447686e-05   1.000000e+02
1.812418e-01   3.749681e-05   1.000000e+02
1.829205e-01   4.075783e-05   1.000000e+02
1.846147e-01   4.427920e-05   1.000000e+02
1.863246e-01   4.808204e-05   1.000000e+02
1.880504e-01   5.218944e-05   1.000000e+02
1.897922e-01   5.662670e-05   1.000000e+02
1.915501e-01   6.142158e-05   1.000000e+02
1.933242e-01   6.660458e-05   1.000000e+02
1.951148e-01   7.220924e-05   1.000000e+02
1.969220e-01   7.827253e-05   1.000000e+02
1.987460e-01   8.483520e-05   1.000000e+02
2.005868e-01   9.194223e-05   1.000000e+02
2.024447e-01   9.964107e-05   1.000000e+02
2.043197e-01   1.079798e-04   1.000000e+02
2.062122e-01   1.170096e-04   1.000000e+02
2.081222e-01   1.267858e-04   1.000000e+02
2.100498e-01   1.373677e-04   1.000000e+02
2.119953e-01   1.488189e-04   1.000000e+02
2.139589e-01   1.612076e-04   1.000000e+02
2.159406e-01   1.746071e-04   1.000000e+02
2.179407e-01   1.890957e-04   1.000000e+02
2.199593e-01   2.047575e-04   1.000000e+02
2.219966e-01   2.216822e-04   1.000000e+02
2.240528e-01   2.399659e-04   1.000000e+02
2.261280e-01   2.597112e-04   1.000000e+02
2.282224e-01   2.810275e-04   1.000000e+02
2.303363e-01   3.040317e-04   1.000000e+02
2.324697e-01   3.288481e-04   1.000000e+02
2.346229e-01   3.556093e-04   1.000000e+02
2.367960e-01   3.844561e-04   1.000000e+02
2.389893e-01   4.155382e-04   1.000000e+02
2.412028e-01   4.490147e-04   1.000000e+02
2.434369e-01   4.850542e-04   1.000000e+02
2.456916e-01   5.238352e-04   1.000000e+02
2.479673e-01   5.655469e-04   1.000000e+02
2.502640e-01   6.103890e-04   1.000000e+02
2.525820e-01   6.585754e-04   1.000000e+02
2.549215e-01   7.103414e-04   1.000000e+02
2.572826e-01   7.659394e-04   1.000000e+02
2.596656e-01   8.256391e-04   1.000000e+02
2.620707e-01   8.897288e-04   1.000000e+02
2.644980e-01   9.585163e-04   1.000000e+02
2.669478e-01   1.032330e-03   1.000000e+02
2.694204e-01   1.111522e-03   1.000000e+02
2.719158e-01   1.196467e-03   1.000000e+02
2.744343e-01   1.287567e-03   1.000000e+02
2.769762e-01   1.385248e-03   1.000000e+02
2.795416e-01   1.489970e-03   1.000000e+02
2.821308e-01   1.602220e-03   1.000000e+02
2.847439e-01   1.722522e-03   1.000000e+02
2.873813e-01   1.851433e-03   1.000000e+02
2.900430e-01   1.989551e-03   1.000000e+02
2.927295e-01   2.137513e-03   1.000000e+02
2.954408e-01   2.295999e-03   1.000000e+02
2.981772e-01   2.465740e-03   1.000000e+02
3.009390e-01   2.647514e-03   1.000000e+02
3.037264e-01   2.842138e-03   1.000000e+02
3.065395e-01   3.050463e-03   1.000000e+02
3.093788e-01   3.273387e-03   1.000000e+02
3.122443e-01   3.511859e-03   1.000000e+02
3.151363e-01   3.766885e-03   1.000000e+02
3.180552e-01   4.039526e-03   1.000000e+02
3.210011e-01   4.330903e-03   1.000000e+02
3.239743e-01   4.642201e-03   1.000000e+02
3.269750e-01   4.974666e-03   1.000000e+02
3.300035e-01   5.329616e-03   1.000000e+02
3.330600e-01   5.708435e-03   1.000000e+02
3.361449e-01   6.112581e-03   1.000000e+02
3.392583e-01   6.543588e-03   1.000000e+02
3.424006e-01   7.003067e-03   1.000000e+02
3.455720e-01   7.492710e-03   1.000000e+02
3.487727e-01   8.014292e-03   1.000000e+02
3.520031e-01   8.569680e-03   1.000000e+02
3.552635e-01   9.160925e-03   1.000000e+02
3.585540e-01   9.790270e-03   1.000000e+02
3.618750e-01   1.046011e-02   1.000000e+02
3.652267e-01   1.117299e-02   1.000000e+02
3.686095e-01   1.193162e-02   1.000000e+02
3.720237e-01   1.273890e-02   1.000000e+02
3.754694e-01   1.359792e-02   1.000000e+02
3.789471e-01   1.451198e-02   1.000000e+02
3.824570e-01   1.548458e-02   1.000000e+02
3.859994e-01   1.651949e-02   1.000000e+02
3.895746e-01   1.762072e-02   1.000000e+02
3.931829e-01   1.879256e-02   1.000000e+02
3.968246e-01   2.003959e-02   1.000000e+02
4.005001e-01   2.136673e-02   1.000000e+02
4.042096e-01   2.277904e-02   1.000000e+02
4.079535e-01   2.428145e-02   1.000000e+02
4.117320e-01   2.587900e-02   1.000000e+02
4.155455e-01   2.757692e-02   1.000000e+02
4.193944e-01   2.938066e-02   1.000000e+02
4.232789e-01   3.129585e-02   1.000000e+02
4.271994e-01   3.332830e-02   1.000000e+02
4.311562e-01   3.548402e-02   1.000000e+02
4.351497e-01   3.776918e-02   1.000000e+02
4.391801e-01   4.019013e-02   1.000000e+02
4.432479e-01   4.275335e-02   1.000000e+02
4.473533e-01   4.546548e-02   1.000000e+02
4.514968e-01   4.833329e-02   1.000000e+02
4.556786e-01   5.136439e-02   1.000000e+02
4.598992e-01   5.456782e-02   1.000000e+02
4.641589e-01   5.795328e-02   1.000000e+02
4.684580e-01   6.153107e-02   1.000000e+02
4.727970e-01   6.531218e-02   1.000000e+02
4.771761e-01   6.930830e-02   1.000000e+02
4.815958e-01   7.353192e-02   1.000000e+02
4.860564e-01   7.799635e-02   1.000000e+02
4.905584e-01   8.271582e-02   1.000000e+02
4.951020e-01   8.770552e-02   1.000000e+02
4.996877e-01   9.298170e-02   1.000000e+02
5.043159e-01   9.856146e-02   1.000000e+02
5.089870e-01   1.044615e-01   1.000000e+02
5.137014e-01   1.106987e-01   1.000000e+02
5.184594e-01   1.172910e-01   1.000000e+02
5.232614e-01   1.242570e-01   1.000000e+02
5.281080e-01   1.316162e-01   1.000000e+02
5.329994e-01   1.393888e-01   1.000000e+02
5.379362e-01   1.475962e-01   1.000000e+02
5.429186e-01   1.562605e-01   1.000000e+02
5.479472e-01   1.654049e-01   1.000000e+02
5.530224e-01   1.750535e-01   1.000000e+02
5.581446e-01   1.852313e-01   1.000000e+02
5.633143e-01   1.959647e-01   1.000000e+02
5.685318e-01   2.072809e-01   1.000000e+02
5.737976e-01   2.192082e-01   1.000000e+02
5.791123e-01   2.317761e-01   1.000000e+02
5.844761e-01   2.450151e-01   1.000000e+02
5.898896e-01   2.589572e-01   1.000000e+02
5.953533e-01   2.736352e-01   1.000000e+02
6.008676e-01   2.890834e-01   1.000000e+02
6.064329e-01   3.053378e-01   1.000000e+02
6.120498e-01   3.224366e-01   1.000000e+02
6.177188e-01   3.404205e-01   1.000000e+02
6.234402e-01   3.593314e-01   1.000000e+02
6.292146e-01   3.792134e-01   1.000000e+02
6.350425e-01   4.001124e-01   1.000000e+02
6.409244e-01   4.220762e-01   1.000000e+02
6.468608e-01   4.451549e-01   1.000000e+02
6.528521e-01   4.694007e-01   1.000000e+02
6.588990e-01   4.948678e-01   1.000000e+02
6.650018e-01   5.216132e-01   1.000000e+02
6.711612e-01   5.496959e-01   1.000000e+02
6.773776e-01   5.791776e-01   1.000000e+02
6.836516e-01   6.101229e-01   1.000000e+02
6.899837e-01   6.425987e-01   1.000000e+02
6.963745e-01   6.766751e-01   1.000000e+02
7.028244e-01   7.124249e-01   1.000000e+02
7.093341e-01   7.499235e-01   1.000000e+02
7.159041e-01   7.892484e-01   1.000000e+02
7.225349e-01   8.304799e-01   1.000000e+02
7.292272e-01   8.737016e-01   1.000000e+02
7.359814e-01   9.190000e-01   1.000000e+02
7.427982e-01   9.664652e-01   1.000000e+02
7.496782e-01   1.016190e+00   1.000000e+02
7.566219e-01   1.068272e+00   1.000000e+02
7.636298e-01   1.122811e+00   1.000000e+02
7.707027e-01   1.179910e+00   1.000000e+02
7.778411e-01   1.239678e+00   1.000000e+02
7.850456e-01   1.302225e+00   1.000000e+02
7.923169e-01   1.367668e+00   1.000000e+02
7.996555e-01   1.436126e+00   1.000000e+02
8.070620e-01   1.507722e+00   1.000000e+02
8.145372e-01   1.582585e+00   1.000000e+02
8.220816e-01   1.660850e+00   1.000000e+02
8.296959e-01   1.742655e+00   1.000000e+02
8.373807e-01   1.828142e+00   1.000000e+02
8.451366e-01   1.917461e+00   1.000000e+02
8.529644e-01   2.010765e+00   1.000000e+02
8.608648e-01   2.108213e+00   1.000000e+02
8.688383e-01   2.209969e+00   1.000000e+02
8.768856e-01   2.316203e+00   1.000000e+02
8.850075e-01   2.427091e+00   1.000000e+02
8.932046e-01   2.542814e+00   1.000000e+02
9.014776e-01   2.663561e+00   1.000000e+02
9.098273e-01   2.789523e+00   1.000000e+02
9.182543e-01   2.920898e+00   1.000000e+02
9.267593e-01   3.057889e+00   1.000000e+02
9.353432e-01   3.200705e+00   1.000000e+02
9.440065e-01   3.349559e+00   1.000000e+02
9.527500e-01   3.504673e+00   1.000000e+02
9.615746e-01   3.666274e+00   1.000000e+02
9.704809e-01   3.834596e+00   1.000000e+02
9.794697e-01   4.009878e+00   1.000000e+02
9.885417e-01   4.192367e+00   1.000000e+02
9.976978e-01   4.382317e+00   1.000000e+02
1.006939e+00   4.579986e+00   1.000000e+02
1.016265e+00   4.785646e+00   1.000000e+02
1.025678e+00   4.999575e+00   1.000000e+02
1.035178e+00   5.222061e+00   1.000000e+02
1.044766e+00   5.453398e+00   1.000000e+02
1.054443e+00   5.693889e+00   1.000000e+02
1.064209e+00   5.943846e+00   1.000000e+02
1.074066e+00   6.203589e+00   1.000000e+02
1.084014e+00   6.473445e+00   1.000000e+02
1.094055e+00   6.753752e+00   1.000000e+02
1.104188e+00   7.044855e+00   1.000000e+02
1.114415e+00   7.347109e+00   1.000000e+02
1.124737e+00   7.660878e+00   1.000000e+02
1.135155e+00   7.986535e+00   1.000000e+02
1.145669e+00   8.324462e+00   1.000000e+02
1.156280e+00   8.675050e+00   1.000000e+02
1.166990e+00   9.038701e+00   1.000000e+02
1.177799e+00   9.415826e+00   1.000000e+02
1.188708e+00   9.806846e+00   1.000000e+02
1.199718e+00   1.021219e+01   1.000000e+02
1.210830e+00   1.063230e+01   1.000000e+02
1.222045e+00   1.106763e+01   1.000000e+02
1.233363e+00   1.151864e+01   1.000000e+02
1.244787e+00   1.198580e+01   1.000000e+02
1.256317e+00   1.246959e+01   1.000000e+02
1.267953e+00   1.297053e+01   1.000000e+02
1.279697e+00   1.348916e+01   1.000000e+02
1.291550e+00   1.402605e+01   1.000000e+02
1.303512e+00   1.458178e+01   1.000000e+02
1.315586e+00   1.515695e+01   1.000000e+02
1.327771e+00   1.575218e+01   1.000000e+02
1.340069e+00   1.636811e+01   1.000000e+02
1.352481e+00   1.700540e+01   1.000000e+02
1.365008e+00   1.766475e+01   1.000000e+02
1.377651e+00   1.834684e+01   1.000000e+02
1.390411e+00   1.905241e+01   1.000000e+02
1.403289e+00   1.978223e+01   1.000000e+02
1.416287e+00   2.053705e+01   1.000000e+02
1.429405e+00   2.131770e+01   1.000000e+02
1.442644e+00   2.212501e+01   1.000000e+02
1.456006e+00   2.295983e+01   1.000000e+02
1.469492e+00   2.382307e+01   1.000000e+02
1.483103e+00   2.471564e+01   1.000000e+02
1.496839e+00   2.563850e+01   1.000000e+02
1.510703e+00   2.659260e+01   1.000000e+02
1.524696e+00   2.757868e+01   1.000000e+02
1.538818e+00   2.859731e+01   1.000000e+02
1.553071e+00   2.964905e+01   1.000000e+02
1.567455e+00   3.073440e+01   1.000000e+02
1.581973e+00   3.185387e+01   1.000000e+02
1.596626e+00   3.300787e+01   1.000000e+02
1.611414e+00   3.419681e+01   1.000000e+02
1.626340e+00   3.542103e+01   1.000000e+02
1.641403e+00   3.668081e+01   1.000000e+02
1.656606e+00   3.797639e+01   1.000000e+02
1.671950e+00   3.930792e+01   1.000000e+02
1.687436e+00   4.067549e+01   1.000000e+02
1.703065e+00   4.207912e+01   1.000000e+02
1.718839e+00   4.351875e+01   1.000000e+02
1.734759e+00   4.499423e+01   1.000000e+02
1.750827e+00   4.650530e+01   1.000000e+02
1.767044e+00   4.805189e+01   1.000000e+02
1.783410e+00   4.963474e+01   1.000000e+02
1.799929e+00   5.125485e+01   1.000000e+02
1.816600e+00   5.291328e+01   1.000000e+02
1.833425e+00   5.461119e+01   1.000000e+02
1.850407e+00   5.634979e+01   1.000000e+02
1.867546e+00   5.813040e+01   1.000000e+02
1.884843e+00   5.995445e+01   1.000000e+02
1.902301e+00   6.182343e+01   1.000000e+02
1.919921e+00   6.373898e+01   1.000000e+02
1.937703e+00   6.570281e+01   1.000000e+02
1.955651e+00   6.771678e+01   1.000000e+02
1.973764e+00   6.978287e+01   1.000000e+02
1.992046e+00   7.190317e+01   1.000000e+02
2.010496e+00   7.407991e+01   1.000000e+02
2.029118e+00   7.631466e+01   1.000000e+02
2.047912e+00   7.860843e+01   1.000000e+02
2.066880e+00   8.096218e+01   1.000000e+02
2.086024e+00   8.337686e+01   1.000000e+02
2.105345e+00   8.585341e+01   1.000000e+02
2.124845e+00   8.839271e+01   1.000000e+02
2.144526e+00   9.099564e+01   1.000000e+02
2.164389e+00   9.366306e+01   1.000000e+02
2.184436e+00   9.639578e+01   1.000000e+02
2.204669e+00   9.919458e+01   1.000000e+02
2.225089e+00   1.020602e+02   1.000000e+02
2.245698e+00   1.049934e+02   1.000000e+02
2.266498e+00   1.079947e+02   1.000000e+02
2.287491e+00   1.110649e+02   1.000000e+02
2.308678e+00   1.142044e+02   1.000000e+02
2.330061e+00   1.174138e+02   1.000000e+02
2.351643e+00   1.206936e+02   1.000000e+02
2.373424e+00   1.240441e+02   1.000000e+02
2.395407e+00   1.274656e+02   1.000000e+02
2.417594e+00   1.309585e+02   1.000000e+02
2.439986e+00   1.345228e+02   1.000000e+02
2.462586e+00   1.381588e+02   1.000000e+02
2.485395e+00   1.418665e+02   1.000000e+02
2.508415e+00   1.456458e+02   1.000000e+02
2.531648e+00   1.494969e+02   1.000000e+02
2.555097e+00   1.534206e+02   1.000000e+02
2.578763e+00   1.574174e+02   1.000000e+02
2.602648e+00   1.614883e+02   1.000000e+02
2.626754e+00   1.656337e+02   1.000000e+02
2.651084e+00   1.698546e+02   1.000000e+02
2.675638e+00   1.741516e+02   1.000000e+02
2.700421e+00   1.785254e+02   1.000000e+02
2.725433e+00   1.829767e+02   1.000000e+02
2.750676e+00   1.875063e+02   1.000000e+02
2.776153e+00   1.921150e+02   1.000000e+02
2.801867e+00   1.968034e+02   1.000000e+02
2.827818e+00   2.015723e+02   1.000000e+02
2.854010e+00   2.064225e+02   1.000000e+02
2.880444e+00   2.113548e+02   1.000000e+02
2.907123e+00   2.163698e+02   1.000000e+02
2.934050e+00   2.214685e+02   1.000000e+02
2.961225e+00   2.266515e+02   1.000000e+02
2.988653e+00   2.319197e+02   1.000000e+02
3.016334e+00   2.372739e+02   1.000000e+02
3.044272e+00   2.427146e+02   1.000000e+02
3.072469e+00   2.482422e+02   1.000000e+02
3.100927e+00   2.538570e+02   1.000000e+02
3.129648e+00   2.595591e+02   1.000000e+02
3.158635e+00   2.653489e+02   1.000000e+02
3.187891e+00   2.712265e+02   1.000000e+02
3.217418e+00   2.771921e+02   1.000000e+02
3.247218e+00   2.832458e+02   1.000000e+02
3.277295e+00   2.893876e+02   1.000000e+02
3.307650e+00   2.956177e+02   1.000000e+02
3.338286e+00   3.019360e+02   1.000000e+02
3.369206e+00   3.083425e+02   1.000000e+02
3.400412e+00   3.148371e+02   1.000000e+02
3.431907e+00   3.214197e+02   1.000000e+02
3.463694e+00   3.280901e+02   1.000000e+02
3.495776e+00   3.348482e+02   1.000000e+02
3.528154e+00   3.416938e+02   1.000000e+02
3.560833e+00   3.486267e+02   1.000000e+02
3.593814e+00   3.556469e+02   1.000000e+02
3.627100e+00   3.627544e+02   1.000000e+02
3.660695e+00   3.699491e+02   1.000000e+02
3.694601e+00   3.772308e+02   1.000000e+02
3.728821e+00   3.845995e+02   1.000000e+02
3.763358e+00   3.920550e+02   1.000000e+02
3.798215e+00   3.995971e+02   1.000000e+02
3.833395e+00   4.072256e+02   1.000000e+02
3.868901e+00   4.149403e+02   1.000000e+02
3.904735e+00   4.227410e+02   1.000000e+02
3.940902e+00   4.306274e+02   1.000000e+02
3.977403e+00   4.385992e+02   1.000000e+02
4.014242e+00   4.466561e+02   1.000000e+02
4.051423e+00   4.547978e+02   1.000000e+02
4.088948e+00   4.630239e+02   1.000000e+02
4.126821e+00   4.713338e+02   1.000000e+02
4.165044e+00   4.797271e+02   1.000000e+02
4.203622e+00   4.882033e+02   1.000000e+02
4.242556e+00   4.967619e+02   1.000000e+02
4.281852e+00   5.054022e+02   1.000000e+02
4.321511e+00   5.141238e+02   1.000000e+02
4.361538e+00   5.229260e+02   1.000000e+02
4.401935e+00   5.318082e+02   1.000000e+02
4.442707e+00   5.407697e+02   1.000000e+02
4.483856e+00   5.498098e+02   1.000000e+02
4.525386e+00   5.589279e+02   1.000000e+02
4.567301e+00   5.681231e+02   1.000000e+02
4.609604e+00   5.773948e+02   1.000000e+02
4.652300e+00   5.867422e+02   1.000000e+02
4.695390e+00   5.961643e+02   1.000000e+02
4.738880e+00   6.056605e+02   1.000000e+02
4.782772e+00   6.152299e+02   1.000000e+02
4.827071e+00   6.248716e+02   1.000000e+02
4.871780e+00   6.345847e+02   1.000000e+02
4.916904e+00   6.443683e+02   1.000000e+02
4.962445e+00   6.542215e+02   1.000000e+02
5.008408e+00   6.641432e+02   1.000000e+02
5.054797e+00   6.741326e+02   1.000000e+02
5.101615e+00   6.841887e+02   1.000000e+02
5.148867e+00   6.943104e+02   1.000000e+02
5.196557e+00   7.044968e+02   1.000000e+02
5.244689e+00   7.147468e+02   1.000000e+02
5.293266e+00   7.250594e+02   1.000000e+02
5.342293e+00   7.354335e+02   1.000000e+02
5.391775e+00   7.458681e+02   1.000000e+02
5.441714e+00   7.563620e+02   1.000000e+02
5.492116e+00   7.669142e+02   1.000000e+02
5.542986e+00   7.775236e+02   1.000000e+02
5.594326e+00   7.881889e+02   1.000000e+02
5.646141e+00   7.989091e+02   1.000000e+02
5.698437e+00   8.096830e+02   1.000000e+02
5.751217e+00   8.205095e+02   1.000000e+02
5.804486e+00   8.313874e+02   1.000000e+02
5.858248e+00   8.423154e+02   1.000000e+02
5.912508e+00   8.532924e+02   1.000000e+02
5.967271e+00   8.643172e+02   1.000000e+02
6.022541e+00   8.753885e+02   1.000000e+02
6.078323e+00   8.865052e+02   1.000000e+02
6.134622e+00   8.976661e+02   1.000000e+02
6.191442e+00   9.088698e+02   1.000000e+02
6.248788e+00   9.201151e+02   1.000000e+02
6.306666e+00   9.314008e+02   1.000000e+02
6.365079e+00   9.427256e+02   1.000000e+02
6.424034e+00   9.540882e+02   1.000000e+02
6.483534e+00   9.654875e+02   1.000000e+02
6.543586e+00   9.769221e+02   1.000000e+02
6.604194e+00   9.883907e+02   1.000000e+02
6.665363e+00   9.998921e+02   1.000000e+02
6.727099e+00   1.011425e+03   1.000000e+02
6.789407e+00   1.022988e+03   1.000000e+02
6.852292e+00   1.034580e+03   1.000000e+02
6.915759e+00   1.046200e+03   1.000000e+02
6.979814e+00   1.057847e+03   1.000000e+02
7.044462e+00   1.069518e+03   1.000000e+02
7.109709e+00   1.081213e+03   1.000000e+02
7.175561e+00   1.092931e+03   1.000000e+02
7.242022e+00   1.104669e+03   1.000000e+02
7.309099e+00   1.116426e+03   1.000000e+02
7.376798e+00   1.128201e+03   1.000000e+02
7.445123e+00   1.139992e+03   1.000000e+02
7.514081e+00   1.151798e+03   1.000000e+02
7.583678e+00   1.163616e+03   1.000000e+02
7.653919e+00   1.175446e+03   1.000000e+02
7.724811e+00   1.187286e+03   1.000000e+02
7.796360e+00   1.199134e+03   1.000000e+02
7.868572e+00   1.210988e+03   1.000000e+02
7.941452e+00   1.222848e+03   1.000000e+02
8.015007e+00   1.234712e+03   1.000000e+02
8.089243e+00   1.246577e+03   1.000000e+02
8.164168e+00   1.258443e+03   1.000000e+02
8.239786e+00   1.270306e+03   1.000000e+02
8.316104e+00   1.282166e+03   1.000000e+02
8.393129e+00   1.294020e+03   1.000000e+02
8.470868e+00   1.305867e+03   1.000000e+02
8.549327e+00   1.317705e+03   1.000000e+02
8.628513e+00   1.329530e+03   1.000000e+02
8.708431e+00   1.341343e+03   1.000000e+02
8.789091e+00   1.353140e+03   1.000000e+02
8.870497e+00   1.364920e+03   1.000000e+02
8.952657e+00   1.376681e+03   1.000000e+02
9.035578e+00   1.388421e+03   1.000000e+02
9.119268e+00   1.400138e+03   1.000000e+02
9.203732e+00   1.411829e+03   1.000000e+02
9.288979e+00   1.423494e+03   1.000000e+02
9.375015e+00   1.435129e+03   1.000000e+02
9.461848e+00   1.446734e+03   1.000000e+02
9.549486e+00   1.458306e+03   1.000000e+02
9.637935e+00   1.469842e+03   1.000000e+02
9.727203e+00   1.481342e+03   1.000000e+02
9.817298e+00   1.492803e+03   1.000000e+02
9.908228e+00   1.504223e+03   1.000000e+02
1.000000e+01   1.515600e+03   1.000000e+02
