# Li9 + d > Li8 + t   [Li9_d__Li8_t]   ref=TALYS2, Koning et al. 2023
# detailed balance: alpha=0.7816 beta=0 gamma=-25.453  Q=2.1934
# T9                 rate                error
1.000000e-03   1.000000e-35   1.000000e+02
1.009262e-03   1.047881e-35   1.000000e+02
1.018610e-03   1.099755e-35   1.000000e+02
1.028045e-03   1.155991e-35   1.000000e+02
1.037567e-03   1.216996e-35   1.000000e+02
1.047177e-03   1.283224e-35   1.000000e+02
1.056876e-03   1.355181e-35   1.000000e+02
1.066665e-03   1.433426e-35   1.000000e+02
1.076545e-03   1.518586e-35   1.000000e+02
1.086516e-03   1.611356e-35   1.000000e+02
1.096579e-03   1.712513e-35   1.000000e+02
1.106736e-03   1.822926e-35   1.000000e+02
1.116987e-03   1.943567e-35   1.000000e+02
1.127333e-03   2.075521e-35   1.000000e+02
1.137774e-03   2.220008e-35   1.000000e+02
1.148312e-03   2.378394e-35   1.000000e+02
1.158948e-03   2.552217e-35   1.000000e+02
1.169683e-03   2.743203e-35   1.000000e+02
1.180517e-03   2.953299e-35   1.000000e+02
1.191451e-03   3.184696e-35   1.000000e+02
1.202486e-03   3.439872e-35   1.000000e+02
1.213624e-03   3.721624e-35   1.000000e+02
1.224865e-03   4.033119e-35   1.000000e+02
1.236210e-03   4.377942e-35   1.000000e+02
1.247660e-03   4.760164e-35   1.000000e+02
1.259216e-03   5.184407e-35   1.000000e+02
1.270879e-03   5.655926e-35   1.000000e+02
1.282650e-03   6.180708e-35   1.000000e+02
1.294530e-03   6.765578e-35   1.000000e+02
1.306520e-03   7.418328e-35   1.000000e+02
1.318621e-03   8.147868e-35   1.000000e+02
1.330835e-03   8.964396e-35   1.000000e+02
1.343161e-03   9.879604e-35   1.000000e+02
1.355602e-03   1.090691e-34   1.000000e+02
1.368158e-03   1.206174e-34   1.000000e+02
1.380830e-03   1.336186e-34   1.000000e+02
1.393619e-03   1.482772e-34   1.000000e+02
1.406527e-03   1.648294e-34   1.000000e+02
1.419555e-03   1.835484e-34   1.000000e+02
1.432703e-03   2.047501e-34   1.000000e+02
1.445973e-03   2.288008e-34   1.000000e+02
1.459366e-03   2.561258e-34   1.000000e+02
1.472883e-03   2.872194e-34   1.000000e+02
1.486525e-03   3.226570e-34   1.000000e+02
1.500293e-03   3.631096e-34   1.000000e+02
1.514189e-03   4.093605e-34   1.000000e+02
1.528214e-03   4.623257e-34   1.000000e+02
1.542369e-03   5.230779e-34   1.000000e+02
1.556654e-03   5.928751e-34   1.000000e+02
1.571072e-03   6.731951e-34   1.000000e+02
1.585624e-03   7.657761e-34   1.000000e+02
1.600310e-03   8.726662e-34   1.000000e+02
1.615133e-03   9.962822e-34   1.000000e+02
1.630092e-03   1.139480e-33   1.000000e+02
1.645191e-03   1.305640e-33   1.000000e+02
1.660429e-03   1.498770e-33   1.000000e+02
1.675808e-03   1.723628e-33   1.000000e+02
1.691330e-03   1.985874e-33   1.000000e+02
1.706995e-03   2.292247e-33   1.000000e+02
1.722805e-03   2.650789e-33   1.000000e+02
1.738762e-03   3.071110e-33   1.000000e+02
1.754867e-03   3.564710e-33   1.000000e+02
1.771121e-03   4.145377e-33   1.000000e+02
1.787526e-03   4.829667e-33   1.000000e+02
1.804082e-03   5.637493e-33   1.000000e+02
1.820792e-03   6.592843e-33   1.000000e+02
1.837656e-03   7.724667e-33   1.000000e+02
1.854677e-03   9.067955e-33   1.000000e+02
1.871855e-03   1.066507e-32   1.000000e+02
1.889193e-03   1.256741e-32   1.000000e+02
1.906691e-03   1.483737e-32   1.000000e+02
1.924351e-03   1.755093e-32   1.000000e+02
1.942175e-03   2.080068e-32   1.000000e+02
1.960163e-03   2.469968e-32   1.000000e+02
1.978319e-03   2.938624e-32   1.000000e+02
1.996642e-03   3.502982e-32   1.000000e+02
2.015136e-03   4.183841e-32   1.000000e+02
2.033800e-03   5.006777e-32   1.000000e+02
2.052638e-03   6.003291e-32   1.000000e+02
2.071650e-03   7.212253e-32   1.000000e+02
2.090838e-03   8.681710e-32   1.000000e+02
2.110203e-03   1.047116e-31   1.000000e+02
2.129749e-03   1.265440e-31   1.000000e+02
2.149475e-03   1.532314e-31   1.000000e+02
2.169384e-03   1.859158e-31   1.000000e+02
2.189477e-03   2.260211e-31   1.000000e+02
2.209756e-03   2.753268e-31   1.000000e+02
2.230223e-03   3.360600e-31   1.000000e+02
2.250880e-03   4.110139e-31   1.000000e+02
2.271728e-03   5.036976e-31   1.000000e+02
2.292769e-03   6.185275e-31   1.000000e+02
2.314005e-03   7.610733e-31   1.000000e+02
2.335438e-03   9.383708e-31   1.000000e+02
2.357069e-03   1.159325e-30   1.000000e+02
2.378901e-03   1.435230e-30   1.000000e+02
2.400935e-03   1.780431e-30   1.000000e+02
2.423173e-03   2.213189e-30   1.000000e+02
2.445617e-03   2.756792e-30   1.000000e+02
2.468268e-03   3.440996e-30   1.000000e+02
2.491130e-03   4.303888e-30   1.000000e+02
2.514203e-03   5.394323e-30   1.000000e+02
2.537490e-03   6.775078e-30   1.000000e+02
2.560993e-03   8.526984e-30   1.000000e+02
2.584714e-03   1.075431e-29   1.000000e+02
2.608654e-03   1.359184e-29   1.000000e+02
2.632815e-03   1.721411e-29   1.000000e+02
2.657201e-03   2.184761e-29   1.000000e+02
2.681813e-03   2.778680e-29   1.000000e+02
2.706652e-03   3.541529e-29   1.000000e+02
2.731722e-03   4.523380e-29   1.000000e+02
2.757023e-03   5.789722e-29   1.000000e+02
2.782559e-03   7.426375e-29   1.000000e+02
2.808332e-03   9.546035e-29   1.000000e+02
2.834343e-03   1.229698e-28   1.000000e+02
2.860596e-03   1.587469e-28   1.000000e+02
2.887091e-03   2.053743e-28   1.000000e+02
2.913832e-03   2.662706e-28   1.000000e+02
2.940820e-03   3.459703e-28   1.000000e+02
2.968059e-03   4.505005e-28   1.000000e+02
2.995549e-03   5.878884e-28   1.000000e+02
3.023295e-03   7.688746e-28   1.000000e+02
3.051297e-03   1.008085e-27   1.000000e+02
3.079559e-03   1.325500e-27   1.000000e+02
3.108082e-03   1.748496e-27   1.000000e+02
3.136870e-03   2.314793e-27   1.000000e+02
3.165924e-03   3.076685e-27   1.000000e+02
3.195248e-03   4.107126e-27   1.000000e+02
3.224842e-03   5.508557e-27   1.000000e+02
3.254712e-03   7.425797e-27   1.000000e+02
3.284857e-03   1.006501e-26   1.000000e+02
3.315282e-03   1.372185e-26   1.000000e+02
3.345989e-03   1.882341e-26   1.000000e+02
3.376980e-03   2.599155e-26   1.000000e+02
3.408259e-03   3.613889e-26   1.000000e+02
3.439826e-03   5.061592e-26   1.000000e+02
3.471687e-03   7.143805e-26   1.000000e+02
3.503842e-03   1.016396e-25   1.000000e+02
3.536296e-03   1.458304e-25   1.000000e+02
3.569049e-03   2.110791e-25   1.000000e+02
3.602107e-03   3.083298e-25   1.000000e+02
3.635470e-03   4.546942e-25   1.000000e+02
3.669142e-03   6.772012e-25   1.000000e+02
3.703127e-03   1.018992e-24   1.000000e+02
3.737426e-03   1.549672e-24   1.000000e+02
3.772042e-03   2.382787e-24   1.000000e+02
3.806980e-03   3.705677e-24   1.000000e+02
3.842241e-03   5.831063e-24   1.000000e+02
3.877828e-03   9.287232e-24   1.000000e+02
3.913746e-03   1.497766e-23   1.000000e+02
3.949995e-03   2.446704e-23   1.000000e+02
3.986581e-03   4.050041e-23   1.000000e+02
4.023506e-03   6.795209e-23   1.000000e+02
4.060772e-03   1.154703e-22   1.000000e+02
4.098384e-03   1.984240e-22   1.000000e+02
4.136344e-03   3.442701e-22   1.000000e+02
4.174655e-03   6.021592e-22   1.000000e+02
4.213322e-03   1.060121e-21   1.000000e+02
4.252346e-03   1.875670e-21   1.000000e+02
4.291732e-03   3.329970e-21   1.000000e+02
4.331483e-03   5.922866e-21   1.000000e+02
4.371602e-03   1.053796e-20   1.000000e+02
4.412093e-03   1.872576e-20   1.000000e+02
4.452959e-03   3.318227e-20   1.000000e+02
4.494203e-03   5.854390e-20   1.000000e+02
4.535829e-03   1.026813e-19   1.000000e+02
4.577841e-03   1.787559e-19   1.000000e+02
4.620241e-03   3.083998e-19   1.000000e+02
4.663035e-03   5.264751e-19   1.000000e+02
4.706225e-03   8.879261e-19   1.000000e+02
4.749815e-03   1.477190e-18   1.000000e+02
4.793808e-03   2.420368e-18   1.000000e+02
4.838210e-03   3.899758e-18   1.000000e+02
4.883022e-03   6.169220e-18   1.000000e+02
4.928250e-03   9.567189e-18   1.000000e+02
4.973896e-03   1.452196e-17   1.000000e+02
5.019965e-03   2.154252e-17   1.000000e+02
5.066461e-03   3.122703e-17   1.000000e+02
5.113388e-03   4.429586e-17   1.000000e+02
5.160749e-03   6.158444e-17   1.000000e+02
5.208549e-03   8.404869e-17   1.000000e+02
5.256791e-03   1.127768e-16   1.000000e+02
5.305481e-03   1.490098e-16   1.000000e+02
5.354621e-03   1.941746e-16   1.000000e+02
5.404216e-03   2.499364e-16   1.000000e+02
5.454271e-03   3.182755e-16   1.000000e+02
5.504790e-03   4.015967e-16   1.000000e+02
5.555776e-03   5.028833e-16   1.000000e+02
5.607235e-03   6.259091e-16   1.000000e+02
5.659170e-03   7.755311e-16   1.000000e+02
5.711586e-03   9.580935e-16   1.000000e+02
5.764488e-03   1.181991e-15   1.000000e+02
5.817880e-03   1.458461e-15   1.000000e+02
5.871766e-03   1.802714e-15   1.000000e+02
5.926152e-03   2.235563e-15   1.000000e+02
5.981041e-03   2.785814e-15   1.000000e+02
6.036439e-03   3.493449e-15   1.000000e+02
6.092349e-03   4.409475e-15   1.000000e+02
6.148778e-03   5.598677e-15   1.000000e+02
6.205729e-03   7.146270e-15   1.000000e+02
6.263207e-03   9.164283e-15   1.000000e+02
6.321218e-03   1.179973e-14   1.000000e+02
6.379767e-03   1.524508e-14   1.000000e+02
6.438857e-03   1.975152e-14   1.000000e+02
6.498495e-03   2.564570e-14   1.000000e+02
6.558686e-03   3.335040e-14   1.000000e+02
6.619433e-03   4.340995e-14   1.000000e+02
6.680744e-03   5.652090e-14   1.000000e+02
6.742622e-03   7.356813e-14   1.000000e+02
6.805074e-03   9.566669e-14   1.000000e+02
6.868104e-03   1.242086e-13   1.000000e+02
6.931717e-03   1.609133e-13   1.000000e+02
6.995920e-03   2.078792e-13   1.000000e+02
7.060718e-03   2.676608e-13   1.000000e+02
7.126115e-03   3.434887e-13   1.000000e+02
7.192119e-03   4.394015e-13   1.000000e+02
7.258734e-03   5.604011e-13   1.000000e+02
7.325965e-03   7.126755e-13   1.000000e+02
7.393820e-03   9.038729e-13   1.000000e+02
7.462303e-03   1.143438e-12   1.000000e+02
7.531420e-03   1.443028e-12   1.000000e+02
7.601178e-03   1.817026e-12   1.000000e+02
7.671581e-03   2.283171e-12   1.000000e+02
7.742637e-03   2.863347e-12   1.000000e+02
7.814351e-03   3.584553e-12   1.000000e+02
7.886729e-03   4.480109e-12   1.000000e+02
7.959777e-03   5.591158e-12   1.000000e+02
8.033502e-03   6.968471e-12   1.000000e+02
8.107910e-03   8.672264e-12   1.000000e+02
8.183007e-03   1.077163e-11   1.000000e+02
8.258799e-03   1.334662e-11   1.000000e+02
8.335294e-03   1.648880e-11   1.000000e+02
8.412497e-03   2.030120e-11   1.000000e+02
8.490415e-03   2.489753e-11   1.000000e+02
8.569055e-03   3.040042e-11   1.000000e+02
8.648423e-03   3.693847e-11   1.000000e+02
8.728527e-03   4.464173e-11   1.000000e+02
8.809372e-03   5.363557e-11   1.000000e+02
8.890966e-03   6.403267e-11   1.000000e+02
8.973316e-03   7.592313e-11   1.000000e+02
9.056428e-03   8.937077e-11   1.000000e+02
9.140311e-03   1.044998e-10   1.000000e+02
9.224970e-03   1.215208e-10   1.000000e+02
9.310413e-03   1.407084e-10   1.000000e+02
9.396648e-03   1.624218e-10   1.000000e+02
9.483682e-03   1.871299e-10   1.000000e+02
9.571522e-03   2.154452e-10   1.000000e+02
9.660175e-03   2.481677e-10   1.000000e+02
9.749649e-03   2.863442e-10   1.000000e+02
9.839952e-03   3.313493e-10   1.000000e+02
9.931092e-03   3.849981e-10   1.000000e+02
1.002308e-02   4.497008e-10   1.000000e+02
1.011591e-02   5.283811e-10   1.000000e+02
1.020961e-02   6.241747e-10   1.000000e+02
1.030417e-02   7.408335e-10   1.000000e+02
1.039961e-02   8.828990e-10   1.000000e+02
1.049593e-02   1.055839e-09   1.000000e+02
1.059315e-02   1.266197e-09   1.000000e+02
1.069126e-02   1.521746e-09   1.000000e+02
1.079029e-02   1.831641e-09   1.000000e+02
1.089023e-02   2.206564e-09   1.000000e+02
1.099110e-02   2.658833e-09   1.000000e+02
1.109290e-02   3.202802e-09   1.000000e+02
1.119564e-02   3.856906e-09   1.000000e+02
1.129934e-02   4.644092e-09   1.000000e+02
1.140400e-02   5.592400e-09   1.000000e+02
1.150962e-02   6.736189e-09   1.000000e+02
1.161623e-02   8.117678e-09   1.000000e+02
1.172382e-02   9.788899e-09   1.000000e+02
1.183241e-02   1.181417e-08   1.000000e+02
1.194200e-02   1.427325e-08   1.000000e+02
1.205261e-02   1.726530e-08   1.000000e+02
1.216424e-02   2.091150e-08   1.000000e+02
1.227691e-02   2.535884e-08   1.000000e+02
1.239062e-02   3.078770e-08   1.000000e+02
1.250539e-02   3.741958e-08   1.000000e+02
1.262121e-02   4.552659e-08   1.000000e+02
1.273811e-02   5.544290e-08   1.000000e+02
1.285610e-02   6.757902e-08   1.000000e+02
1.297517e-02   8.243912e-08   1.000000e+02
1.309535e-02   1.006429e-07   1.000000e+02
1.321664e-02   1.229575e-07   1.000000e+02
1.333906e-02   1.503319e-07   1.000000e+02
1.346261e-02   1.839391e-07   1.000000e+02
1.358730e-02   2.252300e-07   1.000000e+02
1.371315e-02   2.760007e-07   1.000000e+02
1.384016e-02   3.384766e-07   1.000000e+02
1.396835e-02   4.154166e-07   1.000000e+02
1.409773e-02   5.102436e-07   1.000000e+02
1.422830e-02   6.271968e-07   1.000000e+02
1.436009e-02   7.715295e-07   1.000000e+02
1.449310e-02   9.497599e-07   1.000000e+02
1.462733e-02   1.169978e-06   1.000000e+02
1.476281e-02   1.442229e-06   1.000000e+02
1.489955e-02   1.778988e-06   1.000000e+02
1.503755e-02   2.195760e-06   1.000000e+02
1.517683e-02   2.711819e-06   1.000000e+02
1.531740e-02   3.351159e-06   1.000000e+02
1.545928e-02   4.143642e-06   1.000000e+02
1.560246e-02   5.126451e-06   1.000000e+02
1.574698e-02   6.345901e-06   1.000000e+02
1.589283e-02   7.859705e-06   1.000000e+02
1.604003e-02   9.739801e-06   1.000000e+02
1.618860e-02   1.207579e-05   1.000000e+02
1.633854e-02   1.497914e-05   1.000000e+02
1.648987e-02   1.858861e-05   1.000000e+02
1.664260e-02   2.307701e-05   1.000000e+02
1.679675e-02   2.865943e-05   1.000000e+02
1.695232e-02   3.560364e-05   1.000000e+02
1.710934e-02   4.424288e-05   1.000000e+02
1.726781e-02   5.499179e-05   1.000000e+02
1.742775e-02   6.836613e-05   1.000000e+02
1.758917e-02   8.500730e-05   1.000000e+02
1.775208e-02   1.057126e-04   1.000000e+02
1.791650e-02   1.314728e-04   1.000000e+02
1.808245e-02   1.635186e-04   1.000000e+02
1.824993e-02   2.033821e-04   1.000000e+02
1.841897e-02   2.529727e-04   1.000000e+02
1.858957e-02   3.146666e-04   1.000000e+02
1.876175e-02   3.914217e-04   1.000000e+02
1.893552e-02   4.869199e-04   1.000000e+02
1.911091e-02   6.057448e-04   1.000000e+02
1.928792e-02   7.536027e-04   1.000000e+02
1.946656e-02   9.375983e-04   1.000000e+02
1.964687e-02   1.166579e-03   1.000000e+02
1.982884e-02   1.451560e-03   1.000000e+02
2.001250e-02   1.806263e-03   1.000000e+02
2.019786e-02   2.247722e-03   1.000000e+02
2.038493e-02   2.796894e-03   1.000000e+02
2.057374e-02   3.479612e-03   1.000000e+02
2.076430e-02   4.327690e-03   1.000000e+02
2.095662e-02   5.380238e-03   1.000000e+02
2.115073e-02   6.685228e-03   1.000000e+02
2.134663e-02   8.301366e-03   1.000000e+02
2.154435e-02   1.030033e-02   1.000000e+02
2.174389e-02   1.276938e-02   1.000000e+02
2.194529e-02   1.581450e-02   1.000000e+02
2.214855e-02   1.956398e-02   1.000000e+02
2.235370e-02   2.417267e-02   1.000000e+02
2.256074e-02   2.982680e-02   1.000000e+02
2.276970e-02   3.674963e-02   1.000000e+02
2.298060e-02   4.520774e-02   1.000000e+02
2.319345e-02   5.551823e-02   1.000000e+02
2.340827e-02   6.805666e-02   1.000000e+02
2.362508e-02   8.326593e-02   1.000000e+02
2.384390e-02   1.016658e-01   1.000000e+02
2.406475e-02   1.238634e-01   1.000000e+02
2.428764e-02   1.505639e-01   1.000000e+02
2.451260e-02   1.825818e-01   1.000000e+02
2.473964e-02   2.208527e-01   1.000000e+02
2.496878e-02   2.664439e-01   1.000000e+02
2.520005e-02   3.205736e-01   1.000000e+02
2.543346e-02   3.846815e-01   1.000000e+02
2.566903e-02   4.604536e-01   1.000000e+02
2.590678e-02   5.498456e-01   1.000000e+02
2.614673e-02   6.551265e-01   1.000000e+02
2.638891e-02   7.789304e-01   1.000000e+02
2.663333e-02   9.243160e-01   1.000000e+02
2.688001e-02   1.094838e+00   1.000000e+02
2.712898e-02   1.294633e+00   1.000000e+02
2.738025e-02   1.528514e+00   1.000000e+02
2.763385e-02   1.802097e+00   1.000000e+02
2.788980e-02   2.121935e+00   1.000000e+02
2.814812e-02   2.495688e+00   1.000000e+02
2.840884e-02   2.932327e+00   1.000000e+02
2.867196e-02   3.442371e+00   1.000000e+02
2.893753e-02   4.038177e+00   1.000000e+02
2.920556e-02   4.734292e+00   1.000000e+02
2.947606e-02   5.547865e+00   1.000000e+02
2.974908e-02   6.499162e+00   1.000000e+02
3.002462e-02   7.612174e+00   1.000000e+02
3.030271e-02   8.913805e+00   1.000000e+02
3.058338e-02   1.042967e+01   1.000000e+02
3.086665e-02   1.218528e+01   1.000000e+02
3.115254e-02   1.420574e+01   1.000000e+02
3.144108e-02   1.651429e+01   1.000000e+02
3.173230e-02   1.913063e+01   1.000000e+02
3.202621e-02   2.206870e+01   1.000000e+02
3.232284e-02   2.533421e+01   1.000000e+02
3.262222e-02   2.892187e+01   1.000000e+02
3.292437e-02   3.281246e+01   1.000000e+02
3.322933e-02   3.697001e+01   1.000000e+02
3.353710e-02   4.133938e+01   1.000000e+02
3.384773e-02   4.584446e+01   1.000000e+02
3.416123e-02   5.038758e+01   1.000000e+02
3.447764e-02   5.485027e+01   1.000000e+02
3.479698e-02   5.909598e+01   1.000000e+02
3.511928e-02   6.297467e+01   1.000000e+02
3.544456e-02   6.632966e+01   1.000000e+02
3.577285e-02   6.900629e+01   1.000000e+02
3.610419e-02   7.086204e+01   1.000000e+02
3.643859e-02   7.177740e+01   1.000000e+02
3.677609e-02   7.166647e+01   1.000000e+02
3.711672e-02   7.048612e+01   1.000000e+02
3.746050e-02   6.824259e+01   1.000000e+02
3.780747e-02   6.499454e+01   1.000000e+02
3.815765e-02   6.085169e+01   1.000000e+02
3.851107e-02   5.596906e+01   1.000000e+02
3.886777e-02   5.053683e+01   1.000000e+02
3.922777e-02   4.476696e+01   1.000000e+02
3.959110e-02   3.887783e+01   1.000000e+02
3.995780e-02   3.307853e+01   1.000000e+02
4.032790e-02   2.756363e+01   1.000000e+02
4.070142e-02   2.252765e+01   1.000000e+02
4.107841e-02   1.809707e+01   1.000000e+02
4.145888e-02   1.431981e+01   1.000000e+02
4.184289e-02   1.118475e+01   1.000000e+02
4.223044e-02   8.641704e+00   1.000000e+02
4.262159e-02   6.618813e+00   1.000000e+02
4.301636e-02   5.036076e+00   1.000000e+02
4.341478e-02   3.814693e+00   1.000000e+02
4.381690e-02   2.882741e+00   1.000000e+02
4.422274e-02   2.177982e+00   1.000000e+02
4.463234e-02   1.648653e+00   1.000000e+02
4.504573e-02   1.253009e+00   1.000000e+02
4.546295e-02   9.581924e-01   1.000000e+02
4.588404e-02   7.388371e-01   1.000000e+02
4.630903e-02   5.756597e-01   1.000000e+02
4.673795e-02   4.541798e-01   1.000000e+02
4.717085e-02   3.636289e-01   1.000000e+02
4.760775e-02   2.960610e-01   1.000000e+02
4.804870e-02   2.456518e-01   1.000000e+02
4.849374e-02   2.081606e-01   1.000000e+02
4.894290e-02   1.805263e-01   1.000000e+02
4.939622e-02   1.605720e-01   1.000000e+02
4.985373e-02   1.467945e-01   1.000000e+02
5.031549e-02   1.381941e-01   1.000000e+02
5.078152e-02   1.339048e-01   1.000000e+02
5.125187e-02   1.332821e-01   1.000000e+02
5.172657e-02   1.360033e-01   1.000000e+02
5.220568e-02   1.419912e-01   1.000000e+02
5.268921e-02   1.513703e-01   1.000000e+02
5.317723e-02   1.644447e-01   1.000000e+02
5.366977e-02   1.816904e-01   1.000000e+02
5.416687e-02   2.037554e-01   1.000000e+02
5.466857e-02   2.314645e-01   1.000000e+02
5.517492e-02   2.658218e-01   1.000000e+02
5.568596e-02   3.080066e-01   1.000000e+02
5.620174e-02   3.593568e-01   1.000000e+02
5.672229e-02   4.213282e-01   1.000000e+02
5.724766e-02   4.954237e-01   1.000000e+02
5.777790e-02   5.830789e-01   1.000000e+02
5.831305e-02   6.854960e-01   1.000000e+02
5.885316e-02   8.034193e-01   1.000000e+02
5.939827e-02   9.368543e-01   1.000000e+02
5.994843e-02   1.084743e+00   1.000000e+02
6.050368e-02   1.245033e+00   1.000000e+02
6.106408e-02   1.416628e+00   1.000000e+02
6.162966e-02   1.598897e+00   1.000000e+02
6.220049e-02   1.791199e+00   1.000000e+02
6.277660e-02   1.992944e+00   1.000000e+02
6.335805e-02   2.203650e+00   1.000000e+02
6.394488e-02   2.423014e+00   1.000000e+02
6.453715e-02   2.650964e+00   1.000000e+02
6.513491e-02   2.887720e+00   1.000000e+02
6.573820e-02   3.133854e+00   1.000000e+02
6.634708e-02   3.390345e+00   1.000000e+02
6.696160e-02   3.658637e+00   1.000000e+02
6.758181e-02   3.940705e+00   1.000000e+02
6.820777e-02   4.239131e+00   1.000000e+02
6.883952e-02   4.557188e+00   1.000000e+02
6.947713e-02   4.898952e+00   1.000000e+02
7.012064e-02   5.269436e+00   1.000000e+02
7.077011e-02   5.673490e+00   1.000000e+02
7.142559e-02   6.113719e+00   1.000000e+02
7.208715e-02   6.592366e+00   1.000000e+02
7.275484e-02   7.111637e+00   1.000000e+02
7.342870e-02   7.673647e+00   1.000000e+02
7.410882e-02   8.280372e+00   1.000000e+02
7.479523e-02   8.933575e+00   1.000000e+02
7.548799e-02   9.634737e+00   1.000000e+02
7.618718e-02   1.038497e+01   1.000000e+02
7.689284e-02   1.118492e+01   1.000000e+02
7.760503e-02   1.203470e+01   1.000000e+02
7.832383e-02   1.293371e+01   1.000000e+02
7.904928e-02   1.388061e+01   1.000000e+02
7.978145e-02   1.487315e+01   1.000000e+02
8.052040e-02   1.590797e+01   1.000000e+02
8.126619e-02   1.697900e+01   1.000000e+02
8.201889e-02   1.807761e+01   1.000000e+02
8.277857e-02   1.919315e+01   1.000000e+02
8.354528e-02   2.031298e+01   1.000000e+02
8.431909e-02   2.142241e+01   1.000000e+02
8.510007e-02   2.250483e+01   1.000000e+02
8.588829e-02   2.354188e+01   1.000000e+02
8.668380e-02   2.451377e+01   1.000000e+02
8.748668e-02   2.539964e+01   1.000000e+02
8.829700e-02   2.617817e+01   1.000000e+02
8.911482e-02   2.682813e+01   1.000000e+02
8.994022e-02   2.732916e+01   1.000000e+02
9.077327e-02   2.766912e+01   1.000000e+02
9.161402e-02   2.787138e+01   1.000000e+02
9.246257e-02   2.797276e+01   1.000000e+02
9.331898e-02   2.801210e+01   1.000000e+02
9.418332e-02   2.802908e+01   1.000000e+02
9.505566e-02   2.806369e+01   1.000000e+02
9.593608e-02   2.815614e+01   1.000000e+02
9.682466e-02   2.834741e+01   1.000000e+02
9.772147e-02   2.868042e+01   1.000000e+02
9.862658e-02   2.920176e+01   1.000000e+02
9.954008e-02   2.996426e+01   1.000000e+02
1.004620e-01   3.102878e+01   1.000000e+02
1.013925e-01   3.242888e+01   1.000000e+02
1.023317e-01   3.416560e+01   1.000000e+02
1.032795e-01   3.624059e+01   1.000000e+02
1.042361e-01   3.865541e+01   1.000000e+02
1.052015e-01   4.140888e+01   1.000000e+02
1.061759e-01   4.449429e+01   1.000000e+02
1.071593e-01   4.789632e+01   1.000000e+02
1.081519e-01   5.158775e+01   1.000000e+02
1.091536e-01   5.552608e+01   1.000000e+02
1.101646e-01   5.965041e+01   1.000000e+02
1.111850e-01   6.390507e+01   1.000000e+02
1.122148e-01   6.828856e+01   1.000000e+02
1.132541e-01   7.281230e+01   1.000000e+02
1.143031e-01   7.749239e+01   1.000000e+02
1.153618e-01   8.235009e+01   1.000000e+02
1.164303e-01   8.741244e+01   1.000000e+02
1.175087e-01   9.271284e+01   1.000000e+02
1.185971e-01   9.829180e+01   1.000000e+02
1.196956e-01   1.041979e+02   1.000000e+02
1.208042e-01   1.104854e+02   1.000000e+02
1.219231e-01   1.171858e+02   1.000000e+02
1.230524e-01   1.243144e+02   1.000000e+02
1.241921e-01   1.318851e+02   1.000000e+02
1.253424e-01   1.399103e+02   1.000000e+02
1.265034e-01   1.484003e+02   1.000000e+02
1.276751e-01   1.573629e+02   1.000000e+02
1.288576e-01   1.668033e+02   1.000000e+02
1.300511e-01   1.767228e+02   1.000000e+02
1.312557e-01   1.871196e+02   1.000000e+02
1.324714e-01   1.979886e+02   1.000000e+02
1.336984e-01   2.093205e+02   1.000000e+02
1.349367e-01   2.211009e+02   1.000000e+02
1.361865e-01   2.333097e+02   1.000000e+02
1.374479e-01   2.459207e+02   1.000000e+02
1.387210e-01   2.589011e+02   1.000000e+02
1.400058e-01   2.722109e+02   1.000000e+02
1.413026e-01   2.858270e+02   1.000000e+02
1.426114e-01   2.998233e+02   1.000000e+02
1.439323e-01   3.143159e+02   1.000000e+02
1.452654e-01   3.294430e+02   1.000000e+02
1.466109e-01   3.453675e+02   1.000000e+02
1.479688e-01   3.622796e+02   1.000000e+02
1.493393e-01   3.804013e+02   1.000000e+02
1.507225e-01   3.999842e+02   1.000000e+02
1.521186e-01   4.211789e+02   1.000000e+02
1.535275e-01   4.440116e+02   1.000000e+02
1.549495e-01   4.684910e+02   1.000000e+02
1.563847e-01   4.946103e+02   1.000000e+02
1.578331e-01   5.223426e+02   1.000000e+02
1.592950e-01   5.516373e+02   1.000000e+02
1.607704e-01   5.824198e+02   1.000000e+02
1.622595e-01   6.146719e+02   1.000000e+02
1.637624e-01   6.484463e+02   1.000000e+02
1.652792e-01   6.838003e+02   1.000000e+02
1.668101e-01   7.207925e+02   1.000000e+02
1.683551e-01   7.594831e+02   1.000000e+02
1.699144e-01   7.999336e+02   1.000000e+02
1.714882e-01   8.422069e+02   1.000000e+02
1.730766e-01   8.863677e+02   1.000000e+02
1.746796e-01   9.324817e+02   1.000000e+02
1.762975e-01   9.806165e+02   1.000000e+02
1.779304e-01   1.030841e+03   1.000000e+02
1.795785e-01   1.083225e+03   1.000000e+02
1.812418e-01   1.137843e+03   1.000000e+02
1.829205e-01   1.194791e+03   1.000000e+02
1.846147e-01   1.254181e+03   1.000000e+02
1.863246e-01   1.316133e+03   1.000000e+02
1.880504e-01   1.380777e+03   1.000000e+02
1.897922e-01   1.448255e+03   1.000000e+02
1.915501e-01   1.518715e+03   1.000000e+02
1.933242e-01   1.592322e+03   1.000000e+02
1.951148e-01   1.669250e+03   1.000000e+02
1.969220e-01   1.749689e+03   1.000000e+02
1.987460e-01   1.833843e+03   1.000000e+02
2.005868e-01   1.921931e+03   1.000000e+02
2.024447e-01   2.014166e+03   1.000000e+02
2.043197e-01   2.110727e+03   1.000000e+02
2.062122e-01   2.211797e+03   1.000000e+02
2.081222e-01   2.317562e+03   1.000000e+02
2.100498e-01   2.428218e+03   1.000000e+02
2.119953e-01   2.543964e+03   1.000000e+02
2.139589e-01   2.665006e+03   1.000000e+02
2.159406e-01   2.791555e+03   1.000000e+02
2.179407e-01   2.923827e+03   1.000000e+02
2.199593e-01   3.062047e+03   1.000000e+02
2.219966e-01   3.206442e+03   1.000000e+02
2.240528e-01   3.357247e+03   1.000000e+02
2.261280e-01   3.514702e+03   1.000000e+02
2.282224e-01   3.679051e+03   1.000000e+02
2.303363e-01   3.850545e+03   1.000000e+02
2.324697e-01   4.029438e+03   1.000000e+02
2.346229e-01   4.215990e+03   1.000000e+02
2.367960e-01   4.410465e+03   1.000000e+02
2.389893e-01   4.613132e+03   1.000000e+02
2.412028e-01   4.824262e+03   1.000000e+02
2.434369e-01   5.044130e+03   1.000000e+02
2.456916e-01   5.273015e+03   1.000000e+02
2.479673e-01   5.511197e+03   1.000000e+02
2.502640e-01   5.758959e+03   1.000000e+02
2.525820e-01   6.016600e+03   1.000000e+02
2.549215e-01   6.284470e+03   1.000000e+02
2.572826e-01   6.562938e+03   1.000000e+02
2.596656e-01   6.852387e+03   1.000000e+02
2.620707e-01   7.153212e+03   1.000000e+02
2.644980e-01   7.465825e+03   1.000000e+02
2.669478e-01   7.790651e+03   1.000000e+02
2.694204e-01   8.128131e+03   1.000000e+02
2.719158e-01   8.478723e+03   1.000000e+02
2.744343e-01   8.842902e+03   1.000000e+02
2.769762e-01   9.221159e+03   1.000000e+02
2.795416e-01   9.614005e+03   1.000000e+02
2.821308e-01   1.002197e+04   1.000000e+02
2.847439e-01   1.044561e+04   1.000000e+02
2.873813e-01   1.088548e+04   1.000000e+02
2.900430e-01   1.134219e+04   1.000000e+02
2.927295e-01   1.181634e+04   1.000000e+02
2.954408e-01   1.230859e+04   1.000000e+02
2.981772e-01   1.281958e+04   1.000000e+02
3.009390e-01   1.335002e+04   1.000000e+02
3.037264e-01   1.390058e+04   1.000000e+02
3.065395e-01   1.447189e+04   1.000000e+02
3.093788e-01   1.506459e+04   1.000000e+02
3.122443e-01   1.567933e+04   1.000000e+02
3.151363e-01   1.631676e+04   1.000000e+02
3.180552e-01   1.697757e+04   1.000000e+02
3.210011e-01   1.766242e+04   1.000000e+02
3.239743e-01   1.837200e+04   1.000000e+02
3.269750e-01   1.910700e+04   1.000000e+02
3.300035e-01   1.986813e+04   1.000000e+02
3.330600e-01   2.065609e+04   1.000000e+02
3.361449e-01   2.147160e+04   1.000000e+02
3.392583e-01   2.231536e+04   1.000000e+02
3.424006e-01   2.318811e+04   1.000000e+02
3.455720e-01   2.409055e+04   1.000000e+02
3.487727e-01   2.502343e+04   1.000000e+02
3.520031e-01   2.598746e+04   1.000000e+02
3.552635e-01   2.698356e+04   1.000000e+02
3.585540e-01   2.801280e+04   1.000000e+02
3.618750e-01   2.907628e+04   1.000000e+02
3.652267e-01   3.017517e+04   1.000000e+02
3.686095e-01   3.131068e+04   1.000000e+02
3.720237e-01   3.248408e+04   1.000000e+02
3.754694e-01   3.369669e+04   1.000000e+02
3.789471e-01   3.494992e+04   1.000000e+02
3.824570e-01   3.624520e+04   1.000000e+02
3.859994e-01   3.758407e+04   1.000000e+02
3.895746e-01   3.896810e+04   1.000000e+02
3.931829e-01   4.039898e+04   1.000000e+02
3.968246e-01   4.187845e+04   1.000000e+02
4.005001e-01   4.340835e+04   1.000000e+02
4.042096e-01   4.499039e+04   1.000000e+02
4.079535e-01   4.662578e+04   1.000000e+02
4.117320e-01   4.831560e+04   1.000000e+02
4.155455e-01   5.006090e+04   1.000000e+02
4.193944e-01   5.186271e+04   1.000000e+02
4.232789e-01   5.372199e+04   1.000000e+02
4.271994e-01   5.563965e+04   1.000000e+02
4.311562e-01   5.761655e+04   1.000000e+02
4.351497e-01   5.965348e+04   1.000000e+02
4.391801e-01   6.175116e+04   1.000000e+02
4.432479e-01   6.391022e+04   1.000000e+02
4.473533e-01   6.613123e+04   1.000000e+02
4.514968e-01   6.841465e+04   1.000000e+02
4.556786e-01   7.076148e+04   1.000000e+02
4.598992e-01   7.317362e+04   1.000000e+02
4.641589e-01   7.565315e+04   1.000000e+02
4.684580e-01   7.820227e+04   1.000000e+02
4.727970e-01   8.082330e+04   1.000000e+02
4.771761e-01   8.351869e+04   1.000000e+02
4.815958e-01   8.629103e+04   1.000000e+02
4.860564e-01   8.914306e+04   1.000000e+02
4.905584e-01   9.207766e+04   1.000000e+02
4.951020e-01   9.509791e+04   1.000000e+02
4.996877e-01   9.820703e+04   1.000000e+02
5.043159e-01   1.014083e+05   1.000000e+02
5.089870e-01   1.047040e+05   1.000000e+02
5.137014e-01   1.080965e+05   1.000000e+02
5.184594e-01   1.115880e+05   1.000000e+02
5.232614e-01   1.151807e+05   1.000000e+02
5.281080e-01   1.188769e+05   1.000000e+02
5.329994e-01   1.226788e+05   1.000000e+02
5.379362e-01   1.265887e+05   1.000000e+02
5.429186e-01   1.306090e+05   1.000000e+02
5.479472e-01   1.347419e+05   1.000000e+02
5.530224e-01   1.389897e+05   1.000000e+02
5.581446e-01   1.433547e+05   1.000000e+02
5.633143e-01   1.478393e+05   1.000000e+02
5.685318e-01   1.524458e+05   1.000000e+02
5.737976e-01   1.571765e+05   1.000000e+02
5.791123e-01   1.620337e+05   1.000000e+02
5.844761e-01   1.670197e+05   1.000000e+02
5.898896e-01   1.721368e+05   1.000000e+02
5.953533e-01   1.773872e+05   1.000000e+02
6.008676e-01   1.827732e+05   1.000000e+02
6.064329e-01   1.882971e+05   1.000000e+02
6.120498e-01   1.939620e+05   1.000000e+02
6.177188e-01   1.997706e+05   1.000000e+02
6.234402e-01   2.057260e+05   1.000000e+02
6.292146e-01   2.118313e+05   1.000000e+02
6.350425e-01   2.180897e+05   1.000000e+02
6.409244e-01   2.245043e+05   1.000000e+02
6.468608e-01   2.310783e+05   1.000000e+02
6.528521e-01   2.378152e+05   1.000000e+02
6.588990e-01   2.447183e+05   1.000000e+02
6.650018e-01   2.517910e+05   1.000000e+02
6.711612e-01   2.590368e+05   1.000000e+02
6.773776e-01   2.664593e+05   1.000000e+02
6.836516e-01   2.740622e+05   1.000000e+02
6.899837e-01   2.818492e+05   1.000000e+02
6.963745e-01   2.898241e+05   1.000000e+02
7.028244e-01   2.979907e+05   1.000000e+02
7.093341e-01   3.063529e+05   1.000000e+02
7.159041e-01   3.149142e+05   1.000000e+02
7.225349e-01   3.236783e+05   1.000000e+02
7.292272e-01   3.326490e+05   1.000000e+02
7.359814e-01   3.418300e+05   1.000000e+02
7.427982e-01   3.512250e+05   1.000000e+02
7.496782e-01   3.608380e+05   1.000000e+02
7.566219e-01   3.706727e+05   1.000000e+02
7.636298e-01   3.807331e+05   1.000000e+02
7.707027e-01   3.910230e+05   1.000000e+02
7.778411e-01   4.015465e+05   1.000000e+02
7.850456e-01   4.123075e+05   1.000000e+02
7.923169e-01   4.233101e+05   1.000000e+02
7.996555e-01   4.345584e+05   1.000000e+02
8.070620e-01   4.460563e+05   1.000000e+02
8.145372e-01   4.578084e+05   1.000000e+02
8.220816e-01   4.698188e+05   1.000000e+02
8.296959e-01   4.820921e+05   1.000000e+02
8.373807e-01   4.946326e+05   1.000000e+02
8.451366e-01   5.074450e+05   1.000000e+02
8.529644e-01   5.205338e+05   1.000000e+02
8.608648e-01   5.339037e+05   1.000000e+02
8.688383e-01   5.475592e+05   1.000000e+02
8.768856e-01   5.615052e+05   1.000000e+02
8.850075e-01   5.757465e+05   1.000000e+02
8.932046e-01   5.902878e+05   1.000000e+02
9.014776e-01   6.051342e+05   1.000000e+02
9.098273e-01   6.202904e+05   1.000000e+02
9.182543e-01   6.357615e+05   1.000000e+02
9.267593e-01   6.515522e+05   1.000000e+02
9.353432e-01   6.676676e+05   1.000000e+02
9.440065e-01   6.841126e+05   1.000000e+02
9.527500e-01   7.008923e+05   1.000000e+02
9.615746e-01   7.180118e+05   1.000000e+02
9.704809e-01   7.354762e+05   1.000000e+02
9.794697e-01   7.532907e+05   1.000000e+02
9.885417e-01   7.714603e+05   1.000000e+02
9.976978e-01   7.899905e+05   1.000000e+02
1.006939e+00   8.088865e+05   1.000000e+02
1.016265e+00   8.281535e+05   1.000000e+02
1.025678e+00   8.477968e+05   1.000000e+02
1.035178e+00   8.678219e+05   1.000000e+02
1.044766e+00   8.882340e+05   1.000000e+02
1.054443e+00   9.090386e+05   1.000000e+02
1.064209e+00   9.302411e+05   1.000000e+02
1.074066e+00   9.518469e+05   1.000000e+02
1.084014e+00   9.738616e+05   1.000000e+02
1.094055e+00   9.962907e+05   1.000000e+02
1.104188e+00   1.019140e+06   1.000000e+02
1.114415e+00   1.042414e+06   1.000000e+02
1.124737e+00   1.066120e+06   1.000000e+02
1.135155e+00   1.090262e+06   1.000000e+02
1.145669e+00   1.114847e+06   1.000000e+02
1.156280e+00   1.139880e+06   1.000000e+02
1.166990e+00   1.165367e+06   1.000000e+02
1.177799e+00   1.191314e+06   1.000000e+02
1.188708e+00   1.217726e+06   1.000000e+02
1.199718e+00   1.244609e+06   1.000000e+02
1.210830e+00   1.271969e+06   1.000000e+02
1.222045e+00   1.299812e+06   1.000000e+02
1.233363e+00   1.328143e+06   1.000000e+02
1.244787e+00   1.356969e+06   1.000000e+02
1.256317e+00   1.386296e+06   1.000000e+02
1.267953e+00   1.416131e+06   1.000000e+02
1.279697e+00   1.446483e+06   1.000000e+02
1.291550e+00   1.477363e+06   1.000000e+02
1.303512e+00   1.508781e+06   1.000000e+02
1.315586e+00   1.540746e+06   1.000000e+02
1.327771e+00   1.573270e+06   1.000000e+02
1.340069e+00   1.606364e+06   1.000000e+02
1.352481e+00   1.640038e+06   1.000000e+02
1.365008e+00   1.674306e+06   1.000000e+02
1.377651e+00   1.709180e+06   1.000000e+02
1.390411e+00   1.744671e+06   1.000000e+02
1.403289e+00   1.780794e+06   1.000000e+02
1.416287e+00   1.817561e+06   1.000000e+02
1.429405e+00   1.854987e+06   1.000000e+02
1.442644e+00   1.893087e+06   1.000000e+02
1.456006e+00   1.931875e+06   1.000000e+02
1.469492e+00   1.971366e+06   1.000000e+02
1.483103e+00   2.011578e+06   1.000000e+02
1.496839e+00   2.052526e+06   1.000000e+02
1.510703e+00   2.094227e+06   1.000000e+02
1.524696e+00   2.136683e+06   1.000000e+02
1.538818e+00   2.179893e+06   1.000000e+02
1.553071e+00   2.223853e+06   1.000000e+02
1.567455e+00   2.268559e+06   1.000000e+02
1.581973e+00   2.314003e+06   1.000000e+02
1.596626e+00   2.360180e+06   1.000000e+02
1.611414e+00   2.407080e+06   1.000000e+02
1.626340e+00   2.454695e+06   1.000000e+02
1.641403e+00   2.503013e+06   1.000000e+02
1.656606e+00   2.552022e+06   1.000000e+02
1.671950e+00   2.601709e+06   1.000000e+02
1.687436e+00   2.652058e+06   1.000000e+02
1.703065e+00   2.703053e+06   1.000000e+02
1.718839e+00   2.754675e+06   1.000000e+02
1.734759e+00   2.806905e+06   1.000000e+02
1.750827e+00   2.859721e+06   1.000000e+02
1.767044e+00   2.913108e+06   1.000000e+02
1.783410e+00   2.967081e+06   1.000000e+02
1.799929e+00   3.021661e+06   1.000000e+02
1.816600e+00   3.076873e+06   1.000000e+02
1.833425e+00   3.132742e+06   1.000000e+02
1.850407e+00   3.189294e+06   1.000000e+02
1.867546e+00   3.246559e+06   1.000000e+02
1.884843e+00   3.304567e+06   1.000000e+02
1.902301e+00   3.363349e+06   1.000000e+02
1.919921e+00   3.422942e+06   1.000000e+02
1.937703e+00   3.483380e+06   1.000000e+02
1.955651e+00   3.544703e+06   1.000000e+02
1.973764e+00   3.606950e+06   1.000000e+02
1.992046e+00   3.670165e+06   1.000000e+02
2.010496e+00   3.734391e+06   1.000000e+02
2.029118e+00   3.799654e+06   1.000000e+02
2.047912e+00   3.865961e+06   1.000000e+02
2.066880e+00   3.933319e+06   1.000000e+02
2.086024e+00   4.001734e+06   1.000000e+02
2.105345e+00   4.071213e+06   1.000000e+02
2.124845e+00   4.141762e+06   1.000000e+02
2.144526e+00   4.213385e+06   1.000000e+02
2.164389e+00   4.286088e+06   1.000000e+02
2.184436e+00   4.359875e+06   1.000000e+02
2.204669e+00   4.434750e+06   1.000000e+02
2.225089e+00   4.510716e+06   1.000000e+02
2.245698e+00   4.587776e+06   1.000000e+02
2.266498e+00   4.665933e+06   1.000000e+02
2.287491e+00   4.745187e+06   1.000000e+02
2.308678e+00   4.825539e+06   1.000000e+02
2.330061e+00   4.906992e+06   1.000000e+02
2.351643e+00   4.989542e+06   1.000000e+02
2.373424e+00   5.073191e+06   1.000000e+02
2.395407e+00   5.157936e+06   1.000000e+02
2.417594e+00   5.243775e+06   1.000000e+02
2.439986e+00   5.330704e+06   1.000000e+02
2.462586e+00   5.418720e+06   1.000000e+02
2.485395e+00   5.507817e+06   1.000000e+02
2.508415e+00   5.597991e+06   1.000000e+02
2.531648e+00   5.689241e+06   1.000000e+02
2.555097e+00   5.781578e+06   1.000000e+02
2.578763e+00   5.875011e+06   1.000000e+02
2.602648e+00   5.969553e+06   1.000000e+02
2.626754e+00   6.065214e+06   1.000000e+02
2.651084e+00   6.162005e+06   1.000000e+02
2.675638e+00   6.259939e+06   1.000000e+02
2.700421e+00   6.359027e+06   1.000000e+02
2.725433e+00   6.459282e+06   1.000000e+02
2.750676e+00   6.560717e+06   1.000000e+02
2.776153e+00   6.663343e+06   1.000000e+02
2.801867e+00   6.767174e+06   1.000000e+02
2.827818e+00   6.872224e+06   1.000000e+02
2.854010e+00   6.978507e+06   1.000000e+02
2.880444e+00   7.086036e+06   1.000000e+02
2.907123e+00   7.194825e+06   1.000000e+02
2.934050e+00   7.304891e+06   1.000000e+02
2.961225e+00   7.416247e+06   1.000000e+02
2.988653e+00   7.528909e+06   1.000000e+02
3.016334e+00   7.642894e+06   1.000000e+02
3.044272e+00   7.758211e+06   1.000000e+02
3.072469e+00   7.874868e+06   1.000000e+02
3.100927e+00   7.992871e+06   1.000000e+02
3.129648e+00   8.112228e+06   1.000000e+02
3.158635e+00   8.232944e+06   1.000000e+02
3.187891e+00   8.355025e+06   1.000000e+02
3.217418e+00   8.478479e+06   1.000000e+02
3.247218e+00   8.603309e+06   1.000000e+02
3.277295e+00   8.729523e+06   1.000000e+02
3.307650e+00   8.857126e+06   1.000000e+02
3.338286e+00   8.986122e+06   1.000000e+02
3.369206e+00   9.116517e+06   1.000000e+02
3.400412e+00   9.248315e+06   1.000000e+02
3.431907e+00   9.381521e+06   1.000000e+02
3.463694e+00   9.516140e+06   1.000000e+02
3.495776e+00   9.652175e+06   1.000000e+02
3.528154e+00   9.789631e+06   1.000000e+02
3.560833e+00   9.928514e+06   1.000000e+02
3.593814e+00   1.006883e+07   1.000000e+02
3.627100e+00   1.021059e+07   1.000000e+02
3.660695e+00   1.035380e+07   1.000000e+02
3.694601e+00   1.049846e+07   1.000000e+02
3.728821e+00   1.064459e+07   1.000000e+02
3.763358e+00   1.079219e+07   1.000000e+02
3.798215e+00   1.094126e+07   1.000000e+02
3.833395e+00   1.109182e+07   1.000000e+02
3.868901e+00   1.124387e+07   1.000000e+02
3.904735e+00   1.139742e+07   1.000000e+02
3.940902e+00   1.155247e+07   1.000000e+02
3.977403e+00   1.170904e+07   1.000000e+02
4.014242e+00   1.186712e+07   1.000000e+02
4.051423e+00   1.202673e+07   1.000000e+02
4.088948e+00   1.218787e+07   1.000000e+02
4.126821e+00   1.235054e+07   1.000000e+02
4.165044e+00   1.251475e+07   1.000000e+02
4.203622e+00   1.268050e+07   1.000000e+02
4.242556e+00   1.284779e+07   1.000000e+02
4.281852e+00   1.301663e+07   1.000000e+02
4.321511e+00   1.318701e+07   1.000000e+02
4.361538e+00   1.335896e+07   1.000000e+02
4.401935e+00   1.353245e+07   1.000000e+02
4.442707e+00   1.370751e+07   1.000000e+02
4.483856e+00   1.388412e+07   1.000000e+02
4.525386e+00   1.406230e+07   1.000000e+02
4.567301e+00   1.424204e+07   1.000000e+02
4.609604e+00   1.442335e+07   1.000000e+02
4.652300e+00   1.460622e+07   1.000000e+02
4.695390e+00   1.479067e+07   1.000000e+02
4.738880e+00   1.497668e+07   1.000000e+02
4.782772e+00   1.516426e+07   1.000000e+02
4.827071e+00   1.535341e+07   1.000000e+02
4.871780e+00   1.554414e+07   1.000000e+02
4.916904e+00   1.573643e+07   1.000000e+02
4.962445e+00   1.593030e+07   1.000000e+02
5.008408e+00   1.612573e+07   1.000000e+02
5.054797e+00   1.632274e+07   1.000000e+02
5.101615e+00   1.652131e+07   1.000000e+02
5.148867e+00   1.672145e+07   1.000000e+02
5.196557e+00   1.692315e+07   1.000000e+02
5.244689e+00   1.712642e+07   1.000000e+02
5.293266e+00   1.733124e+07   1.000000e+02
5.342293e+00   1.753762e+07   1.000000e+02
5.391775e+00   1.774555e+07   1.000000e+02
5.441714e+00   1.795503e+07   1.000000e+02
5.492116e+00   1.816605e+07   1.000000e+02
5.542986e+00   1.837862e+07   1.000000e+02
5.594326e+00   1.859272e+07   1.000000e+02
5.646141e+00   1.880835e+07   1.000000e+02
5.698437e+00   1.902551e+07   1.000000e+02
5.751217e+00   1.924419e+07   1.000000e+02
5.804486e+00   1.946438e+07   1.000000e+02
5.858248e+00   1.968608e+07   1.000000e+02
5.912508e+00   1.990929e+07   1.000000e+02
5.967271e+00   2.013399e+07   1.000000e+02
6.022541e+00   2.036018e+07   1.000000e+02
6.078323e+00   2.058784e+07   1.000000e+02
6.134622e+00   2.081699e+07   1.000000e+02
6.191442e+00   2.104759e+07   1.000000e+02
6.248788e+00   2.127965e+07   1.000000e+02
6.306666e+00   2.151315e+07   1.000000e+02
6.365079e+00   2.174809e+07   1.000000e+02
6.424034e+00   2.198445e+07   1.000000e+02
6.483534e+00   2.222222e+07   1.000000e+02
6.543586e+00   2.246140e+07   1.000000e+02
6.604194e+00   2.270196e+07   1.000000e+02
6.665363e+00   2.294391e+07   1.000000e+02
6.727099e+00   2.318722e+07   1.000000e+02
6.789407e+00   2.343188e+07   1.000000e+02
6.852292e+00   2.367788e+07   1.000000e+02
6.915759e+00   2.392521e+07   1.000000e+02
6.979814e+00   2.417385e+07   1.000000e+02
7.044462e+00   2.442379e+07   1.000000e+02
7.109709e+00   2.467501e+07   1.000000e+02
7.175561e+00   2.492749e+07   1.000000e+02
7.242022e+00   2.518123e+07   1.000000e+02
7.309099e+00   2.543619e+07   1.000000e+02
7.376798e+00   2.569236e+07   1.000000e+02
7.445123e+00   2.594973e+07   1.000000e+02
7.514081e+00   2.620827e+07   1.000000e+02
7.583678e+00   2.646797e+07   1.000000e+02
7.653919e+00   2.672879e+07   1.000000e+02
7.724811e+00   2.699073e+07   1.000000e+02
7.796360e+00   2.725377e+07   1.000000e+02
7.868572e+00   2.751787e+07   1.000000e+02
7.941452e+00   2.778302e+07   1.000000e+02
8.015007e+00   2.804919e+07   1.000000e+02
8.089243e+00   2.831636e+07   1.000000e+02
8.164168e+00   2.858451e+07   1.000000e+02
8.239786e+00   2.885360e+07   1.000000e+02
8.316104e+00   2.912360e+07   1.000000e+02
8.393129e+00   2.939448e+07   1.000000e+02
8.470868e+00   2.966622e+07   1.000000e+02
8.549327e+00   2.993878e+07   1.000000e+02
8.628513e+00   3.021213e+07   1.000000e+02
8.708431e+00   3.048623e+07   1.000000e+02
8.789091e+00   3.076106e+07   1.000000e+02
8.870497e+00   3.103657e+07   1.000000e+02
8.952657e+00   3.131273e+07   1.000000e+02
9.035578e+00   3.158952e+07   1.000000e+02
9.119268e+00   3.186688e+07   1.000000e+02
9.203732e+00   3.214479e+07   1.000000e+02
9.288979e+00   3.242320e+07   1.000000e+02
9.375015e+00   3.270208e+07   1.000000e+02
9.461848e+00   3.298139e+07   1.000000e+02
9.549486e+00   3.326109e+07   1.000000e+02
9.637935e+00   3.354114e+07   1.000000e+02
9.727203e+00   3.382150e+07   1.000000e+02
9.817298e+00   3.410212e+07   1.000000e+02
9.908228e+00   3.438297e+07   1.000000e+02
1.000000e+01   3.466400e+07   1.000000e+02
