# Be11 + t > B14 + g   [Be11_t__B14_g]   ref=TALYS2, Koning et al. 2023
# detailed balance: alpha=2.8807e+10 beta=1.5 gamma=-132.985  Q=11.4598
# T9                 rate                error
1.000000e-03   1.000000e-35   1.000000e+02
1.009262e-03   1.017922e-35   1.000000e+02
1.018610e-03   1.036067e-35   1.000000e+02
1.028045e-03   1.054447e-35   1.000000e+02
1.037567e-03   1.073073e-35   1.000000e+02
1.047177e-03   1.091960e-35   1.000000e+02
1.056876e-03   1.111122e-35   1.000000e+02
1.066665e-03   1.130574e-35   1.000000e+02
1.076545e-03   1.150332e-35   1.000000e+02
1.086516e-03   1.170412e-35   1.000000e+02
1.096579e-03   1.190832e-35   1.000000e+02
1.106736e-03   1.211612e-35   1.000000e+02
1.116987e-03   1.232771e-35   1.000000e+02
1.127333e-03   1.254329e-35   1.000000e+02
1.137774e-03   1.276308e-35   1.000000e+02
1.148312e-03   1.298732e-35   1.000000e+02
1.158948e-03   1.321625e-35   1.000000e+02
1.169683e-03   1.345012e-35   1.000000e+02
1.180517e-03   1.368920e-35   1.000000e+02
1.191451e-03   1.393376e-35   1.000000e+02
1.202486e-03   1.418411e-35   1.000000e+02
1.213624e-03   1.444056e-35   1.000000e+02
1.224865e-03   1.470343e-35   1.000000e+02
1.236210e-03   1.497307e-35   1.000000e+02
1.247660e-03   1.524984e-35   1.000000e+02
1.259216e-03   1.553411e-35   1.000000e+02
1.270879e-03   1.582630e-35   1.000000e+02
1.282650e-03   1.612681e-35   1.000000e+02
1.294530e-03   1.643609e-35   1.000000e+02
1.306520e-03   1.675461e-35   1.000000e+02
1.318621e-03   1.708286e-35   1.000000e+02
1.330835e-03   1.742136e-35   1.000000e+02
1.343161e-03   1.777065e-35   1.000000e+02
1.355602e-03   1.813131e-35   1.000000e+02
1.368158e-03   1.850394e-35   1.000000e+02
1.380830e-03   1.888918e-35   1.000000e+02
1.393619e-03   1.928772e-35   1.000000e+02
1.406527e-03   1.970026e-35   1.000000e+02
1.419555e-03   2.012755e-35   1.000000e+02
1.432703e-03   2.057040e-35   1.000000e+02
1.445973e-03   2.102966e-35   1.000000e+02
1.459366e-03   2.150620e-35   1.000000e+02
1.472883e-03   2.200099e-35   1.000000e+02
1.486525e-03   2.251501e-35   1.000000e+02
1.500293e-03   2.304934e-35   1.000000e+02
1.514189e-03   2.360510e-35   1.000000e+02
1.528214e-03   2.418349e-35   1.000000e+02
1.542369e-03   2.478577e-35   1.000000e+02
1.556654e-03   2.541330e-35   1.000000e+02
1.571072e-03   2.606751e-35   1.000000e+02
1.585624e-03   2.674993e-35   1.000000e+02
1.600310e-03   2.746217e-35   1.000000e+02
1.615133e-03   2.820598e-35   1.000000e+02
1.630092e-03   2.898318e-35   1.000000e+02
1.645191e-03   2.979575e-35   1.000000e+02
1.660429e-03   3.064578e-35   1.000000e+02
1.675808e-03   3.153550e-35   1.000000e+02
1.691330e-03   3.246732e-35   1.000000e+02
1.706995e-03   3.344377e-35   1.000000e+02
1.722805e-03   3.446759e-35   1.000000e+02
1.738762e-03   3.554170e-35   1.000000e+02
1.754867e-03   3.666923e-35   1.000000e+02
1.771121e-03   3.785354e-35   1.000000e+02
1.787526e-03   3.909821e-35   1.000000e+02
1.804082e-03   4.040709e-35   1.000000e+02
1.820792e-03   4.178434e-35   1.000000e+02
1.837656e-03   4.323439e-35   1.000000e+02
1.854677e-03   4.476201e-35   1.000000e+02
1.871855e-03   4.637236e-35   1.000000e+02
1.889193e-03   4.807095e-35   1.000000e+02
1.906691e-03   4.986375e-35   1.000000e+02
1.924351e-03   5.175716e-35   1.000000e+02
1.942175e-03   5.375812e-35   1.000000e+02
1.960163e-03   5.587410e-35   1.000000e+02
1.978319e-03   5.811315e-35   1.000000e+02
1.996642e-03   6.048401e-35   1.000000e+02
2.015136e-03   6.299609e-35   1.000000e+02
2.033800e-03   6.565959e-35   1.000000e+02
2.052638e-03   6.848558e-35   1.000000e+02
2.071650e-03   7.148601e-35   1.000000e+02
2.090838e-03   7.467389e-35   1.000000e+02
2.110203e-03   7.806330e-35   1.000000e+02
2.129749e-03   8.166954e-35   1.000000e+02
2.149475e-03   8.550928e-35   1.000000e+02
2.169384e-03   8.960059e-35   1.000000e+02
2.189477e-03   9.396320e-35   1.000000e+02
2.209756e-03   9.861856e-35   1.000000e+02
2.230223e-03   1.035901e-34   1.000000e+02
2.250880e-03   1.089033e-34   1.000000e+02
2.271728e-03   1.145861e-34   1.000000e+02
2.292769e-03   1.206690e-34   1.000000e+02
2.314005e-03   1.271854e-34   1.000000e+02
2.335438e-03   1.341716e-34   1.000000e+02
2.357069e-03   1.416677e-34   1.000000e+02
2.378901e-03   1.497176e-34   1.000000e+02
2.400935e-03   1.583694e-34   1.000000e+02
2.423173e-03   1.676759e-34   1.000000e+02
2.445617e-03   1.776952e-34   1.000000e+02
2.468268e-03   1.884912e-34   1.000000e+02
2.491130e-03   2.001344e-34   1.000000e+02
2.514203e-03   2.127023e-34   1.000000e+02
2.537490e-03   2.262806e-34   1.000000e+02
2.560993e-03   2.409637e-34   1.000000e+02
2.584714e-03   2.568560e-34   1.000000e+02
2.608654e-03   2.740733e-34   1.000000e+02
2.632815e-03   2.927433e-34   1.000000e+02
2.657201e-03   3.130080e-34   1.000000e+02
2.681813e-03   3.350245e-34   1.000000e+02
2.706652e-03   3.589676e-34   1.000000e+02
2.731722e-03   3.850314e-34   1.000000e+02
2.757023e-03   4.134318e-34   1.000000e+02
2.782559e-03   4.444095e-34   1.000000e+02
2.808332e-03   4.782324e-34   1.000000e+02
2.834343e-03   5.151999e-34   1.000000e+02
2.860596e-03   5.556460e-34   1.000000e+02
2.887091e-03   5.999446e-34   1.000000e+02
2.913832e-03   6.485137e-34   1.000000e+02
2.940820e-03   7.018222e-34   1.000000e+02
2.968059e-03   7.603955e-34   1.000000e+02
2.995549e-03   8.248240e-34   1.000000e+02
3.023295e-03   8.957750e-34   1.000000e+02
3.051297e-03   9.740300e-34   1.000000e+02
3.079559e-03   1.060489e-33   1.000000e+02
3.108082e-03   1.156181e-33   1.000000e+02
3.136870e-03   1.262281e-33   1.000000e+02
3.165924e-03   1.380135e-33   1.000000e+02
3.195248e-03   1.511289e-33   1.000000e+02
3.224842e-03   1.657521e-33   1.000000e+02
3.254712e-03   1.820878e-33   1.000000e+02
3.284857e-03   2.003724e-33   1.000000e+02
3.315282e-03   2.208794e-33   1.000000e+02
3.345989e-03   2.439259e-33   1.000000e+02
3.376980e-03   2.698800e-33   1.000000e+02
3.408259e-03   2.991704e-33   1.000000e+02
3.439826e-03   3.322972e-33   1.000000e+02
3.471687e-03   3.698450e-33   1.000000e+02
3.503842e-03   4.124990e-33   1.000000e+02
3.536296e-03   4.610638e-33   1.000000e+02
3.569049e-03   5.164865e-33   1.000000e+02
3.602107e-03   5.798850e-33   1.000000e+02
3.635470e-03   6.525813e-33   1.000000e+02
3.669142e-03   7.361429e-33   1.000000e+02
3.703127e-03   8.324333e-33   1.000000e+02
3.737426e-03   9.436728e-33   1.000000e+02
3.772042e-03   1.072514e-32   1.000000e+02
3.806980e-03   1.222136e-32   1.000000e+02
3.842241e-03   1.396353e-32   1.000000e+02
3.877828e-03   1.599763e-32   1.000000e+02
3.913746e-03   1.837915e-32   1.000000e+02
3.949995e-03   2.117532e-32   1.000000e+02
3.986581e-03   2.446773e-32   1.000000e+02
4.023506e-03   2.835562e-32   1.000000e+02
4.060772e-03   3.295759e-32   1.000000e+02
4.098384e-03   3.841564e-32   1.000000e+02
4.136344e-03   4.490161e-32   1.000000e+02
4.174655e-03   5.262378e-32   1.000000e+02
4.213322e-03   6.183488e-32   1.000000e+02
4.252346e-03   7.284191e-32   1.000000e+02
4.291732e-03   8.601824e-32   1.000000e+02
4.331483e-03   1.018184e-31   1.000000e+02
4.371602e-03   1.207962e-31   1.000000e+02
4.412093e-03   1.436272e-31   1.000000e+02
4.452959e-03   1.711361e-31   1.000000e+02
4.494203e-03   2.043305e-31   1.000000e+02
4.535829e-03   2.444423e-31   1.000000e+02
4.577841e-03   2.929786e-31   1.000000e+02
4.620241e-03   3.517848e-31   1.000000e+02
4.663035e-03   4.231213e-31   1.000000e+02
4.706225e-03   5.097583e-31   1.000000e+02
4.749815e-03   6.150924e-31   1.000000e+02
4.793808e-03   7.432897e-31   1.000000e+02
4.838210e-03   8.994615e-31   1.000000e+02
4.883022e-03   1.089880e-30   1.000000e+02
4.928250e-03   1.322244e-30   1.000000e+02
4.973896e-03   1.606004e-30   1.000000e+02
5.019965e-03   1.952760e-30   1.000000e+02
5.066461e-03   2.376916e-30   1.000000e+02
5.113388e-03   2.896476e-30   1.000000e+02
5.160749e-03   3.533854e-30   1.000000e+02
5.208549e-03   4.316987e-30   1.000000e+02
5.256791e-03   5.280770e-30   1.000000e+02
5.305481e-03   6.468884e-30   1.000000e+02
5.354621e-03   7.936116e-30   1.000000e+02
5.404216e-03   9.751338e-30   1.000000e+02
5.454271e-03   1.200132e-29   1.000000e+02
5.504790e-03   1.479563e-29   1.000000e+02
5.555776e-03   1.827294e-29   1.000000e+02
5.607235e-03   2.260920e-29   1.000000e+02
5.659170e-03   2.802817e-29   1.000000e+02
5.711586e-03   3.481513e-29   1.000000e+02
5.764488e-03   4.333473e-29   1.000000e+02
5.817880e-03   5.405425e-29   1.000000e+02
5.871766e-03   6.757414e-29   1.000000e+02
5.926152e-03   8.466796e-29   1.000000e+02
5.981041e-03   1.063351e-28   1.000000e+02
6.036439e-03   1.338700e-28   1.000000e+02
6.092349e-03   1.689520e-28   1.000000e+02
6.148778e-03   2.137648e-28   1.000000e+02
6.205729e-03   2.711570e-28   1.000000e+02
6.263207e-03   3.448554e-28   1.000000e+02
6.321218e-03   4.397482e-28   1.000000e+02
6.379767e-03   5.622653e-28   1.000000e+02
6.438857e-03   7.208885e-28   1.000000e+02
6.498495e-03   9.268379e-28   1.000000e+02
6.558686e-03   1.195000e-27   1.000000e+02
6.619433e-03   1.545182e-27   1.000000e+02
6.680744e-03   2.003818e-27   1.000000e+02
6.742622e-03   2.606295e-27   1.000000e+02
6.805074e-03   3.400123e-27   1.000000e+02
6.868104e-03   4.449292e-27   1.000000e+02
6.931717e-03   5.840255e-27   1.000000e+02
6.995920e-03   7.690182e-27   1.000000e+02
7.060718e-03   1.015814e-26   1.000000e+02
7.126115e-03   1.345931e-26   1.000000e+02
7.192119e-03   1.788568e-26   1.000000e+02
7.258734e-03   2.383441e-26   1.000000e+02
7.325965e-03   3.184660e-26   1.000000e+02
7.393820e-03   4.266031e-26   1.000000e+02
7.462303e-03   5.728357e-26   1.000000e+02
7.531420e-03   7.709462e-26   1.000000e+02
7.601178e-03   1.039798e-25   1.000000e+02
7.671581e-03   1.405230e-25   1.000000e+02
7.742637e-03   1.902665e-25   1.000000e+02
7.814351e-03   2.580693e-25   1.000000e+02
7.886729e-03   3.506006e-25   1.000000e+02
7.959777e-03   4.770170e-25   1.000000e+02
8.033502e-03   6.499040e-25   1.000000e+02
8.107910e-03   8.869352e-25   1.000000e+02
8.183007e-03   1.213397e-24   1.000000e+02
8.258799e-03   1.665463e-24   1.000000e+02
8.335294e-03   2.295302e-24   1.000000e+02
8.412497e-03   3.178850e-24   1.000000e+02
8.490415e-03   4.427696e-24   1.000000e+02
8.569055e-03   6.207483e-24   1.000000e+02
8.648423e-03   8.766685e-24   1.000000e+02
8.728527e-03   1.248216e-23   1.000000e+02
8.809372e-03   1.793208e-23   1.000000e+02
8.890966e-03   2.601422e-23   1.000000e+02
8.973316e-03   3.814013e-23   1.000000e+02
9.056428e-03   5.654607e-23   1.000000e+02
9.140311e-03   8.462012e-23   1.000000e+02
9.224970e-03   1.273904e-22   1.000000e+02
9.310413e-03   1.922748e-22   1.000000e+02
9.396648e-03   2.899756e-22   1.000000e+02
9.483682e-03   4.354967e-22   1.000000e+02
9.571522e-03   6.491176e-22   1.000000e+02
9.660175e-03   9.569907e-22   1.000000e+02
9.749649e-03   1.390813e-21   1.000000e+02
9.839952e-03   1.985808e-21   1.000000e+02
9.931092e-03   2.776158e-21   1.000000e+02
1.002308e-02   3.787285e-21   1.000000e+02
1.011591e-02   5.035813e-21   1.000000e+02
1.020961e-02   6.546064e-21   1.000000e+02
1.030417e-02   8.347979e-21   1.000000e+02
1.039961e-02   1.048080e-20   1.000000e+02
1.049593e-02   1.299992e-20   1.000000e+02
1.059315e-02   1.598607e-20   1.000000e+02
1.069126e-02   1.955775e-20   1.000000e+02
1.079029e-02   2.388876e-20   1.000000e+02
1.089023e-02   2.923394e-20   1.000000e+02
1.099110e-02   3.596844e-20   1.000000e+02
1.109290e-02   4.462372e-20   1.000000e+02
1.119564e-02   5.581836e-20   1.000000e+02
1.129934e-02   7.032118e-20   1.000000e+02
1.140400e-02   8.912994e-20   1.000000e+02
1.150962e-02   1.135324e-19   1.000000e+02
1.161623e-02   1.451797e-19   1.000000e+02
1.172382e-02   1.861708e-19   1.000000e+02
1.183241e-02   2.391486e-19   1.000000e+02
1.194200e-02   3.074010e-19   1.000000e+02
1.205261e-02   3.949710e-19   1.000000e+02
1.216424e-02   5.070720e-19   1.000000e+02
1.227691e-02   6.506401e-19   1.000000e+02
1.239062e-02   8.346717e-19   1.000000e+02
1.250539e-02   1.070856e-18   1.000000e+02
1.262121e-02   1.374435e-18   1.000000e+02
1.273811e-02   1.765352e-18   1.000000e+02
1.285610e-02   2.269812e-18   1.000000e+02
1.297517e-02   2.922379e-18   1.000000e+02
1.309535e-02   3.768710e-18   1.000000e+02
1.321664e-02   4.868147e-18   1.000000e+02
1.333906e-02   6.297977e-18   1.000000e+02
1.346261e-02   8.159364e-18   1.000000e+02
1.358730e-02   1.058476e-17   1.000000e+02
1.371315e-02   1.374758e-17   1.000000e+02
1.384016e-02   1.787490e-17   1.000000e+02
1.396835e-02   2.326403e-17   1.000000e+02
1.409773e-02   3.030435e-17   1.000000e+02
1.422830e-02   3.950850e-17   1.000000e+02
1.436009e-02   5.155189e-17   1.000000e+02
1.449310e-02   6.732400e-17   1.000000e+02
1.462733e-02   8.799732e-17   1.000000e+02
1.476281e-02   1.151188e-16   1.000000e+02
1.489955e-02   1.507312e-16   1.000000e+02
1.503755e-02   1.975345e-16   1.000000e+02
1.517683e-02   2.590982e-16   1.000000e+02
1.531740e-02   3.401400e-16   1.000000e+02
1.545928e-02   4.469021e-16   1.000000e+02
1.560246e-02   5.876490e-16   1.000000e+02
1.574698e-02   7.733286e-16   1.000000e+02
1.589283e-02   1.018451e-15   1.000000e+02
1.604003e-02   1.342257e-15   1.000000e+02
1.618860e-02   1.770259e-15   1.000000e+02
1.633854e-02   2.336278e-15   1.000000e+02
1.648987e-02   3.085164e-15   1.000000e+02
1.664260e-02   4.076414e-15   1.000000e+02
1.679675e-02   5.388951e-15   1.000000e+02
1.695232e-02   7.127484e-15   1.000000e+02
1.710934e-02   9.430920e-15   1.000000e+02
1.726781e-02   1.248354e-14   1.000000e+02
1.742775e-02   1.652978e-14   1.000000e+02
1.758917e-02   2.189384e-14   1.000000e+02
1.775208e-02   2.900563e-14   1.000000e+02
1.791650e-02   3.843511e-14   1.000000e+02
1.808245e-02   5.093774e-14   1.000000e+02
1.824993e-02   6.751613e-14   1.000000e+02
1.841897e-02   8.950194e-14   1.000000e+02
1.858957e-02   1.186631e-13   1.000000e+02
1.876175e-02   1.573470e-13   1.000000e+02
1.893552e-02   2.086709e-13   1.000000e+02
1.911091e-02   2.767753e-13   1.000000e+02
1.928792e-02   3.671606e-13   1.000000e+02
1.946656e-02   4.871349e-13   1.000000e+02
1.964687e-02   6.464101e-13   1.000000e+02
1.982884e-02   8.578948e-13   1.000000e+02
2.001250e-02   1.138749e-12   1.000000e+02
2.019786e-02   1.511746e-12   1.000000e+02
2.038493e-02   2.006930e-12   1.000000e+02
2.057374e-02   2.663950e-12   1.000000e+02
2.076430e-02   3.535069e-12   1.000000e+02
2.095662e-02   4.689057e-12   1.000000e+02
2.115073e-02   6.216223e-12   1.000000e+02
2.134663e-02   8.234906e-12   1.000000e+02
2.154435e-02   1.089982e-11   1.000000e+02
2.174389e-02   1.441274e-11   1.000000e+02
2.194529e-02   1.903608e-11   1.000000e+02
2.214855e-02   2.511021e-11   1.000000e+02
2.235370e-02   3.307519e-11   1.000000e+02
2.256074e-02   4.349820e-11   1.000000e+02
2.276970e-02   5.710772e-11   1.000000e+02
2.298060e-02   7.483601e-11   1.000000e+02
2.319345e-02   9.787151e-11   1.000000e+02
2.340827e-02   1.277231e-10   1.000000e+02
2.362508e-02   1.662984e-10   1.000000e+02
2.384390e-02   2.159978e-10   1.000000e+02
2.406475e-02   2.798279e-10   1.000000e+02
2.428764e-02   3.615355e-10   1.000000e+02
2.451260e-02   4.657648e-10   1.000000e+02
2.473964e-02   5.982406e-10   1.000000e+02
2.496878e-02   7.659778e-10   1.000000e+02
2.520005e-02   9.775517e-10   1.000000e+02
2.543346e-02   1.243616e-09   1.000000e+02
2.566903e-02   1.577351e-09   1.000000e+02
2.590678e-02   1.994978e-09   1.000000e+02
2.614673e-02   2.516451e-09   1.000000e+02
2.638891e-02   3.166296e-09   1.000000e+02
2.663333e-02   3.974659e-09   1.000000e+02
2.688001e-02   4.978585e-09   1.000000e+02
2.712898e-02   6.223609e-09   1.000000e+02
2.738025e-02   7.765713e-09   1.000000e+02
2.763385e-02   9.673764e-09   1.000000e+02
2.788980e-02   1.203254e-08   1.000000e+02
2.814812e-02   1.494649e-08   1.000000e+02
2.840884e-02   1.854444e-08   1.000000e+02
2.867196e-02   2.298545e-08   1.000000e+02
2.893753e-02   2.846624e-08   1.000000e+02
2.920556e-02   3.523035e-08   1.000000e+02
2.947606e-02   4.357991e-08   1.000000e+02
2.974908e-02   5.389030e-08   1.000000e+02
3.002462e-02   6.662882e-08   1.000000e+02
3.030271e-02   8.236066e-08   1.000000e+02
3.058338e-02   1.017127e-07   1.000000e+02
3.086665e-02   1.253907e-07   1.000000e+02
3.115254e-02   1.541795e-07   1.000000e+02
3.144108e-02   1.889277e-07   1.000000e+02
3.173230e-02   2.305205e-07   1.000000e+02
3.202621e-02   2.798367e-07   1.000000e+02
3.232284e-02   3.376898e-07   1.000000e+02
3.262222e-02   4.047493e-07   1.000000e+02
3.292437e-02   4.814440e-07   1.000000e+02
3.322933e-02   5.678501e-07   1.000000e+02
3.353710e-02   6.635699e-07   1.000000e+02
3.384773e-02   7.676112e-07   1.000000e+02
3.416123e-02   8.782829e-07   1.000000e+02
3.447764e-02   9.931221e-07   1.000000e+02
3.479698e-02   1.108875e-06   1.000000e+02
3.511928e-02   1.221551e-06   1.000000e+02
3.544456e-02   1.326556e-06   1.000000e+02
3.577285e-02   1.418932e-06   1.000000e+02
3.610419e-02   1.493676e-06   1.000000e+02
3.643859e-02   1.546132e-06   1.000000e+02
3.677609e-02   1.572422e-06   1.000000e+02
3.711672e-02   1.569859e-06   1.000000e+02
3.746050e-02   1.537296e-06   1.000000e+02
3.780747e-02   1.475357e-06   1.000000e+02
3.815765e-02   1.386486e-06   1.000000e+02
3.851107e-02   1.274823e-06   1.000000e+02
3.886777e-02   1.145873e-06   1.000000e+02
3.922777e-02   1.006034e-06   1.000000e+02
3.959110e-02   8.620148e-07   1.000000e+02
3.995780e-02   7.202437e-07   1.000000e+02
4.032790e-02   5.865656e-07   1.000000e+02
4.070142e-02   4.664599e-07   1.000000e+02
4.107841e-02   3.631651e-07   1.000000e+02
4.145888e-02   2.775352e-07   1.000000e+02
4.184289e-02   2.087315e-07   1.000000e+02
4.223044e-02   1.548980e-07   1.000000e+02
4.262159e-02   1.137165e-07   1.000000e+02
4.301636e-02   8.280429e-08   1.000000e+02
4.341478e-02   5.996061e-08   1.000000e+02
4.381690e-02   4.329074e-08   1.000000e+02
4.422274e-02   3.124435e-08   1.000000e+02
4.463234e-02   2.260100e-08   1.000000e+02
4.504573e-02   1.642840e-08   1.000000e+02
4.546295e-02   1.203113e-08   1.000000e+02
4.588404e-02   8.900057e-09   1.000000e+02
4.630903e-02   6.667862e-09   1.000000e+02
4.673795e-02   5.072472e-09   1.000000e+02
4.717085e-02   3.928474e-09   1.000000e+02
4.760775e-02   3.105499e-09   1.000000e+02
4.804870e-02   2.512314e-09   1.000000e+02
4.849374e-02   2.085371e-09   1.000000e+02
4.894290e-02   1.780705e-09   1.000000e+02
4.939622e-02   1.568308e-09   1.000000e+02
4.985373e-02   1.428346e-09   1.000000e+02
5.031549e-02   1.348387e-09   1.000000e+02
5.078152e-02   1.318603e-09   1.000000e+02
5.125187e-02   1.332547e-09   1.000000e+02
5.172657e-02   1.388221e-09   1.000000e+02
5.220568e-02   1.487239e-09   1.000000e+02
5.268921e-02   1.634510e-09   1.000000e+02
5.317723e-02   1.838306e-09   1.000000e+02
5.366977e-02   2.110618e-09   1.000000e+02
5.416687e-02   2.467756e-09   1.000000e+02
5.466857e-02   2.931121e-09   1.000000e+02
5.517492e-02   3.528118e-09   1.000000e+02
5.568596e-02   4.293076e-09   1.000000e+02
5.620174e-02   5.268039e-09   1.000000e+02
5.672229e-02   6.503135e-09   1.000000e+02
5.724766e-02   8.056170e-09   1.000000e+02
5.777790e-02   9.990911e-09   1.000000e+02
5.831305e-02   1.237345e-08   1.000000e+02
5.885316e-02   1.526597e-08   1.000000e+02
5.939827e-02   1.871735e-08   1.000000e+02
5.994843e-02   2.275041e-08   1.000000e+02
6.050368e-02   2.735710e-08   1.000000e+02
6.106408e-02   3.254701e-08   1.000000e+02
6.162966e-02   3.833875e-08   1.000000e+02
6.220049e-02   4.474827e-08   1.000000e+02
6.277660e-02   5.179071e-08   1.000000e+02
6.335805e-02   5.948267e-08   1.000000e+02
6.394488e-02   6.784501e-08   1.000000e+02
6.453715e-02   7.690596e-08   1.000000e+02
6.513491e-02   8.670465e-08   1.000000e+02
6.573820e-02   9.729510e-08   1.000000e+02
6.634708e-02   1.087505e-07   1.000000e+02
6.696160e-02   1.211684e-07   1.000000e+02
6.758181e-02   1.346763e-07   1.000000e+02
6.820777e-02   1.494383e-07   1.000000e+02
6.883952e-02   1.656638e-07   1.000000e+02
6.947713e-02   1.836175e-07   1.000000e+02
7.012064e-02   2.036323e-07   1.000000e+02
7.077011e-02   2.260642e-07   1.000000e+02
7.142559e-02   2.511893e-07   1.000000e+02
7.208715e-02   2.792850e-07   1.000000e+02
7.275484e-02   3.106446e-07   1.000000e+02
7.342870e-02   3.455754e-07   1.000000e+02
7.410882e-02   3.843945e-07   1.000000e+02
7.479523e-02   4.274248e-07   1.000000e+02
7.548799e-02   4.749888e-07   1.000000e+02
7.618718e-02   5.274009e-07   1.000000e+02
7.689284e-02   5.849585e-07   1.000000e+02
7.760503e-02   6.479309e-07   1.000000e+02
7.832383e-02   7.165468e-07   1.000000e+02
7.904928e-02   7.909801e-07   1.000000e+02
7.978145e-02   8.713335e-07   1.000000e+02
8.052040e-02   9.576084e-07   1.000000e+02
8.126619e-02   1.049546e-06   1.000000e+02
8.201889e-02   1.146605e-06   1.000000e+02
8.277857e-02   1.247998e-06   1.000000e+02
8.354528e-02   1.352666e-06   1.000000e+02
8.431909e-02   1.459260e-06   1.000000e+02
8.510007e-02   1.566134e-06   1.000000e+02
8.588829e-02   1.671351e-06   1.000000e+02
8.668380e-02   1.772712e-06   1.000000e+02
8.748668e-02   1.867793e-06   1.000000e+02
8.829700e-02   1.954018e-06   1.000000e+02
8.911482e-02   2.028738e-06   1.000000e+02
8.994022e-02   2.089344e-06   1.000000e+02
9.077327e-02   2.134067e-06   1.000000e+02
9.161402e-02   2.164897e-06   1.000000e+02
9.246257e-02   2.185386e-06   1.000000e+02
9.331898e-02   2.199438e-06   1.000000e+02
9.418332e-02   2.211153e-06   1.000000e+02
9.505566e-02   2.224746e-06   1.000000e+02
9.593608e-02   2.244538e-06   1.000000e+02
9.682466e-02   2.275044e-06   1.000000e+02
9.772147e-02   2.321129e-06   1.000000e+02
9.862658e-02   2.388287e-06   1.000000e+02
9.954008e-02   2.483032e-06   1.000000e+02
1.004620e-01   2.613275e-06   1.000000e+02
1.013925e-01   2.784508e-06   1.000000e+02
1.023317e-01   2.999037e-06   1.000000e+02
1.032795e-01   3.259578e-06   1.000000e+02
1.042361e-01   3.569142e-06   1.000000e+02
1.052015e-01   3.930665e-06   1.000000e+02
1.061759e-01   4.346547e-06   1.000000e+02
1.071593e-01   4.818098e-06   1.000000e+02
1.081519e-01   5.344860e-06   1.000000e+02
1.091536e-01   5.923838e-06   1.000000e+02
1.101646e-01   6.548674e-06   1.000000e+02
1.111850e-01   7.212808e-06   1.000000e+02
1.122148e-01   7.917171e-06   1.000000e+02
1.132541e-01   8.664729e-06   1.000000e+02
1.143031e-01   9.459410e-06   1.000000e+02
1.153618e-01   1.030628e-05   1.000000e+02
1.164303e-01   1.121175e-05   1.000000e+02
1.175087e-01   1.218380e-05   1.000000e+02
1.185971e-01   1.323230e-05   1.000000e+02
1.196956e-01   1.436930e-05   1.000000e+02
1.208042e-01   1.560886e-05   1.000000e+02
1.219231e-01   1.696164e-05   1.000000e+02
1.230524e-01   1.843579e-05   1.000000e+02
1.241921e-01   2.003955e-05   1.000000e+02
1.253424e-01   2.178119e-05   1.000000e+02
1.265034e-01   2.366891e-05   1.000000e+02
1.276751e-01   2.571064e-05   1.000000e+02
1.288576e-01   2.791392e-05   1.000000e+02
1.300511e-01   3.028567e-05   1.000000e+02
1.312557e-01   3.283206e-05   1.000000e+02
1.324714e-01   3.555834e-05   1.000000e+02
1.336984e-01   3.846857e-05   1.000000e+02
1.349367e-01   4.156527e-05   1.000000e+02
1.361865e-01   4.484909e-05   1.000000e+02
1.374479e-01   4.831855e-05   1.000000e+02
1.387210e-01   5.196967e-05   1.000000e+02
1.400058e-01   5.579569e-05   1.000000e+02
1.413026e-01   5.979375e-05   1.000000e+02
1.426114e-01   6.398938e-05   1.000000e+02
1.439323e-01   6.842256e-05   1.000000e+02
1.452654e-01   7.314297e-05   1.000000e+02
1.466109e-01   7.821138e-05   1.000000e+02
1.479688e-01   8.370162e-05   1.000000e+02
1.493393e-01   8.970294e-05   1.000000e+02
1.507225e-01   9.632102e-05   1.000000e+02
1.521186e-01   1.036347e-04   1.000000e+02
1.535275e-01   1.116845e-04   1.000000e+02
1.549495e-01   1.205069e-04   1.000000e+02
1.563847e-01   1.301333e-04   1.000000e+02
1.578331e-01   1.405885e-04   1.000000e+02
1.592950e-01   1.518877e-04   1.000000e+02
1.607704e-01   1.640355e-04   1.000000e+02
1.622595e-01   1.770569e-04   1.000000e+02
1.637624e-01   1.910054e-04   1.000000e+02
1.652792e-01   2.059387e-04   1.000000e+02
1.668101e-01   2.219175e-04   1.000000e+02
1.683551e-01   2.390056e-04   1.000000e+02
1.699144e-01   2.572699e-04   1.000000e+02
1.714882e-01   2.767808e-04   1.000000e+02
1.730766e-01   2.976121e-04   1.000000e+02
1.746796e-01   3.198413e-04   1.000000e+02
1.762975e-01   3.435496e-04   1.000000e+02
1.779304e-01   3.688220e-04   1.000000e+02
1.795785e-01   3.957478e-04   1.000000e+02
1.812418e-01   4.244212e-04   1.000000e+02
1.829205e-01   4.549517e-04   1.000000e+02
1.846147e-01   4.874623e-04   1.000000e+02
1.863246e-01   5.220861e-04   1.000000e+02
1.880504e-01   5.589674e-04   1.000000e+02
1.897922e-01   5.982630e-04   1.000000e+02
1.915501e-01   6.401429e-04   1.000000e+02
1.933242e-01   6.847922e-04   1.000000e+02
1.951148e-01   7.324122e-04   1.000000e+02
1.969220e-01   7.832227e-04   1.000000e+02
1.987460e-01   8.374632e-04   1.000000e+02
2.005868e-01   8.953953e-04   1.000000e+02
2.024447e-01   9.572872e-04   1.000000e+02
2.043197e-01   1.023399e-03   1.000000e+02
2.062122e-01   1.094003e-03   1.000000e+02
2.081222e-01   1.169389e-03   1.000000e+02
2.100498e-01   1.249861e-03   1.000000e+02
2.119953e-01   1.335742e-03   1.000000e+02
2.139589e-01   1.427372e-03   1.000000e+02
2.159406e-01   1.525111e-03   1.000000e+02
2.179407e-01   1.629336e-03   1.000000e+02
2.199593e-01   1.740448e-03   1.000000e+02
2.219966e-01   1.858865e-03   1.000000e+02
2.240528e-01   1.985030e-03   1.000000e+02
2.261280e-01   2.119408e-03   1.000000e+02
2.282224e-01   2.262484e-03   1.000000e+02
2.303363e-01   2.414772e-03   1.000000e+02
2.324697e-01   2.576807e-03   1.000000e+02
2.346229e-01   2.749150e-03   1.000000e+02
2.367960e-01   2.932389e-03   1.000000e+02
2.389893e-01   3.127138e-03   1.000000e+02
2.412028e-01   3.334038e-03   1.000000e+02
2.434369e-01   3.553757e-03   1.000000e+02
2.456916e-01   3.786991e-03   1.000000e+02
2.479673e-01   4.034465e-03   1.000000e+02
2.502640e-01   4.296933e-03   1.000000e+02
2.525820e-01   4.575190e-03   1.000000e+02
2.549215e-01   4.870119e-03   1.000000e+02
2.572826e-01   5.182653e-03   1.000000e+02
2.596656e-01   5.513778e-03   1.000000e+02
2.620707e-01   5.864533e-03   1.000000e+02
2.644980e-01   6.236013e-03   1.000000e+02
2.669478e-01   6.629374e-03   1.000000e+02
2.694204e-01   7.045834e-03   1.000000e+02
2.719158e-01   7.486674e-03   1.000000e+02
2.744343e-01   7.953251e-03   1.000000e+02
2.769762e-01   8.446991e-03   1.000000e+02
2.795416e-01   8.969401e-03   1.000000e+02
2.821308e-01   9.522068e-03   1.000000e+02
2.847439e-01   1.010667e-02   1.000000e+02
2.873813e-01   1.072497e-02   1.000000e+02
2.900430e-01   1.137884e-02   1.000000e+02
2.927295e-01   1.207024e-02   1.000000e+02
2.954408e-01   1.280125e-02   1.000000e+02
2.981772e-01   1.357407e-02   1.000000e+02
3.009390e-01   1.439101e-02   1.000000e+02
3.037264e-01   1.525444e-02   1.000000e+02
3.065395e-01   1.616677e-02   1.000000e+02
3.093788e-01   1.713050e-02   1.000000e+02
3.122443e-01   1.814823e-02   1.000000e+02
3.151363e-01   1.922266e-02   1.000000e+02
3.180552e-01   2.035660e-02   1.000000e+02
3.210011e-01   2.155299e-02   1.000000e+02
3.239743e-01   2.281486e-02   1.000000e+02
3.269750e-01   2.414538e-02   1.000000e+02
3.300035e-01   2.554781e-02   1.000000e+02
3.330600e-01   2.702554e-02   1.000000e+02
3.361449e-01   2.858209e-02   1.000000e+02
3.392583e-01   3.022109e-02   1.000000e+02
3.424006e-01   3.194629e-02   1.000000e+02
3.455720e-01   3.376158e-02   1.000000e+02
3.487727e-01   3.567094e-02   1.000000e+02
3.520031e-01   3.767852e-02   1.000000e+02
3.552635e-01   3.978895e-02   1.000000e+02
3.585540e-01   4.200732e-02   1.000000e+02
3.618750e-01   4.433899e-02   1.000000e+02
3.652267e-01   4.678963e-02   1.000000e+02
3.686095e-01   4.936521e-02   1.000000e+02
3.720237e-01   5.207204e-02   1.000000e+02
3.754694e-01   5.491675e-02   1.000000e+02
3.789471e-01   5.790637e-02   1.000000e+02
3.824570e-01   6.104833e-02   1.000000e+02
3.859994e-01   6.435048e-02   1.000000e+02
3.895746e-01   6.782109e-02   1.000000e+02
3.931829e-01   7.146895e-02   1.000000e+02
3.968246e-01   7.530335e-02   1.000000e+02
4.005001e-01   7.933411e-02   1.000000e+02
4.042096e-01   8.357113e-02   1.000000e+02
4.079535e-01   8.802328e-02   1.000000e+02
4.117320e-01   9.269941e-02   1.000000e+02
4.155455e-01   9.760850e-02   1.000000e+02
4.193944e-01   1.027597e-01   1.000000e+02
4.232789e-01   1.081621e-01   1.000000e+02
4.271994e-01   1.138252e-01   1.000000e+02
4.311562e-01   1.197583e-01   1.000000e+02
4.351497e-01   1.259707e-01   1.000000e+02
4.391801e-01   1.324719e-01   1.000000e+02
4.432479e-01   1.392711e-01   1.000000e+02
4.473533e-01   1.463776e-01   1.000000e+02
4.514968e-01   1.538006e-01   1.000000e+02
4.556786e-01   1.615509e-01   1.000000e+02
4.598992e-01   1.696428e-01   1.000000e+02
4.641589e-01   1.780912e-01   1.000000e+02
4.684580e-01   1.869121e-01   1.000000e+02
4.727970e-01   1.961225e-01   1.000000e+02
4.771761e-01   2.057402e-01   1.000000e+02
4.815958e-01   2.157840e-01   1.000000e+02
4.860564e-01   2.262741e-01   1.000000e+02
4.905584e-01   2.372315e-01   1.000000e+02
4.951020e-01   2.486790e-01   1.000000e+02
4.996877e-01   2.606403e-01   1.000000e+02
5.043159e-01   2.731402e-01   1.000000e+02
5.089870e-01   2.862011e-01   1.000000e+02
5.137014e-01   2.998452e-01   1.000000e+02
5.184594e-01   3.140954e-01   1.000000e+02
5.232614e-01   3.289752e-01   1.000000e+02
5.281080e-01   3.445088e-01   1.000000e+02
5.329994e-01   3.607211e-01   1.000000e+02
5.379362e-01   3.776377e-01   1.000000e+02
5.429186e-01   3.952848e-01   1.000000e+02
5.479472e-01   4.136894e-01   1.000000e+02
5.530224e-01   4.328791e-01   1.000000e+02
5.581446e-01   4.528823e-01   1.000000e+02
5.633143e-01   4.737279e-01   1.000000e+02
5.685318e-01   4.954456e-01   1.000000e+02
5.737976e-01   5.180657e-01   1.000000e+02
5.791123e-01   5.416192e-01   1.000000e+02
5.844761e-01   5.661377e-01   1.000000e+02
5.898896e-01   5.916535e-01   1.000000e+02
5.953533e-01   6.181994e-01   1.000000e+02
6.008676e-01   6.458087e-01   1.000000e+02
6.064329e-01   6.745165e-01   1.000000e+02
6.120498e-01   7.043606e-01   1.000000e+02
6.177188e-01   7.353804e-01   1.000000e+02
6.234402e-01   7.676165e-01   1.000000e+02
6.292146e-01   8.011106e-01   1.000000e+02
6.350425e-01   8.359059e-01   1.000000e+02
6.409244e-01   8.720466e-01   1.000000e+02
6.468608e-01   9.095784e-01   1.000000e+02
6.528521e-01   9.485483e-01   1.000000e+02
6.588990e-01   9.890047e-01   1.000000e+02
6.650018e-01   1.030997e+00   1.000000e+02
6.711612e-01   1.074578e+00   1.000000e+02
6.773776e-01   1.119798e+00   1.000000e+02
6.836516e-01   1.166713e+00   1.000000e+02
6.899837e-01   1.215379e+00   1.000000e+02
6.963745e-01   1.265853e+00   1.000000e+02
7.028244e-01   1.318194e+00   1.000000e+02
7.093341e-01   1.372463e+00   1.000000e+02
7.159041e-01   1.428719e+00   1.000000e+02
7.225349e-01   1.487023e+00   1.000000e+02
7.292272e-01   1.547439e+00   1.000000e+02
7.359814e-01   1.610030e+00   1.000000e+02
7.427982e-01   1.674862e+00   1.000000e+02
7.496782e-01   1.742003e+00   1.000000e+02
7.566219e-01   1.811520e+00   1.000000e+02
7.636298e-01   1.883483e+00   1.000000e+02
7.707027e-01   1.957964e+00   1.000000e+02
7.778411e-01   2.035036e+00   1.000000e+02
7.850456e-01   2.114773e+00   1.000000e+02
7.923169e-01   2.197250e+00   1.000000e+02
7.996555e-01   2.282544e+00   1.000000e+02
8.070620e-01   2.370736e+00   1.000000e+02
8.145372e-01   2.461905e+00   1.000000e+02
8.220816e-01   2.556136e+00   1.000000e+02
8.296959e-01   2.653513e+00   1.000000e+02
8.373807e-01   2.754125e+00   1.000000e+02
8.451366e-01   2.858060e+00   1.000000e+02
8.529644e-01   2.965409e+00   1.000000e+02
8.608648e-01   3.076264e+00   1.000000e+02
8.688383e-01   3.190719e+00   1.000000e+02
8.768856e-01   3.308872e+00   1.000000e+02
8.850075e-01   3.430819e+00   1.000000e+02
8.932046e-01   3.556661e+00   1.000000e+02
9.014776e-01   3.686499e+00   1.000000e+02
9.098273e-01   3.820438e+00   1.000000e+02
9.182543e-01   3.958580e+00   1.000000e+02
9.267593e-01   4.101032e+00   1.000000e+02
9.353432e-01   4.247899e+00   1.000000e+02
9.440065e-01   4.399291e+00   1.000000e+02
9.527500e-01   4.555318e+00   1.000000e+02
9.615746e-01   4.716091e+00   1.000000e+02
9.704809e-01   4.881725e+00   1.000000e+02
9.794697e-01   5.052334e+00   1.000000e+02
9.885417e-01   5.228034e+00   1.000000e+02
9.976978e-01   5.408944e+00   1.000000e+02
1.006939e+00   5.595184e+00   1.000000e+02
1.016265e+00   5.786876e+00   1.000000e+02
1.025678e+00   5.984144e+00   1.000000e+02
1.035178e+00   6.187117e+00   1.000000e+02
1.044766e+00   6.395921e+00   1.000000e+02
1.054443e+00   6.610687e+00   1.000000e+02
1.064209e+00   6.831547e+00   1.000000e+02
1.074066e+00   7.058635e+00   1.000000e+02
1.084014e+00   7.292085e+00   1.000000e+02
1.094055e+00   7.532035e+00   1.000000e+02
1.104188e+00   7.778623e+00   1.000000e+02
1.114415e+00   8.031989e+00   1.000000e+02
1.124737e+00   8.292275e+00   1.000000e+02
1.135155e+00   8.559624e+00   1.000000e+02
1.145669e+00   8.834181e+00   1.000000e+02
1.156280e+00   9.116092e+00   1.000000e+02
1.166990e+00   9.405506e+00   1.000000e+02
1.177799e+00   9.702572e+00   1.000000e+02
1.188708e+00   1.000744e+01   1.000000e+02
1.199718e+00   1.032026e+01   1.000000e+02
1.210830e+00   1.064120e+01   1.000000e+02
1.222045e+00   1.097040e+01   1.000000e+02
1.233363e+00   1.130801e+01   1.000000e+02
1.244787e+00   1.165421e+01   1.000000e+02
1.256317e+00   1.200914e+01   1.000000e+02
1.267953e+00   1.237300e+01   1.000000e+02
1.279697e+00   1.274599e+01   1.000000e+02
1.291550e+00   1.312831e+01   1.000000e+02
1.303512e+00   1.352020e+01   1.000000e+02
1.315586e+00   1.392188e+01   1.000000e+02
1.327771e+00   1.433358e+01   1.000000e+02
1.340069e+00   1.475554e+01   1.000000e+02
1.352481e+00   1.518803e+01   1.000000e+02
1.365008e+00   1.563128e+01   1.000000e+02
1.377651e+00   1.608559e+01   1.000000e+02
1.390411e+00   1.655120e+01   1.000000e+02
1.403289e+00   1.702843e+01   1.000000e+02
1.416287e+00   1.751756e+01   1.000000e+02
1.429405e+00   1.801889e+01   1.000000e+02
1.442644e+00   1.853275e+01   1.000000e+02
1.456006e+00   1.905946e+01   1.000000e+02
1.469492e+00   1.959937e+01   1.000000e+02
1.483103e+00   2.015283e+01   1.000000e+02
1.496839e+00   2.072020e+01   1.000000e+02
1.510703e+00   2.130183e+01   1.000000e+02
1.524696e+00   2.189792e+01   1.000000e+02
1.538818e+00   2.250854e+01   1.000000e+02
1.553071e+00   2.313375e+01   1.000000e+02
1.567455e+00   2.377358e+01   1.000000e+02
1.581973e+00   2.442805e+01   1.000000e+02
1.596626e+00   2.509716e+01   1.000000e+02
1.611414e+00   2.578085e+01   1.000000e+02
1.626340e+00   2.647908e+01   1.000000e+02
1.641403e+00   2.719173e+01   1.000000e+02
1.656606e+00   2.791870e+01   1.000000e+02
1.671950e+00   2.865982e+01   1.000000e+02
1.687436e+00   2.941490e+01   1.000000e+02
1.703065e+00   3.018372e+01   1.000000e+02
1.718839e+00   3.096600e+01   1.000000e+02
1.734759e+00   3.176145e+01   1.000000e+02
1.750827e+00   3.256973e+01   1.000000e+02
1.767044e+00   3.339059e+01   1.000000e+02
1.783410e+00   3.422431e+01   1.000000e+02
1.799929e+00   3.507129e+01   1.000000e+02
1.816600e+00   3.593197e+01   1.000000e+02
1.833425e+00   3.680683e+01   1.000000e+02
1.850407e+00   3.769640e+01   1.000000e+02
1.867546e+00   3.860122e+01   1.000000e+02
1.884843e+00   3.952191e+01   1.000000e+02
1.902301e+00   4.045910e+01   1.000000e+02
1.919921e+00   4.141350e+01   1.000000e+02
1.937703e+00   4.238584e+01   1.000000e+02
1.955651e+00   4.337692e+01   1.000000e+02
1.973764e+00   4.438758e+01   1.000000e+02
1.992046e+00   4.541872e+01   1.000000e+02
2.010496e+00   4.647128e+01   1.000000e+02
2.029118e+00   4.754585e+01   1.000000e+02
2.047912e+00   4.864271e+01   1.000000e+02
2.066880e+00   4.976209e+01   1.000000e+02
2.086024e+00   5.090426e+01   1.000000e+02
2.105345e+00   5.206943e+01   1.000000e+02
2.124845e+00   5.325785e+01   1.000000e+02
2.144526e+00   5.446972e+01   1.000000e+02
2.164389e+00   5.570526e+01   1.000000e+02
2.184436e+00   5.696465e+01   1.000000e+02
2.204669e+00   5.824809e+01   1.000000e+02
2.225089e+00   5.955573e+01   1.000000e+02
2.245698e+00   6.088775e+01   1.000000e+02
2.266498e+00   6.224428e+01   1.000000e+02
2.287491e+00   6.362545e+01   1.000000e+02
2.308678e+00   6.503138e+01   1.000000e+02
2.330061e+00   6.646215e+01   1.000000e+02
2.351643e+00   6.791785e+01   1.000000e+02
2.373424e+00   6.939854e+01   1.000000e+02
2.395407e+00   7.090426e+01   1.000000e+02
2.417594e+00   7.243503e+01   1.000000e+02
2.439986e+00   7.399084e+01   1.000000e+02
2.462586e+00   7.557169e+01   1.000000e+02
2.485395e+00   7.717752e+01   1.000000e+02
2.508415e+00   7.880826e+01   1.000000e+02
2.531648e+00   8.046398e+01   1.000000e+02
2.555097e+00   8.214495e+01   1.000000e+02
2.578763e+00   8.385145e+01   1.000000e+02
2.602648e+00   8.558377e+01   1.000000e+02
2.626754e+00   8.734223e+01   1.000000e+02
2.651084e+00   8.912712e+01   1.000000e+02
2.675638e+00   9.093877e+01   1.000000e+02
2.700421e+00   9.277750e+01   1.000000e+02
2.725433e+00   9.464365e+01   1.000000e+02
2.750676e+00   9.653755e+01   1.000000e+02
2.776153e+00   9.845955e+01   1.000000e+02
2.801867e+00   1.004100e+02   1.000000e+02
2.827818e+00   1.023893e+02   1.000000e+02
2.854010e+00   1.043979e+02   1.000000e+02
2.880444e+00   1.064360e+02   1.000000e+02
2.907123e+00   1.085041e+02   1.000000e+02
2.934050e+00   1.106027e+02   1.000000e+02
2.961225e+00   1.127321e+02   1.000000e+02
2.988653e+00   1.148927e+02   1.000000e+02
3.016334e+00   1.170851e+02   1.000000e+02
3.044272e+00   1.193095e+02   1.000000e+02
3.072469e+00   1.215663e+02   1.000000e+02
3.100927e+00   1.238556e+02   1.000000e+02
3.129648e+00   1.261777e+02   1.000000e+02
3.158635e+00   1.285329e+02   1.000000e+02
3.187891e+00   1.309214e+02   1.000000e+02
3.217418e+00   1.333435e+02   1.000000e+02
3.247218e+00   1.357993e+02   1.000000e+02
3.277295e+00   1.382891e+02   1.000000e+02
3.307650e+00   1.408132e+02   1.000000e+02
3.338286e+00   1.433717e+02   1.000000e+02
3.369206e+00   1.459650e+02   1.000000e+02
3.400412e+00   1.485931e+02   1.000000e+02
3.431907e+00   1.512564e+02   1.000000e+02
3.463694e+00   1.539550e+02   1.000000e+02
3.495776e+00   1.566892e+02   1.000000e+02
3.528154e+00   1.594591e+02   1.000000e+02
3.560833e+00   1.622651e+02   1.000000e+02
3.593814e+00   1.651074e+02   1.000000e+02
3.627100e+00   1.679863e+02   1.000000e+02
3.660695e+00   1.709022e+02   1.000000e+02
3.694601e+00   1.738552e+02   1.000000e+02
3.728821e+00   1.768458e+02   1.000000e+02
3.763358e+00   1.798742e+02   1.000000e+02
3.798215e+00   1.829407e+02   1.000000e+02
3.833395e+00   1.860456e+02   1.000000e+02
3.868901e+00   1.891893e+02   1.000000e+02
3.904735e+00   1.923720e+02   1.000000e+02
3.940902e+00   1.955941e+02   1.000000e+02
3.977403e+00   1.988559e+02   1.000000e+02
4.014242e+00   2.021577e+02   1.000000e+02
4.051423e+00   2.054998e+02   1.000000e+02
4.088948e+00   2.088825e+02   1.000000e+02
4.126821e+00   2.123062e+02   1.000000e+02
4.165044e+00   2.157712e+02   1.000000e+02
4.203622e+00   2.192777e+02   1.000000e+02
4.242556e+00   2.228260e+02   1.000000e+02
4.281852e+00   2.264166e+02   1.000000e+02
4.321511e+00   2.300496e+02   1.000000e+02
4.361538e+00   2.337255e+02   1.000000e+02
4.401935e+00   2.374445e+02   1.000000e+02
4.442707e+00   2.412070e+02   1.000000e+02
4.483856e+00   2.450133e+02   1.000000e+02
4.525386e+00   2.488637e+02   1.000000e+02
4.567301e+00   2.527585e+02   1.000000e+02
4.609604e+00   2.566982e+02   1.000000e+02
4.652300e+00   2.606830e+02   1.000000e+02
4.695390e+00   2.647133e+02   1.000000e+02
4.738880e+00   2.687893e+02   1.000000e+02
4.782772e+00   2.729116e+02   1.000000e+02
4.827071e+00   2.770804e+02   1.000000e+02
4.871780e+00   2.812960e+02   1.000000e+02
4.916904e+00   2.855589e+02   1.000000e+02
4.962445e+00   2.898694e+02   1.000000e+02
5.008408e+00   2.942279e+02   1.000000e+02
5.054797e+00   2.986347e+02   1.000000e+02
5.101615e+00   3.030902e+02   1.000000e+02
5.148867e+00   3.075949e+02   1.000000e+02
5.196557e+00   3.121490e+02   1.000000e+02
5.244689e+00   3.167529e+02   1.000000e+02
5.293266e+00   3.214071e+02   1.000000e+02
5.342293e+00   3.261120e+02   1.000000e+02
5.391775e+00   3.308679e+02   1.000000e+02
5.441714e+00   3.356753e+02   1.000000e+02
5.492116e+00   3.405345e+02   1.000000e+02
5.542986e+00   3.454460e+02   1.000000e+02
5.594326e+00   3.504102e+02   1.000000e+02
5.646141e+00   3.554276e+02   1.000000e+02
5.698437e+00   3.604985e+02   1.000000e+02
5.751217e+00   3.656234e+02   1.000000e+02
5.804486e+00   3.708028e+02   1.000000e+02
5.858248e+00   3.760370e+02   1.000000e+02
5.912508e+00   3.813267e+02   1.000000e+02
5.967271e+00   3.866721e+02   1.000000e+02
6.022541e+00   3.920738e+02   1.000000e+02
6.078323e+00   3.975323e+02   1.000000e+02
6.134622e+00   4.030479e+02   1.000000e+02
6.191442e+00   4.086211e+02   1.000000e+02
6.248788e+00   4.142522e+02   1.000000e+02
6.306666e+00   4.199416e+02   1.000000e+02
6.365079e+00   4.256898e+02   1.000000e+02
6.424034e+00   4.314972e+02   1.000000e+02
6.483534e+00   4.373641e+02   1.000000e+02
6.543586e+00   4.432911e+02   1.000000e+02
6.604194e+00   4.492784e+02   1.000000e+02
6.665363e+00   4.553266e+02   1.000000e+02
6.727099e+00   4.614361e+02   1.000000e+02
6.789407e+00   4.676072e+02   1.000000e+02
6.852292e+00   4.738405e+02   1.000000e+02
6.915759e+00   4.801363e+02   1.000000e+02
6.979814e+00   4.864952e+02   1.000000e+02
7.044462e+00   4.929174e+02   1.000000e+02
7.109709e+00   4.994035e+02   1.000000e+02
7.175561e+00   5.059537e+02   1.000000e+02
7.242022e+00   5.125682e+02   1.000000e+02
7.309099e+00   5.192474e+02   1.000000e+02
7.376798e+00   5.259916e+02   1.000000e+02
7.445123e+00   5.328011e+02   1.000000e+02
7.514081e+00   5.396760e+02   1.000000e+02
7.583678e+00   5.466168e+02   1.000000e+02
7.653919e+00   5.536236e+02   1.000000e+02
7.724811e+00   5.606967e+02   1.000000e+02
7.796360e+00   5.678365e+02   1.000000e+02
7.868572e+00   5.750430e+02   1.000000e+02
7.941452e+00   5.823167e+02   1.000000e+02
8.015007e+00   5.896577e+02   1.000000e+02
8.089243e+00   5.970662e+02   1.000000e+02
8.164168e+00   6.045422e+02   1.000000e+02
8.239786e+00   6.120856e+02   1.000000e+02
8.316104e+00   6.196964e+02   1.000000e+02
8.393129e+00   6.273744e+02   1.000000e+02
8.470868e+00   6.351196e+02   1.000000e+02
8.549327e+00   6.429317e+02   1.000000e+02
8.628513e+00   6.508107e+02   1.000000e+02
8.708431e+00   6.587564e+02   1.000000e+02
8.789091e+00   6.667685e+02   1.000000e+02
8.870497e+00   6.748469e+02   1.000000e+02
8.952657e+00   6.829913e+02   1.000000e+02
9.035578e+00   6.912014e+02   1.000000e+02
9.119268e+00   6.994769e+02   1.000000e+02
9.203732e+00   7.078176e+02   1.000000e+02
9.288979e+00   7.162231e+02   1.000000e+02
9.375015e+00   7.246929e+02   1.000000e+02
9.461848e+00   7.332268e+02   1.000000e+02
9.549486e+00   7.418244e+02   1.000000e+02
9.637935e+00   7.504851e+02   1.000000e+02
9.727203e+00   7.592085e+02   1.000000e+02
9.817298e+00   7.679941e+02   1.000000e+02
9.908228e+00   7.768415e+02   1.000000e+02
1.000000e+01   7.857500e+02   1.000000e+02
