# C12 + t > B11 + a   [C12_t__B11_a]   ref=TALYS2, Koning et al. 2023
# detailed balance: alpha=0.37217 beta=0 gamma=-44.7585  Q=3.857
# T9                 rate                error
1.000000e-03   1.000000e-35   1.000000e+02
1.009262e-03   1.006779e-35   1.000000e+02
1.018610e-03   1.012745e-35   1.000000e+02
1.028045e-03   1.017895e-35   1.000000e+02
1.037567e-03   1.022233e-35   1.000000e+02
1.047177e-03   1.025763e-35   1.000000e+02
1.056876e-03   1.028492e-35   1.000000e+02
1.066665e-03   1.030428e-35   1.000000e+02
1.076545e-03   1.031582e-35   1.000000e+02
1.086516e-03   1.031965e-35   1.000000e+02
1.096579e-03   1.031594e-35   1.000000e+02
1.106736e-03   1.030483e-35   1.000000e+02
1.116987e-03   1.028649e-35   1.000000e+02
1.127333e-03   1.026112e-35   1.000000e+02
1.137774e-03   1.022892e-35   1.000000e+02
1.148312e-03   1.019010e-35   1.000000e+02
1.158948e-03   1.014489e-35   1.000000e+02
1.169683e-03   1.009351e-35   1.000000e+02
1.180517e-03   1.003622e-35   1.000000e+02
1.191451e-03   9.973265e-36   1.000000e+02
1.202486e-03   9.904894e-36   1.000000e+02
1.213624e-03   9.831372e-36   1.000000e+02
1.224865e-03   9.752964e-36   1.000000e+02
1.236210e-03   9.669936e-36   1.000000e+02
1.247660e-03   9.582557e-36   1.000000e+02
1.259216e-03   9.491098e-36   1.000000e+02
1.270879e-03   9.395827e-36   1.000000e+02
1.282650e-03   9.297015e-36   1.000000e+02
1.294530e-03   9.194926e-36   1.000000e+02
1.306520e-03   9.089826e-36   1.000000e+02
1.318621e-03   8.981975e-36   1.000000e+02
1.330835e-03   8.871630e-36   1.000000e+02
1.343161e-03   8.759043e-36   1.000000e+02
1.355602e-03   8.644460e-36   1.000000e+02
1.368158e-03   8.528122e-36   1.000000e+02
1.380830e-03   8.410264e-36   1.000000e+02
1.393619e-03   8.291115e-36   1.000000e+02
1.406527e-03   8.170894e-36   1.000000e+02
1.419555e-03   8.049817e-36   1.000000e+02
1.432703e-03   7.928088e-36   1.000000e+02
1.445973e-03   7.805908e-36   1.000000e+02
1.459366e-03   7.683465e-36   1.000000e+02
1.472883e-03   7.560943e-36   1.000000e+02
1.486525e-03   7.438515e-36   1.000000e+02
1.500293e-03   7.316348e-36   1.000000e+02
1.514189e-03   7.194601e-36   1.000000e+02
1.528214e-03   7.073421e-36   1.000000e+02
1.542369e-03   6.952952e-36   1.000000e+02
1.556654e-03   6.833326e-36   1.000000e+02
1.571072e-03   6.714670e-36   1.000000e+02
1.585624e-03   6.597100e-36   1.000000e+02
1.600310e-03   6.480728e-36   1.000000e+02
1.615133e-03   6.365655e-36   1.000000e+02
1.630092e-03   6.251977e-36   1.000000e+02
1.645191e-03   6.139782e-36   1.000000e+02
1.660429e-03   6.029151e-36   1.000000e+02
1.675808e-03   5.920160e-36   1.000000e+02
1.691330e-03   5.812876e-36   1.000000e+02
1.706995e-03   5.707361e-36   1.000000e+02
1.722805e-03   5.603672e-36   1.000000e+02
1.738762e-03   5.501860e-36   1.000000e+02
1.754867e-03   5.401968e-36   1.000000e+02
1.771121e-03   5.304039e-36   1.000000e+02
1.787526e-03   5.208105e-36   1.000000e+02
1.804082e-03   5.114199e-36   1.000000e+02
1.820792e-03   5.022346e-36   1.000000e+02
1.837656e-03   4.932569e-36   1.000000e+02
1.854677e-03   4.844886e-36   1.000000e+02
1.871855e-03   4.759312e-36   1.000000e+02
1.889193e-03   4.675857e-36   1.000000e+02
1.906691e-03   4.594532e-36   1.000000e+02
1.924351e-03   4.515340e-36   1.000000e+02
1.942175e-03   4.438286e-36   1.000000e+02
1.960163e-03   4.363370e-36   1.000000e+02
1.978319e-03   4.290591e-36   1.000000e+02
1.996642e-03   4.219945e-36   1.000000e+02
2.015136e-03   4.151428e-36   1.000000e+02
2.033800e-03   4.085032e-36   1.000000e+02
2.052638e-03   4.020751e-36   1.000000e+02
2.071650e-03   3.958575e-36   1.000000e+02
2.090838e-03   3.898494e-36   1.000000e+02
2.110203e-03   3.840500e-36   1.000000e+02
2.129749e-03   3.784579e-36   1.000000e+02
2.149475e-03   3.730722e-36   1.000000e+02
2.169384e-03   3.678917e-36   1.000000e+02
2.189477e-03   3.629152e-36   1.000000e+02
2.209756e-03   3.581417e-36   1.000000e+02
2.230223e-03   3.535699e-36   1.000000e+02
2.250880e-03   3.491990e-36   1.000000e+02
2.271728e-03   3.450278e-36   1.000000e+02
2.292769e-03   3.410556e-36   1.000000e+02
2.314005e-03   3.372814e-36   1.000000e+02
2.335438e-03   3.337046e-36   1.000000e+02
2.357069e-03   3.303246e-36   1.000000e+02
2.378901e-03   3.271409e-36   1.000000e+02
2.400935e-03   3.241532e-36   1.000000e+02
2.423173e-03   3.213615e-36   1.000000e+02
2.445617e-03   3.187658e-36   1.000000e+02
2.468268e-03   3.163663e-36   1.000000e+02
2.491130e-03   3.141634e-36   1.000000e+02
2.514203e-03   3.121580e-36   1.000000e+02
2.537490e-03   3.103509e-36   1.000000e+02
2.560993e-03   3.087433e-36   1.000000e+02
2.584714e-03   3.073368e-36   1.000000e+02
2.608654e-03   3.061330e-36   1.000000e+02
2.632815e-03   3.051343e-36   1.000000e+02
2.657201e-03   3.043429e-36   1.000000e+02
2.681813e-03   3.037619e-36   1.000000e+02
2.706652e-03   3.033943e-36   1.000000e+02
2.731722e-03   3.032439e-36   1.000000e+02
2.757023e-03   3.033148e-36   1.000000e+02
2.782559e-03   3.036115e-36   1.000000e+02
2.808332e-03   3.041392e-36   1.000000e+02
2.834343e-03   3.049035e-36   1.000000e+02
2.860596e-03   3.059108e-36   1.000000e+02
2.887091e-03   3.071678e-36   1.000000e+02
2.913832e-03   3.086821e-36   1.000000e+02
2.940820e-03   3.104621e-36   1.000000e+02
2.968059e-03   3.125167e-36   1.000000e+02
2.995549e-03   3.148560e-36   1.000000e+02
3.023295e-03   3.174878e-36   1.000000e+02
3.051297e-03   3.204021e-36   1.000000e+02
3.079559e-03   3.235815e-36   1.000000e+02
3.108082e-03   3.270080e-36   1.000000e+02
3.136870e-03   3.306635e-36   1.000000e+02
3.165924e-03   3.345290e-36   1.000000e+02
3.195248e-03   3.385848e-36   1.000000e+02
3.224842e-03   3.428105e-36   1.000000e+02
3.254712e-03   3.471843e-36   1.000000e+02
3.284857e-03   3.516836e-36   1.000000e+02
3.315282e-03   3.562843e-36   1.000000e+02
3.345989e-03   3.609612e-36   1.000000e+02
3.376980e-03   3.656875e-36   1.000000e+02
3.408259e-03   3.704350e-36   1.000000e+02
3.439826e-03   3.751741e-36   1.000000e+02
3.471687e-03   3.798738e-36   1.000000e+02
3.503842e-03   3.845014e-36   1.000000e+02
3.536296e-03   3.890229e-36   1.000000e+02
3.569049e-03   3.934030e-36   1.000000e+02
3.602107e-03   3.976053e-36   1.000000e+02
3.635470e-03   4.015920e-36   1.000000e+02
3.669142e-03   4.053247e-36   1.000000e+02
3.703127e-03   4.087641e-36   1.000000e+02
3.737426e-03   4.118704e-36   1.000000e+02
3.772042e-03   4.146038e-36   1.000000e+02
3.806980e-03   4.169245e-36   1.000000e+02
3.842241e-03   4.187931e-36   1.000000e+02
3.877828e-03   4.201711e-36   1.000000e+02
3.913746e-03   4.210213e-36   1.000000e+02
3.949995e-03   4.213080e-36   1.000000e+02
3.986581e-03   4.209977e-36   1.000000e+02
4.023506e-03   4.200711e-36   1.000000e+02
4.060772e-03   4.186642e-36   1.000000e+02
4.098384e-03   4.170198e-36   1.000000e+02
4.136344e-03   4.153797e-36   1.000000e+02
4.174655e-03   4.139822e-36   1.000000e+02
4.213322e-03   4.130629e-36   1.000000e+02
4.252346e-03   4.128560e-36   1.000000e+02
4.291732e-03   4.135987e-36   1.000000e+02
4.331483e-03   4.155352e-36   1.000000e+02
4.371602e-03   4.189235e-36   1.000000e+02
4.412093e-03   4.240430e-36   1.000000e+02
4.452959e-03   4.312046e-36   1.000000e+02
4.494203e-03   4.407632e-36   1.000000e+02
4.535829e-03   4.531331e-36   1.000000e+02
4.577841e-03   4.688077e-36   1.000000e+02
4.620241e-03   4.883850e-36   1.000000e+02
4.663035e-03   5.125999e-36   1.000000e+02
4.706225e-03   5.423674e-36   1.000000e+02
4.749815e-03   5.788385e-36   1.000000e+02
4.793808e-03   6.234765e-36   1.000000e+02
4.838210e-03   6.781593e-36   1.000000e+02
4.883022e-03   7.453194e-36   1.000000e+02
4.928250e-03   8.281369e-36   1.000000e+02
4.973896e-03   9.308100e-36   1.000000e+02
5.019965e-03   1.058918e-35   1.000000e+02
5.066461e-03   1.219350e-35   1.000000e+02
5.113388e-03   1.420422e-35   1.000000e+02
5.160749e-03   1.672910e-35   1.000000e+02
5.208549e-03   1.990842e-35   1.000000e+02
5.256791e-03   2.392508e-35   1.000000e+02
5.305481e-03   2.901784e-35   1.000000e+02
5.354621e-03   3.549890e-35   1.000000e+02
5.404216e-03   4.377700e-35   1.000000e+02
5.454271e-03   5.438778e-35   1.000000e+02
5.504790e-03   6.803366e-35   1.000000e+02
5.555776e-03   8.563605e-35   1.000000e+02
5.607235e-03   1.084033e-34   1.000000e+02
5.659170e-03   1.379193e-34   1.000000e+02
5.711586e-03   1.762571e-34   1.000000e+02
5.764488e-03   2.261260e-34   1.000000e+02
5.817880e-03   2.910581e-34   1.000000e+02
5.871766e-03   3.756446e-34   1.000000e+02
5.926152e-03   4.858319e-34   1.000000e+02
5.981041e-03   6.292877e-34   1.000000e+02
6.036439e-03   8.158854e-34   1.000000e+02
6.092349e-03   1.058818e-33   1.000000e+02
6.148778e-03   1.375862e-33   1.000000e+02
6.205729e-03   1.790781e-33   1.000000e+02
6.263207e-03   2.335485e-33   1.000000e+02
6.321218e-03   3.053026e-33   1.000000e+02
6.379767e-03   4.001801e-33   1.000000e+02
6.438857e-03   5.261438e-33   1.000000e+02
6.498495e-03   6.941124e-33   1.000000e+02
6.558686e-03   9.191450e-33   1.000000e+02
6.619433e-03   1.222136e-32   1.000000e+02
6.680744e-03   1.632258e-32   1.000000e+02
6.742622e-03   2.190505e-32   1.000000e+02
6.805074e-03   2.954870e-32   1.000000e+02
6.868104e-03   4.007963e-32   1.000000e+02
6.931717e-03   5.468301e-32   1.000000e+02
6.995920e-03   7.507186e-32   1.000000e+02
7.060718e-03   1.037321e-31   1.000000e+02
7.126115e-03   1.442436e-31   1.000000e+02
7.192119e-03   2.017942e-31   1.000000e+02
7.258734e-03   2.839430e-31   1.000000e+02
7.325965e-03   4.017405e-31   1.000000e+02
7.393820e-03   5.713914e-31   1.000000e+02
7.462303e-03   8.167272e-31   1.000000e+02
7.531420e-03   1.172890e-30   1.000000e+02
7.601178e-03   1.691826e-30   1.000000e+02
7.671581e-03   2.450498e-30   1.000000e+02
7.742637e-03   3.563155e-30   1.000000e+02
7.814351e-03   5.199700e-30   1.000000e+02
7.886729e-03   7.613192e-30   1.000000e+02
7.959777e-03   1.118103e-29   1.000000e+02
8.033502e-03   1.646708e-29   1.000000e+02
8.107910e-03   2.433363e-29   1.000000e+02
8.183007e-03   3.613055e-29   1.000000e+02
8.258799e-03   5.398366e-29   1.000000e+02
8.335294e-03   8.128544e-29   1.000000e+02
8.412497e-03   1.235289e-28   1.000000e+02
8.490415e-03   1.897460e-28   1.000000e+02
8.569055e-03   2.950309e-28   1.000000e+02
8.648423e-03   4.650459e-28   1.000000e+02
8.728527e-03   7.442183e-28   1.000000e+02
8.809372e-03   1.210943e-27   1.000000e+02
8.890966e-03   2.006359e-27   1.000000e+02
8.973316e-03   3.389984e-27   1.000000e+02
9.056428e-03   5.847497e-27   1.000000e+02
9.140311e-03   1.026541e-26   1.000000e+02
9.224970e-03   1.823573e-26   1.000000e+02
9.310413e-03   3.259114e-26   1.000000e+02
9.396648e-03   5.826320e-26   1.000000e+02
9.483682e-03   1.035849e-25   1.000000e+02
9.571522e-03   1.820938e-25   1.000000e+02
9.660175e-03   3.146873e-25   1.000000e+02
9.749649e-03   5.315418e-25   1.000000e+02
9.839952e-03   8.724868e-25   1.000000e+02
9.931092e-03   1.383670e-24   1.000000e+02
1.002308e-02   2.107950e-24   1.000000e+02
1.011591e-02   3.078348e-24   1.000000e+02
1.020961e-02   4.330478e-24   1.000000e+02
1.030417e-02   5.901968e-24   1.000000e+02
1.039961e-02   7.837598e-24   1.000000e+02
1.049593e-02   1.019945e-23   1.000000e+02
1.059315e-02   1.308157e-23   1.000000e+02
1.069126e-02   1.663087e-23   1.000000e+02
1.079029e-02   2.107775e-23   1.000000e+02
1.089023e-02   2.678367e-23   1.000000e+02
1.099110e-02   3.431899e-23   1.000000e+02
1.109290e-02   4.455424e-23   1.000000e+02
1.119564e-02   5.859564e-23   1.000000e+02
1.129934e-02   7.792907e-23   1.000000e+02
1.140400e-02   1.046231e-22   1.000000e+02
1.150962e-02   1.415421e-22   1.000000e+02
1.161623e-02   1.926236e-22   1.000000e+02
1.172382e-02   2.632298e-22   1.000000e+02
1.183241e-02   3.605774e-22   1.000000e+02
1.194200e-02   4.942376e-22   1.000000e+02
1.205261e-02   6.767067e-22   1.000000e+02
1.216424e-02   9.249204e-22   1.000000e+02
1.227691e-02   1.262552e-21   1.000000e+02
1.239062e-02   1.722110e-21   1.000000e+02
1.250539e-02   2.348360e-21   1.000000e+02
1.262121e-02   3.203218e-21   1.000000e+02
1.273811e-02   4.372724e-21   1.000000e+02
1.285610e-02   5.977050e-21   1.000000e+02
1.297517e-02   8.184964e-21   1.000000e+02
1.309535e-02   1.123420e-20   1.000000e+02
1.321664e-02   1.545519e-20   1.000000e+02
1.333906e-02   2.130774e-20   1.000000e+02
1.346261e-02   2.943440e-20   1.000000e+02
1.358730e-02   4.073349e-20   1.000000e+02
1.371315e-02   5.646125e-20   1.000000e+02
1.384016e-02   7.837465e-20   1.000000e+02
1.396835e-02   1.089309e-19   1.000000e+02
1.409773e-02   1.515676e-19   1.000000e+02
1.422830e-02   2.111176e-19   1.000000e+02
1.436009e-02   2.943843e-19   1.000000e+02
1.449310e-02   4.109478e-19   1.000000e+02
1.462733e-02   5.743147e-19   1.000000e+02
1.476281e-02   8.035522e-19   1.000000e+02
1.489955e-02   1.125612e-18   1.000000e+02
1.503755e-02   1.578642e-18   1.000000e+02
1.517683e-02   2.216666e-18   1.000000e+02
1.531740e-02   3.116207e-18   1.000000e+02
1.545928e-02   4.385793e-18   1.000000e+02
1.560246e-02   6.179479e-18   1.000000e+02
1.574698e-02   8.716126e-18   1.000000e+02
1.589283e-02   1.230692e-17   1.000000e+02
1.604003e-02   1.739464e-17   1.000000e+02
1.618860e-02   2.460962e-17   1.000000e+02
1.633854e-02   3.484940e-17   1.000000e+02
1.648987e-02   4.939279e-17   1.000000e+02
1.664260e-02   7.006264e-17   1.000000e+02
1.679675e-02   9.945832e-17   1.000000e+02
1.695232e-02   1.412877e-16   1.000000e+02
1.710934e-02   2.008413e-16   1.000000e+02
1.726781e-02   2.856698e-16   1.000000e+02
1.742775e-02   4.065509e-16   1.000000e+02
1.758917e-02   5.788710e-16   1.000000e+02
1.775208e-02   8.245973e-16   1.000000e+02
1.791650e-02   1.175093e-15   1.000000e+02
1.808245e-02   1.675136e-15   1.000000e+02
1.824993e-02   2.388715e-15   1.000000e+02
1.841897e-02   3.407346e-15   1.000000e+02
1.858957e-02   4.861909e-15   1.000000e+02
1.876175e-02   6.939648e-15   1.000000e+02
1.893552e-02   9.908533e-15   1.000000e+02
1.911091e-02   1.415220e-14   1.000000e+02
1.928792e-02   2.022006e-14   1.000000e+02
1.946656e-02   2.889923e-14   1.000000e+02
1.964687e-02   4.131776e-14   1.000000e+02
1.982884e-02   5.909287e-14   1.000000e+02
2.001250e-02   8.454396e-14   1.000000e+02
2.019786e-02   1.209945e-13   1.000000e+02
2.038493e-02   1.731893e-13   1.000000e+02
2.057374e-02   2.478996e-13   1.000000e+02
2.076430e-02   3.547784e-13   1.000000e+02
2.095662e-02   5.075652e-13   1.000000e+02
2.115073e-02   7.257831e-13   1.000000e+02
2.134663e-02   1.037121e-12   1.000000e+02
2.154435e-02   1.480764e-12   1.000000e+02
2.174389e-02   2.112048e-12   1.000000e+02
2.194529e-02   3.008916e-12   1.000000e+02
2.214855e-02   4.280865e-12   1.000000e+02
2.235370e-02   6.081283e-12   1.000000e+02
2.256074e-02   8.624384e-12   1.000000e+02
2.276970e-02   1.220835e-11   1.000000e+02
2.298060e-02   1.724683e-11   1.000000e+02
2.319345e-02   2.431148e-11   1.000000e+02
2.340827e-02   3.418935e-11   1.000000e+02
2.362508e-02   4.795945e-11   1.000000e+02
2.384390e-02   6.709476e-11   1.000000e+02
2.406475e-02   9.359680e-11   1.000000e+02
2.428764e-02   1.301722e-10   1.000000e+02
2.451260e-02   1.804628e-10   1.000000e+02
2.473964e-02   2.493423e-10   1.000000e+02
2.496878e-02   3.432972e-10   1.000000e+02
2.520005e-02   4.709275e-10   1.000000e+02
2.543346e-02   6.437141e-10   1.000000e+02
2.566903e-02   8.769405e-10   1.000000e+02
2.590678e-02   1.190882e-09   1.000000e+02
2.614673e-02   1.612398e-09   1.000000e+02
2.638891e-02   2.177026e-09   1.000000e+02
2.663333e-02   2.931746e-09   1.000000e+02
2.688001e-02   3.938615e-09   1.000000e+02
2.712898e-02   5.279571e-09   1.000000e+02
2.738025e-02   7.062765e-09   1.000000e+02
2.763385e-02   9.430946e-09   1.000000e+02
2.788980e-02   1.257255e-08   1.000000e+02
2.814812e-02   1.673641e-08   1.000000e+02
2.840884e-02   2.225131e-08   1.000000e+02
2.867196e-02   2.955195e-08   1.000000e+02
2.893753e-02   3.921365e-08   1.000000e+02
2.920556e-02   5.199870e-08   1.000000e+02
2.947606e-02   6.891834e-08   1.000000e+02
2.974908e-02   9.131616e-08   1.000000e+02
3.002462e-02   1.209802e-07   1.000000e+02
3.030271e-02   1.602538e-07   1.000000e+02
3.058338e-02   2.120651e-07   1.000000e+02
3.086665e-02   2.800734e-07   1.000000e+02
3.115254e-02   3.687999e-07   1.000000e+02
3.144108e-02   4.837281e-07   1.000000e+02
3.173230e-02   6.313615e-07   1.000000e+02
3.202621e-02   8.192118e-07   1.000000e+02
3.232284e-02   1.055676e-06   1.000000e+02
3.262222e-02   1.349758e-06   1.000000e+02
3.292437e-02   1.710595e-06   1.000000e+02
3.322933e-02   2.146741e-06   1.000000e+02
3.353710e-02   2.665187e-06   1.000000e+02
3.384773e-02   3.270142e-06   1.000000e+02
3.416123e-02   3.961606e-06   1.000000e+02
3.447764e-02   4.733871e-06   1.000000e+02
3.479698e-02   5.574131e-06   1.000000e+02
3.511928e-02   6.461424e-06   1.000000e+02
3.544456e-02   7.366221e-06   1.000000e+02
3.577285e-02   8.250903e-06   1.000000e+02
3.610419e-02   9.071380e-06   1.000000e+02
3.643859e-02   9.779921e-06   1.000000e+02
3.677609e-02   1.032910e-05   1.000000e+02
3.711672e-02   1.067651e-05   1.000000e+02
3.746050e-02   1.078974e-05   1.000000e+02
3.780747e-02   1.065081e-05   1.000000e+02
3.815765e-02   1.025932e-05   1.000000e+02
3.851107e-02   9.633728e-06   1.000000e+02
3.886777e-02   8.810177e-06   1.000000e+02
3.922777e-02   7.839065e-06   1.000000e+02
3.959110e-02   6.779665e-06   1.000000e+02
3.995780e-02   5.693659e-06   1.000000e+02
4.032790e-02   4.640768e-06   1.000000e+02
4.070142e-02   3.678877e-06   1.000000e+02
4.107841e-02   2.844976e-06   1.000000e+02
4.145888e-02   2.152737e-06   1.000000e+02
4.184289e-02   1.598689e-06   1.000000e+02
4.223044e-02   1.168715e-06   1.000000e+02
4.262159e-02   8.435995e-07   1.000000e+02
4.301636e-02   6.030568e-07   1.000000e+02
4.341478e-02   4.282384e-07   1.000000e+02
4.381690e-02   3.029910e-07   1.000000e+02
4.422274e-02   2.142407e-07   1.000000e+02
4.463234e-02   1.518495e-07   1.000000e+02
4.504573e-02   1.082120e-07   1.000000e+02
4.546295e-02   7.776775e-08   1.000000e+02
4.588404e-02   5.653229e-08   1.000000e+02
4.630903e-02   4.169443e-08   1.000000e+02
4.673795e-02   3.129357e-08   1.000000e+02
4.717085e-02   2.397392e-08   1.000000e+02
4.760775e-02   1.880361e-08   1.000000e+02
4.804870e-02   1.514512e-08   1.000000e+02
4.849374e-02   1.256450e-08   1.000000e+02
4.894290e-02   1.076885e-08   1.000000e+02
4.939622e-02   9.564383e-09   1.000000e+02
4.985373e-02   8.829152e-09   1.000000e+02
5.031549e-02   8.494396e-09   1.000000e+02
5.078152e-02   8.511346e-09   1.000000e+02
5.125187e-02   8.857345e-09   1.000000e+02
5.172657e-02   9.546016e-09   1.000000e+02
5.220568e-02   1.062497e-08   1.000000e+02
5.268921e-02   1.217851e-08   1.000000e+02
5.317723e-02   1.433491e-08   1.000000e+02
5.366977e-02   1.727841e-08   1.000000e+02
5.416687e-02   2.126643e-08   1.000000e+02
5.466857e-02   2.665270e-08   1.000000e+02
5.517492e-02   3.391697e-08   1.000000e+02
5.568596e-02   4.370146e-08   1.000000e+02
5.620174e-02   5.685277e-08   1.000000e+02
5.672229e-02   7.446598e-08   1.000000e+02
5.724766e-02   9.792383e-08   1.000000e+02
5.777790e-02   1.289190e-07   1.000000e+02
5.831305e-02   1.694404e-07   1.000000e+02
5.885316e-02   2.216985e-07   1.000000e+02
5.939827e-02   2.879569e-07   1.000000e+02
5.994843e-02   3.702416e-07   1.000000e+02
6.050368e-02   4.701188e-07   1.000000e+02
6.106408e-02   5.895452e-07   1.000000e+02
6.162966e-02   7.307727e-07   1.000000e+02
6.220049e-02   8.961323e-07   1.000000e+02
6.277660e-02   1.088067e-06   1.000000e+02
6.335805e-02   1.309187e-06   1.000000e+02
6.394488e-02   1.562353e-06   1.000000e+02
6.453715e-02   1.850790e-06   1.000000e+02
6.513491e-02   2.178235e-06   1.000000e+02
6.573820e-02   2.549121e-06   1.000000e+02
6.634708e-02   2.968819e-06   1.000000e+02
6.696160e-02   3.443921e-06   1.000000e+02
6.758181e-02   3.982610e-06   1.000000e+02
6.820777e-02   4.595118e-06   1.000000e+02
6.883952e-02   5.294302e-06   1.000000e+02
6.947713e-02   6.096390e-06   1.000000e+02
7.012064e-02   7.021944e-06   1.000000e+02
7.077011e-02   8.094621e-06   1.000000e+02
7.142559e-02   9.337122e-06   1.000000e+02
7.208715e-02   1.077422e-05   1.000000e+02
7.275484e-02   1.243352e-05   1.000000e+02
7.342870e-02   1.434553e-05   1.000000e+02
7.410882e-02   1.654368e-05   1.000000e+02
7.479523e-02   1.906426e-05   1.000000e+02
7.548799e-02   2.194616e-05   1.000000e+02
7.618718e-02   2.523059e-05   1.000000e+02
7.689284e-02   2.896043e-05   1.000000e+02
7.760503e-02   3.317955e-05   1.000000e+02
7.832383e-02   3.793175e-05   1.000000e+02
7.904928e-02   4.325944e-05   1.000000e+02
7.978145e-02   4.920210e-05   1.000000e+02
8.052040e-02   5.579303e-05   1.000000e+02
8.126619e-02   6.304290e-05   1.000000e+02
8.201889e-02   7.093467e-05   1.000000e+02
8.277857e-02   7.942419e-05   1.000000e+02
8.354528e-02   8.843506e-05   1.000000e+02
8.431909e-02   9.785411e-05   1.000000e+02
8.510007e-02   1.075282e-04   1.000000e+02
8.588829e-02   1.172626e-04   1.000000e+02
8.668380e-02   1.268226e-04   1.000000e+02
8.748668e-02   1.359374e-04   1.000000e+02
8.829700e-02   1.443087e-04   1.000000e+02
8.911482e-02   1.516220e-04   1.000000e+02
8.994022e-02   1.575630e-04   1.000000e+02
9.077327e-02   1.619062e-04   1.000000e+02
9.161402e-02   1.648273e-04   1.000000e+02
9.246257e-02   1.666795e-04   1.000000e+02
9.331898e-02   1.678626e-04   1.000000e+02
9.418332e-02   1.688012e-04   1.000000e+02
9.505566e-02   1.699332e-04   1.000000e+02
9.593608e-02   1.717090e-04   1.000000e+02
9.682466e-02   1.746030e-04   1.000000e+02
9.772147e-02   1.791369e-04   1.000000e+02
9.862658e-02   1.859193e-04   1.000000e+02
9.954008e-02   1.957046e-04   1.000000e+02
1.004620e-01   2.094605e-04   1.000000e+02
1.013925e-01   2.279824e-04   1.000000e+02
1.023317e-01   2.518016e-04   1.000000e+02
1.032795e-01   2.815722e-04   1.000000e+02
1.042361e-01   3.180614e-04   1.000000e+02
1.052015e-01   3.621081e-04   1.000000e+02
1.061759e-01   4.145600e-04   1.000000e+02
1.071593e-01   4.761837e-04   1.000000e+02
1.081519e-01   5.475396e-04   1.000000e+02
1.091536e-01   6.288201e-04   1.000000e+02
1.101646e-01   7.196543e-04   1.000000e+02
1.111850e-01   8.195056e-04   1.000000e+02
1.122148e-01   9.288926e-04   1.000000e+02
1.132541e-01   1.048681e-03   1.000000e+02
1.143031e-01   1.179954e-03   1.000000e+02
1.153618e-01   1.324065e-03   1.000000e+02
1.164303e-01   1.482705e-03   1.000000e+02
1.175087e-01   1.657984e-03   1.000000e+02
1.185971e-01   1.852531e-03   1.000000e+02
1.196956e-01   2.069612e-03   1.000000e+02
1.208042e-01   2.313163e-03   1.000000e+02
1.219231e-01   2.586739e-03   1.000000e+02
1.230524e-01   2.893614e-03   1.000000e+02
1.241921e-01   3.237296e-03   1.000000e+02
1.253424e-01   3.621508e-03   1.000000e+02
1.265034e-01   4.050174e-03   1.000000e+02
1.276751e-01   4.527378e-03   1.000000e+02
1.288576e-01   5.057320e-03   1.000000e+02
1.300511e-01   5.644251e-03   1.000000e+02
1.312557e-01   6.292421e-03   1.000000e+02
1.324714e-01   7.006042e-03   1.000000e+02
1.336984e-01   7.789156e-03   1.000000e+02
1.349367e-01   8.645496e-03   1.000000e+02
1.361865e-01   9.578346e-03   1.000000e+02
1.374479e-01   1.059037e-02   1.000000e+02
1.387210e-01   1.168346e-02   1.000000e+02
1.400058e-01   1.285850e-02   1.000000e+02
1.413026e-01   1.411740e-02   1.000000e+02
1.426114e-01   1.547110e-02   1.000000e+02
1.439323e-01   1.693601e-02   1.000000e+02
1.452654e-01   1.853306e-02   1.000000e+02
1.466109e-01   2.028856e-02   1.000000e+02
1.479688e-01   2.223542e-02   1.000000e+02
1.493393e-01   2.441473e-02   1.000000e+02
1.507225e-01   2.687695e-02   1.000000e+02
1.521186e-01   2.966653e-02   1.000000e+02
1.535275e-01   3.281651e-02   1.000000e+02
1.549495e-01   3.636025e-02   1.000000e+02
1.563847e-01   4.033112e-02   1.000000e+02
1.578331e-01   4.476131e-02   1.000000e+02
1.592950e-01   4.968030e-02   1.000000e+02
1.607704e-01   5.511378e-02   1.000000e+02
1.622595e-01   6.109707e-02   1.000000e+02
1.637624e-01   6.768032e-02   1.000000e+02
1.652792e-01   7.491838e-02   1.000000e+02
1.668101e-01   8.287055e-02   1.000000e+02
1.683551e-01   9.160093e-02   1.000000e+02
1.699144e-01   1.011788e-01   1.000000e+02
1.714882e-01   1.116788e-01   1.000000e+02
1.730766e-01   1.231816e-01   1.000000e+02
1.746796e-01   1.357740e-01   1.000000e+02
1.762975e-01   1.495496e-01   1.000000e+02
1.779304e-01   1.646090e-01   1.000000e+02
1.795785e-01   1.810605e-01   1.000000e+02
1.812418e-01   1.990210e-01   1.000000e+02
1.829205e-01   2.186232e-01   1.000000e+02
1.846147e-01   2.400157e-01   1.000000e+02
1.863246e-01   2.633620e-01   1.000000e+02
1.880504e-01   2.888420e-01   1.000000e+02
1.897922e-01   3.166545e-01   1.000000e+02
1.915501e-01   3.470187e-01   1.000000e+02
1.933242e-01   3.801772e-01   1.000000e+02
1.951148e-01   4.163983e-01   1.000000e+02
1.969220e-01   4.559800e-01   1.000000e+02
1.987460e-01   4.992526e-01   1.000000e+02
2.005868e-01   5.465836e-01   1.000000e+02
2.024447e-01   5.983668e-01   1.000000e+02
2.043197e-01   6.550117e-01   1.000000e+02
2.062122e-01   7.169610e-01   1.000000e+02
2.081222e-01   7.846955e-01   1.000000e+02
2.100498e-01   8.587372e-01   1.000000e+02
2.119953e-01   9.396522e-01   1.000000e+02
2.139589e-01   1.028054e+00   1.000000e+02
2.159406e-01   1.124608e+00   1.000000e+02
2.179407e-01   1.230034e+00   1.000000e+02
2.199593e-01   1.345111e+00   1.000000e+02
2.219966e-01   1.470680e+00   1.000000e+02
2.240528e-01   1.607650e+00   1.000000e+02
2.261280e-01   1.757005e+00   1.000000e+02
2.282224e-01   1.919802e+00   1.000000e+02
2.303363e-01   2.097182e+00   1.000000e+02
2.324697e-01   2.290375e+00   1.000000e+02
2.346229e-01   2.500702e+00   1.000000e+02
2.367960e-01   2.729585e+00   1.000000e+02
2.389893e-01   2.978550e+00   1.000000e+02
2.412028e-01   3.249233e+00   1.000000e+02
2.434369e-01   3.543390e+00   1.000000e+02
2.456916e-01   3.862900e+00   1.000000e+02
2.479673e-01   4.209773e+00   1.000000e+02
2.502640e-01   4.586157e+00   1.000000e+02
2.525820e-01   4.994367e+00   1.000000e+02
2.549215e-01   5.436954e+00   1.000000e+02
2.572826e-01   5.916675e+00   1.000000e+02
2.596656e-01   6.436503e+00   1.000000e+02
2.620707e-01   6.999640e+00   1.000000e+02
2.644980e-01   7.609538e+00   1.000000e+02
2.669478e-01   8.269914e+00   1.000000e+02
2.694204e-01   8.984772e+00   1.000000e+02
2.719158e-01   9.758428e+00   1.000000e+02
2.744343e-01   1.059553e+01   1.000000e+02
2.769762e-01   1.150108e+01   1.000000e+02
2.795416e-01   1.248048e+01   1.000000e+02
2.821308e-01   1.353954e+01   1.000000e+02
2.847439e-01   1.468452e+01   1.000000e+02
2.873813e-01   1.592217e+01   1.000000e+02
2.900430e-01   1.725974e+01   1.000000e+02
2.927295e-01   1.870508e+01   1.000000e+02
2.954408e-01   2.026661e+01   1.000000e+02
2.981772e-01   2.195343e+01   1.000000e+02
3.009390e-01   2.377534e+01   1.000000e+02
3.037264e-01   2.574274e+01   1.000000e+02
3.065395e-01   2.786660e+01   1.000000e+02
3.093788e-01   3.015860e+01   1.000000e+02
3.122443e-01   3.263121e+01   1.000000e+02
3.151363e-01   3.529775e+01   1.000000e+02
3.180552e-01   3.817241e+01   1.000000e+02
3.210011e-01   4.127032e+01   1.000000e+02
3.239743e-01   4.460758e+01   1.000000e+02
3.269750e-01   4.820132e+01   1.000000e+02
3.300035e-01   5.206977e+01   1.000000e+02
3.330600e-01   5.623229e+01   1.000000e+02
3.361449e-01   6.070941e+01   1.000000e+02
3.392583e-01   6.552296e+01   1.000000e+02
3.424006e-01   7.069603e+01   1.000000e+02
3.455720e-01   7.625311e+01   1.000000e+02
3.487727e-01   8.222010e+01   1.000000e+02
3.520031e-01   8.862448e+01   1.000000e+02
3.552635e-01   9.549638e+01   1.000000e+02
3.585540e-01   1.028688e+02   1.000000e+02
3.618750e-01   1.107772e+02   1.000000e+02
3.652267e-01   1.192595e+02   1.000000e+02
3.686095e-01   1.283564e+02   1.000000e+02
3.720237e-01   1.381116e+02   1.000000e+02
3.754694e-01   1.485722e+02   1.000000e+02
3.789471e-01   1.597884e+02   1.000000e+02
3.824570e-01   1.718144e+02   1.000000e+02
3.859994e-01   1.847084e+02   1.000000e+02
3.895746e-01   1.985330e+02   1.000000e+02
3.931829e-01   2.133555e+02   1.000000e+02
3.968246e-01   2.292484e+02   1.000000e+02
4.005001e-01   2.462896e+02   1.000000e+02
4.042096e-01   2.645610e+02   1.000000e+02
4.079535e-01   2.841435e+02   1.000000e+02
4.117320e-01   3.051216e+02   1.000000e+02
4.155455e-01   3.275837e+02   1.000000e+02
4.193944e-01   3.516223e+02   1.000000e+02
4.232789e-01   3.773344e+02   1.000000e+02
4.271994e-01   4.048210e+02   1.000000e+02
4.311562e-01   4.341874e+02   1.000000e+02
4.351497e-01   4.655429e+02   1.000000e+02
4.391801e-01   4.990010e+02   1.000000e+02
4.432479e-01   5.346792e+02   1.000000e+02
4.473533e-01   5.726986e+02   1.000000e+02
4.514968e-01   6.131841e+02   1.000000e+02
4.556786e-01   6.562749e+02   1.000000e+02
4.598992e-01   7.021324e+02   1.000000e+02
4.641589e-01   7.509305e+02   1.000000e+02
4.684580e-01   8.028551e+02   1.000000e+02
4.727970e-01   8.581047e+02   1.000000e+02
4.771761e-01   9.168922e+02   1.000000e+02
4.815958e-01   9.794455e+02   1.000000e+02
4.860564e-01   1.046009e+03   1.000000e+02
4.905584e-01   1.116845e+03   1.000000e+02
4.951020e-01   1.192234e+03   1.000000e+02
4.996877e-01   1.272479e+03   1.000000e+02
5.043159e-01   1.357900e+03   1.000000e+02
5.089870e-01   1.448817e+03   1.000000e+02
5.137014e-01   1.545559e+03   1.000000e+02
5.184594e-01   1.648473e+03   1.000000e+02
5.232614e-01   1.757925e+03   1.000000e+02
5.281080e-01   1.874300e+03   1.000000e+02
5.329994e-01   1.998003e+03   1.000000e+02
5.379362e-01   2.129460e+03   1.000000e+02
5.429186e-01   2.269118e+03   1.000000e+02
5.479472e-01   2.417446e+03   1.000000e+02
5.530224e-01   2.574938e+03   1.000000e+02
5.581446e-01   2.742111e+03   1.000000e+02
5.633143e-01   2.919506e+03   1.000000e+02
5.685318e-01   3.107691e+03   1.000000e+02
5.737976e-01   3.307261e+03   1.000000e+02
5.791123e-01   3.518837e+03   1.000000e+02
5.844761e-01   3.743071e+03   1.000000e+02
5.898896e-01   3.980641e+03   1.000000e+02
5.953533e-01   4.232257e+03   1.000000e+02
6.008676e-01   4.498660e+03   1.000000e+02
6.064329e-01   4.780630e+03   1.000000e+02
6.120498e-01   5.079003e+03   1.000000e+02
6.177188e-01   5.394661e+03   1.000000e+02
6.234402e-01   5.728529e+03   1.000000e+02
6.292146e-01   6.081578e+03   1.000000e+02
6.350425e-01   6.454826e+03   1.000000e+02
6.409244e-01   6.849342e+03   1.000000e+02
6.468608e-01   7.266247e+03   1.000000e+02
6.528521e-01   7.706716e+03   1.000000e+02
6.588990e-01   8.171981e+03   1.000000e+02
6.650018e-01   8.663334e+03   1.000000e+02
6.711612e-01   9.182130e+03   1.000000e+02
6.773776e-01   9.729788e+03   1.000000e+02
6.836516e-01   1.030780e+04   1.000000e+02
6.899837e-01   1.091771e+04   1.000000e+02
6.963745e-01   1.156117e+04   1.000000e+02
7.028244e-01   1.223989e+04   1.000000e+02
7.093341e-01   1.295563e+04   1.000000e+02
7.159041e-01   1.371024e+04   1.000000e+02
7.225349e-01   1.450565e+04   1.000000e+02
7.292272e-01   1.534385e+04   1.000000e+02
7.359814e-01   1.622694e+04   1.000000e+02
7.427982e-01   1.715709e+04   1.000000e+02
7.496782e-01   1.813658e+04   1.000000e+02
7.566219e-01   1.916777e+04   1.000000e+02
7.636298e-01   2.025313e+04   1.000000e+02
7.707027e-01   2.139522e+04   1.000000e+02
7.778411e-01   2.259672e+04   1.000000e+02
7.850456e-01   2.386041e+04   1.000000e+02
7.923169e-01   2.518917e+04   1.000000e+02
7.996555e-01   2.658602e+04   1.000000e+02
8.070620e-01   2.805408e+04   1.000000e+02
8.145372e-01   2.959663e+04   1.000000e+02
8.220816e-01   3.121708e+04   1.000000e+02
8.296959e-01   3.291898e+04   1.000000e+02
8.373807e-01   3.470601e+04   1.000000e+02
8.451366e-01   3.658201e+04   1.000000e+02
8.529644e-01   3.855096e+04   1.000000e+02
8.608648e-01   4.061701e+04   1.000000e+02
8.688383e-01   4.278445e+04   1.000000e+02
8.768856e-01   4.505775e+04   1.000000e+02
8.850075e-01   4.744156e+04   1.000000e+02
8.932046e-01   4.994068e+04   1.000000e+02
9.014776e-01   5.256011e+04   1.000000e+02
9.098273e-01   5.530502e+04   1.000000e+02
9.182543e-01   5.818072e+04   1.000000e+02
9.267593e-01   6.119270e+04   1.000000e+02
9.353432e-01   6.434663e+04   1.000000e+02
9.440065e-01   6.764838e+04   1.000000e+02
9.527500e-01   7.110402e+04   1.000000e+02
9.615746e-01   7.471981e+04   1.000000e+02
9.704809e-01   7.850223e+04   1.000000e+02
9.794697e-01   8.245795e+04   1.000000e+02
9.885417e-01   8.659386e+04   1.000000e+02
9.976978e-01   9.091708e+04   1.000000e+02
1.006939e+00   9.543493e+04   1.000000e+02
1.016265e+00   1.001551e+05   1.000000e+02
1.025678e+00   1.050854e+05   1.000000e+02
1.035178e+00   1.102340e+05   1.000000e+02
1.044766e+00   1.156095e+05   1.000000e+02
1.054443e+00   1.212204e+05   1.000000e+02
1.064209e+00   1.270758e+05   1.000000e+02
1.074066e+00   1.331848e+05   1.000000e+02
1.084014e+00   1.395572e+05   1.000000e+02
1.094055e+00   1.462025e+05   1.000000e+02
1.104188e+00   1.531311e+05   1.000000e+02
1.114415e+00   1.603532e+05   1.000000e+02
1.124737e+00   1.678798e+05   1.000000e+02
1.135155e+00   1.757217e+05   1.000000e+02
1.145669e+00   1.838904e+05   1.000000e+02
1.156280e+00   1.923975e+05   1.000000e+02
1.166990e+00   2.012552e+05   1.000000e+02
1.177799e+00   2.104757e+05   1.000000e+02
1.188708e+00   2.200718e+05   1.000000e+02
1.199718e+00   2.300566e+05   1.000000e+02
1.210830e+00   2.404435e+05   1.000000e+02
1.222045e+00   2.512463e+05   1.000000e+02
1.233363e+00   2.624791e+05   1.000000e+02
1.244787e+00   2.741565e+05   1.000000e+02
1.256317e+00   2.862934e+05   1.000000e+02
1.267953e+00   2.989058e+05   1.000000e+02
1.279697e+00   3.120106e+05   1.000000e+02
1.291550e+00   3.256254e+05   1.000000e+02
1.303512e+00   3.397685e+05   1.000000e+02
1.315586e+00   3.544588e+05   1.000000e+02
1.327771e+00   3.697159e+05   1.000000e+02
1.340069e+00   3.855601e+05   1.000000e+02
1.352481e+00   4.020126e+05   1.000000e+02
1.365008e+00   4.190952e+05   1.000000e+02
1.377651e+00   4.368307e+05   1.000000e+02
1.390411e+00   4.552426e+05   1.000000e+02
1.403289e+00   4.743554e+05   1.000000e+02
1.416287e+00   4.941946e+05   1.000000e+02
1.429405e+00   5.147866e+05   1.000000e+02
1.442644e+00   5.361588e+05   1.000000e+02
1.456006e+00   5.583398e+05   1.000000e+02
1.469492e+00   5.813593e+05   1.000000e+02
1.483103e+00   6.052480e+05   1.000000e+02
1.496839e+00   6.300381e+05   1.000000e+02
1.510703e+00   6.557620e+05   1.000000e+02
1.524696e+00   6.824457e+05   1.000000e+02
1.538818e+00   7.101116e+05   1.000000e+02
1.553071e+00   7.387811e+05   1.000000e+02
1.567455e+00   7.684749e+05   1.000000e+02
1.581973e+00   7.992129e+05   1.000000e+02
1.596626e+00   8.310137e+05   1.000000e+02
1.611414e+00   8.638950e+05   1.000000e+02
1.626340e+00   8.978729e+05   1.000000e+02
1.641403e+00   9.329621e+05   1.000000e+02
1.656606e+00   9.691756e+05   1.000000e+02
1.671950e+00   1.006525e+06   1.000000e+02
1.687436e+00   1.045018e+06   1.000000e+02
1.703065e+00   1.084663e+06   1.000000e+02
1.718839e+00   1.125464e+06   1.000000e+02
1.734759e+00   1.167422e+06   1.000000e+02
1.750827e+00   1.210538e+06   1.000000e+02
1.767044e+00   1.254814e+06   1.000000e+02
1.783410e+00   1.300280e+06   1.000000e+02
1.799929e+00   1.346972e+06   1.000000e+02
1.816600e+00   1.394930e+06   1.000000e+02
1.833425e+00   1.444197e+06   1.000000e+02
1.850407e+00   1.494817e+06   1.000000e+02
1.867546e+00   1.546840e+06   1.000000e+02
1.884843e+00   1.600317e+06   1.000000e+02
1.902301e+00   1.655305e+06   1.000000e+02
1.919921e+00   1.711862e+06   1.000000e+02
1.937703e+00   1.770054e+06   1.000000e+02
1.955651e+00   1.829949e+06   1.000000e+02
1.973764e+00   1.891621e+06   1.000000e+02
1.992046e+00   1.955147e+06   1.000000e+02
2.010496e+00   2.020610e+06   1.000000e+02
2.029118e+00   2.088074e+06   1.000000e+02
2.047912e+00   2.157585e+06   1.000000e+02
2.066880e+00   2.229189e+06   1.000000e+02
2.086024e+00   2.302931e+06   1.000000e+02
2.105345e+00   2.378856e+06   1.000000e+02
2.124845e+00   2.457010e+06   1.000000e+02
2.144526e+00   2.537436e+06   1.000000e+02
2.164389e+00   2.620180e+06   1.000000e+02
2.184436e+00   2.705286e+06   1.000000e+02
2.204669e+00   2.792797e+06   1.000000e+02
2.225089e+00   2.882756e+06   1.000000e+02
2.245698e+00   2.975205e+06   1.000000e+02
2.266498e+00   3.070186e+06   1.000000e+02
2.287491e+00   3.167739e+06   1.000000e+02
2.308678e+00   3.267903e+06   1.000000e+02
2.330061e+00   3.370716e+06   1.000000e+02
2.351643e+00   3.476215e+06   1.000000e+02
2.373424e+00   3.584436e+06   1.000000e+02
2.395407e+00   3.695412e+06   1.000000e+02
2.417594e+00   3.809175e+06   1.000000e+02
2.439986e+00   3.925755e+06   1.000000e+02
2.462586e+00   4.045180e+06   1.000000e+02
2.485395e+00   4.167476e+06   1.000000e+02
2.508415e+00   4.292667e+06   1.000000e+02
2.531648e+00   4.420784e+06   1.000000e+02
2.555097e+00   4.551877e+06   1.000000e+02
2.578763e+00   4.685994e+06   1.000000e+02
2.602648e+00   4.823187e+06   1.000000e+02
2.626754e+00   4.963505e+06   1.000000e+02
2.651084e+00   5.107002e+06   1.000000e+02
2.675638e+00   5.253730e+06   1.000000e+02
2.700421e+00   5.403743e+06   1.000000e+02
2.725433e+00   5.557095e+06   1.000000e+02
2.750676e+00   5.713841e+06   1.000000e+02
2.776153e+00   5.874038e+06   1.000000e+02
2.801867e+00   6.037743e+06   1.000000e+02
2.827818e+00   6.205016e+06   1.000000e+02
2.854010e+00   6.375914e+06   1.000000e+02
2.880444e+00   6.550499e+06   1.000000e+02
2.907123e+00   6.728833e+06   1.000000e+02
2.934050e+00   6.910978e+06   1.000000e+02
2.961225e+00   7.096999e+06   1.000000e+02
2.988653e+00   7.286961e+06   1.000000e+02
3.016334e+00   7.480930e+06   1.000000e+02
3.044272e+00   7.678966e+06   1.000000e+02
3.072469e+00   7.881118e+06   1.000000e+02
3.100927e+00   8.087438e+06   1.000000e+02
3.129648e+00   8.297976e+06   1.000000e+02
3.158635e+00   8.512782e+06   1.000000e+02
3.187891e+00   8.731904e+06   1.000000e+02
3.217418e+00   8.955392e+06   1.000000e+02
3.247218e+00   9.183293e+06   1.000000e+02
3.277295e+00   9.415656e+06   1.000000e+02
3.307650e+00   9.652527e+06   1.000000e+02
3.338286e+00   9.893951e+06   1.000000e+02
3.369206e+00   1.013998e+07   1.000000e+02
3.400412e+00   1.039064e+07   1.000000e+02
3.431907e+00   1.064600e+07   1.000000e+02
3.463694e+00   1.090609e+07   1.000000e+02
3.495776e+00   1.117095e+07   1.000000e+02
3.528154e+00   1.144062e+07   1.000000e+02
3.560833e+00   1.171516e+07   1.000000e+02
3.593814e+00   1.199460e+07   1.000000e+02
3.627100e+00   1.227900e+07   1.000000e+02
3.660695e+00   1.256840e+07   1.000000e+02
3.694601e+00   1.286285e+07   1.000000e+02
3.728821e+00   1.316239e+07   1.000000e+02
3.763358e+00   1.346707e+07   1.000000e+02
3.798215e+00   1.377694e+07   1.000000e+02
3.833395e+00   1.409203e+07   1.000000e+02
3.868901e+00   1.441239e+07   1.000000e+02
3.904735e+00   1.473808e+07   1.000000e+02
3.940902e+00   1.506912e+07   1.000000e+02
3.977403e+00   1.540556e+07   1.000000e+02
4.014242e+00   1.574745e+07   1.000000e+02
4.051423e+00   1.609483e+07   1.000000e+02
4.088948e+00   1.644773e+07   1.000000e+02
4.126821e+00   1.680619e+07   1.000000e+02
4.165044e+00   1.717026e+07   1.000000e+02
4.203622e+00   1.753996e+07   1.000000e+02
4.242556e+00   1.791533e+07   1.000000e+02
4.281852e+00   1.829641e+07   1.000000e+02
4.321511e+00   1.868322e+07   1.000000e+02
4.361538e+00   1.907582e+07   1.000000e+02
4.401935e+00   1.947421e+07   1.000000e+02
4.442707e+00   1.987845e+07   1.000000e+02
4.483856e+00   2.028855e+07   1.000000e+02
4.525386e+00   2.070456e+07   1.000000e+02
4.567301e+00   2.112648e+07   1.000000e+02
4.609604e+00   2.155437e+07   1.000000e+02
4.652300e+00   2.198823e+07   1.000000e+02
4.695390e+00   2.242810e+07   1.000000e+02
4.738880e+00   2.287401e+07   1.000000e+02
4.782772e+00   2.332597e+07   1.000000e+02
4.827071e+00   2.378401e+07   1.000000e+02
4.871780e+00   2.424815e+07   1.000000e+02
4.916904e+00   2.471842e+07   1.000000e+02
4.962445e+00   2.519483e+07   1.000000e+02
5.008408e+00   2.567740e+07   1.000000e+02
5.054797e+00   2.616616e+07   1.000000e+02
5.101615e+00   2.666111e+07   1.000000e+02
5.148867e+00   2.716226e+07   1.000000e+02
5.196557e+00   2.766964e+07   1.000000e+02
5.244689e+00   2.818324e+07   1.000000e+02
5.293266e+00   2.870309e+07   1.000000e+02
5.342293e+00   2.922917e+07   1.000000e+02
5.391775e+00   2.976152e+07   1.000000e+02
5.441714e+00   3.030011e+07   1.000000e+02
5.492116e+00   3.084497e+07   1.000000e+02
5.542986e+00   3.139610e+07   1.000000e+02
5.594326e+00   3.195349e+07   1.000000e+02
5.646141e+00   3.251714e+07   1.000000e+02
5.698437e+00   3.308705e+07   1.000000e+02
5.751217e+00   3.366323e+07   1.000000e+02
5.804486e+00   3.424566e+07   1.000000e+02
5.858248e+00   3.483433e+07   1.000000e+02
5.912508e+00   3.542925e+07   1.000000e+02
5.967271e+00   3.603041e+07   1.000000e+02
6.022541e+00   3.663779e+07   1.000000e+02
6.078323e+00   3.725137e+07   1.000000e+02
6.134622e+00   3.787114e+07   1.000000e+02
6.191442e+00   3.849707e+07   1.000000e+02
6.248788e+00   3.912914e+07   1.000000e+02
6.306666e+00   3.976731e+07   1.000000e+02
6.365079e+00   4.041155e+07   1.000000e+02
6.424034e+00   4.106183e+07   1.000000e+02
6.483534e+00   4.171812e+07   1.000000e+02
6.543586e+00   4.238038e+07   1.000000e+02
6.604194e+00   4.304857e+07   1.000000e+02
6.665363e+00   4.372264e+07   1.000000e+02
6.727099e+00   4.440256e+07   1.000000e+02
6.789407e+00   4.508827e+07   1.000000e+02
6.852292e+00   4.577973e+07   1.000000e+02
6.915759e+00   4.647690e+07   1.000000e+02
6.979814e+00   4.717970e+07   1.000000e+02
7.044462e+00   4.788810e+07   1.000000e+02
7.109709e+00   4.860203e+07   1.000000e+02
7.175561e+00   4.932141e+07   1.000000e+02
7.242022e+00   5.004617e+07   1.000000e+02
7.309099e+00   5.077623e+07   1.000000e+02
7.376798e+00   5.151152e+07   1.000000e+02
7.445123e+00   5.225195e+07   1.000000e+02
7.514081e+00   5.299743e+07   1.000000e+02
7.583678e+00   5.374788e+07   1.000000e+02
7.653919e+00   5.450321e+07   1.000000e+02
7.724811e+00   5.526332e+07   1.000000e+02
7.796360e+00   5.602810e+07   1.000000e+02
7.868572e+00   5.679747e+07   1.000000e+02
7.941452e+00   5.757132e+07   1.000000e+02
8.015007e+00   5.834954e+07   1.000000e+02
8.089243e+00   5.913202e+07   1.000000e+02
8.164168e+00   5.991863e+07   1.000000e+02
8.239786e+00   6.070926e+07   1.000000e+02
8.316104e+00   6.150376e+07   1.000000e+02
8.393129e+00   6.230200e+07   1.000000e+02
8.470868e+00   6.310385e+07   1.000000e+02
8.549327e+00   6.390917e+07   1.000000e+02
8.628513e+00   6.471780e+07   1.000000e+02
8.708431e+00   6.552961e+07   1.000000e+02
8.789091e+00   6.634444e+07   1.000000e+02
8.870497e+00   6.716213e+07   1.000000e+02
8.952657e+00   6.798252e+07   1.000000e+02
9.035578e+00   6.880546e+07   1.000000e+02
9.119268e+00   6.963078e+07   1.000000e+02
9.203732e+00   7.045831e+07   1.000000e+02
9.288979e+00   7.128787e+07   1.000000e+02
9.375015e+00   7.211930e+07   1.000000e+02
9.461848e+00   7.295241e+07   1.000000e+02
9.549486e+00   7.378702e+07   1.000000e+02
9.637935e+00   7.462295e+07   1.000000e+02
9.727203e+00   7.546000e+07   1.000000e+02
9.817298e+00   7.629799e+07   1.000000e+02
9.908228e+00   7.713672e+07   1.000000e+02
1.000000e+01   7.797600e+07   1.000000e+02
