# B12 + p > C13 + g   [B12_p__C13_g]   ref=TALYS2, Koning et al. 2023
# detailed balance: alpha=2.6602e+10 beta=1.5 gamma=-203.46  Q=17.5329
# T9                 rate                error
1.000000e-03   1.000000e-35   1.000000e+02
1.009262e-03   1.020849e-35   1.000000e+02
1.018610e-03   1.041816e-35   1.000000e+02
1.028045e-03   1.062907e-35   1.000000e+02
1.037567e-03   1.084127e-35   1.000000e+02
1.047177e-03   1.105484e-35   1.000000e+02
1.056876e-03   1.126986e-35   1.000000e+02
1.066665e-03   1.148644e-35   1.000000e+02
1.076545e-03   1.170468e-35   1.000000e+02
1.086516e-03   1.192469e-35   1.000000e+02
1.096579e-03   1.214661e-35   1.000000e+02
1.106736e-03   1.237057e-35   1.000000e+02
1.116987e-03   1.259672e-35   1.000000e+02
1.127333e-03   1.282523e-35   1.000000e+02
1.137774e-03   1.305627e-35   1.000000e+02
1.148312e-03   1.329003e-35   1.000000e+02
1.158948e-03   1.352671e-35   1.000000e+02
1.169683e-03   1.376653e-35   1.000000e+02
1.180517e-03   1.400971e-35   1.000000e+02
1.191451e-03   1.425650e-35   1.000000e+02
1.202486e-03   1.450716e-35   1.000000e+02
1.213624e-03   1.476196e-35   1.000000e+02
1.224865e-03   1.502119e-35   1.000000e+02
1.236210e-03   1.528515e-35   1.000000e+02
1.247660e-03   1.555417e-35   1.000000e+02
1.259216e-03   1.582860e-35   1.000000e+02
1.270879e-03   1.610878e-35   1.000000e+02
1.282650e-03   1.639512e-35   1.000000e+02
1.294530e-03   1.668800e-35   1.000000e+02
1.306520e-03   1.698785e-35   1.000000e+02
1.318621e-03   1.729511e-35   1.000000e+02
1.330835e-03   1.761027e-35   1.000000e+02
1.343161e-03   1.793382e-35   1.000000e+02
1.355602e-03   1.826629e-35   1.000000e+02
1.368158e-03   1.860822e-35   1.000000e+02
1.380830e-03   1.896021e-35   1.000000e+02
1.393619e-03   1.932287e-35   1.000000e+02
1.406527e-03   1.969686e-35   1.000000e+02
1.419555e-03   2.008287e-35   1.000000e+02
1.432703e-03   2.048162e-35   1.000000e+02
1.445973e-03   2.089389e-35   1.000000e+02
1.459366e-03   2.132049e-35   1.000000e+02
1.472883e-03   2.176230e-35   1.000000e+02
1.486525e-03   2.222021e-35   1.000000e+02
1.500293e-03   2.269521e-35   1.000000e+02
1.514189e-03   2.318833e-35   1.000000e+02
1.528214e-03   2.370066e-35   1.000000e+02
1.542369e-03   2.423335e-35   1.000000e+02
1.556654e-03   2.478765e-35   1.000000e+02
1.571072e-03   2.536486e-35   1.000000e+02
1.585624e-03   2.596638e-35   1.000000e+02
1.600310e-03   2.659370e-35   1.000000e+02
1.615133e-03   2.724840e-35   1.000000e+02
1.630092e-03   2.793217e-35   1.000000e+02
1.645191e-03   2.864682e-35   1.000000e+02
1.660429e-03   2.939426e-35   1.000000e+02
1.675808e-03   3.017657e-35   1.000000e+02
1.691330e-03   3.099594e-35   1.000000e+02
1.706995e-03   3.185473e-35   1.000000e+02
1.722805e-03   3.275547e-35   1.000000e+02
1.738762e-03   3.370085e-35   1.000000e+02
1.754867e-03   3.469378e-35   1.000000e+02
1.771121e-03   3.573739e-35   1.000000e+02
1.787526e-03   3.683502e-35   1.000000e+02
1.804082e-03   3.799027e-35   1.000000e+02
1.820792e-03   3.920701e-35   1.000000e+02
1.837656e-03   4.048943e-35   1.000000e+02
1.854677e-03   4.184202e-35   1.000000e+02
1.871855e-03   4.326962e-35   1.000000e+02
1.889193e-03   4.477749e-35   1.000000e+02
1.906691e-03   4.637127e-35   1.000000e+02
1.924351e-03   4.805709e-35   1.000000e+02
1.942175e-03   4.984157e-35   1.000000e+02
1.960163e-03   5.173188e-35   1.000000e+02
1.978319e-03   5.373578e-35   1.000000e+02
1.996642e-03   5.586172e-35   1.000000e+02
2.015136e-03   5.811883e-35   1.000000e+02
2.033800e-03   6.051707e-35   1.000000e+02
2.052638e-03   6.306726e-35   1.000000e+02
2.071650e-03   6.578116e-35   1.000000e+02
2.090838e-03   6.867160e-35   1.000000e+02
2.110203e-03   7.175257e-35   1.000000e+02
2.129749e-03   7.503931e-35   1.000000e+02
2.149475e-03   7.854851e-35   1.000000e+02
2.169384e-03   8.229838e-35   1.000000e+02
2.189477e-03   8.630886e-35   1.000000e+02
2.209756e-03   9.060180e-35   1.000000e+02
2.230223e-03   9.520114e-35   1.000000e+02
2.250880e-03   1.001331e-34   1.000000e+02
2.271728e-03   1.054267e-34   1.000000e+02
2.292769e-03   1.111134e-34   1.000000e+02
2.314005e-03   1.172284e-34   1.000000e+02
2.335438e-03   1.238099e-34   1.000000e+02
2.357069e-03   1.309005e-34   1.000000e+02
2.378901e-03   1.385469e-34   1.000000e+02
2.400935e-03   1.468008e-34   1.000000e+02
2.423173e-03   1.557194e-34   1.000000e+02
2.445617e-03   1.653661e-34   1.000000e+02
2.468268e-03   1.758110e-34   1.000000e+02
2.491130e-03   1.871319e-34   1.000000e+02
2.514203e-03   1.994153e-34   1.000000e+02
2.537490e-03   2.127574e-34   1.000000e+02
2.560993e-03   2.272652e-34   1.000000e+02
2.584714e-03   2.430578e-34   1.000000e+02
2.608654e-03   2.602683e-34   1.000000e+02
2.632815e-03   2.790452e-34   1.000000e+02
2.657201e-03   2.995547e-34   1.000000e+02
2.681813e-03   3.219825e-34   1.000000e+02
2.706652e-03   3.465370e-34   1.000000e+02
2.731722e-03   3.734520e-34   1.000000e+02
2.757023e-03   4.029900e-34   1.000000e+02
2.782559e-03   4.354463e-34   1.000000e+02
2.808332e-03   4.711534e-34   1.000000e+02
2.834343e-03   5.104862e-34   1.000000e+02
2.860596e-03   5.538678e-34   1.000000e+02
2.887091e-03   6.017765e-34   1.000000e+02
2.913832e-03   6.547537e-34   1.000000e+02
2.940820e-03   7.134125e-34   1.000000e+02
2.968059e-03   7.784490e-34   1.000000e+02
2.995549e-03   8.506537e-34   1.000000e+02
3.023295e-03   9.309284e-34   1.000000e+02
3.051297e-03   1.020320e-33   1.000000e+02
3.079559e-03   1.120034e-33   1.000000e+02
3.108082e-03   1.231458e-33   1.000000e+02
3.136870e-03   1.356189e-33   1.000000e+02
3.165924e-03   1.496070e-33   1.000000e+02
3.195248e-03   1.653229e-33   1.000000e+02
3.224842e-03   1.830130e-33   1.000000e+02
3.254712e-03   2.029633e-33   1.000000e+02
3.284857e-03   2.255062e-33   1.000000e+02
3.315282e-03   2.510286e-33   1.000000e+02
3.345989e-03   2.799822e-33   1.000000e+02
3.376980e-03   3.128950e-33   1.000000e+02
3.408259e-03   3.503859e-33   1.000000e+02
3.439826e-03   3.931813e-33   1.000000e+02
3.471687e-03   4.421362e-33   1.000000e+02
3.503842e-03   4.982585e-33   1.000000e+02
3.536296e-03   5.627396e-33   1.000000e+02
3.569049e-03   6.369904e-33   1.000000e+02
3.602107e-03   7.226861e-33   1.000000e+02
3.635470e-03   8.218195e-33   1.000000e+02
3.669142e-03   9.367673e-33   1.000000e+02
3.703127e-03   1.070371e-32   1.000000e+02
3.737426e-03   1.226034e-32   1.000000e+02
3.772042e-03   1.407845e-32   1.000000e+02
3.806980e-03   1.620729e-32   1.000000e+02
3.842241e-03   1.870628e-32   1.000000e+02
3.877828e-03   2.164735e-32   1.000000e+02
3.913746e-03   2.511776e-32   1.000000e+02
3.949995e-03   2.922365e-32   1.000000e+02
3.986581e-03   3.409447e-32   1.000000e+02
4.023506e-03   3.988854e-32   1.000000e+02
4.060772e-03   4.680026e-32   1.000000e+02
4.098384e-03   5.506894e-32   1.000000e+02
4.136344e-03   6.498995e-32   1.000000e+02
4.174655e-03   7.692885e-32   1.000000e+02
4.213322e-03   9.133948e-32   1.000000e+02
4.252346e-03   1.087869e-31   1.000000e+02
4.291732e-03   1.299769e-31   1.000000e+02
4.331483e-03   1.557936e-31   1.000000e+02
4.371602e-03   1.873483e-31   1.000000e+02
4.412093e-03   2.260421e-31   1.000000e+02
4.452959e-03   2.736470e-31   1.000000e+02
4.494203e-03   3.324118e-31   1.000000e+02
4.535829e-03   4.051999e-31   1.000000e+02
4.577841e-03   4.956691e-31   1.000000e+02
4.620241e-03   6.085086e-31   1.000000e+02
4.663035e-03   7.497501e-31   1.000000e+02
4.706225e-03   9.271795e-31   1.000000e+02
4.749815e-03   1.150883e-30   1.000000e+02
4.793808e-03   1.433975e-30   1.000000e+02
4.838210e-03   1.793565e-30   1.000000e+02
4.883022e-03   2.252063e-30   1.000000e+02
4.928250e-03   2.838929e-30   1.000000e+02
4.973896e-03   3.593038e-30   1.000000e+02
5.019965e-03   4.565877e-30   1.000000e+02
5.066461e-03   5.825603e-30   1.000000e+02
5.113388e-03   7.462499e-30   1.000000e+02
5.160749e-03   9.596769e-30   1.000000e+02
5.208549e-03   1.238893e-29   1.000000e+02
5.256791e-03   1.605393e-29   1.000000e+02
5.305481e-03   2.088038e-29   1.000000e+02
5.354621e-03   2.725685e-29   1.000000e+02
5.404216e-03   3.570785e-29   1.000000e+02
5.454271e-03   4.694327e-29   1.000000e+02
5.504790e-03   6.192632e-29   1.000000e+02
5.555776e-03   8.196721e-29   1.000000e+02
5.607235e-03   1.088526e-28   1.000000e+02
5.659170e-03   1.450246e-28   1.000000e+02
5.711586e-03   1.938293e-28   1.000000e+02
5.764488e-03   2.598623e-28   1.000000e+02
5.817880e-03   3.494487e-28   1.000000e+02
5.871766e-03   4.713144e-28   1.000000e+02
5.926152e-03   6.375232e-28   1.000000e+02
5.981041e-03   8.647882e-28   1.000000e+02
6.036439e-03   1.176324e-27   1.000000e+02
6.092349e-03   1.604620e-27   1.000000e+02
6.148778e-03   2.195345e-27   1.000000e+02
6.205729e-03   3.012849e-27   1.000000e+02
6.263207e-03   4.148142e-27   1.000000e+02
6.321218e-03   5.730468e-27   1.000000e+02
6.379767e-03   7.944101e-27   1.000000e+02
6.438857e-03   1.105289e-26   1.000000e+02
6.498495e-03   1.543623e-26   1.000000e+02
6.558686e-03   2.164211e-26   1.000000e+02
6.619433e-03   3.046553e-26   1.000000e+02
6.680744e-03   4.306525e-26   1.000000e+02
6.742622e-03   6.113817e-26   1.000000e+02
6.805074e-03   8.718127e-26   1.000000e+02
6.868104e-03   1.248871e-25   1.000000e+02
6.931717e-03   1.797436e-25   1.000000e+02
6.995920e-03   2.599497e-25   1.000000e+02
7.060718e-03   3.778001e-25   1.000000e+02
7.126115e-03   5.517052e-25   1.000000e+02
7.192119e-03   8.093356e-25   1.000000e+02
7.258734e-03   1.192425e-24   1.000000e+02
7.325965e-03   1.764084e-24   1.000000e+02
7.393820e-03   2.619975e-24   1.000000e+02
7.462303e-03   3.905435e-24   1.000000e+02
7.531420e-03   5.841716e-24   1.000000e+02
7.601178e-03   8.766265e-24   1.000000e+02
7.671581e-03   1.319460e-23   1.000000e+02
7.742637e-03   1.991545e-23   1.000000e+02
7.814351e-03   3.013703e-23   1.000000e+02
7.886729e-03   4.571215e-23   1.000000e+02
7.959777e-03   6.948453e-23   1.000000e+02
8.033502e-03   1.058241e-22   1.000000e+02
8.107910e-03   1.615577e-22   1.000000e+02
8.183007e-03   2.475454e-22   1.000000e+02
8.258799e-03   3.811721e-22   1.000000e+02
8.335294e-03   5.905839e-22   1.000000e+02
8.412497e-03   9.219155e-22   1.000000e+02
8.490415e-03   1.451793e-21   1.000000e+02
8.569055e-03   2.309285e-21   1.000000e+02
8.648423e-03   3.715048e-21   1.000000e+02
8.728527e-03   6.052301e-21   1.000000e+02
8.809372e-03   9.997716e-21   1.000000e+02
8.890966e-03   1.676719e-20   1.000000e+02
8.973316e-03   2.858603e-20   1.000000e+02
9.056428e-03   4.958943e-20   1.000000e+02
9.140311e-03   8.728265e-20   1.000000e+02
9.224970e-03   1.550607e-19   1.000000e+02
9.310413e-03   2.765835e-19   1.000000e+02
9.396648e-03   4.927390e-19   1.000000e+02
9.483682e-03   8.721470e-19   1.000000e+02
9.571522e-03   1.525668e-18   1.000000e+02
9.660175e-03   2.623879e-18   1.000000e+02
9.749649e-03   4.413228e-18   1.000000e+02
9.839952e-03   7.221271e-18   1.000000e+02
9.931092e-03   1.143487e-17   1.000000e+02
1.002308e-02   1.743158e-17   1.000000e+02
1.011591e-02   2.553380e-17   1.000000e+02
1.020961e-02   3.610627e-17   1.000000e+02
1.030417e-02   4.955404e-17   1.000000e+02
1.039961e-02   6.636596e-17   1.000000e+02
1.049593e-02   8.720116e-17   1.000000e+02
1.059315e-02   1.130187e-16   1.000000e+02
1.069126e-02   1.452681e-16   1.000000e+02
1.079029e-02   1.861757e-16   1.000000e+02
1.089023e-02   2.391932e-16   1.000000e+02
1.099110e-02   3.097337e-16   1.000000e+02
1.109290e-02   4.060647e-16   1.000000e+02
1.119564e-02   5.388926e-16   1.000000e+02
1.129934e-02   7.227475e-16   1.000000e+02
1.140400e-02   9.779695e-16   1.000000e+02
1.150962e-02   1.332893e-15   1.000000e+02
1.161623e-02   1.826725e-15   1.000000e+02
1.172382e-02   2.513252e-15   1.000000e+02
1.183241e-02   3.465460e-15   1.000000e+02
1.194200e-02   4.781063e-15   1.000000e+02
1.205261e-02   6.589010e-15   1.000000e+02
1.216424e-02   9.065127e-15   1.000000e+02
1.227691e-02   1.245585e-14   1.000000e+02
1.239062e-02   1.710127e-14   1.000000e+02
1.250539e-02   2.347198e-14   1.000000e+02
1.262121e-02   3.222161e-14   1.000000e+02
1.273811e-02   4.426204e-14   1.000000e+02
1.285610e-02   6.087128e-14   1.000000e+02
1.297517e-02   8.384950e-14   1.000000e+02
1.309535e-02   1.157396e-13   1.000000e+02
1.321664e-02   1.600901e-13   1.000000e+02
1.333906e-02   2.218570e-13   1.000000e+02
1.346261e-02   3.079870e-13   1.000000e+02
1.358730e-02   4.282204e-13   1.000000e+02
1.371315e-02   5.962147e-13   1.000000e+02
1.384016e-02   8.311188e-13   1.000000e+02
1.396835e-02   1.159774e-12   1.000000e+02
1.409773e-02   1.619811e-12   1.000000e+02
1.422830e-02   2.264202e-12   1.000000e+02
1.436009e-02   3.167602e-12   1.000000e+02
1.449310e-02   4.435224e-12   1.000000e+02
1.462733e-02   6.215480e-12   1.000000e+02
1.476281e-02   8.717917e-12   1.000000e+02
1.489955e-02   1.223868e-11   1.000000e+02
1.503755e-02   1.719669e-11   1.000000e+02
1.517683e-02   2.418474e-11   1.000000e+02
1.531740e-02   3.404150e-11   1.000000e+02
1.545928e-02   4.795459e-11   1.000000e+02
1.560246e-02   6.760663e-11   1.000000e+02
1.574698e-02   9.538262e-11   1.000000e+02
1.589283e-02   1.346646e-10   1.000000e+02
1.604003e-02   1.902502e-10   1.000000e+02
1.618860e-02   2.689449e-10   1.000000e+02
1.633854e-02   3.803988e-10   1.000000e+02
1.648987e-02   5.382980e-10   1.000000e+02
1.664260e-02   7.620517e-10   1.000000e+02
1.679675e-02   1.079181e-09   1.000000e+02
1.695232e-02   1.528702e-09   1.000000e+02
1.710934e-02   2.165908e-09   1.000000e+02
1.726781e-02   3.069137e-09   1.000000e+02
1.742775e-02   4.349322e-09   1.000000e+02
1.758917e-02   6.163485e-09   1.000000e+02
1.775208e-02   8.733752e-09   1.000000e+02
1.791650e-02   1.237414e-08   1.000000e+02
1.808245e-02   1.752832e-08   1.000000e+02
1.824993e-02   2.482344e-08   1.000000e+02
1.841897e-02   3.514642e-08   1.000000e+02
1.858957e-02   4.975071e-08   1.000000e+02
1.876175e-02   7.040736e-08   1.000000e+02
1.893552e-02   9.961829e-08   1.000000e+02
1.911091e-02   1.409172e-07   1.000000e+02
1.928792e-02   1.992939e-07   1.000000e+02
1.946656e-02   2.817936e-07   1.000000e+02
1.964687e-02   3.983608e-07   1.000000e+02
1.982884e-02   5.630309e-07   1.000000e+02
2.001250e-02   7.956088e-07   1.000000e+02
2.019786e-02   1.123987e-06   1.000000e+02
2.038493e-02   1.587225e-06   1.000000e+02
2.057374e-02   2.239958e-06   1.000000e+02
2.076430e-02   3.158451e-06   1.000000e+02
2.095662e-02   4.448871e-06   1.000000e+02
2.115073e-02   6.258577e-06   1.000000e+02
2.134663e-02   8.791439e-06   1.000000e+02
2.154435e-02   1.232854e-05   1.000000e+02
2.174389e-02   1.725597e-05   1.000000e+02
2.194529e-02   2.410191e-05   1.000000e+02
2.214855e-02   3.358588e-05   1.000000e+02
2.235370e-02   4.668354e-05   1.000000e+02
2.256074e-02   6.471147e-05   1.000000e+02
2.276970e-02   8.943712e-05   1.000000e+02
2.298060e-02   1.232202e-04   1.000000e+02
2.319345e-02   1.691930e-04   1.000000e+02
2.340827e-02   2.314876e-04   1.000000e+02
2.362508e-02   3.155198e-04   1.000000e+02
2.384390e-02   4.283390e-04   1.000000e+02
2.406475e-02   5.790544e-04   1.000000e+02
2.428764e-02   7.793463e-04   1.000000e+02
2.451260e-02   1.044070e-03   1.000000e+02
2.473964e-02   1.391956e-03   1.000000e+02
2.496878e-02   1.846403e-03   1.000000e+02
2.520005e-02   2.436480e-03   1.000000e+02
2.543346e-02   3.198861e-03   1.000000e+02
2.566903e-02   4.179582e-03   1.000000e+02
2.590678e-02   5.436064e-03   1.000000e+02
2.614673e-02   7.039788e-03   1.000000e+02
2.638891e-02   9.079610e-03   1.000000e+02
2.663333e-02   1.166585e-02   1.000000e+02
2.688001e-02   1.493539e-02   1.000000e+02
2.712898e-02   1.905798e-02   1.000000e+02
2.738025e-02   2.424412e-02   1.000000e+02
2.763385e-02   3.075490e-02   1.000000e+02
2.788980e-02   3.891435e-02   1.000000e+02
2.814812e-02   4.912493e-02   1.000000e+02
2.840884e-02   6.188709e-02   1.000000e+02
2.867196e-02   7.782394e-02   1.000000e+02
2.893753e-02   9.771261e-02   1.000000e+02
2.920556e-02   1.225241e-01   1.000000e+02
2.947606e-02   1.534740e-01   1.000000e+02
2.974908e-02   1.920879e-01   1.000000e+02
3.002462e-02   2.402847e-01   1.000000e+02
3.030271e-02   3.003892e-01   1.000000e+02
3.058338e-02   3.749071e-01   1.000000e+02
3.086665e-02   4.665649e-01   1.000000e+02
3.115254e-02   5.782525e-01   1.000000e+02
3.144108e-02   7.128663e-01   1.000000e+02
3.173230e-02   8.730754e-01   1.000000e+02
3.202621e-02   1.061003e+00   1.000000e+02
3.232284e-02   1.277822e+00   1.000000e+02
3.262222e-02   1.523285e+00   1.000000e+02
3.292437e-02   1.795219e+00   1.000000e+02
3.322933e-02   2.089039e+00   1.000000e+02
3.353710e-02   2.397380e+00   1.000000e+02
3.384773e-02   2.709919e+00   1.000000e+02
3.416123e-02   3.013512e+00   1.000000e+02
3.447764e-02   3.292719e+00   1.000000e+02
3.479698e-02   3.530772e+00   1.000000e+02
3.511928e-02   3.710955e+00   1.000000e+02
3.544456e-02   3.818308e+00   1.000000e+02
3.577285e-02   3.841434e+00   1.000000e+02
3.610419e-02   3.774166e+00   1.000000e+02
3.643859e-02   3.616777e+00   1.000000e+02
3.677609e-02   3.376477e+00   1.000000e+02
3.711672e-02   3.067008e+00   1.000000e+02
3.746050e-02   2.707343e+00   1.000000e+02
3.780747e-02   2.319621e+00   1.000000e+02
3.815765e-02   1.926654e+00   1.000000e+02
3.851107e-02   1.549430e+00   1.000000e+02
3.886777e-02   1.205006e+00   1.000000e+02
3.922777e-02   9.051567e-01   1.000000e+02
3.959110e-02   6.559090e-01   1.000000e+02
3.995780e-02   4.579485e-01   1.000000e+02
4.032790e-02   3.078702e-01   1.000000e+02
4.070142e-02   1.998353e-01   1.000000e+02
4.107841e-02   1.257233e-01   1.000000e+02
4.145888e-02   7.696334e-02   1.000000e+02
4.184289e-02   4.602166e-02   1.000000e+02
4.223044e-02   2.698589e-02   1.000000e+02
4.262159e-02   1.557733e-02   1.000000e+02
4.301636e-02   8.886212e-03   1.000000e+02
4.341478e-02   5.029139e-03   1.000000e+02
4.381690e-02   2.834716e-03   1.000000e+02
4.422274e-02   1.597535e-03   1.000000e+02
4.463234e-02   9.036525e-04   1.000000e+02
4.504573e-02   5.150493e-04   1.000000e+02
4.546295e-02   2.969464e-04   1.000000e+02
4.588404e-02   1.738501e-04   1.000000e+02
4.630903e-02   1.037589e-04   1.000000e+02
4.673795e-02   6.337453e-05   1.000000e+02
4.717085e-02   3.976757e-05   1.000000e+02
4.760775e-02   2.573677e-05   1.000000e+02
4.804870e-02   1.724548e-05   1.000000e+02
4.849374e-02   1.201098e-05   1.000000e+02
4.894290e-02   8.728703e-06   1.000000e+02
4.939622e-02   6.644684e-06   1.000000e+02
4.985373e-02   5.319102e-06   1.000000e+02
5.031549e-02   4.493182e-06   1.000000e+02
5.078152e-02   4.001567e-06   1.000000e+02
5.125187e-02   3.743662e-06   1.000000e+02
5.172657e-02   3.665782e-06   1.000000e+02
5.220568e-02   3.743284e-06   1.000000e+02
5.268921e-02   3.971621e-06   1.000000e+02
5.317723e-02   4.362390e-06   1.000000e+02
5.366977e-02   4.942375e-06   1.000000e+02
5.416687e-02   5.754587e-06   1.000000e+02
5.466857e-02   6.860768e-06   1.000000e+02
5.517492e-02   8.344956e-06   1.000000e+02
5.568596e-02   1.031766e-05   1.000000e+02
5.620174e-02   1.291982e-05   1.000000e+02
5.672229e-02   1.632537e-05   1.000000e+02
5.724766e-02   2.074022e-05   1.000000e+02
5.777790e-02   2.639494e-05   1.000000e+02
5.831305e-02   3.352720e-05   1.000000e+02
5.885316e-02   4.235029e-05   1.000000e+02
5.939827e-02   5.300422e-05   1.000000e+02
5.994843e-02   6.548961e-05   1.000000e+02
6.050368e-02   7.963698e-05   1.000000e+02
6.106408e-02   9.532063e-05   1.000000e+02
6.162966e-02   1.124326e-04   1.000000e+02
6.220049e-02   1.308383e-04   1.000000e+02
6.277660e-02   1.503898e-04   1.000000e+02
6.335805e-02   1.709412e-04   1.000000e+02
6.394488e-02   1.923640e-04   1.000000e+02
6.453715e-02   2.145623e-04   1.000000e+02
6.513491e-02   2.374868e-04   1.000000e+02
6.573820e-02   2.611474e-04   1.000000e+02
6.634708e-02   2.856248e-04   1.000000e+02
6.696160e-02   3.110815e-04   1.000000e+02
6.758181e-02   3.377724e-04   1.000000e+02
6.820777e-02   3.660579e-04   1.000000e+02
6.883952e-02   3.964194e-04   1.000000e+02
6.947713e-02   4.294804e-04   1.000000e+02
7.012064e-02   4.660347e-04   1.000000e+02
7.077011e-02   5.068735e-04   1.000000e+02
7.142559e-02   5.524378e-04   1.000000e+02
7.208715e-02   6.031229e-04   1.000000e+02
7.275484e-02   6.593301e-04   1.000000e+02
7.342870e-02   7.214578e-04   1.000000e+02
7.410882e-02   7.898889e-04   1.000000e+02
7.479523e-02   8.649763e-04   1.000000e+02
7.548799e-02   9.470257e-04   1.000000e+02
7.618718e-02   1.036274e-03   1.000000e+02
7.689284e-02   1.132868e-03   1.000000e+02
7.760503e-02   1.236834e-03   1.000000e+02
7.832383e-02   1.348055e-03   1.000000e+02
7.904928e-02   1.466236e-03   1.000000e+02
7.978145e-02   1.590876e-03   1.000000e+02
8.052040e-02   1.721227e-03   1.000000e+02
8.126619e-02   1.856160e-03   1.000000e+02
8.201889e-02   1.994151e-03   1.000000e+02
8.277857e-02   2.133315e-03   1.000000e+02
8.354528e-02   2.271413e-03   1.000000e+02
8.431909e-02   2.405863e-03   1.000000e+02
8.510007e-02   2.533778e-03   1.000000e+02
8.588829e-02   2.652032e-03   1.000000e+02
8.668380e-02   2.757345e-03   1.000000e+02
8.748668e-02   2.846393e-03   1.000000e+02
8.829700e-02   2.915947e-03   1.000000e+02
8.911482e-02   2.963022e-03   1.000000e+02
8.994022e-02   2.985039e-03   1.000000e+02
9.077327e-02   2.981003e-03   1.000000e+02
9.161402e-02   2.955585e-03   1.000000e+02
9.246257e-02   2.915362e-03   1.000000e+02
9.331898e-02   2.866873e-03   1.000000e+02
9.418332e-02   2.816375e-03   1.000000e+02
9.505566e-02   2.769733e-03   1.000000e+02
9.593608e-02   2.732436e-03   1.000000e+02
9.682466e-02   2.709728e-03   1.000000e+02
9.772147e-02   2.706850e-03   1.000000e+02
9.862658e-02   2.729386e-03   1.000000e+02
9.954008e-02   2.783728e-03   1.000000e+02
1.004620e-01   2.877491e-03   1.000000e+02
1.013925e-01   3.014953e-03   1.000000e+02
1.023317e-01   3.196475e-03   1.000000e+02
1.032795e-01   3.422911e-03   1.000000e+02
1.042361e-01   3.695412e-03   1.000000e+02
1.052015e-01   4.014972e-03   1.000000e+02
1.061759e-01   4.381916e-03   1.000000e+02
1.071593e-01   4.795311e-03   1.000000e+02
1.081519e-01   5.252308e-03   1.000000e+02
1.091536e-01   5.747429e-03   1.000000e+02
1.101646e-01   6.271873e-03   1.000000e+02
1.111850e-01   6.817024e-03   1.000000e+02
1.122148e-01   7.382347e-03   1.000000e+02
1.132541e-01   7.969371e-03   1.000000e+02
1.143031e-01   8.580480e-03   1.000000e+02
1.153618e-01   9.219026e-03   1.000000e+02
1.164303e-01   9.889455e-03   1.000000e+02
1.175087e-01   1.059745e-02   1.000000e+02
1.185971e-01   1.135012e-02   1.000000e+02
1.196956e-01   1.215617e-02   1.000000e+02
1.208042e-01   1.302567e-02   1.000000e+02
1.219231e-01   1.396494e-02   1.000000e+02
1.230524e-01   1.497763e-02   1.000000e+02
1.241921e-01   1.606722e-02   1.000000e+02
1.253424e-01   1.723696e-02   1.000000e+02
1.265034e-01   1.848976e-02   1.000000e+02
1.276751e-01   1.982810e-02   1.000000e+02
1.288576e-01   2.125391e-02   1.000000e+02
1.300511e-01   2.276841e-02   1.000000e+02
1.312557e-01   2.437227e-02   1.000000e+02
1.324714e-01   2.606625e-02   1.000000e+02
1.336984e-01   2.785053e-02   1.000000e+02
1.349367e-01   2.972448e-02   1.000000e+02
1.361865e-01   3.168649e-02   1.000000e+02
1.374479e-01   3.373389e-02   1.000000e+02
1.387210e-01   3.586282e-02   1.000000e+02
1.400058e-01   3.806814e-02   1.000000e+02
1.413026e-01   4.034720e-02   1.000000e+02
1.426114e-01   4.271315e-02   1.000000e+02
1.439323e-01   4.518657e-02   1.000000e+02
1.452654e-01   4.779249e-02   1.000000e+02
1.466109e-01   5.056096e-02   1.000000e+02
1.479688e-01   5.352781e-02   1.000000e+02
1.493393e-01   5.673551e-02   1.000000e+02
1.507225e-01   6.023331e-02   1.000000e+02
1.521186e-01   6.405424e-02   1.000000e+02
1.535275e-01   6.821021e-02   1.000000e+02
1.549495e-01   7.271030e-02   1.000000e+02
1.563847e-01   7.756076e-02   1.000000e+02
1.578331e-01   8.276416e-02   1.000000e+02
1.592950e-01   8.831844e-02   1.000000e+02
1.607704e-01   9.421658e-02   1.000000e+02
1.622595e-01   1.004616e-01   1.000000e+02
1.637624e-01   1.070702e-01   1.000000e+02
1.652792e-01   1.140602e-01   1.000000e+02
1.668101e-01   1.214499e-01   1.000000e+02
1.683551e-01   1.292587e-01   1.000000e+02
1.699144e-01   1.375062e-01   1.000000e+02
1.714882e-01   1.462132e-01   1.000000e+02
1.730766e-01   1.554010e-01   1.000000e+02
1.746796e-01   1.650915e-01   1.000000e+02
1.762975e-01   1.753076e-01   1.000000e+02
1.779304e-01   1.860730e-01   1.000000e+02
1.795785e-01   1.974119e-01   1.000000e+02
1.812418e-01   2.093501e-01   1.000000e+02
1.829205e-01   2.219185e-01   1.000000e+02
1.846147e-01   2.351526e-01   1.000000e+02
1.863246e-01   2.490906e-01   1.000000e+02
1.880504e-01   2.637738e-01   1.000000e+02
1.897922e-01   2.792466e-01   1.000000e+02
1.915501e-01   2.955572e-01   1.000000e+02
1.933242e-01   3.127578e-01   1.000000e+02
1.951148e-01   3.309046e-01   1.000000e+02
1.969220e-01   3.500588e-01   1.000000e+02
1.987460e-01   3.702868e-01   1.000000e+02
2.005868e-01   3.916604e-01   1.000000e+02
2.024447e-01   4.142511e-01   1.000000e+02
2.043197e-01   4.381248e-01   1.000000e+02
2.062122e-01   4.633492e-01   1.000000e+02
2.081222e-01   4.899951e-01   1.000000e+02
2.100498e-01   5.181367e-01   1.000000e+02
2.119953e-01   5.478512e-01   1.000000e+02
2.139589e-01   5.792190e-01   1.000000e+02
2.159406e-01   6.123242e-01   1.000000e+02
2.179407e-01   6.472541e-01   1.000000e+02
2.199593e-01   6.840996e-01   1.000000e+02
2.219966e-01   7.229552e-01   1.000000e+02
2.240528e-01   7.639192e-01   1.000000e+02
2.261280e-01   8.070934e-01   1.000000e+02
2.282224e-01   8.525833e-01   1.000000e+02
2.303363e-01   9.004986e-01   1.000000e+02
2.324697e-01   9.509522e-01   1.000000e+02
2.346229e-01   1.004061e+00   1.000000e+02
2.367960e-01   1.059947e+00   1.000000e+02
2.389893e-01   1.118733e+00   1.000000e+02
2.412028e-01   1.180549e+00   1.000000e+02
2.434369e-01   1.245527e+00   1.000000e+02
2.456916e-01   1.313802e+00   1.000000e+02
2.479673e-01   1.385514e+00   1.000000e+02
2.502640e-01   1.460806e+00   1.000000e+02
2.525820e-01   1.539829e+00   1.000000e+02
2.549215e-01   1.622752e+00   1.000000e+02
2.572826e-01   1.709754e+00   1.000000e+02
2.596656e-01   1.801022e+00   1.000000e+02
2.620707e-01   1.896753e+00   1.000000e+02
2.644980e-01   1.997149e+00   1.000000e+02
2.669478e-01   2.102425e+00   1.000000e+02
2.694204e-01   2.212804e+00   1.000000e+02
2.719158e-01   2.328519e+00   1.000000e+02
2.744343e-01   2.449815e+00   1.000000e+02
2.769762e-01   2.576947e+00   1.000000e+02
2.795416e-01   2.710183e+00   1.000000e+02
2.821308e-01   2.849801e+00   1.000000e+02
2.847439e-01   2.996095e+00   1.000000e+02
2.873813e-01   3.149370e+00   1.000000e+02
2.900430e-01   3.309947e+00   1.000000e+02
2.927295e-01   3.478161e+00   1.000000e+02
2.954408e-01   3.654365e+00   1.000000e+02
2.981772e-01   3.838925e+00   1.000000e+02
3.009390e-01   4.032227e+00   1.000000e+02
3.037264e-01   4.234660e+00   1.000000e+02
3.065395e-01   4.446604e+00   1.000000e+02
3.093788e-01   4.668453e+00   1.000000e+02
3.122443e-01   4.900608e+00   1.000000e+02
3.151363e-01   5.143486e+00   1.000000e+02
3.180552e-01   5.397513e+00   1.000000e+02
3.210011e-01   5.663130e+00   1.000000e+02
3.239743e-01   5.940788e+00   1.000000e+02
3.269750e-01   6.230951e+00   1.000000e+02
3.300035e-01   6.534094e+00   1.000000e+02
3.330600e-01   6.850705e+00   1.000000e+02
3.361449e-01   7.181282e+00   1.000000e+02
3.392583e-01   7.526337e+00   1.000000e+02
3.424006e-01   7.886391e+00   1.000000e+02
3.455720e-01   8.261976e+00   1.000000e+02
3.487727e-01   8.653636e+00   1.000000e+02
3.520031e-01   9.061928e+00   1.000000e+02
3.552635e-01   9.487492e+00   1.000000e+02
3.585540e-01   9.931041e+00   1.000000e+02
3.618750e-01   1.039333e+01   1.000000e+02
3.652267e-01   1.087514e+01   1.000000e+02
3.686095e-01   1.137729e+01   1.000000e+02
3.720237e-01   1.190067e+01   1.000000e+02
3.754694e-01   1.244616e+01   1.000000e+02
3.789471e-01   1.301473e+01   1.000000e+02
3.824570e-01   1.360739e+01   1.000000e+02
3.859994e-01   1.422517e+01   1.000000e+02
3.895746e-01   1.486921e+01   1.000000e+02
3.931829e-01   1.554065e+01   1.000000e+02
3.968246e-01   1.624072e+01   1.000000e+02
4.005001e-01   1.697073e+01   1.000000e+02
4.042096e-01   1.773193e+01   1.000000e+02
4.079535e-01   1.852539e+01   1.000000e+02
4.117320e-01   1.935211e+01   1.000000e+02
4.155455e-01   2.021313e+01   1.000000e+02
4.193944e-01   2.110947e+01   1.000000e+02
4.232789e-01   2.204214e+01   1.000000e+02
4.271994e-01   2.301215e+01   1.000000e+02
4.311562e-01   2.402048e+01   1.000000e+02
4.351497e-01   2.506812e+01   1.000000e+02
4.391801e-01   2.615601e+01   1.000000e+02
4.432479e-01   2.728508e+01   1.000000e+02
4.473533e-01   2.845621e+01   1.000000e+02
4.514968e-01   2.967028e+01   1.000000e+02
4.556786e-01   3.092840e+01   1.000000e+02
4.598992e-01   3.223219e+01   1.000000e+02
4.641589e-01   3.358338e+01   1.000000e+02
4.684580e-01   3.498378e+01   1.000000e+02
4.727970e-01   3.643532e+01   1.000000e+02
4.771761e-01   3.794003e+01   1.000000e+02
4.815958e-01   3.950004e+01   1.000000e+02
4.860564e-01   4.111761e+01   1.000000e+02
4.905584e-01   4.279513e+01   1.000000e+02
4.951020e-01   4.453512e+01   1.000000e+02
4.996877e-01   4.634026e+01   1.000000e+02
5.043159e-01   4.821326e+01   1.000000e+02
5.089870e-01   5.015645e+01   1.000000e+02
5.137014e-01   5.217207e+01   1.000000e+02
5.184594e-01   5.426240e+01   1.000000e+02
5.232614e-01   5.642977e+01   1.000000e+02
5.281080e-01   5.867656e+01   1.000000e+02
5.329994e-01   6.100518e+01   1.000000e+02
5.379362e-01   6.341809e+01   1.000000e+02
5.429186e-01   6.591781e+01   1.000000e+02
5.479472e-01   6.850686e+01   1.000000e+02
5.530224e-01   7.118785e+01   1.000000e+02
5.581446e-01   7.396340e+01   1.000000e+02
5.633143e-01   7.683616e+01   1.000000e+02
5.685318e-01   7.980883e+01   1.000000e+02
5.737976e-01   8.288414e+01   1.000000e+02
5.791123e-01   8.606485e+01   1.000000e+02
5.844761e-01   8.935375e+01   1.000000e+02
5.898896e-01   9.275365e+01   1.000000e+02
5.953533e-01   9.626738e+01   1.000000e+02
6.008676e-01   9.989781e+01   1.000000e+02
6.064329e-01   1.036479e+02   1.000000e+02
6.120498e-01   1.075210e+02   1.000000e+02
6.177188e-01   1.115205e+02   1.000000e+02
6.234402e-01   1.156498e+02   1.000000e+02
6.292146e-01   1.199127e+02   1.000000e+02
6.350425e-01   1.243128e+02   1.000000e+02
6.409244e-01   1.288537e+02   1.000000e+02
6.468608e-01   1.335393e+02   1.000000e+02
6.528521e-01   1.383737e+02   1.000000e+02
6.588990e-01   1.433606e+02   1.000000e+02
6.650018e-01   1.485044e+02   1.000000e+02
6.711612e-01   1.538091e+02   1.000000e+02
6.773776e-01   1.592790e+02   1.000000e+02
6.836516e-01   1.649186e+02   1.000000e+02
6.899837e-01   1.707322e+02   1.000000e+02
6.963745e-01   1.767245e+02   1.000000e+02
7.028244e-01   1.829002e+02   1.000000e+02
7.093341e-01   1.892638e+02   1.000000e+02
7.159041e-01   1.958201e+02   1.000000e+02
7.225349e-01   2.025736e+02   1.000000e+02
7.292272e-01   2.095291e+02   1.000000e+02
7.359814e-01   2.166915e+02   1.000000e+02
7.427982e-01   2.240654e+02   1.000000e+02
7.496782e-01   2.316560e+02   1.000000e+02
7.566219e-01   2.394682e+02   1.000000e+02
7.636298e-01   2.475070e+02   1.000000e+02
7.707027e-01   2.557775e+02   1.000000e+02
7.778411e-01   2.642849e+02   1.000000e+02
7.850456e-01   2.730346e+02   1.000000e+02
7.923169e-01   2.820316e+02   1.000000e+02
7.996555e-01   2.912815e+02   1.000000e+02
8.070620e-01   3.007896e+02   1.000000e+02
8.145372e-01   3.105616e+02   1.000000e+02
8.220816e-01   3.206030e+02   1.000000e+02
8.296959e-01   3.309197e+02   1.000000e+02
8.373807e-01   3.415174e+02   1.000000e+02
8.451366e-01   3.524022e+02   1.000000e+02
8.529644e-01   3.635798e+02   1.000000e+02
8.608648e-01   3.750564e+02   1.000000e+02
8.688383e-01   3.868380e+02   1.000000e+02
8.768856e-01   3.989308e+02   1.000000e+02
8.850075e-01   4.113411e+02   1.000000e+02
8.932046e-01   4.240750e+02   1.000000e+02
9.014776e-01   4.371389e+02   1.000000e+02
9.098273e-01   4.505392e+02   1.000000e+02
9.182543e-01   4.642822e+02   1.000000e+02
9.267593e-01   4.783740e+02   1.000000e+02
9.353432e-01   4.928211e+02   1.000000e+02
9.440065e-01   5.076296e+02   1.000000e+02
9.527500e-01   5.228060e+02   1.000000e+02
9.615746e-01   5.383567e+02   1.000000e+02
9.704809e-01   5.542879e+02   1.000000e+02
9.794697e-01   5.706061e+02   1.000000e+02
9.885417e-01   5.873177e+02   1.000000e+02
9.976978e-01   6.044290e+02   1.000000e+02
1.006939e+00   6.219464e+02   1.000000e+02
1.016265e+00   6.398766e+02   1.000000e+02
1.025678e+00   6.582262e+02   1.000000e+02
1.035178e+00   6.770018e+02   1.000000e+02
1.044766e+00   6.962103e+02   1.000000e+02
1.054443e+00   7.158582e+02   1.000000e+02
1.064209e+00   7.359523e+02   1.000000e+02
1.074066e+00   7.564993e+02   1.000000e+02
1.084014e+00   7.775061e+02   1.000000e+02
1.094055e+00   7.989791e+02   1.000000e+02
1.104188e+00   8.209253e+02   1.000000e+02
1.114415e+00   8.433514e+02   1.000000e+02
1.124737e+00   8.662639e+02   1.000000e+02
1.135155e+00   8.896696e+02   1.000000e+02
1.145669e+00   9.135752e+02   1.000000e+02
1.156280e+00   9.379873e+02   1.000000e+02
1.166990e+00   9.629126e+02   1.000000e+02
1.177799e+00   9.883575e+02   1.000000e+02
1.188708e+00   1.014329e+03   1.000000e+02
1.199718e+00   1.040833e+03   1.000000e+02
1.210830e+00   1.067876e+03   1.000000e+02
1.222045e+00   1.095465e+03   1.000000e+02
1.233363e+00   1.123606e+03   1.000000e+02
1.244787e+00   1.152306e+03   1.000000e+02
1.256317e+00   1.181570e+03   1.000000e+02
1.267953e+00   1.211407e+03   1.000000e+02
1.279697e+00   1.241826e+03   1.000000e+02
1.291550e+00   1.272837e+03   1.000000e+02
1.303512e+00   1.304450e+03   1.000000e+02
1.315586e+00   1.336676e+03   1.000000e+02
1.327771e+00   1.369525e+03   1.000000e+02
1.340069e+00   1.403008e+03   1.000000e+02
1.352481e+00   1.437137e+03   1.000000e+02
1.365008e+00   1.471923e+03   1.000000e+02
1.377651e+00   1.507377e+03   1.000000e+02
1.390411e+00   1.543514e+03   1.000000e+02
1.403289e+00   1.580345e+03   1.000000e+02
1.416287e+00   1.617883e+03   1.000000e+02
1.429405e+00   1.656142e+03   1.000000e+02
1.442644e+00   1.695136e+03   1.000000e+02
1.456006e+00   1.734879e+03   1.000000e+02
1.469492e+00   1.775387e+03   1.000000e+02
1.483103e+00   1.816675e+03   1.000000e+02
1.496839e+00   1.858758e+03   1.000000e+02
1.510703e+00   1.901652e+03   1.000000e+02
1.524696e+00   1.945357e+03   1.000000e+02
1.538818e+00   1.989867e+03   1.000000e+02
1.553071e+00   2.035174e+03   1.000000e+02
1.567455e+00   2.081268e+03   1.000000e+02
1.581973e+00   2.128138e+03   1.000000e+02
1.596626e+00   2.175769e+03   1.000000e+02
1.611414e+00   2.224148e+03   1.000000e+02
1.626340e+00   2.273258e+03   1.000000e+02
1.641403e+00   2.323078e+03   1.000000e+02
1.656606e+00   2.373588e+03   1.000000e+02
1.671950e+00   2.424765e+03   1.000000e+02
1.687436e+00   2.476584e+03   1.000000e+02
1.703065e+00   2.529016e+03   1.000000e+02
1.718839e+00   2.582032e+03   1.000000e+02
1.734759e+00   2.635599e+03   1.000000e+02
1.750827e+00   2.689684e+03   1.000000e+02
1.767044e+00   2.744258e+03   1.000000e+02
1.783410e+00   2.799330e+03   1.000000e+02
1.799929e+00   2.854918e+03   1.000000e+02
1.816600e+00   2.911041e+03   1.000000e+02
1.833425e+00   2.967720e+03   1.000000e+02
1.850407e+00   3.024978e+03   1.000000e+02
1.867546e+00   3.082841e+03   1.000000e+02
1.884843e+00   3.141336e+03   1.000000e+02
1.902301e+00   3.200493e+03   1.000000e+02
1.919921e+00   3.260343e+03   1.000000e+02
1.937703e+00   3.320921e+03   1.000000e+02
1.955651e+00   3.382263e+03   1.000000e+02
1.973764e+00   3.444409e+03   1.000000e+02
1.992046e+00   3.507400e+03   1.000000e+02
2.010496e+00   3.571279e+03   1.000000e+02
2.029118e+00   3.636064e+03   1.000000e+02
2.047912e+00   3.701754e+03   1.000000e+02
2.066880e+00   3.768344e+03   1.000000e+02
2.086024e+00   3.835830e+03   1.000000e+02
2.105345e+00   3.904206e+03   1.000000e+02
2.124845e+00   3.973464e+03   1.000000e+02
2.144526e+00   4.043599e+03   1.000000e+02
2.164389e+00   4.114600e+03   1.000000e+02
2.184436e+00   4.186459e+03   1.000000e+02
2.204669e+00   4.259165e+03   1.000000e+02
2.225089e+00   4.332707e+03   1.000000e+02
2.245698e+00   4.407072e+03   1.000000e+02
2.266498e+00   4.482246e+03   1.000000e+02
2.287491e+00   4.558214e+03   1.000000e+02
2.308678e+00   4.634960e+03   1.000000e+02
2.330061e+00   4.712468e+03   1.000000e+02
2.351643e+00   4.790718e+03   1.000000e+02
2.373424e+00   4.869691e+03   1.000000e+02
2.395407e+00   4.949367e+03   1.000000e+02
2.417594e+00   5.029722e+03   1.000000e+02
2.439986e+00   5.110734e+03   1.000000e+02
2.462586e+00   5.192378e+03   1.000000e+02
2.485395e+00   5.274627e+03   1.000000e+02
2.508415e+00   5.357455e+03   1.000000e+02
2.531648e+00   5.440840e+03   1.000000e+02
2.555097e+00   5.524775e+03   1.000000e+02
2.578763e+00   5.609251e+03   1.000000e+02
2.602648e+00   5.694261e+03   1.000000e+02
2.626754e+00   5.779795e+03   1.000000e+02
2.651084e+00   5.865847e+03   1.000000e+02
2.675638e+00   5.952407e+03   1.000000e+02
2.700421e+00   6.039468e+03   1.000000e+02
2.725433e+00   6.127022e+03   1.000000e+02
2.750676e+00   6.215060e+03   1.000000e+02
2.776153e+00   6.303574e+03   1.000000e+02
2.801867e+00   6.392556e+03   1.000000e+02
2.827818e+00   6.481998e+03   1.000000e+02
2.854010e+00   6.571892e+03   1.000000e+02
2.880444e+00   6.662229e+03   1.000000e+02
2.907123e+00   6.753002e+03   1.000000e+02
2.934050e+00   6.844202e+03   1.000000e+02
2.961225e+00   6.935823e+03   1.000000e+02
2.988653e+00   7.027854e+03   1.000000e+02
3.016334e+00   7.120290e+03   1.000000e+02
3.044272e+00   7.213115e+03   1.000000e+02
3.072469e+00   7.306312e+03   1.000000e+02
3.100927e+00   7.399861e+03   1.000000e+02
3.129648e+00   7.493744e+03   1.000000e+02
3.158635e+00   7.587940e+03   1.000000e+02
3.187891e+00   7.682429e+03   1.000000e+02
3.217418e+00   7.777191e+03   1.000000e+02
3.247218e+00   7.872205e+03   1.000000e+02
3.277295e+00   7.967448e+03   1.000000e+02
3.307650e+00   8.062900e+03   1.000000e+02
3.338286e+00   8.158537e+03   1.000000e+02
3.369206e+00   8.254337e+03   1.000000e+02
3.400412e+00   8.350276e+03   1.000000e+02
3.431907e+00   8.446331e+03   1.000000e+02
3.463694e+00   8.542478e+03   1.000000e+02
3.495776e+00   8.638693e+03   1.000000e+02
3.528154e+00   8.734951e+03   1.000000e+02
3.560833e+00   8.831230e+03   1.000000e+02
3.593814e+00   8.927511e+03   1.000000e+02
3.627100e+00   9.023774e+03   1.000000e+02
3.660695e+00   9.119997e+03   1.000000e+02
3.694601e+00   9.216160e+03   1.000000e+02
3.728821e+00   9.312243e+03   1.000000e+02
3.763358e+00   9.408224e+03   1.000000e+02
3.798215e+00   9.504082e+03   1.000000e+02
3.833395e+00   9.599796e+03   1.000000e+02
3.868901e+00   9.695345e+03   1.000000e+02
3.904735e+00   9.790709e+03   1.000000e+02
3.940902e+00   9.885865e+03   1.000000e+02
3.977403e+00   9.980792e+03   1.000000e+02
4.014242e+00   1.007547e+04   1.000000e+02
4.051423e+00   1.016987e+04   1.000000e+02
4.088948e+00   1.026399e+04   1.000000e+02
4.126821e+00   1.035778e+04   1.000000e+02
4.165044e+00   1.045124e+04   1.000000e+02
4.203622e+00   1.054435e+04   1.000000e+02
4.242556e+00   1.063707e+04   1.000000e+02
4.281852e+00   1.072939e+04   1.000000e+02
4.321511e+00   1.082129e+04   1.000000e+02
4.361538e+00   1.091275e+04   1.000000e+02
4.401935e+00   1.100374e+04   1.000000e+02
4.442707e+00   1.109425e+04   1.000000e+02
4.483856e+00   1.118424e+04   1.000000e+02
4.525386e+00   1.127371e+04   1.000000e+02
4.567301e+00   1.136263e+04   1.000000e+02
4.609604e+00   1.145097e+04   1.000000e+02
4.652300e+00   1.153872e+04   1.000000e+02
4.695390e+00   1.162586e+04   1.000000e+02
4.738880e+00   1.171237e+04   1.000000e+02
4.782772e+00   1.179822e+04   1.000000e+02
4.827071e+00   1.188339e+04   1.000000e+02
4.871780e+00   1.196787e+04   1.000000e+02
4.916904e+00   1.205164e+04   1.000000e+02
4.962445e+00   1.213466e+04   1.000000e+02
5.008408e+00   1.221694e+04   1.000000e+02
5.054797e+00   1.229843e+04   1.000000e+02
5.101615e+00   1.237914e+04   1.000000e+02
5.148867e+00   1.245903e+04   1.000000e+02
5.196557e+00   1.253810e+04   1.000000e+02
5.244689e+00   1.261633e+04   1.000000e+02
5.293266e+00   1.269369e+04   1.000000e+02
5.342293e+00   1.277018e+04   1.000000e+02
5.391775e+00   1.284577e+04   1.000000e+02
5.441714e+00   1.292045e+04   1.000000e+02
5.492116e+00   1.299421e+04   1.000000e+02
5.542986e+00   1.306703e+04   1.000000e+02
5.594326e+00   1.313890e+04   1.000000e+02
5.646141e+00   1.320980e+04   1.000000e+02
5.698437e+00   1.327971e+04   1.000000e+02
5.751217e+00   1.334863e+04   1.000000e+02
5.804486e+00   1.341654e+04   1.000000e+02
5.858248e+00   1.348342e+04   1.000000e+02
5.912508e+00   1.354926e+04   1.000000e+02
5.967271e+00   1.361406e+04   1.000000e+02
6.022541e+00   1.367779e+04   1.000000e+02
6.078323e+00   1.374045e+04   1.000000e+02
6.134622e+00   1.380203e+04   1.000000e+02
6.191442e+00   1.386253e+04   1.000000e+02
6.248788e+00   1.392192e+04   1.000000e+02
6.306666e+00   1.398021e+04   1.000000e+02
6.365079e+00   1.403739e+04   1.000000e+02
6.424034e+00   1.409345e+04   1.000000e+02
6.483534e+00   1.414839e+04   1.000000e+02
6.543586e+00   1.420220e+04   1.000000e+02
6.604194e+00   1.425488e+04   1.000000e+02
6.665363e+00   1.430642e+04   1.000000e+02
6.727099e+00   1.435681e+04   1.000000e+02
6.789407e+00   1.440606e+04   1.000000e+02
6.852292e+00   1.445416e+04   1.000000e+02
6.915759e+00   1.450111e+04   1.000000e+02
6.979814e+00   1.454690e+04   1.000000e+02
7.044462e+00   1.459153e+04   1.000000e+02
7.109709e+00   1.463500e+04   1.000000e+02
7.175561e+00   1.467731e+04   1.000000e+02
7.242022e+00   1.471847e+04   1.000000e+02
7.309099e+00   1.475847e+04   1.000000e+02
7.376798e+00   1.479732e+04   1.000000e+02
7.445123e+00   1.483503e+04   1.000000e+02
7.514081e+00   1.487158e+04   1.000000e+02
7.583678e+00   1.490700e+04   1.000000e+02
7.653919e+00   1.494127e+04   1.000000e+02
7.724811e+00   1.497441e+04   1.000000e+02
7.796360e+00   1.500643e+04   1.000000e+02
7.868572e+00   1.503731e+04   1.000000e+02
7.941452e+00   1.506708e+04   1.000000e+02
8.015007e+00   1.509573e+04   1.000000e+02
8.089243e+00   1.512328e+04   1.000000e+02
8.164168e+00   1.514975e+04   1.000000e+02
8.239786e+00   1.517514e+04   1.000000e+02
8.316104e+00   1.519949e+04   1.000000e+02
8.393129e+00   1.522280e+04   1.000000e+02
8.470868e+00   1.524511e+04   1.000000e+02
8.549327e+00   1.526642e+04   1.000000e+02
8.628513e+00   1.528676e+04   1.000000e+02
8.708431e+00   1.530616e+04   1.000000e+02
8.789091e+00   1.532462e+04   1.000000e+02
8.870497e+00   1.534218e+04   1.000000e+02
8.952657e+00   1.535885e+04   1.000000e+02
9.035578e+00   1.537466e+04   1.000000e+02
9.119268e+00   1.538963e+04   1.000000e+02
9.203732e+00   1.540377e+04   1.000000e+02
9.288979e+00   1.541712e+04   1.000000e+02
9.375015e+00   1.542970e+04   1.000000e+02
9.461848e+00   1.544152e+04   1.000000e+02
9.549486e+00   1.545262e+04   1.000000e+02
9.637935e+00   1.546301e+04   1.000000e+02
9.727203e+00   1.547272e+04   1.000000e+02
9.817298e+00   1.548177e+04   1.000000e+02
9.908228e+00   1.549019e+04   1.000000e+02
1.000000e+01   1.549800e+04   1.000000e+02
