# N12 + a > O15 + p   [N12_a__O15_p]   ref=TALYS2, Koning et al. 2023
# detailed balance: alpha=4.2561 beta=0 gamma=-111.617  Q=9.6184
# T9                 rate                error
1.000000e-03   1.000000e-35   1.000000e+02
1.009262e-03   9.998524e-36   1.000000e+02
1.018610e-03   9.997113e-36   1.000000e+02
1.028045e-03   9.995765e-36   1.000000e+02
1.037567e-03   9.994480e-36   1.000000e+02
1.047177e-03   9.993256e-36   1.000000e+02
1.056876e-03   9.992093e-36   1.000000e+02
1.066665e-03   9.990990e-36   1.000000e+02
1.076545e-03   9.989945e-36   1.000000e+02
1.086516e-03   9.988957e-36   1.000000e+02
1.096579e-03   9.988026e-36   1.000000e+02
1.106736e-03   9.987150e-36   1.000000e+02
1.116987e-03   9.986328e-36   1.000000e+02
1.127333e-03   9.985560e-36   1.000000e+02
1.137774e-03   9.984844e-36   1.000000e+02
1.148312e-03   9.984179e-36   1.000000e+02
1.158948e-03   9.983564e-36   1.000000e+02
1.169683e-03   9.982999e-36   1.000000e+02
1.180517e-03   9.982482e-36   1.000000e+02
1.191451e-03   9.982012e-36   1.000000e+02
1.202486e-03   9.981588e-36   1.000000e+02
1.213624e-03   9.981210e-36   1.000000e+02
1.224865e-03   9.980876e-36   1.000000e+02
1.236210e-03   9.980585e-36   1.000000e+02
1.247660e-03   9.980336e-36   1.000000e+02
1.259216e-03   9.980128e-36   1.000000e+02
1.270879e-03   9.979960e-36   1.000000e+02
1.282650e-03   9.979831e-36   1.000000e+02
1.294530e-03   9.979741e-36   1.000000e+02
1.306520e-03   9.979687e-36   1.000000e+02
1.318621e-03   9.979670e-36   1.000000e+02
1.330835e-03   9.979687e-36   1.000000e+02
1.343161e-03   9.979739e-36   1.000000e+02
1.355602e-03   9.979824e-36   1.000000e+02
1.368158e-03   9.979941e-36   1.000000e+02
1.380830e-03   9.980089e-36   1.000000e+02
1.393619e-03   9.980267e-36   1.000000e+02
1.406527e-03   9.980473e-36   1.000000e+02
1.419555e-03   9.980708e-36   1.000000e+02
1.432703e-03   9.980970e-36   1.000000e+02
1.445973e-03   9.981258e-36   1.000000e+02
1.459366e-03   9.981571e-36   1.000000e+02
1.472883e-03   9.981908e-36   1.000000e+02
1.486525e-03   9.982268e-36   1.000000e+02
1.500293e-03   9.982650e-36   1.000000e+02
1.514189e-03   9.983053e-36   1.000000e+02
1.528214e-03   9.983476e-36   1.000000e+02
1.542369e-03   9.983918e-36   1.000000e+02
1.556654e-03   9.984378e-36   1.000000e+02
1.571072e-03   9.984854e-36   1.000000e+02
1.585624e-03   9.985347e-36   1.000000e+02
1.600310e-03   9.985855e-36   1.000000e+02
1.615133e-03   9.986376e-36   1.000000e+02
1.630092e-03   9.986911e-36   1.000000e+02
1.645191e-03   9.987457e-36   1.000000e+02
1.660429e-03   9.988014e-36   1.000000e+02
1.675808e-03   9.988582e-36   1.000000e+02
1.691330e-03   9.989158e-36   1.000000e+02
1.706995e-03   9.989742e-36   1.000000e+02
1.722805e-03   9.990332e-36   1.000000e+02
1.738762e-03   9.990929e-36   1.000000e+02
1.754867e-03   9.991531e-36   1.000000e+02
1.771121e-03   9.992136e-36   1.000000e+02
1.787526e-03   9.992745e-36   1.000000e+02
1.804082e-03   9.993355e-36   1.000000e+02
1.820792e-03   9.993966e-36   1.000000e+02
1.837656e-03   9.994576e-36   1.000000e+02
1.854677e-03   9.995186e-36   1.000000e+02
1.871855e-03   9.995793e-36   1.000000e+02
1.889193e-03   9.996398e-36   1.000000e+02
1.906691e-03   9.996997e-36   1.000000e+02
1.924351e-03   9.997592e-36   1.000000e+02
1.942175e-03   9.998181e-36   1.000000e+02
1.960163e-03   9.998762e-36   1.000000e+02
1.978319e-03   9.999335e-36   1.000000e+02
1.996642e-03   9.999898e-36   1.000000e+02
2.015136e-03   1.000045e-35   1.000000e+02
2.033800e-03   1.000099e-35   1.000000e+02
2.052638e-03   1.000152e-35   1.000000e+02
2.071650e-03   1.000204e-35   1.000000e+02
2.090838e-03   1.000254e-35   1.000000e+02
2.110203e-03   1.000303e-35   1.000000e+02
2.129749e-03   1.000350e-35   1.000000e+02
2.149475e-03   1.000395e-35   1.000000e+02
2.169384e-03   1.000439e-35   1.000000e+02
2.189477e-03   1.000480e-35   1.000000e+02
2.209756e-03   1.000520e-35   1.000000e+02
2.230223e-03   1.000557e-35   1.000000e+02
2.250880e-03   1.000592e-35   1.000000e+02
2.271728e-03   1.000625e-35   1.000000e+02
2.292769e-03   1.000655e-35   1.000000e+02
2.314005e-03   1.000683e-35   1.000000e+02
2.335438e-03   1.000708e-35   1.000000e+02
2.357069e-03   1.000730e-35   1.000000e+02
2.378901e-03   1.000750e-35   1.000000e+02
2.400935e-03   1.000766e-35   1.000000e+02
2.423173e-03   1.000780e-35   1.000000e+02
2.445617e-03   1.000790e-35   1.000000e+02
2.468268e-03   1.000797e-35   1.000000e+02
2.491130e-03   1.000801e-35   1.000000e+02
2.514203e-03   1.000801e-35   1.000000e+02
2.537490e-03   1.000798e-35   1.000000e+02
2.560993e-03   1.000791e-35   1.000000e+02
2.584714e-03   1.000780e-35   1.000000e+02
2.608654e-03   1.000765e-35   1.000000e+02
2.632815e-03   1.000747e-35   1.000000e+02
2.657201e-03   1.000724e-35   1.000000e+02
2.681813e-03   1.000697e-35   1.000000e+02
2.706652e-03   1.000666e-35   1.000000e+02
2.731722e-03   1.000631e-35   1.000000e+02
2.757023e-03   1.000591e-35   1.000000e+02
2.782559e-03   1.000547e-35   1.000000e+02
2.808332e-03   1.000497e-35   1.000000e+02
2.834343e-03   1.000443e-35   1.000000e+02
2.860596e-03   1.000385e-35   1.000000e+02
2.887091e-03   1.000321e-35   1.000000e+02
2.913832e-03   1.000252e-35   1.000000e+02
2.940820e-03   1.000178e-35   1.000000e+02
2.968059e-03   1.000099e-35   1.000000e+02
2.995549e-03   1.000014e-35   1.000000e+02
3.023295e-03   9.999241e-36   1.000000e+02
3.051297e-03   9.998296e-36   1.000000e+02
3.079559e-03   9.997315e-36   1.000000e+02
3.108082e-03   9.996309e-36   1.000000e+02
3.136870e-03   9.995290e-36   1.000000e+02
3.165924e-03   9.994268e-36   1.000000e+02
3.195248e-03   9.993254e-36   1.000000e+02
3.224842e-03   9.992258e-36   1.000000e+02
3.254712e-03   9.991291e-36   1.000000e+02
3.284857e-03   9.990365e-36   1.000000e+02
3.315282e-03   9.989488e-36   1.000000e+02
3.345989e-03   9.988673e-36   1.000000e+02
3.376980e-03   9.987930e-36   1.000000e+02
3.408259e-03   9.987270e-36   1.000000e+02
3.439826e-03   9.986703e-36   1.000000e+02
3.471687e-03   9.986240e-36   1.000000e+02
3.503842e-03   9.985892e-36   1.000000e+02
3.536296e-03   9.985669e-36   1.000000e+02
3.569049e-03   9.985582e-36   1.000000e+02
3.602107e-03   9.985642e-36   1.000000e+02
3.635470e-03   9.985860e-36   1.000000e+02
3.669142e-03   9.986246e-36   1.000000e+02
3.703127e-03   9.986810e-36   1.000000e+02
3.737426e-03   9.987565e-36   1.000000e+02
3.772042e-03   9.988520e-36   1.000000e+02
3.806980e-03   9.989686e-36   1.000000e+02
3.842241e-03   9.991074e-36   1.000000e+02
3.877828e-03   9.992695e-36   1.000000e+02
3.913746e-03   9.994559e-36   1.000000e+02
3.949995e-03   9.996678e-36   1.000000e+02
3.986581e-03   9.999063e-36   1.000000e+02
4.023506e-03   1.000172e-35   1.000000e+02
4.060772e-03   1.000462e-35   1.000000e+02
4.098384e-03   1.000770e-35   1.000000e+02
4.136344e-03   1.001089e-35   1.000000e+02
4.174655e-03   1.001415e-35   1.000000e+02
4.213322e-03   1.001740e-35   1.000000e+02
4.252346e-03   1.002058e-35   1.000000e+02
4.291732e-03   1.002364e-35   1.000000e+02
4.331483e-03   1.002650e-35   1.000000e+02
4.371602e-03   1.002911e-35   1.000000e+02
4.412093e-03   1.003142e-35   1.000000e+02
4.452959e-03   1.003334e-35   1.000000e+02
4.494203e-03   1.003483e-35   1.000000e+02
4.535829e-03   1.003582e-35   1.000000e+02
4.577841e-03   1.003625e-35   1.000000e+02
4.620241e-03   1.003605e-35   1.000000e+02
4.663035e-03   1.003517e-35   1.000000e+02
4.706225e-03   1.003354e-35   1.000000e+02
4.749815e-03   1.003111e-35   1.000000e+02
4.793808e-03   1.002781e-35   1.000000e+02
4.838210e-03   1.002358e-35   1.000000e+02
4.883022e-03   1.001836e-35   1.000000e+02
4.928250e-03   1.001209e-35   1.000000e+02
4.973896e-03   1.000471e-35   1.000000e+02
5.019965e-03   9.996160e-36   1.000000e+02
5.066461e-03   9.986464e-36   1.000000e+02
5.113388e-03   9.975723e-36   1.000000e+02
5.160749e-03   9.964045e-36   1.000000e+02
5.208549e-03   9.951539e-36   1.000000e+02
5.256791e-03   9.938313e-36   1.000000e+02
5.305481e-03   9.924476e-36   1.000000e+02
5.354621e-03   9.910136e-36   1.000000e+02
5.404216e-03   9.895398e-36   1.000000e+02
5.454271e-03   9.880370e-36   1.000000e+02
5.504790e-03   9.865158e-36   1.000000e+02
5.555776e-03   9.849866e-36   1.000000e+02
5.607235e-03   9.834600e-36   1.000000e+02
5.659170e-03   9.819463e-36   1.000000e+02
5.711586e-03   9.804559e-36   1.000000e+02
5.764488e-03   9.789990e-36   1.000000e+02
5.817880e-03   9.775859e-36   1.000000e+02
5.871766e-03   9.762266e-36   1.000000e+02
5.926152e-03   9.749314e-36   1.000000e+02
5.981041e-03   9.737103e-36   1.000000e+02
6.036439e-03   9.725724e-36   1.000000e+02
6.092349e-03   9.715168e-36   1.000000e+02
6.148778e-03   9.705356e-36   1.000000e+02
6.205729e-03   9.696210e-36   1.000000e+02
6.263207e-03   9.687652e-36   1.000000e+02
6.321218e-03   9.679604e-36   1.000000e+02
6.379767e-03   9.671991e-36   1.000000e+02
6.438857e-03   9.664733e-36   1.000000e+02
6.498495e-03   9.657755e-36   1.000000e+02
6.558686e-03   9.650981e-36   1.000000e+02
6.619433e-03   9.644334e-36   1.000000e+02
6.680744e-03   9.637738e-36   1.000000e+02
6.742622e-03   9.631118e-36   1.000000e+02
6.805074e-03   9.624398e-36   1.000000e+02
6.868104e-03   9.617502e-36   1.000000e+02
6.931717e-03   9.610356e-36   1.000000e+02
6.995920e-03   9.602885e-36   1.000000e+02
7.060718e-03   9.595066e-36   1.000000e+02
7.126115e-03   9.587128e-36   1.000000e+02
7.192119e-03   9.579377e-36   1.000000e+02
7.258734e-03   9.572114e-36   1.000000e+02
7.325965e-03   9.565644e-36   1.000000e+02
7.393820e-03   9.560267e-36   1.000000e+02
7.462303e-03   9.556285e-36   1.000000e+02
7.531420e-03   9.554001e-36   1.000000e+02
7.601178e-03   9.553716e-36   1.000000e+02
7.671581e-03   9.555733e-36   1.000000e+02
7.742637e-03   9.560357e-36   1.000000e+02
7.814351e-03   9.567896e-36   1.000000e+02
7.886729e-03   9.578660e-36   1.000000e+02
7.959777e-03   9.592966e-36   1.000000e+02
8.033502e-03   9.611110e-36   1.000000e+02
8.107910e-03   9.632699e-36   1.000000e+02
8.183007e-03   9.656549e-36   1.000000e+02
8.258799e-03   9.681426e-36   1.000000e+02
8.335294e-03   9.706083e-36   1.000000e+02
8.412497e-03   9.729259e-36   1.000000e+02
8.490415e-03   9.749685e-36   1.000000e+02
8.569055e-03   9.766079e-36   1.000000e+02
8.648423e-03   9.777157e-36   1.000000e+02
8.728527e-03   9.781638e-36   1.000000e+02
8.809372e-03   9.778247e-36   1.000000e+02
8.890966e-03   9.765730e-36   1.000000e+02
8.973316e-03   9.742864e-36   1.000000e+02
9.056428e-03   9.708826e-36   1.000000e+02
9.140311e-03   9.666843e-36   1.000000e+02
9.224970e-03   9.622607e-36   1.000000e+02
9.310413e-03   9.581753e-36   1.000000e+02
9.396648e-03   9.549823e-36   1.000000e+02
9.483682e-03   9.532301e-36   1.000000e+02
9.571522e-03   9.534684e-36   1.000000e+02
9.660175e-03   9.562577e-36   1.000000e+02
9.749649e-03   9.621829e-36   1.000000e+02
9.839952e-03   9.718705e-36   1.000000e+02
9.931092e-03   9.860098e-36   1.000000e+02
1.002308e-02   1.005377e-35   1.000000e+02
1.011591e-02   1.030479e-35   1.000000e+02
1.020961e-02   1.061162e-35   1.000000e+02
1.030417e-02   1.097206e-35   1.000000e+02
1.039961e-02   1.138391e-35   1.000000e+02
1.049593e-02   1.184470e-35   1.000000e+02
1.059315e-02   1.235144e-35   1.000000e+02
1.069126e-02   1.290045e-35   1.000000e+02
1.079029e-02   1.348708e-35   1.000000e+02
1.089023e-02   1.410553e-35   1.000000e+02
1.099110e-02   1.474862e-35   1.000000e+02
1.109290e-02   1.540924e-35   1.000000e+02
1.119564e-02   1.608751e-35   1.000000e+02
1.129934e-02   1.678650e-35   1.000000e+02
1.140400e-02   1.750980e-35   1.000000e+02
1.150962e-02   1.826155e-35   1.000000e+02
1.161623e-02   1.904652e-35   1.000000e+02
1.172382e-02   1.987013e-35   1.000000e+02
1.183241e-02   2.073858e-35   1.000000e+02
1.194200e-02   2.165891e-35   1.000000e+02
1.205261e-02   2.263899e-35   1.000000e+02
1.216424e-02   2.368509e-35   1.000000e+02
1.227691e-02   2.480112e-35   1.000000e+02
1.239062e-02   2.599109e-35   1.000000e+02
1.250539e-02   2.725920e-35   1.000000e+02
1.262121e-02   2.860985e-35   1.000000e+02
1.273811e-02   3.004765e-35   1.000000e+02
1.285610e-02   3.157740e-35   1.000000e+02
1.297517e-02   3.320409e-35   1.000000e+02
1.309535e-02   3.493313e-35   1.000000e+02
1.321664e-02   3.677188e-35   1.000000e+02
1.333906e-02   3.872916e-35   1.000000e+02
1.346261e-02   4.081461e-35   1.000000e+02
1.358730e-02   4.303879e-35   1.000000e+02
1.371315e-02   4.541324e-35   1.000000e+02
1.384016e-02   4.795066e-35   1.000000e+02
1.396835e-02   5.066495e-35   1.000000e+02
1.409773e-02   5.357133e-35   1.000000e+02
1.422830e-02   5.668582e-35   1.000000e+02
1.436009e-02   6.002555e-35   1.000000e+02
1.449310e-02   6.360925e-35   1.000000e+02
1.462733e-02   6.745737e-35   1.000000e+02
1.476281e-02   7.159226e-35   1.000000e+02
1.489955e-02   7.603838e-35   1.000000e+02
1.503755e-02   8.082253e-35   1.000000e+02
1.517683e-02   8.597419e-35   1.000000e+02
1.531740e-02   9.152599e-35   1.000000e+02
1.545928e-02   9.751384e-35   1.000000e+02
1.560246e-02   1.039772e-34   1.000000e+02
1.574698e-02   1.109597e-34   1.000000e+02
1.589283e-02   1.185092e-34   1.000000e+02
1.604003e-02   1.266787e-34   1.000000e+02
1.618860e-02   1.355267e-34   1.000000e+02
1.633854e-02   1.451187e-34   1.000000e+02
1.648987e-02   1.555271e-34   1.000000e+02
1.664260e-02   1.668323e-34   1.000000e+02
1.679675e-02   1.791236e-34   1.000000e+02
1.695232e-02   1.925001e-34   1.000000e+02
1.710934e-02   2.070723e-34   1.000000e+02
1.726781e-02   2.229632e-34   1.000000e+02
1.742775e-02   2.403097e-34   1.000000e+02
1.758917e-02   2.592649e-34   1.000000e+02
1.775208e-02   2.799996e-34   1.000000e+02
1.791650e-02   3.027051e-34   1.000000e+02
1.808245e-02   3.275953e-34   1.000000e+02
1.824993e-02   3.549080e-34   1.000000e+02
1.841897e-02   3.849074e-34   1.000000e+02
1.858957e-02   4.178893e-34   1.000000e+02
1.876175e-02   4.541849e-34   1.000000e+02
1.893552e-02   4.941659e-34   1.000000e+02
1.911091e-02   5.382494e-34   1.000000e+02
1.928792e-02   5.869040e-34   1.000000e+02
1.946656e-02   6.406567e-34   1.000000e+02
1.964687e-02   7.001008e-34   1.000000e+02
1.982884e-02   7.659047e-34   1.000000e+02
2.001250e-02   8.388222e-34   1.000000e+02
2.019786e-02   9.197104e-34   1.000000e+02
2.038493e-02   1.009561e-33   1.000000e+02
2.057374e-02   1.109509e-33   1.000000e+02
2.076430e-02   1.220850e-33   1.000000e+02
2.095662e-02   1.345064e-33   1.000000e+02
2.115073e-02   1.483848e-33   1.000000e+02
2.134663e-02   1.639146e-33   1.000000e+02
2.154435e-02   1.813195e-33   1.000000e+02
2.174389e-02   2.008565e-33   1.000000e+02
2.194529e-02   2.228222e-33   1.000000e+02
2.214855e-02   2.475588e-33   1.000000e+02
2.235370e-02   2.754621e-33   1.000000e+02
2.256074e-02   3.069909e-33   1.000000e+02
2.276970e-02   3.426773e-33   1.000000e+02
2.298060e-02   3.831403e-33   1.000000e+02
2.319345e-02   4.291009e-33   1.000000e+02
2.340827e-02   4.814003e-33   1.000000e+02
2.362508e-02   5.410219e-33   1.000000e+02
2.384390e-02   6.091179e-33   1.000000e+02
2.406475e-02   6.870403e-33   1.000000e+02
2.428764e-02   7.763788e-33   1.000000e+02
2.451260e-02   8.790066e-33   1.000000e+02
2.473964e-02   9.971348e-33   1.000000e+02
2.496878e-02   1.133379e-32   1.000000e+02
2.520005e-02   1.290830e-32   1.000000e+02
2.543346e-02   1.473082e-32   1.000000e+02
2.566903e-02   1.684349e-32   1.000000e+02
2.590678e-02   1.929604e-32   1.000000e+02
2.614673e-02   2.214721e-32   1.000000e+02
2.638891e-02   2.546642e-32   1.000000e+02
2.663333e-02   2.933584e-32   1.000000e+02
2.688001e-02   3.385277e-32   1.000000e+02
2.712898e-02   3.913259e-32   1.000000e+02
2.738025e-02   4.531222e-32   1.000000e+02
2.763385e-02   5.255424e-32   1.000000e+02
2.788980e-02   6.105195e-32   1.000000e+02
2.814812e-02   7.103530e-32   1.000000e+02
2.840884e-02   8.277807e-32   1.000000e+02
2.867196e-02   9.660649e-32   1.000000e+02
2.893753e-02   1.129096e-31   1.000000e+02
2.920556e-02   1.321516e-31   1.000000e+02
2.947606e-02   1.548868e-31   1.000000e+02
2.974908e-02   1.817777e-31   1.000000e+02
3.002462e-02   2.136163e-31   1.000000e+02
3.030271e-02   2.513627e-31   1.000000e+02
3.058338e-02   2.962173e-31   1.000000e+02
3.086665e-02   3.496600e-31   1.000000e+02
3.115254e-02   4.135144e-31   1.000000e+02
3.144108e-02   4.900354e-31   1.000000e+02
3.173230e-02   5.820221e-31   1.000000e+02
3.202621e-02   6.929626e-31   1.000000e+02
3.232284e-02   8.272205e-31   1.000000e+02
3.262222e-02   9.902779e-31   1.000000e+02
3.292437e-02   1.189050e-30   1.000000e+02
3.322933e-02   1.432299e-30   1.000000e+02
3.353710e-02   1.731173e-30   1.000000e+02
3.384773e-02   2.099925e-30   1.000000e+02
3.416123e-02   2.556857e-30   1.000000e+02
3.447764e-02   3.125587e-30   1.000000e+02
3.479698e-02   3.836739e-30   1.000000e+02
3.511928e-02   4.730221e-30   1.000000e+02
3.544456e-02   5.858308e-30   1.000000e+02
3.577285e-02   7.289833e-30   1.000000e+02
3.610419e-02   9.115922e-30   1.000000e+02
3.643859e-02   1.145788e-29   1.000000e+02
3.677609e-02   1.447810e-29   1.000000e+02
3.711672e-02   1.839525e-29   1.000000e+02
3.746050e-02   2.350550e-29   1.000000e+02
3.780747e-02   3.021247e-29   1.000000e+02
3.815765e-02   3.906957e-29   1.000000e+02
3.851107e-02   5.084052e-29   1.000000e+02
3.886777e-02   6.658604e-29   1.000000e+02
3.922777e-02   8.778924e-29   1.000000e+02
3.959110e-02   1.165379e-28   1.000000e+02
3.995780e-02   1.557917e-28   1.000000e+02
4.032790e-02   2.097557e-28   1.000000e+02
4.070142e-02   2.843033e-28   1.000000e+02
4.107841e-02   3.876790e-28   1.000000e+02
4.145888e-02   5.315063e-28   1.000000e+02
4.184289e-02   7.321733e-28   1.000000e+02
4.223044e-02   1.012773e-27   1.000000e+02
4.262159e-02   1.405812e-27   1.000000e+02
4.301636e-02   1.956960e-27   1.000000e+02
4.341478e-02   2.730237e-27   1.000000e+02
4.381690e-02   3.815099e-27   1.000000e+02
4.422274e-02   5.336075e-27   1.000000e+02
4.463234e-02   7.465729e-27   1.000000e+02
4.504573e-02   1.044192e-26   1.000000e+02
4.546295e-02   1.459048e-26   1.000000e+02
4.588404e-02   2.035465e-26   1.000000e+02
4.630903e-02   2.833258e-26   1.000000e+02
4.673795e-02   3.932426e-26   1.000000e+02
4.717085e-02   5.438893e-26   1.000000e+02
4.760775e-02   7.491338e-26   1.000000e+02
4.804870e-02   1.026906e-25   1.000000e+02
4.849374e-02   1.400066e-25   1.000000e+02
4.894290e-02   1.897298e-25   1.000000e+02
4.939622e-02   2.553971e-25   1.000000e+02
4.985373e-02   3.412818e-25   1.000000e+02
5.031549e-02   4.524588e-25   1.000000e+02
5.078152e-02   5.952204e-25   1.000000e+02
5.125187e-02   7.774401e-25   1.000000e+02
5.172657e-02   1.008804e-24   1.000000e+02
5.220568e-02   1.301241e-24   1.000000e+02
5.268921e-02   1.669476e-24   1.000000e+02
5.317723e-02   2.131740e-24   1.000000e+02
5.366977e-02   2.710692e-24   1.000000e+02
5.416687e-02   3.434620e-24   1.000000e+02
5.466857e-02   4.339002e-24   1.000000e+02
5.517492e-02   5.468573e-24   1.000000e+02
5.568596e-02   6.880050e-24   1.000000e+02
5.620174e-02   8.645754e-24   1.000000e+02
5.672229e-02   1.085846e-23   1.000000e+02
5.724766e-02   1.363791e-23   1.000000e+02
5.777790e-02   1.713966e-23   1.000000e+02
5.831305e-02   2.156709e-23   1.000000e+02
5.885316e-02   2.718794e-23   1.000000e+02
5.939827e-02   3.435711e-23   1.000000e+02
5.994843e-02   4.354849e-23   1.000000e+02
6.050368e-02   5.539381e-23   1.000000e+02
6.106408e-02   7.070663e-23   1.000000e+02
6.162966e-02   9.054634e-23   1.000000e+02
6.220049e-02   1.163040e-22   1.000000e+02
6.277660e-02   1.498069e-22   1.000000e+02
6.335805e-02   1.934568e-22   1.000000e+02
6.394488e-02   2.504101e-22   1.000000e+02
6.453715e-02   3.248154e-22   1.000000e+02
6.513491e-02   4.221230e-22   1.000000e+02
6.573820e-02   5.494904e-22   1.000000e+02
6.634708e-02   7.163098e-22   1.000000e+02
6.696160e-02   9.348940e-22   1.000000e+02
6.758181e-02   1.221365e-21   1.000000e+02
6.820777e-02   1.596803e-21   1.000000e+02
6.883952e-02   2.088722e-21   1.000000e+02
6.947713e-02   2.732969e-21   1.000000e+02
7.012064e-02   3.576139e-21   1.000000e+02
7.077011e-02   4.678971e-21   1.000000e+02
7.142559e-02   6.121263e-21   1.000000e+02
7.208715e-02   8.007457e-21   1.000000e+02
7.275484e-02   1.047416e-20   1.000000e+02
7.342870e-02   1.370008e-20   1.000000e+02
7.410882e-02   1.791902e-20   1.000000e+02
7.479523e-02   2.343695e-20   1.000000e+02
7.548799e-02   3.065430e-20   1.000000e+02
7.618718e-02   4.009532e-20   1.000000e+02
7.689284e-02   5.244643e-20   1.000000e+02
7.760503e-02   6.860666e-20   1.000000e+02
7.832383e-02   8.975382e-20   1.000000e+02
7.904928e-02   1.174313e-19   1.000000e+02
7.978145e-02   1.536624e-19   1.000000e+02
8.052040e-02   2.010997e-19   1.000000e+02
8.126619e-02   2.632180e-19   1.000000e+02
8.201889e-02   3.445690e-19   1.000000e+02
8.277857e-02   4.511170e-19   1.000000e+02
8.354528e-02   5.906780e-19   1.000000e+02
8.431909e-02   7.734940e-19   1.000000e+02
8.510007e-02   1.012987e-18   1.000000e+02
8.588829e-02   1.326744e-18   1.000000e+02
8.668380e-02   1.737814e-18   1.000000e+02
8.748668e-02   2.276398e-18   1.000000e+02
8.829700e-02   2.982071e-18   1.000000e+02
8.911482e-02   3.906687e-18   1.000000e+02
8.994022e-02   5.118187e-18   1.000000e+02
9.077327e-02   6.705274e-18   1.000000e+02
9.161402e-02   8.781851e-18   1.000000e+02
9.246257e-02   1.149397e-17   1.000000e+02
9.331898e-02   1.502845e-17   1.000000e+02
9.418332e-02   1.962292e-17   1.000000e+02
9.505566e-02   2.557783e-17   1.000000e+02
9.593608e-02   3.327053e-17   1.000000e+02
9.682466e-02   4.317151e-17   1.000000e+02
9.772147e-02   5.586265e-17   1.000000e+02
9.862658e-02   7.205731e-17   1.000000e+02
9.954008e-02   9.262156e-17   1.000000e+02
1.004620e-01   1.185977e-16   1.000000e+02
1.013925e-01   1.512825e-16   1.000000e+02
1.023317e-01   1.923236e-16   1.000000e+02
1.032795e-01   2.437805e-16   1.000000e+02
1.042361e-01   3.082324e-16   1.000000e+02
1.052015e-01   3.889210e-16   1.000000e+02
1.061759e-01   4.899357e-16   1.000000e+02
1.071593e-01   6.164557e-16   1.000000e+02
1.081519e-01   7.750692e-16   1.000000e+02
1.091536e-01   9.741945e-16   1.000000e+02
1.101646e-01   1.224639e-15   1.000000e+02
1.111850e-01   1.540075e-15   1.000000e+02
1.122148e-01   1.937200e-15   1.000000e+02
1.132541e-01   2.436708e-15   1.000000e+02
1.143031e-01   3.064270e-15   1.000000e+02
1.153618e-01   3.851616e-15   1.000000e+02
1.164303e-01   4.837818e-15   1.000000e+02
1.175087e-01   6.070780e-15   1.000000e+02
1.185971e-01   7.608972e-15   1.000000e+02
1.196956e-01   9.523399e-15   1.000000e+02
1.208042e-01   1.190004e-14   1.000000e+02
1.219231e-01   1.484489e-14   1.000000e+02
1.230524e-01   1.848847e-14   1.000000e+02
1.241921e-01   2.299028e-14   1.000000e+02
1.253424e-01   2.854504e-14   1.000000e+02
1.265034e-01   3.539026e-14   1.000000e+02
1.276751e-01   4.381549e-14   1.000000e+02
1.288576e-01   5.417338e-14   1.000000e+02
1.300511e-01   6.689329e-14   1.000000e+02
1.312557e-01   8.248904e-14   1.000000e+02
1.324714e-01   1.015425e-13   1.000000e+02
1.336984e-01   1.247161e-13   1.000000e+02
1.349367e-01   1.527589e-13   1.000000e+02
1.361865e-01   1.865030e-13   1.000000e+02
1.374479e-01   2.268536e-13   1.000000e+02
1.387210e-01   2.747718e-13   1.000000e+02
1.400058e-01   3.312462e-13   1.000000e+02
1.413026e-01   3.973853e-13   1.000000e+02
1.426114e-01   4.749557e-13   1.000000e+02
1.439323e-01   5.663868e-13   1.000000e+02
1.452654e-01   6.748861e-13   1.000000e+02
1.466109e-01   8.047175e-13   1.000000e+02
1.479688e-01   9.615912e-13   1.000000e+02
1.493393e-01   1.153214e-12   1.000000e+02
1.507225e-01   1.390000e-12   1.000000e+02
1.521186e-01   1.684158e-12   1.000000e+02
1.535275e-01   2.049207e-12   1.000000e+02
1.549495e-01   2.501358e-12   1.000000e+02
1.563847e-01   3.059882e-12   1.000000e+02
1.578331e-01   3.747352e-12   1.000000e+02
1.592950e-01   4.589729e-12   1.000000e+02
1.607704e-01   5.616361e-12   1.000000e+02
1.622595e-01   6.862995e-12   1.000000e+02
1.637624e-01   8.374506e-12   1.000000e+02
1.652792e-01   1.020460e-11   1.000000e+02
1.668101e-01   1.241733e-11   1.000000e+02
1.683551e-01   1.508900e-11   1.000000e+02
1.699144e-01   1.831037e-11   1.000000e+02
1.714882e-01   2.218924e-11   1.000000e+02
1.730766e-01   2.685351e-11   1.000000e+02
1.746796e-01   3.245466e-11   1.000000e+02
1.762975e-01   3.917193e-11   1.000000e+02
1.779304e-01   4.721708e-11   1.000000e+02
1.795785e-01   5.683999e-11   1.000000e+02
1.812418e-01   6.833556e-11   1.000000e+02
1.829205e-01   8.205596e-11   1.000000e+02
1.846147e-01   9.842149e-11   1.000000e+02
1.863246e-01   1.179321e-10   1.000000e+02
1.880504e-01   1.411831e-10   1.000000e+02
1.897922e-01   1.688836e-10   1.000000e+02
1.915501e-01   2.018796e-10   1.000000e+02
1.933242e-01   2.411815e-10   1.000000e+02
1.951148e-01   2.879967e-10   1.000000e+02
1.969220e-01   3.437710e-10   1.000000e+02
1.987460e-01   4.102373e-10   1.000000e+02
2.005868e-01   4.894755e-10   1.000000e+02
2.024447e-01   5.839581e-10   1.000000e+02
2.043197e-01   6.965935e-10   1.000000e+02
2.062122e-01   8.308320e-10   1.000000e+02
2.081222e-01   9.907683e-10   1.000000e+02
2.100498e-01   1.181259e-09   1.000000e+02
2.119953e-01   1.408060e-09   1.000000e+02
2.139589e-01   1.677990e-09   1.000000e+02
2.159406e-01   1.999120e-09   1.000000e+02
2.179407e-01   2.380996e-09   1.000000e+02
2.199593e-01   2.834898e-09   1.000000e+02
2.219966e-01   3.374152e-09   1.000000e+02
2.240528e-01   4.014478e-09   1.000000e+02
2.261280e-01   4.774412e-09   1.000000e+02
2.282224e-01   5.675786e-09   1.000000e+02
2.303363e-01   6.744294e-09   1.000000e+02
2.324697e-01   8.010145e-09   1.000000e+02
2.346229e-01   9.508822e-09   1.000000e+02
2.367960e-01   1.128196e-08   1.000000e+02
2.389893e-01   1.337835e-08   1.000000e+02
2.412028e-01   1.585515e-08   1.000000e+02
2.434369e-01   1.877918e-08   1.000000e+02
2.456916e-01   2.222852e-08   1.000000e+02
2.479673e-01   2.629426e-08   1.000000e+02
2.502640e-01   3.108258e-08   1.000000e+02
2.525820e-01   3.671738e-08   1.000000e+02
2.549215e-01   4.334404e-08   1.000000e+02
2.572826e-01   5.113245e-08   1.000000e+02
2.596656e-01   6.028090e-08   1.000000e+02
2.620707e-01   7.102074e-08   1.000000e+02
2.644980e-01   8.362178e-08   1.000000e+02
2.669478e-01   9.839857e-08   1.000000e+02
2.694204e-01   1.157177e-07   1.000000e+02
2.719158e-01   1.360062e-07   1.000000e+02
2.744343e-01   1.597616e-07   1.000000e+02
2.769762e-01   1.875628e-07   1.000000e+02
2.795416e-01   2.200839e-07   1.000000e+02
2.821308e-01   2.581093e-07   1.000000e+02
2.847439e-01   3.025515e-07   1.000000e+02
2.873813e-01   3.544716e-07   1.000000e+02
2.900430e-01   4.151037e-07   1.000000e+02
2.927295e-01   4.858825e-07   1.000000e+02
2.954408e-01   5.684754e-07   1.000000e+02
2.981772e-01   6.648205e-07   1.000000e+02
3.009390e-01   7.771696e-07   1.000000e+02
3.037264e-01   9.081290e-07   1.000000e+02
3.065395e-01   1.060704e-06   1.000000e+02
3.093788e-01   1.238369e-06   1.000000e+02
3.122443e-01   1.445137e-06   1.000000e+02
3.151363e-01   1.685642e-06   1.000000e+02
3.180552e-01   1.965228e-06   1.000000e+02
3.210011e-01   2.290055e-06   1.000000e+02
3.239743e-01   2.667217e-06   1.000000e+02
3.269750e-01   3.104876e-06   1.000000e+02
3.300035e-01   3.612416e-06   1.000000e+02
3.330600e-01   4.200616e-06   1.000000e+02
3.361449e-01   4.881844e-06   1.000000e+02
3.392583e-01   5.670282e-06   1.000000e+02
3.424006e-01   6.582173e-06   1.000000e+02
3.455720e-01   7.636105e-06   1.000000e+02
3.487727e-01   8.853327e-06   1.000000e+02
3.520031e-01   1.025812e-05   1.000000e+02
3.552635e-01   1.187848e-05   1.000000e+02
3.585540e-01   1.374666e-05   1.000000e+02
3.618750e-01   1.589970e-05   1.000000e+02
3.652267e-01   1.838010e-05   1.000000e+02
3.686095e-01   2.123668e-05   1.000000e+02
3.720237e-01   2.452544e-05   1.000000e+02
3.754694e-01   2.831071e-05   1.000000e+02
3.789471e-01   3.266632e-05   1.000000e+02
3.824570e-01   3.767711e-05   1.000000e+02
3.859994e-01   4.344048e-05   1.000000e+02
3.895746e-01   5.006838e-05   1.000000e+02
3.931829e-01   5.768944e-05   1.000000e+02
3.968246e-01   6.645154e-05   1.000000e+02
4.005001e-01   7.652472e-05   1.000000e+02
4.042096e-01   8.810312e-05   1.000000e+02
4.079535e-01   1.014050e-04   1.000000e+02
4.117320e-01   1.166777e-04   1.000000e+02
4.155455e-01   1.342021e-04   1.000000e+02
4.193944e-01   1.542966e-04   1.000000e+02
4.232789e-01   1.773214e-04   1.000000e+02
4.271994e-01   2.036835e-04   1.000000e+02
4.311562e-01   2.338422e-04   1.000000e+02
4.351497e-01   2.683148e-04   1.000000e+02
4.391801e-01   3.076830e-04   1.000000e+02
4.432479e-01   3.525995e-04   1.000000e+02
4.473533e-01   4.037956e-04   1.000000e+02
4.514968e-01   4.620891e-04   1.000000e+02
4.556786e-01   5.284095e-04   1.000000e+02
4.598992e-01   6.038264e-04   1.000000e+02
4.641589e-01   6.895535e-04   1.000000e+02
4.684580e-01   7.869657e-04   1.000000e+02
4.727970e-01   8.976213e-04   1.000000e+02
4.771761e-01   1.023288e-03   1.000000e+02
4.815958e-01   1.165969e-03   1.000000e+02
4.860564e-01   1.327941e-03   1.000000e+02
4.905584e-01   1.511788e-03   1.000000e+02
4.951020e-01   1.720443e-03   1.000000e+02
4.996877e-01   1.957245e-03   1.000000e+02
5.043159e-01   2.225974e-03   1.000000e+02
5.089870e-01   2.530845e-03   1.000000e+02
5.137014e-01   2.876592e-03   1.000000e+02
5.184594e-01   3.268543e-03   1.000000e+02
5.232614e-01   3.712700e-03   1.000000e+02
5.281080e-01   4.215816e-03   1.000000e+02
5.329994e-01   4.785483e-03   1.000000e+02
5.379362e-01   5.430235e-03   1.000000e+02
5.429186e-01   6.159657e-03   1.000000e+02
5.479472e-01   6.984508e-03   1.000000e+02
5.530224e-01   7.916857e-03   1.000000e+02
5.581446e-01   8.970237e-03   1.000000e+02
5.633143e-01   1.015981e-02   1.000000e+02
5.685318e-01   1.150254e-02   1.000000e+02
5.737976e-01   1.301742e-02   1.000000e+02
5.791123e-01   1.472569e-02   1.000000e+02
5.844761e-01   1.665106e-02   1.000000e+02
5.898896e-01   1.882004e-02   1.000000e+02
5.953533e-01   2.126216e-02   1.000000e+02
6.008676e-01   2.401039e-02   1.000000e+02
6.064329e-01   2.710151e-02   1.000000e+02
6.120498e-01   3.057678e-02   1.000000e+02
6.177188e-01   3.448230e-02   1.000000e+02
6.234402e-01   3.886950e-02   1.000000e+02
6.292146e-01   4.379575e-02   1.000000e+02
6.350425e-01   4.932503e-02   1.000000e+02
6.409244e-01   5.552867e-02   1.000000e+02
6.468608e-01   6.248613e-02   1.000000e+02
6.528521e-01   7.028598e-02   1.000000e+02
6.588990e-01   7.902681e-02   1.000000e+02
6.650018e-01   8.881841e-02   1.000000e+02
6.711612e-01   9.978296e-02   1.000000e+02
6.773776e-01   1.120564e-01   1.000000e+02
6.836516e-01   1.257900e-01   1.000000e+02
6.899837e-01   1.411519e-01   1.000000e+02
6.963745e-01   1.583289e-01   1.000000e+02
7.028244e-01   1.775289e-01   1.000000e+02
7.093341e-01   1.989823e-01   1.000000e+02
7.159041e-01   2.229441e-01   1.000000e+02
7.225349e-01   2.496973e-01   1.000000e+02
7.292272e-01   2.795555e-01   1.000000e+02
7.359814e-01   3.128661e-01   1.000000e+02
7.427982e-01   3.500137e-01   1.000000e+02
7.496782e-01   3.914243e-01   1.000000e+02
7.566219e-01   4.375690e-01   1.000000e+02
7.636298e-01   4.889689e-01   1.000000e+02
7.707027e-01   5.462004e-01   1.000000e+02
7.778411e-01   6.099001e-01   1.000000e+02
7.850456e-01   6.807712e-01   1.000000e+02
7.923169e-01   7.595906e-01   1.000000e+02
7.996555e-01   8.472151e-01   1.000000e+02
8.070620e-01   9.445906e-01   1.000000e+02
8.145372e-01   1.052761e+00   1.000000e+02
8.220816e-01   1.172879e+00   1.000000e+02
8.296959e-01   1.306212e+00   1.000000e+02
8.373807e-01   1.454161e+00   1.000000e+02
8.451366e-01   1.618267e+00   1.000000e+02
8.529644e-01   1.800226e+00   1.000000e+02
8.608648e-01   2.001907e+00   1.000000e+02
8.688383e-01   2.225366e+00   1.000000e+02
8.768856e-01   2.472863e+00   1.000000e+02
8.850075e-01   2.746885e+00   1.000000e+02
8.932046e-01   3.050165e+00   1.000000e+02
9.014776e-01   3.385706e+00   1.000000e+02
9.098273e-01   3.756803e+00   1.000000e+02
9.182543e-01   4.167067e+00   1.000000e+02
9.267593e-01   4.620458e+00   1.000000e+02
9.353432e-01   5.121314e+00   1.000000e+02
9.440065e-01   5.674389e+00   1.000000e+02
9.527500e-01   6.284889e+00   1.000000e+02
9.615746e-01   6.958513e+00   1.000000e+02
9.704809e-01   7.701495e+00   1.000000e+02
9.794697e-01   8.520653e+00   1.000000e+02
9.885417e-01   9.423439e+00   1.000000e+02
9.976978e-01   1.041800e+01   1.000000e+02
1.006939e+00   1.151322e+01   1.000000e+02
1.016265e+00   1.271883e+01   1.000000e+02
1.025678e+00   1.404546e+01   1.000000e+02
1.035178e+00   1.550470e+01   1.000000e+02
1.044766e+00   1.710922e+01   1.000000e+02
1.054443e+00   1.887281e+01   1.000000e+02
1.064209e+00   2.081053e+01   1.000000e+02
1.074066e+00   2.293877e+01   1.000000e+02
1.084014e+00   2.527541e+01   1.000000e+02
1.094055e+00   2.783990e+01   1.000000e+02
1.104188e+00   3.065342e+01   1.000000e+02
1.114415e+00   3.373903e+01   1.000000e+02
1.124737e+00   3.712180e+01   1.000000e+02
1.135155e+00   4.082898e+01   1.000000e+02
1.145669e+00   4.489022e+01   1.000000e+02
1.156280e+00   4.933772e+01   1.000000e+02
1.166990e+00   5.420644e+01   1.000000e+02
1.177799e+00   5.953435e+01   1.000000e+02
1.188708e+00   6.536268e+01   1.000000e+02
1.199718e+00   7.173611e+01   1.000000e+02
1.210830e+00   7.870316e+01   1.000000e+02
1.222045e+00   8.631638e+01   1.000000e+02
1.233363e+00   9.463274e+01   1.000000e+02
1.244787e+00   1.037140e+02   1.000000e+02
1.256317e+00   1.136269e+02   1.000000e+02
1.267953e+00   1.244444e+02   1.000000e+02
1.279697e+00   1.362457e+02   1.000000e+02
1.291550e+00   1.491171e+02   1.000000e+02
1.303512e+00   1.631518e+02   1.000000e+02
1.315586e+00   1.784514e+02   1.000000e+02
1.327771e+00   1.951259e+02   1.000000e+02
1.340069e+00   2.132947e+02   1.000000e+02
1.352481e+00   2.330875e+02   1.000000e+02
1.365008e+00   2.546447e+02   1.000000e+02
1.377651e+00   2.781191e+02   1.000000e+02
1.390411e+00   3.036761e+02   1.000000e+02
1.403289e+00   3.314953e+02   1.000000e+02
1.416287e+00   3.617717e+02   1.000000e+02
1.429405e+00   3.947167e+02   1.000000e+02
1.442644e+00   4.305599e+02   1.000000e+02
1.456006e+00   4.695503e+02   1.000000e+02
1.469492e+00   5.119581e+02   1.000000e+02
1.483103e+00   5.580768e+02   1.000000e+02
1.496839e+00   6.082247e+02   1.000000e+02
1.510703e+00   6.627456e+02   1.000000e+02
1.524696e+00   7.219973e+02   1.000000e+02
1.538818e+00   7.863554e+02   1.000000e+02
1.553071e+00   8.562198e+02   1.000000e+02
1.567455e+00   9.320163e+02   1.000000e+02
1.581973e+00   1.014197e+03   1.000000e+02
1.596626e+00   1.103240e+03   1.000000e+02
1.611414e+00   1.199652e+03   1.000000e+02
1.626340e+00   1.303969e+03   1.000000e+02
1.641403e+00   1.416752e+03   1.000000e+02
1.656606e+00   1.538595e+03   1.000000e+02
1.671950e+00   1.670117e+03   1.000000e+02
1.687436e+00   1.811967e+03   1.000000e+02
1.703065e+00   1.964822e+03   1.000000e+02
1.718839e+00   2.129386e+03   1.000000e+02
1.734759e+00   2.306387e+03   1.000000e+02
1.750827e+00   2.496580e+03   1.000000e+02
1.767044e+00   2.700771e+03   1.000000e+02
1.783410e+00   2.919910e+03   1.000000e+02
1.799929e+00   3.155039e+03   1.000000e+02
1.816600e+00   3.407281e+03   1.000000e+02
1.833425e+00   3.677842e+03   1.000000e+02
1.850407e+00   3.968024e+03   1.000000e+02
1.867546e+00   4.279230e+03   1.000000e+02
1.884843e+00   4.612979e+03   1.000000e+02
1.902301e+00   4.970909e+03   1.000000e+02
1.919921e+00   5.354794e+03   1.000000e+02
1.937703e+00   5.766557e+03   1.000000e+02
1.955651e+00   6.208281e+03   1.000000e+02
1.973764e+00   6.682228e+03   1.000000e+02
1.992046e+00   7.190854e+03   1.000000e+02
2.010496e+00   7.736820e+03   1.000000e+02
2.029118e+00   8.322842e+03   1.000000e+02
2.047912e+00   8.951673e+03   1.000000e+02
2.066880e+00   9.626233e+03   1.000000e+02
2.086024e+00   1.034961e+04   1.000000e+02
2.105345e+00   1.112510e+04   1.000000e+02
2.124845e+00   1.195615e+04   1.000000e+02
2.144526e+00   1.284645e+04   1.000000e+02
2.164389e+00   1.379987e+04   1.000000e+02
2.184436e+00   1.482050e+04   1.000000e+02
2.204669e+00   1.591269e+04   1.000000e+02
2.225089e+00   1.708097e+04   1.000000e+02
2.245698e+00   1.833016e+04   1.000000e+02
2.266498e+00   1.966531e+04   1.000000e+02
2.287491e+00   2.109173e+04   1.000000e+02
2.308678e+00   2.261500e+04   1.000000e+02
2.330061e+00   2.424098e+04   1.000000e+02
2.351643e+00   2.597581e+04   1.000000e+02
2.373424e+00   2.782590e+04   1.000000e+02
2.395407e+00   2.979799e+04   1.000000e+02
2.417594e+00   3.189910e+04   1.000000e+02
2.439986e+00   3.413654e+04   1.000000e+02
2.462586e+00   3.651796e+04   1.000000e+02
2.485395e+00   3.905131e+04   1.000000e+02
2.508415e+00   4.174483e+04   1.000000e+02
2.531648e+00   4.460734e+04   1.000000e+02
2.555097e+00   4.764833e+04   1.000000e+02
2.578763e+00   5.087779e+04   1.000000e+02
2.602648e+00   5.430622e+04   1.000000e+02
2.626754e+00   5.794463e+04   1.000000e+02
2.651084e+00   6.180457e+04   1.000000e+02
2.675638e+00   6.589816e+04   1.000000e+02
2.700421e+00   7.023811e+04   1.000000e+02
2.725433e+00   7.483776e+04   1.000000e+02
2.750676e+00   7.971105e+04   1.000000e+02
2.776153e+00   8.487264e+04   1.000000e+02
2.801867e+00   9.033786e+04   1.000000e+02
2.827818e+00   9.612278e+04   1.000000e+02
2.854010e+00   1.022442e+05   1.000000e+02
2.880444e+00   1.087198e+05   1.000000e+02
2.907123e+00   1.155680e+05   1.000000e+02
2.934050e+00   1.228081e+05   1.000000e+02
2.961225e+00   1.304603e+05   1.000000e+02
2.988653e+00   1.385458e+05   1.000000e+02
3.016334e+00   1.470867e+05   1.000000e+02
3.044272e+00   1.561057e+05   1.000000e+02
3.072469e+00   1.656264e+05   1.000000e+02
3.100927e+00   1.756732e+05   1.000000e+02
3.129648e+00   1.862713e+05   1.000000e+02
3.158635e+00   1.974472e+05   1.000000e+02
3.187891e+00   2.092282e+05   1.000000e+02
3.217418e+00   2.216427e+05   1.000000e+02
3.247218e+00   2.347202e+05   1.000000e+02
3.277295e+00   2.484911e+05   1.000000e+02
3.307650e+00   2.629872e+05   1.000000e+02
3.338286e+00   2.782410e+05   1.000000e+02
3.369206e+00   2.942866e+05   1.000000e+02
3.400412e+00   3.111589e+05   1.000000e+02
3.431907e+00   3.288941e+05   1.000000e+02
3.463694e+00   3.475297e+05   1.000000e+02
3.495776e+00   3.671042e+05   1.000000e+02
3.528154e+00   3.876576e+05   1.000000e+02
3.560833e+00   4.092315e+05   1.000000e+02
3.593814e+00   4.318690e+05   1.000000e+02
3.627100e+00   4.556145e+05   1.000000e+02
3.660695e+00   4.805143e+05   1.000000e+02
3.694601e+00   5.066156e+05   1.000000e+02
3.728821e+00   5.339675e+05   1.000000e+02
3.763358e+00   5.626206e+05   1.000000e+02
3.798215e+00   5.926268e+05   1.000000e+02
3.833395e+00   6.240399e+05   1.000000e+02
3.868901e+00   6.569151e+05   1.000000e+02
3.904735e+00   6.913092e+05   1.000000e+02
3.940902e+00   7.272810e+05   1.000000e+02
3.977403e+00   7.648905e+05   1.000000e+02
4.014242e+00   8.041997e+05   1.000000e+02
4.051423e+00   8.452723e+05   1.000000e+02
4.088948e+00   8.881735e+05   1.000000e+02
4.126821e+00   9.329704e+05   1.000000e+02
4.165044e+00   9.797317e+05   1.000000e+02
4.203622e+00   1.028528e+06   1.000000e+02
4.242556e+00   1.079432e+06   1.000000e+02
4.281852e+00   1.132517e+06   1.000000e+02
4.321511e+00   1.187860e+06   1.000000e+02
4.361538e+00   1.245538e+06   1.000000e+02
4.401935e+00   1.305630e+06   1.000000e+02
4.442707e+00   1.368219e+06   1.000000e+02
4.483856e+00   1.433388e+06   1.000000e+02
4.525386e+00   1.501221e+06   1.000000e+02
4.567301e+00   1.571805e+06   1.000000e+02
4.609604e+00   1.645230e+06   1.000000e+02
4.652300e+00   1.721585e+06   1.000000e+02
4.695390e+00   1.800964e+06   1.000000e+02
4.738880e+00   1.883460e+06   1.000000e+02
4.782772e+00   1.969169e+06   1.000000e+02
4.827071e+00   2.058190e+06   1.000000e+02
4.871780e+00   2.150622e+06   1.000000e+02
4.916904e+00   2.246565e+06   1.000000e+02
4.962445e+00   2.346125e+06   1.000000e+02
5.008408e+00   2.449404e+06   1.000000e+02
5.054797e+00   2.556510e+06   1.000000e+02
5.101615e+00   2.667551e+06   1.000000e+02
5.148867e+00   2.782637e+06   1.000000e+02
5.196557e+00   2.901881e+06   1.000000e+02
5.244689e+00   3.025395e+06   1.000000e+02
5.293266e+00   3.153295e+06   1.000000e+02
5.342293e+00   3.285697e+06   1.000000e+02
5.391775e+00   3.422719e+06   1.000000e+02
5.441714e+00   3.564482e+06   1.000000e+02
5.492116e+00   3.711105e+06   1.000000e+02
5.542986e+00   3.862712e+06   1.000000e+02
5.594326e+00   4.019427e+06   1.000000e+02
5.646141e+00   4.181374e+06   1.000000e+02
5.698437e+00   4.348681e+06   1.000000e+02
5.751217e+00   4.521474e+06   1.000000e+02
5.804486e+00   4.699882e+06   1.000000e+02
5.858248e+00   4.884036e+06   1.000000e+02
5.912508e+00   5.074065e+06   1.000000e+02
5.967271e+00   5.270102e+06   1.000000e+02
6.022541e+00   5.472280e+06   1.000000e+02
6.078323e+00   5.680732e+06   1.000000e+02
6.134622e+00   5.895591e+06   1.000000e+02
6.191442e+00   6.116992e+06   1.000000e+02
6.248788e+00   6.345070e+06   1.000000e+02
6.306666e+00   6.579960e+06   1.000000e+02
6.365079e+00   6.821798e+06   1.000000e+02
6.424034e+00   7.070720e+06   1.000000e+02
6.483534e+00   7.326861e+06   1.000000e+02
6.543586e+00   7.590359e+06   1.000000e+02
6.604194e+00   7.861348e+06   1.000000e+02
6.665363e+00   8.139966e+06   1.000000e+02
6.727099e+00   8.426347e+06   1.000000e+02
6.789407e+00   8.720628e+06   1.000000e+02
6.852292e+00   9.022944e+06   1.000000e+02
6.915759e+00   9.333428e+06   1.000000e+02
6.979814e+00   9.652216e+06   1.000000e+02
7.044462e+00   9.979439e+06   1.000000e+02
7.109709e+00   1.031523e+07   1.000000e+02
7.175561e+00   1.065971e+07   1.000000e+02
7.242022e+00   1.101302e+07   1.000000e+02
7.309099e+00   1.137527e+07   1.000000e+02
7.376798e+00   1.174659e+07   1.000000e+02
7.445123e+00   1.212711e+07   1.000000e+02
7.514081e+00   1.251693e+07   1.000000e+02
7.583678e+00   1.291618e+07   1.000000e+02
7.653919e+00   1.332498e+07   1.000000e+02
7.724811e+00   1.374343e+07   1.000000e+02
7.796360e+00   1.417165e+07   1.000000e+02
7.868572e+00   1.460974e+07   1.000000e+02
7.941452e+00   1.505781e+07   1.000000e+02
8.015007e+00   1.551595e+07   1.000000e+02
8.089243e+00   1.598427e+07   1.000000e+02
8.164168e+00   1.646286e+07   1.000000e+02
8.239786e+00   1.695182e+07   1.000000e+02
8.316104e+00   1.745122e+07   1.000000e+02
8.393129e+00   1.796116e+07   1.000000e+02
8.470868e+00   1.848172e+07   1.000000e+02
8.549327e+00   1.901296e+07   1.000000e+02
8.628513e+00   1.955498e+07   1.000000e+02
8.708431e+00   2.010782e+07   1.000000e+02
8.789091e+00   2.067156e+07   1.000000e+02
8.870497e+00   2.124626e+07   1.000000e+02
8.952657e+00   2.183197e+07   1.000000e+02
9.035578e+00   2.242873e+07   1.000000e+02
9.119268e+00   2.303660e+07   1.000000e+02
9.203732e+00   2.365562e+07   1.000000e+02
9.288979e+00   2.428581e+07   1.000000e+02
9.375015e+00   2.492720e+07   1.000000e+02
9.461848e+00   2.557983e+07   1.000000e+02
9.549486e+00   2.624370e+07   1.000000e+02
9.637935e+00   2.691884e+07   1.000000e+02
9.727203e+00   2.760524e+07   1.000000e+02
9.817298e+00   2.830290e+07   1.000000e+02
9.908228e+00   2.901183e+07   1.000000e+02
1.000000e+01   2.973200e+07   1.000000e+02
