# O19 + p > F19 + n   [O19_p__F19_n]   ref=TALYS2, Koning et al. 2023
# detailed balance: alpha=2.9975 beta=0 gamma=-46.8815  Q=4.0399
# T9                 rate                error
1.000000e-03   1.000000e-35   1.000000e+02
1.009262e-03   1.007524e-35   1.000000e+02
1.018610e-03   1.014150e-35   1.000000e+02
1.028045e-03   1.019875e-35   1.000000e+02
1.037567e-03   1.024700e-35   1.000000e+02
1.047177e-03   1.028630e-35   1.000000e+02
1.056876e-03   1.031669e-35   1.000000e+02
1.066665e-03   1.033828e-35   1.000000e+02
1.076545e-03   1.035118e-35   1.000000e+02
1.086516e-03   1.035551e-35   1.000000e+02
1.096579e-03   1.035143e-35   1.000000e+02
1.106736e-03   1.033913e-35   1.000000e+02
1.116987e-03   1.031880e-35   1.000000e+02
1.127333e-03   1.029065e-35   1.000000e+02
1.137774e-03   1.025491e-35   1.000000e+02
1.148312e-03   1.021184e-35   1.000000e+02
1.158948e-03   1.016168e-35   1.000000e+02
1.169683e-03   1.010471e-35   1.000000e+02
1.180517e-03   1.004120e-35   1.000000e+02
1.191451e-03   9.971457e-36   1.000000e+02
1.202486e-03   9.895762e-36   1.000000e+02
1.213624e-03   9.814423e-36   1.000000e+02
1.224865e-03   9.727744e-36   1.000000e+02
1.236210e-03   9.636037e-36   1.000000e+02
1.247660e-03   9.539613e-36   1.000000e+02
1.259216e-03   9.438785e-36   1.000000e+02
1.270879e-03   9.333864e-36   1.000000e+02
1.282650e-03   9.225160e-36   1.000000e+02
1.294530e-03   9.112981e-36   1.000000e+02
1.306520e-03   8.997631e-36   1.000000e+02
1.318621e-03   8.879410e-36   1.000000e+02
1.330835e-03   8.758612e-36   1.000000e+02
1.343161e-03   8.635525e-36   1.000000e+02
1.355602e-03   8.510430e-36   1.000000e+02
1.368158e-03   8.383601e-36   1.000000e+02
1.380830e-03   8.255304e-36   1.000000e+02
1.393619e-03   8.125797e-36   1.000000e+02
1.406527e-03   7.995330e-36   1.000000e+02
1.419555e-03   7.864140e-36   1.000000e+02
1.432703e-03   7.732460e-36   1.000000e+02
1.445973e-03   7.600509e-36   1.000000e+02
1.459366e-03   7.468498e-36   1.000000e+02
1.472883e-03   7.336628e-36   1.000000e+02
1.486525e-03   7.205091e-36   1.000000e+02
1.500293e-03   7.074066e-36   1.000000e+02
1.514189e-03   6.943725e-36   1.000000e+02
1.528214e-03   6.814230e-36   1.000000e+02
1.542369e-03   6.685730e-36   1.000000e+02
1.556654e-03   6.558368e-36   1.000000e+02
1.571072e-03   6.432276e-36   1.000000e+02
1.585624e-03   6.307575e-36   1.000000e+02
1.600310e-03   6.184381e-36   1.000000e+02
1.615133e-03   6.062798e-36   1.000000e+02
1.630092e-03   5.942921e-36   1.000000e+02
1.645191e-03   5.824839e-36   1.000000e+02
1.660429e-03   5.708633e-36   1.000000e+02
1.675808e-03   5.594373e-36   1.000000e+02
1.691330e-03   5.482125e-36   1.000000e+02
1.706995e-03   5.371947e-36   1.000000e+02
1.722805e-03   5.263890e-36   1.000000e+02
1.738762e-03   5.157998e-36   1.000000e+02
1.754867e-03   5.054310e-36   1.000000e+02
1.771121e-03   4.952860e-36   1.000000e+02
1.787526e-03   4.853675e-36   1.000000e+02
1.804082e-03   4.756777e-36   1.000000e+02
1.820792e-03   4.662183e-36   1.000000e+02
1.837656e-03   4.569909e-36   1.000000e+02
1.854677e-03   4.479961e-36   1.000000e+02
1.871855e-03   4.392347e-36   1.000000e+02
1.889193e-03   4.307067e-36   1.000000e+02
1.906691e-03   4.224121e-36   1.000000e+02
1.924351e-03   4.143505e-36   1.000000e+02
1.942175e-03   4.065211e-36   1.000000e+02
1.960163e-03   3.989231e-36   1.000000e+02
1.978319e-03   3.915553e-36   1.000000e+02
1.996642e-03   3.844165e-36   1.000000e+02
2.015136e-03   3.775050e-36   1.000000e+02
2.033800e-03   3.708194e-36   1.000000e+02
2.052638e-03   3.643579e-36   1.000000e+02
2.071650e-03   3.581186e-36   1.000000e+02
2.090838e-03   3.520998e-36   1.000000e+02
2.110203e-03   3.462994e-36   1.000000e+02
2.129749e-03   3.407155e-36   1.000000e+02
2.149475e-03   3.353460e-36   1.000000e+02
2.169384e-03   3.301891e-36   1.000000e+02
2.189477e-03   3.252427e-36   1.000000e+02
2.209756e-03   3.205049e-36   1.000000e+02
2.230223e-03   3.159738e-36   1.000000e+02
2.250880e-03   3.116477e-36   1.000000e+02
2.271728e-03   3.075249e-36   1.000000e+02
2.292769e-03   3.036036e-36   1.000000e+02
2.314005e-03   2.998825e-36   1.000000e+02
2.335438e-03   2.963602e-36   1.000000e+02
2.357069e-03   2.930355e-36   1.000000e+02
2.378901e-03   2.899073e-36   1.000000e+02
2.400935e-03   2.869748e-36   1.000000e+02
2.423173e-03   2.842372e-36   1.000000e+02
2.445617e-03   2.816942e-36   1.000000e+02
2.468268e-03   2.793455e-36   1.000000e+02
2.491130e-03   2.771910e-36   1.000000e+02
2.514203e-03   2.752311e-36   1.000000e+02
2.537490e-03   2.734663e-36   1.000000e+02
2.560993e-03   2.718973e-36   1.000000e+02
2.584714e-03   2.705253e-36   1.000000e+02
2.608654e-03   2.693519e-36   1.000000e+02
2.632815e-03   2.683787e-36   1.000000e+02
2.657201e-03   2.676081e-36   1.000000e+02
2.681813e-03   2.670425e-36   1.000000e+02
2.706652e-03   2.666851e-36   1.000000e+02
2.731722e-03   2.665394e-36   1.000000e+02
2.757023e-03   2.666092e-36   1.000000e+02
2.782559e-03   2.668991e-36   1.000000e+02
2.808332e-03   2.674141e-36   1.000000e+02
2.834343e-03   2.681600e-36   1.000000e+02
2.860596e-03   2.691429e-36   1.000000e+02
2.887091e-03   2.703699e-36   1.000000e+02
2.913832e-03   2.718486e-36   1.000000e+02
2.940820e-03   2.735876e-36   1.000000e+02
2.968059e-03   2.755961e-36   1.000000e+02
2.995549e-03   2.778846e-36   1.000000e+02
3.023295e-03   2.804613e-36   1.000000e+02
3.051297e-03   2.833174e-36   1.000000e+02
3.079559e-03   2.864362e-36   1.000000e+02
3.108082e-03   2.898012e-36   1.000000e+02
3.136870e-03   2.933951e-36   1.000000e+02
3.165924e-03   2.972001e-36   1.000000e+02
3.195248e-03   3.011976e-36   1.000000e+02
3.224842e-03   3.053678e-36   1.000000e+02
3.254712e-03   3.096900e-36   1.000000e+02
3.284857e-03   3.141422e-36   1.000000e+02
3.315282e-03   3.187011e-36   1.000000e+02
3.345989e-03   3.233419e-36   1.000000e+02
3.376980e-03   3.280381e-36   1.000000e+02
3.408259e-03   3.327619e-36   1.000000e+02
3.439826e-03   3.374837e-36   1.000000e+02
3.471687e-03   3.421722e-36   1.000000e+02
3.503842e-03   3.467948e-36   1.000000e+02
3.536296e-03   3.513169e-36   1.000000e+02
3.569049e-03   3.557028e-36   1.000000e+02
3.602107e-03   3.599151e-36   1.000000e+02
3.635470e-03   3.639154e-36   1.000000e+02
3.669142e-03   3.676641e-36   1.000000e+02
3.703127e-03   3.711210e-36   1.000000e+02
3.737426e-03   3.742451e-36   1.000000e+02
3.772042e-03   3.769955e-36   1.000000e+02
3.806980e-03   3.793310e-36   1.000000e+02
3.842241e-03   3.812114e-36   1.000000e+02
3.877828e-03   3.825969e-36   1.000000e+02
3.913746e-03   3.834495e-36   1.000000e+02
3.949995e-03   3.837328e-36   1.000000e+02
3.986581e-03   3.834128e-36   1.000000e+02
4.023506e-03   3.824703e-36   1.000000e+02
4.060772e-03   3.810430e-36   1.000000e+02
4.098384e-03   3.793764e-36   1.000000e+02
4.136344e-03   3.777146e-36   1.000000e+02
4.174655e-03   3.762978e-36   1.000000e+02
4.213322e-03   3.753630e-36   1.000000e+02
4.252346e-03   3.751460e-36   1.000000e+02
4.291732e-03   3.758856e-36   1.000000e+02
4.331483e-03   3.778284e-36   1.000000e+02
4.371602e-03   3.812366e-36   1.000000e+02
4.412093e-03   3.863962e-36   1.000000e+02
4.452959e-03   3.936286e-36   1.000000e+02
4.494203e-03   4.033047e-36   1.000000e+02
4.535829e-03   4.158627e-36   1.000000e+02
4.577841e-03   4.318314e-36   1.000000e+02
4.620241e-03   4.518593e-36   1.000000e+02
4.663035e-03   4.767538e-36   1.000000e+02
4.706225e-03   5.075332e-36   1.000000e+02
4.749815e-03   5.454957e-36   1.000000e+02
4.793808e-03   5.923142e-36   1.000000e+02
4.838210e-03   6.501657e-36   1.000000e+02
4.883022e-03   7.219124e-36   1.000000e+02
4.928250e-03   8.113547e-36   1.000000e+02
4.973896e-03   9.235917e-36   1.000000e+02
5.019965e-03   1.065521e-35   1.000000e+02
5.066461e-03   1.245895e-35   1.000000e+02
5.113388e-03   1.475606e-35   1.000000e+02
5.160749e-03   1.769065e-35   1.000000e+02
5.208549e-03   2.145440e-35   1.000000e+02
5.256791e-03   2.630288e-35   1.000000e+02
5.305481e-03   3.257761e-35   1.000000e+02
5.354621e-03   4.073607e-35   1.000000e+02
5.404216e-03   5.139228e-35   1.000000e+02
5.454271e-03   6.537182e-35   1.000000e+02
5.504790e-03   8.378610e-35   1.000000e+02
5.555776e-03   1.081327e-34   1.000000e+02
5.607235e-03   1.404302e-34   1.000000e+02
5.659170e-03   1.833993e-34   1.000000e+02
5.711586e-03   2.407039e-34   1.000000e+02
5.764488e-03   3.172720e-34   1.000000e+02
5.817880e-03   4.197190e-34   1.000000e+02
5.871766e-03   5.569017e-34   1.000000e+02
5.926152e-03   7.406389e-34   1.000000e+02
5.981041e-03   9.866370e-34   1.000000e+02
6.036439e-03   1.315732e-33   1.000000e+02
6.092349e-03   1.756434e-33   1.000000e+02
6.148778e-03   2.348097e-33   1.000000e+02
6.205729e-03   3.144776e-33   1.000000e+02
6.263207e-03   4.221063e-33   1.000000e+02
6.321218e-03   5.680435e-33   1.000000e+02
6.379767e-03   7.667220e-33   1.000000e+02
6.438857e-03   1.038389e-32   1.000000e+02
6.498495e-03   1.411619e-32   1.000000e+02
6.558686e-03   1.926987e-32   1.000000e+02
6.619433e-03   2.642490e-32   1.000000e+02
6.680744e-03   3.641584e-32   1.000000e+02
6.742622e-03   5.045205e-32   1.000000e+02
6.805074e-03   7.029882e-32   1.000000e+02
6.868104e-03   9.855236e-32   1.000000e+02
6.931717e-03   1.390609e-31   1.000000e+02
6.995920e-03   1.975745e-31   1.000000e+02
7.060718e-03   2.827306e-31   1.000000e+02
7.126115e-03   4.074356e-31   1.000000e+02
7.192119e-03   5.910948e-31   1.000000e+02
7.258734e-03   8.630488e-31   1.000000e+02
7.325965e-03   1.267831e-30   1.000000e+02
7.393820e-03   1.873283e-30   1.000000e+02
7.462303e-03   2.783101e-30   1.000000e+02
7.531420e-03   4.156294e-30   1.000000e+02
7.601178e-03   6.237394e-30   1.000000e+02
7.671581e-03   9.403457e-30   1.000000e+02
7.742637e-03   1.423729e-29   1.000000e+02
7.814351e-03   2.164165e-29   1.000000e+02
7.886729e-03   3.301753e-29   1.000000e+02
7.959777e-03   5.054264e-29   1.000000e+02
8.033502e-03   7.760890e-29   1.000000e+02
8.107910e-03   1.196100e-28   1.000000e+02
8.183007e-03   1.853184e-28   1.000000e+02
8.258799e-03   2.891216e-28   1.000000e+02
8.335294e-03   4.549560e-28   1.000000e+02
8.412497e-03   7.232704e-28   1.000000e+02
8.490415e-03   1.163564e-27   1.000000e+02
8.569055e-03   1.897380e-27   1.000000e+02
8.648423e-03   3.141291e-27   1.000000e+02
8.728527e-03   5.288931e-27   1.000000e+02
8.809372e-03   9.070877e-27   1.000000e+02
8.890966e-03   1.587333e-26   1.000000e+02
8.973316e-03   2.838836e-26   1.000000e+02
9.056428e-03   5.195161e-26   1.000000e+02
9.140311e-03   9.694830e-26   1.000000e+02
9.224970e-03   1.833093e-25   1.000000e+02
9.310413e-03   3.489254e-25   1.000000e+02
9.396648e-03   6.643325e-25   1.000000e+02
9.483682e-03   1.257026e-24   1.000000e+02
9.571522e-03   2.348603e-24   1.000000e+02
9.660175e-03   4.305096e-24   1.000000e+02
9.749649e-03   7.692446e-24   1.000000e+02
9.839952e-03   1.331238e-23   1.000000e+02
9.931092e-03   2.216957e-23   1.000000e+02
1.002308e-02   3.530081e-23   1.000000e+02
1.011591e-02   5.361763e-23   1.000000e+02
1.020961e-02   7.810925e-23   1.000000e+02
1.030417e-02   1.098341e-22   1.000000e+02
1.039961e-02   1.500306e-22   1.000000e+02
1.049593e-02   2.003541e-22   1.000000e+02
1.059315e-02   2.632450e-22   1.000000e+02
1.069126e-02   3.424789e-22   1.000000e+02
1.079029e-02   4.440041e-22   1.000000e+02
1.089023e-02   5.772814e-22   1.000000e+02
1.099110e-02   7.575366e-22   1.000000e+02
1.109290e-02   1.008660e-21   1.000000e+02
1.119564e-02   1.362495e-21   1.000000e+02
1.129934e-02   1.863468e-21   1.000000e+02
1.140400e-02   2.575452e-21   1.000000e+02
1.150962e-02   3.589859e-21   1.000000e+02
1.161623e-02   5.036649e-21   1.000000e+02
1.172382e-02   7.098947e-21   1.000000e+02
1.183241e-02   1.003187e-20   1.000000e+02
1.194200e-02   1.418580e-20   1.000000e+02
1.205261e-02   2.003442e-20   1.000000e+02
1.216424e-02   2.823769e-20   1.000000e+02
1.227691e-02   3.974074e-20   1.000000e+02
1.239062e-02   5.587895e-20   1.000000e+02
1.250539e-02   7.854482e-20   1.000000e+02
1.262121e-02   1.104321e-19   1.000000e+02
1.273811e-02   1.553934e-19   1.000000e+02
1.285610e-02   2.189682e-19   1.000000e+02
1.297517e-02   3.091661e-19   1.000000e+02
1.309535e-02   4.376113e-19   1.000000e+02
1.321664e-02   6.209880e-19   1.000000e+02
1.333906e-02   8.832648e-19   1.000000e+02
1.346261e-02   1.259002e-18   1.000000e+02
1.358730e-02   1.798063e-18   1.000000e+02
1.371315e-02   2.572412e-18   1.000000e+02
1.384016e-02   3.685942e-18   1.000000e+02
1.396835e-02   5.288632e-18   1.000000e+02
1.409773e-02   7.597081e-18   1.000000e+02
1.422830e-02   1.092545e-17   1.000000e+02
1.436009e-02   1.573008e-17   1.000000e+02
1.449310e-02   2.267422e-17   1.000000e+02
1.462733e-02   3.272308e-17   1.000000e+02
1.476281e-02   4.728319e-17   1.000000e+02
1.489955e-02   6.840706e-17   1.000000e+02
1.503755e-02   9.909389e-17   1.000000e+02
1.517683e-02   1.437297e-16   1.000000e+02
1.531740e-02   2.087302e-16   1.000000e+02
1.545928e-02   3.034924e-16   1.000000e+02
1.560246e-02   4.417920e-16   1.000000e+02
1.574698e-02   6.438424e-16   1.000000e+02
1.589283e-02   9.393277e-16   1.000000e+02
1.604003e-02   1.371875e-15   1.000000e+02
1.618860e-02   2.005638e-15   1.000000e+02
1.633854e-02   2.934984e-15   1.000000e+02
1.648987e-02   4.298808e-15   1.000000e+02
1.664260e-02   6.301638e-15   1.000000e+02
1.679675e-02   9.244767e-15   1.000000e+02
1.695232e-02   1.357218e-14   1.000000e+02
1.710934e-02   1.993829e-14   1.000000e+02
1.726781e-02   2.930795e-14   1.000000e+02
1.742775e-02   4.310382e-14   1.000000e+02
1.758917e-02   6.342389e-14   1.000000e+02
1.775208e-02   9.336215e-14   1.000000e+02
1.791650e-02   1.374813e-13   1.000000e+02
1.808245e-02   2.025095e-13   1.000000e+02
1.824993e-02   2.983762e-13   1.000000e+02
1.841897e-02   4.397440e-13   1.000000e+02
1.858957e-02   6.482672e-13   1.000000e+02
1.876175e-02   9.559331e-13   1.000000e+02
1.893552e-02   1.410007e-12   1.000000e+02
1.911091e-02   2.080352e-12   1.000000e+02
1.928792e-02   3.070258e-12   1.000000e+02
1.946656e-02   4.532486e-12   1.000000e+02
1.964687e-02   6.693033e-12   1.000000e+02
1.982884e-02   9.886335e-12   1.000000e+02
2.001250e-02   1.460746e-11   1.000000e+02
2.019786e-02   2.158863e-11   1.000000e+02
2.038493e-02   3.190919e-11   1.000000e+02
2.057374e-02   4.715903e-11   1.000000e+02
2.076430e-02   6.967712e-11   1.000000e+02
2.095662e-02   1.028987e-10   1.000000e+02
2.115073e-02   1.518593e-10   1.000000e+02
2.134663e-02   2.239254e-10   1.000000e+02
2.154435e-02   3.298477e-10   1.000000e+02
2.174389e-02   4.852769e-10   1.000000e+02
2.194529e-02   7.129347e-10   1.000000e+02
2.214855e-02   1.045712e-09   1.000000e+02
2.235370e-02   1.531066e-09   1.000000e+02
2.256074e-02   2.237248e-09   1.000000e+02
2.276970e-02   3.262045e-09   1.000000e+02
2.298060e-02   4.745039e-09   1.000000e+02
2.319345e-02   6.884642e-09   1.000000e+02
2.340827e-02   9.961683e-09   1.000000e+02
2.362508e-02   1.437182e-08   1.000000e+02
2.384390e-02   2.066981e-08   1.000000e+02
2.406475e-02   2.962955e-08   1.000000e+02
2.428764e-02   4.232481e-08   1.000000e+02
2.451260e-02   6.023718e-08   1.000000e+02
2.473964e-02   8.539881e-08   1.000000e+02
2.496878e-02   1.205798e-07   1.000000e+02
2.520005e-02   1.695389e-07   1.000000e+02
2.543346e-02   2.374033e-07   1.000000e+02
2.566903e-02   3.311456e-07   1.000000e+02
2.590678e-02   4.602130e-07   1.000000e+02
2.614673e-02   6.373807e-07   1.000000e+02
2.638891e-02   8.798964e-07   1.000000e+02
2.663333e-02   1.211015e-06   1.000000e+02
2.688001e-02   1.662055e-06   1.000000e+02
2.712898e-02   2.275158e-06   1.000000e+02
2.738025e-02   3.106997e-06   1.000000e+02
2.763385e-02   4.233755e-06   1.000000e+02
2.788980e-02   5.757829e-06   1.000000e+02
2.814812e-02   7.816864e-06   1.000000e+02
2.840884e-02   1.059595e-05   1.000000e+02
2.867196e-02   1.434408e-05   1.000000e+02
2.893753e-02   1.939654e-05   1.000000e+02
2.920556e-02   2.620517e-05   1.000000e+02
2.947606e-02   3.537963e-05   1.000000e+02
2.974908e-02   4.774368e-05   1.000000e+02
3.002462e-02   6.441206e-05   1.000000e+02
3.030271e-02   8.687157e-05   1.000000e+02
3.058338e-02   1.170154e-04   1.000000e+02
3.086665e-02   1.572490e-04   1.000000e+02
3.115254e-02   2.105891e-04   1.000000e+02
3.144108e-02   2.807445e-04   1.000000e+02
3.173230e-02   3.721675e-04   1.000000e+02
3.202621e-02   4.900511e-04   1.000000e+02
3.232284e-02   6.402422e-04   1.000000e+02
3.262222e-02   8.290321e-04   1.000000e+02
3.292437e-02   1.062788e-03   1.000000e+02
3.322933e-02   1.347394e-03   1.000000e+02
3.353710e-02   1.687481e-03   1.000000e+02
3.384773e-02   2.085471e-03   1.000000e+02
3.416123e-02   2.540472e-03   1.000000e+02
3.447764e-02   3.047149e-03   1.000000e+02
3.479698e-02   3.594730e-03   1.000000e+02
3.511928e-02   4.166356e-03   1.000000e+02
3.544456e-02   4.739014e-03   1.000000e+02
3.577285e-02   5.284275e-03   1.000000e+02
3.610419e-02   5.769959e-03   1.000000e+02
3.643859e-02   6.162745e-03   1.000000e+02
3.677609e-02   6.431524e-03   1.000000e+02
3.711672e-02   6.551128e-03   1.000000e+02
3.746050e-02   6.505861e-03   1.000000e+02
3.780747e-02   6.292225e-03   1.000000e+02
3.815765e-02   5.920231e-03   1.000000e+02
3.851107e-02   5.412926e-03   1.000000e+02
3.886777e-02   4.804064e-03   1.000000e+02
3.922777e-02   4.134214e-03   1.000000e+02
3.959110e-02   3.445947e-03   1.000000e+02
3.995780e-02   2.778945e-03   1.000000e+02
4.032790e-02   2.166985e-03   1.000000e+02
4.070142e-02   1.637778e-03   1.000000e+02
4.107841e-02   1.203766e-03   1.000000e+02
4.145888e-02   8.633396e-04   1.000000e+02
4.184289e-02   6.062325e-04   1.000000e+02
4.223044e-02   4.181958e-04   1.000000e+02
4.262159e-02   2.843597e-04   1.000000e+02
4.301636e-02   1.912359e-04   1.000000e+02
4.341478e-02   1.276288e-04   1.000000e+02
4.381690e-02   8.481467e-05   1.000000e+02
4.422274e-02   5.631206e-05   1.000000e+02
4.463234e-02   3.748046e-05   1.000000e+02
4.504573e-02   2.509265e-05   1.000000e+02
4.546295e-02   1.695475e-05   1.000000e+02
4.588404e-02   1.160124e-05   1.000000e+02
4.630903e-02   8.065863e-06   1.000000e+02
4.673795e-02   5.717359e-06   1.000000e+02
4.717085e-02   4.145753e-06   1.000000e+02
4.760775e-02   3.085601e-06   1.000000e+02
4.804870e-02   2.365209e-06   1.000000e+02
4.849374e-02   1.873517e-06   1.000000e+02
4.894290e-02   1.538754e-06   1.000000e+02
4.939622e-02   1.314830e-06   1.000000e+02
4.985373e-02   1.172798e-06   1.000000e+02
5.031549e-02   1.095331e-06   1.000000e+02
5.078152e-02   1.070293e-06   1.000000e+02
5.125187e-02   1.090791e-06   1.000000e+02
5.172657e-02   1.155825e-06   1.000000e+02
5.220568e-02   1.269364e-06   1.000000e+02
5.268921e-02   1.440304e-06   1.000000e+02
5.317723e-02   1.683170e-06   1.000000e+02
5.366977e-02   2.019472e-06   1.000000e+02
5.416687e-02   2.479791e-06   1.000000e+02
5.466857e-02   3.106638e-06   1.000000e+02
5.517492e-02   3.958182e-06   1.000000e+02
5.568596e-02   5.112829e-06   1.000000e+02
5.620174e-02   6.674493e-06   1.000000e+02
5.672229e-02   8.778045e-06   1.000000e+02
5.724766e-02   1.159394e-05   1.000000e+02
5.777790e-02   1.533023e-05   1.000000e+02
5.831305e-02   2.022935e-05   1.000000e+02
5.885316e-02   2.655595e-05   1.000000e+02
5.939827e-02   3.457159e-05   1.000000e+02
5.994843e-02   4.449238e-05   1.000000e+02
6.050368e-02   5.645637e-05   1.000000e+02
6.106408e-02   7.063592e-05   1.000000e+02
6.162966e-02   8.722378e-05   1.000000e+02
6.220049e-02   1.064027e-04   1.000000e+02
6.277660e-02   1.283482e-04   1.000000e+02
6.335805e-02   1.532351e-04   1.000000e+02
6.394488e-02   1.812465e-04   1.000000e+02
6.453715e-02   2.125862e-04   1.000000e+02
6.513491e-02   2.474950e-04   1.000000e+02
6.573820e-02   2.862695e-04   1.000000e+02
6.634708e-02   3.292854e-04   1.000000e+02
6.696160e-02   3.770251e-04   1.000000e+02
6.758181e-02   4.301104e-04   1.000000e+02
6.820777e-02   4.893425e-04   1.000000e+02
6.883952e-02   5.557517e-04   1.000000e+02
6.947713e-02   6.306597e-04   1.000000e+02
7.012064e-02   7.157589e-04   1.000000e+02
7.077011e-02   8.129384e-04   1.000000e+02
7.142559e-02   9.238148e-04   1.000000e+02
7.208715e-02   1.050067e-03   1.000000e+02
7.275484e-02   1.193499e-03   1.000000e+02
7.342870e-02   1.356027e-03   1.000000e+02
7.410882e-02   1.539659e-03   1.000000e+02
7.479523e-02   1.746462e-03   1.000000e+02
7.548799e-02   1.978518e-03   1.000000e+02
7.618718e-02   2.237874e-03   1.000000e+02
7.689284e-02   2.526473e-03   1.000000e+02
7.760503e-02   2.846067e-03   1.000000e+02
7.832383e-02   3.198126e-03   1.000000e+02
7.904928e-02   3.583723e-03   1.000000e+02
7.978145e-02   4.003407e-03   1.000000e+02
8.052040e-02   4.456953e-03   1.000000e+02
8.126619e-02   4.941873e-03   1.000000e+02
8.201889e-02   5.453187e-03   1.000000e+02
8.277857e-02   5.983751e-03   1.000000e+02
8.354528e-02   6.524094e-03   1.000000e+02
8.431909e-02   7.062352e-03   1.000000e+02
8.510007e-02   7.584383e-03   1.000000e+02
8.588829e-02   8.074057e-03   1.000000e+02
8.668380e-02   8.513795e-03   1.000000e+02
8.748668e-02   8.885329e-03   1.000000e+02
8.829700e-02   9.170687e-03   1.000000e+02
8.911482e-02   9.353352e-03   1.000000e+02
8.994022e-02   9.419523e-03   1.000000e+02
9.077327e-02   9.364130e-03   1.000000e+02
9.161402e-02   9.210103e-03   1.000000e+02
9.246257e-02   8.989657e-03   1.000000e+02
9.331898e-02   8.734266e-03   1.000000e+02
9.418332e-02   8.473006e-03   1.000000e+02
9.505566e-02   8.231888e-03   1.000000e+02
9.593608e-02   8.034066e-03   1.000000e+02
9.682466e-02   7.900751e-03   1.000000e+02
9.772147e-02   7.852746e-03   1.000000e+02
9.862658e-02   7.912578e-03   1.000000e+02
9.954008e-02   8.107386e-03   1.000000e+02
1.004620e-01   8.471913e-03   1.000000e+02
1.013925e-01   9.030305e-03   1.000000e+02
1.023317e-01   9.793482e-03   1.000000e+02
1.032795e-01   1.077773e-02   1.000000e+02
1.042361e-01   1.200370e-02   1.000000e+02
1.052015e-01   1.349405e-02   1.000000e+02
1.061759e-01   1.527041e-02   1.000000e+02
1.071593e-01   1.734929e-02   1.000000e+02
1.081519e-01   1.973685e-02   1.000000e+02
1.091536e-01   2.242232e-02   1.000000e+02
1.101646e-01   2.537072e-02   1.000000e+02
1.111850e-01   2.854066e-02   1.000000e+02
1.122148e-01   3.193468e-02   1.000000e+02
1.132541e-01   3.556835e-02   1.000000e+02
1.143031e-01   3.946411e-02   1.000000e+02
1.153618e-01   4.365293e-02   1.000000e+02
1.164303e-01   4.817614e-02   1.000000e+02
1.175087e-01   5.308761e-02   1.000000e+02
1.185971e-01   5.845637e-02   1.000000e+02
1.196956e-01   6.436993e-02   1.000000e+02
1.208042e-01   7.093391e-02   1.000000e+02
1.219231e-01   7.823246e-02   1.000000e+02
1.230524e-01   8.633339e-02   1.000000e+02
1.241921e-01   9.530691e-02   1.000000e+02
1.253424e-01   1.052250e-01   1.000000e+02
1.265034e-01   1.161601e-01   1.000000e+02
1.276751e-01   1.281840e-01   1.000000e+02
1.288576e-01   1.413658e-01   1.000000e+02
1.300511e-01   1.557701e-01   1.000000e+02
1.312557e-01   1.714569e-01   1.000000e+02
1.324714e-01   1.884899e-01   1.000000e+02
1.336984e-01   2.069280e-01   1.000000e+02
1.349367e-01   2.268220e-01   1.000000e+02
1.361865e-01   2.482116e-01   1.000000e+02
1.374479e-01   2.711230e-01   1.000000e+02
1.387210e-01   2.955660e-01   1.000000e+02
1.400058e-01   3.215308e-01   1.000000e+02
1.413026e-01   3.490326e-01   1.000000e+02
1.426114e-01   3.782777e-01   1.000000e+02
1.439323e-01   4.095815e-01   1.000000e+02
1.452654e-01   4.433413e-01   1.000000e+02
1.466109e-01   4.800514e-01   1.000000e+02
1.479688e-01   5.203221e-01   1.000000e+02
1.493393e-01   5.649049e-01   1.000000e+02
1.507225e-01   6.147077e-01   1.000000e+02
1.521186e-01   6.704782e-01   1.000000e+02
1.535275e-01   7.327044e-01   1.000000e+02
1.549495e-01   8.018585e-01   1.000000e+02
1.563847e-01   8.783914e-01   1.000000e+02
1.578331e-01   9.627123e-01   1.000000e+02
1.592950e-01   1.055163e+00   1.000000e+02
1.607704e-01   1.156003e+00   1.000000e+02
1.622595e-01   1.265659e+00   1.000000e+02
1.637624e-01   1.384813e+00   1.000000e+02
1.652792e-01   1.514202e+00   1.000000e+02
1.668101e-01   1.654612e+00   1.000000e+02
1.683551e-01   1.806885e+00   1.000000e+02
1.699144e-01   1.971915e+00   1.000000e+02
1.714882e-01   2.150656e+00   1.000000e+02
1.730766e-01   2.344124e+00   1.000000e+02
1.746796e-01   2.553399e+00   1.000000e+02
1.762975e-01   2.779631e+00   1.000000e+02
1.779304e-01   3.024040e+00   1.000000e+02
1.795785e-01   3.287923e+00   1.000000e+02
1.812418e-01   3.572667e+00   1.000000e+02
1.829205e-01   3.879852e+00   1.000000e+02
1.846147e-01   4.211248e+00   1.000000e+02
1.863246e-01   4.568784e+00   1.000000e+02
1.880504e-01   4.954569e+00   1.000000e+02
1.897922e-01   5.370909e+00   1.000000e+02
1.915501e-01   5.820332e+00   1.000000e+02
1.933242e-01   6.305608e+00   1.000000e+02
1.951148e-01   6.829778e+00   1.000000e+02
1.969220e-01   7.396189e+00   1.000000e+02
1.987460e-01   8.008523e+00   1.000000e+02
2.005868e-01   8.670834e+00   1.000000e+02
2.024447e-01   9.387396e+00   1.000000e+02
2.043197e-01   1.016252e+01   1.000000e+02
2.062122e-01   1.100082e+01   1.000000e+02
2.081222e-01   1.190724e+01   1.000000e+02
2.100498e-01   1.288707e+01   1.000000e+02
2.119953e-01   1.394599e+01   1.000000e+02
2.139589e-01   1.509009e+01   1.000000e+02
2.159406e-01   1.632589e+01   1.000000e+02
2.179407e-01   1.766033e+01   1.000000e+02
2.199593e-01   1.910087e+01   1.000000e+02
2.219966e-01   2.065546e+01   1.000000e+02
2.240528e-01   2.233258e+01   1.000000e+02
2.261280e-01   2.414128e+01   1.000000e+02
2.282224e-01   2.609120e+01   1.000000e+02
2.303363e-01   2.819260e+01   1.000000e+02
2.324697e-01   3.045640e+01   1.000000e+02
2.346229e-01   3.289421e+01   1.000000e+02
2.367960e-01   3.551835e+01   1.000000e+02
2.389893e-01   3.834190e+01   1.000000e+02
2.412028e-01   4.137869e+01   1.000000e+02
2.434369e-01   4.464342e+01   1.000000e+02
2.456916e-01   4.815158e+01   1.000000e+02
2.479673e-01   5.191958e+01   1.000000e+02
2.502640e-01   5.596472e+01   1.000000e+02
2.525820e-01   6.030549e+01   1.000000e+02
2.549215e-01   6.496219e+01   1.000000e+02
2.572826e-01   6.995663e+01   1.000000e+02
2.596656e-01   7.531203e+01   1.000000e+02
2.620707e-01   8.105317e+01   1.000000e+02
2.644980e-01   8.720650e+01   1.000000e+02
2.669478e-01   9.380020e+01   1.000000e+02
2.694204e-01   1.008644e+02   1.000000e+02
2.719158e-01   1.084311e+02   1.000000e+02
2.744343e-01   1.165345e+02   1.000000e+02
2.769762e-01   1.252113e+02   1.000000e+02
2.795416e-01   1.345003e+02   1.000000e+02
2.821308e-01   1.444430e+02   1.000000e+02
2.847439e-01   1.550839e+02   1.000000e+02
2.873813e-01   1.664702e+02   1.000000e+02
2.900430e-01   1.786524e+02   1.000000e+02
2.927295e-01   1.916844e+02   1.000000e+02
2.954408e-01   2.056237e+02   1.000000e+02
2.981772e-01   2.205317e+02   1.000000e+02
3.009390e-01   2.364740e+02   1.000000e+02
3.037264e-01   2.535191e+02   1.000000e+02
3.065395e-01   2.717382e+02   1.000000e+02
3.093788e-01   2.912062e+02   1.000000e+02
3.122443e-01   3.120022e+02   1.000000e+02
3.151363e-01   3.342097e+02   1.000000e+02
3.180552e-01   3.579167e+02   1.000000e+02
3.210011e-01   3.832161e+02   1.000000e+02
3.239743e-01   4.102056e+02   1.000000e+02
3.269750e-01   4.389880e+02   1.000000e+02
3.300035e-01   4.696716e+02   1.000000e+02
3.330600e-01   5.023700e+02   1.000000e+02
3.361449e-01   5.372026e+02   1.000000e+02
3.392583e-01   5.742947e+02   1.000000e+02
3.424006e-01   6.137775e+02   1.000000e+02
3.455720e-01   6.557885e+02   1.000000e+02
3.487727e-01   7.004718e+02   1.000000e+02
3.520031e-01   7.479782e+02   1.000000e+02
3.552635e-01   7.984741e+02   1.000000e+02
3.585540e-01   8.521413e+02   1.000000e+02
3.618750e-01   9.091732e+02   1.000000e+02
3.652267e-01   9.697757e+02   1.000000e+02
3.686095e-01   1.034168e+03   1.000000e+02
3.720237e-01   1.102583e+03   1.000000e+02
3.754694e-01   1.175269e+03   1.000000e+02
3.789471e-01   1.252490e+03   1.000000e+02
3.824570e-01   1.334529e+03   1.000000e+02
3.859994e-01   1.421687e+03   1.000000e+02
3.895746e-01   1.514284e+03   1.000000e+02
3.931829e-01   1.612662e+03   1.000000e+02
3.968246e-01   1.717187e+03   1.000000e+02
4.005001e-01   1.828249e+03   1.000000e+02
4.042096e-01   1.946251e+03   1.000000e+02
4.079535e-01   2.071578e+03   1.000000e+02
4.117320e-01   2.204627e+03   1.000000e+02
4.155455e-01   2.345804e+03   1.000000e+02
4.193944e-01   2.495534e+03   1.000000e+02
4.232789e-01   2.654252e+03   1.000000e+02
4.271994e-01   2.822408e+03   1.000000e+02
4.311562e-01   3.000464e+03   1.000000e+02
4.351497e-01   3.188892e+03   1.000000e+02
4.391801e-01   3.388176e+03   1.000000e+02
4.432479e-01   3.598810e+03   1.000000e+02
4.473533e-01   3.821296e+03   1.000000e+02
4.514968e-01   4.056143e+03   1.000000e+02
4.556786e-01   4.303928e+03   1.000000e+02
4.598992e-01   4.565341e+03   1.000000e+02
4.641589e-01   4.841120e+03   1.000000e+02
4.684580e-01   5.132052e+03   1.000000e+02
4.727970e-01   5.438970e+03   1.000000e+02
4.771761e-01   5.762764e+03   1.000000e+02
4.815958e-01   6.104380e+03   1.000000e+02
4.860564e-01   6.464825e+03   1.000000e+02
4.905584e-01   6.845175e+03   1.000000e+02
4.951020e-01   7.246576e+03   1.000000e+02
4.996877e-01   7.670254e+03   1.000000e+02
5.043159e-01   8.117493e+03   1.000000e+02
5.089870e-01   8.589534e+03   1.000000e+02
5.137014e-01   9.087640e+03   1.000000e+02
5.184594e-01   9.613128e+03   1.000000e+02
5.232614e-01   1.016737e+04   1.000000e+02
5.281080e-01   1.075181e+04   1.000000e+02
5.329994e-01   1.136793e+04   1.000000e+02
5.379362e-01   1.201729e+04   1.000000e+02
5.429186e-01   1.270150e+04   1.000000e+02
5.479472e-01   1.342226e+04   1.000000e+02
5.530224e-01   1.418131e+04   1.000000e+02
5.581446e-01   1.498048e+04   1.000000e+02
5.633143e-01   1.582164e+04   1.000000e+02
5.685318e-01   1.670678e+04   1.000000e+02
5.737976e-01   1.763791e+04   1.000000e+02
5.791123e-01   1.861716e+04   1.000000e+02
5.844761e-01   1.964669e+04   1.000000e+02
5.898896e-01   2.072878e+04   1.000000e+02
5.953533e-01   2.186577e+04   1.000000e+02
6.008676e-01   2.306006e+04   1.000000e+02
6.064329e-01   2.431421e+04   1.000000e+02
6.120498e-01   2.563092e+04   1.000000e+02
6.177188e-01   2.701306e+04   1.000000e+02
6.234402e-01   2.846359e+04   1.000000e+02
6.292146e-01   2.998561e+04   1.000000e+02
6.350425e-01   3.158235e+04   1.000000e+02
6.409244e-01   3.325716e+04   1.000000e+02
6.468608e-01   3.501354e+04   1.000000e+02
6.528521e-01   3.685513e+04   1.000000e+02
6.588990e-01   3.878573e+04   1.000000e+02
6.650018e-01   4.080928e+04   1.000000e+02
6.711612e-01   4.292988e+04   1.000000e+02
6.773776e-01   4.515184e+04   1.000000e+02
6.836516e-01   4.747958e+04   1.000000e+02
6.899837e-01   4.991776e+04   1.000000e+02
6.963745e-01   5.247119e+04   1.000000e+02
7.028244e-01   5.514491e+04   1.000000e+02
7.093341e-01   5.794406e+04   1.000000e+02
7.159041e-01   6.087395e+04   1.000000e+02
7.225349e-01   6.394005e+04   1.000000e+02
7.292272e-01   6.714804e+04   1.000000e+02
7.359814e-01   7.050379e+04   1.000000e+02
7.427982e-01   7.401339e+04   1.000000e+02
7.496782e-01   7.768313e+04   1.000000e+02
7.566219e-01   8.151954e+04   1.000000e+02
7.636298e-01   8.552935e+04   1.000000e+02
7.707027e-01   8.971953e+04   1.000000e+02
7.778411e-01   9.409729e+04   1.000000e+02
7.850456e-01   9.867007e+04   1.000000e+02
7.923169e-01   1.034456e+05   1.000000e+02
7.996555e-01   1.084317e+05   1.000000e+02
8.070620e-01   1.136368e+05   1.000000e+02
8.145372e-01   1.190693e+05   1.000000e+02
8.220816e-01   1.247382e+05   1.000000e+02
8.296959e-01   1.306527e+05   1.000000e+02
8.373807e-01   1.368223e+05   1.000000e+02
8.451366e-01   1.432568e+05   1.000000e+02
8.529644e-01   1.499664e+05   1.000000e+02
8.608648e-01   1.569616e+05   1.000000e+02
8.688383e-01   1.642532e+05   1.000000e+02
8.768856e-01   1.718526e+05   1.000000e+02
8.850075e-01   1.797713e+05   1.000000e+02
8.932046e-01   1.880212e+05   1.000000e+02
9.014776e-01   1.966148e+05   1.000000e+02
9.098273e-01   2.055647e+05   1.000000e+02
9.182543e-01   2.148839e+05   1.000000e+02
9.267593e-01   2.245858e+05   1.000000e+02
9.353432e-01   2.346840e+05   1.000000e+02
9.440065e-01   2.451926e+05   1.000000e+02
9.527500e-01   2.561263e+05   1.000000e+02
9.615746e-01   2.674998e+05   1.000000e+02
9.704809e-01   2.793286e+05   1.000000e+02
9.794697e-01   2.916285e+05   1.000000e+02
9.885417e-01   3.044156e+05   1.000000e+02
9.976978e-01   3.177065e+05   1.000000e+02
1.006939e+00   3.315185e+05   1.000000e+02
1.016265e+00   3.458691e+05   1.000000e+02
1.025678e+00   3.607767e+05   1.000000e+02
1.035178e+00   3.762601e+05   1.000000e+02
1.044766e+00   3.923385e+05   1.000000e+02
1.054443e+00   4.090318e+05   1.000000e+02
1.064209e+00   4.263603e+05   1.000000e+02
1.074066e+00   4.443449e+05   1.000000e+02
1.084014e+00   4.630072e+05   1.000000e+02
1.094055e+00   4.823692e+05   1.000000e+02
1.104188e+00   5.024535e+05   1.000000e+02
1.114415e+00   5.232833e+05   1.000000e+02
1.124737e+00   5.448824e+05   1.000000e+02
1.135155e+00   5.672754e+05   1.000000e+02
1.145669e+00   5.904871e+05   1.000000e+02
1.156280e+00   6.145434e+05   1.000000e+02
1.166990e+00   6.394705e+05   1.000000e+02
1.177799e+00   6.652954e+05   1.000000e+02
1.188708e+00   6.920459e+05   1.000000e+02
1.199718e+00   7.197501e+05   1.000000e+02
1.210830e+00   7.484372e+05   1.000000e+02
1.222045e+00   7.781368e+05   1.000000e+02
1.233363e+00   8.088793e+05   1.000000e+02
1.244787e+00   8.406960e+05   1.000000e+02
1.256317e+00   8.736186e+05   1.000000e+02
1.267953e+00   9.076817e+05   1.000000e+02
1.279697e+00   9.429219e+05   1.000000e+02
1.291550e+00   9.793774e+05   1.000000e+02
1.303512e+00   1.017088e+06   1.000000e+02
1.315586e+00   1.056094e+06   1.000000e+02
1.327771e+00   1.096438e+06   1.000000e+02
1.340069e+00   1.138164e+06   1.000000e+02
1.352481e+00   1.181317e+06   1.000000e+02
1.365008e+00   1.225945e+06   1.000000e+02
1.377651e+00   1.272097e+06   1.000000e+02
1.390411e+00   1.319822e+06   1.000000e+02
1.403289e+00   1.369174e+06   1.000000e+02
1.416287e+00   1.420207e+06   1.000000e+02
1.429405e+00   1.472977e+06   1.000000e+02
1.442644e+00   1.527544e+06   1.000000e+02
1.456006e+00   1.583968e+06   1.000000e+02
1.469492e+00   1.642313e+06   1.000000e+02
1.483103e+00   1.702644e+06   1.000000e+02
1.496839e+00   1.765030e+06   1.000000e+02
1.510703e+00   1.829540e+06   1.000000e+02
1.524696e+00   1.896226e+06   1.000000e+02
1.538818e+00   1.965133e+06   1.000000e+02
1.553071e+00   2.036301e+06   1.000000e+02
1.567455e+00   2.109771e+06   1.000000e+02
1.581973e+00   2.185582e+06   1.000000e+02
1.596626e+00   2.263768e+06   1.000000e+02
1.611414e+00   2.344363e+06   1.000000e+02
1.626340e+00   2.427398e+06   1.000000e+02
1.641403e+00   2.512900e+06   1.000000e+02
1.656606e+00   2.600891e+06   1.000000e+02
1.671950e+00   2.691394e+06   1.000000e+02
1.687436e+00   2.784422e+06   1.000000e+02
1.703065e+00   2.879987e+06   1.000000e+02
1.718839e+00   2.978097e+06   1.000000e+02
1.734759e+00   3.078753e+06   1.000000e+02
1.750827e+00   3.181950e+06   1.000000e+02
1.767044e+00   3.287696e+06   1.000000e+02
1.783410e+00   3.396055e+06   1.000000e+02
1.799929e+00   3.507108e+06   1.000000e+02
1.816600e+00   3.620941e+06   1.000000e+02
1.833425e+00   3.737646e+06   1.000000e+02
1.850407e+00   3.857324e+06   1.000000e+02
1.867546e+00   3.980079e+06   1.000000e+02
1.884843e+00   4.106025e+06   1.000000e+02
1.902301e+00   4.235283e+06   1.000000e+02
1.919921e+00   4.367980e+06   1.000000e+02
1.937703e+00   4.504256e+06   1.000000e+02
1.955651e+00   4.644256e+06   1.000000e+02
1.973764e+00   4.788136e+06   1.000000e+02
1.992046e+00   4.936063e+06   1.000000e+02
2.010496e+00   5.088211e+06   1.000000e+02
2.029118e+00   5.244715e+06   1.000000e+02
2.047912e+00   5.405670e+06   1.000000e+02
2.066880e+00   5.571170e+06   1.000000e+02
2.086024e+00   5.741309e+06   1.000000e+02
2.105345e+00   5.916183e+06   1.000000e+02
2.124845e+00   6.095885e+06   1.000000e+02
2.144526e+00   6.280509e+06   1.000000e+02
2.164389e+00   6.470149e+06   1.000000e+02
2.184436e+00   6.664898e+06   1.000000e+02
2.204669e+00   6.864847e+06   1.000000e+02
2.225089e+00   7.070089e+06   1.000000e+02
2.245698e+00   7.280712e+06   1.000000e+02
2.266498e+00   7.496807e+06   1.000000e+02
2.287491e+00   7.718459e+06   1.000000e+02
2.308678e+00   7.945755e+06   1.000000e+02
2.330061e+00   8.178779e+06   1.000000e+02
2.351643e+00   8.417611e+06   1.000000e+02
2.373424e+00   8.662330e+06   1.000000e+02
2.395407e+00   8.913013e+06   1.000000e+02
2.417594e+00   9.169734e+06   1.000000e+02
2.439986e+00   9.432563e+06   1.000000e+02
2.462586e+00   9.701567e+06   1.000000e+02
2.485395e+00   9.976809e+06   1.000000e+02
2.508415e+00   1.025835e+07   1.000000e+02
2.531648e+00   1.054627e+07   1.000000e+02
2.555097e+00   1.084067e+07   1.000000e+02
2.578763e+00   1.114166e+07   1.000000e+02
2.602648e+00   1.144937e+07   1.000000e+02
2.626754e+00   1.176390e+07   1.000000e+02
2.651084e+00   1.208537e+07   1.000000e+02
2.675638e+00   1.241391e+07   1.000000e+02
2.700421e+00   1.274963e+07   1.000000e+02
2.725433e+00   1.309265e+07   1.000000e+02
2.750676e+00   1.344311e+07   1.000000e+02
2.776153e+00   1.380113e+07   1.000000e+02
2.801867e+00   1.416683e+07   1.000000e+02
2.827818e+00   1.454036e+07   1.000000e+02
2.854010e+00   1.492184e+07   1.000000e+02
2.880444e+00   1.531141e+07   1.000000e+02
2.907123e+00   1.570921e+07   1.000000e+02
2.934050e+00   1.611539e+07   1.000000e+02
2.961225e+00   1.653008e+07   1.000000e+02
2.988653e+00   1.695344e+07   1.000000e+02
3.016334e+00   1.738561e+07   1.000000e+02
3.044272e+00   1.782672e+07   1.000000e+02
3.072469e+00   1.827691e+07   1.000000e+02
3.100927e+00   1.873627e+07   1.000000e+02
3.129648e+00   1.920494e+07   1.000000e+02
3.158635e+00   1.968302e+07   1.000000e+02
3.187891e+00   2.017064e+07   1.000000e+02
3.217418e+00   2.066791e+07   1.000000e+02
3.247218e+00   2.117494e+07   1.000000e+02
3.277295e+00   2.169185e+07   1.000000e+02
3.307650e+00   2.221875e+07   1.000000e+02
3.338286e+00   2.275575e+07   1.000000e+02
3.369206e+00   2.330296e+07   1.000000e+02
3.400412e+00   2.386048e+07   1.000000e+02
3.431907e+00   2.442844e+07   1.000000e+02
3.463694e+00   2.500692e+07   1.000000e+02
3.495776e+00   2.559604e+07   1.000000e+02
3.528154e+00   2.619589e+07   1.000000e+02
3.560833e+00   2.680658e+07   1.000000e+02
3.593814e+00   2.742823e+07   1.000000e+02
3.627100e+00   2.806093e+07   1.000000e+02
3.660695e+00   2.870480e+07   1.000000e+02
3.694601e+00   2.935994e+07   1.000000e+02
3.728821e+00   3.002645e+07   1.000000e+02
3.763358e+00   3.070444e+07   1.000000e+02
3.798215e+00   3.139400e+07   1.000000e+02
3.833395e+00   3.209523e+07   1.000000e+02
3.868901e+00   3.280824e+07   1.000000e+02
3.904735e+00   3.353310e+07   1.000000e+02
3.940902e+00   3.426993e+07   1.000000e+02
3.977403e+00   3.501881e+07   1.000000e+02
4.014242e+00   3.577983e+07   1.000000e+02
4.051423e+00   3.655307e+07   1.000000e+02
4.088948e+00   3.733860e+07   1.000000e+02
4.126821e+00   3.813650e+07   1.000000e+02
4.165044e+00   3.894684e+07   1.000000e+02
4.203622e+00   3.976966e+07   1.000000e+02
4.242556e+00   4.060504e+07   1.000000e+02
4.281852e+00   4.145303e+07   1.000000e+02
4.321511e+00   4.231368e+07   1.000000e+02
4.361538e+00   4.318703e+07   1.000000e+02
4.401935e+00   4.407314e+07   1.000000e+02
4.442707e+00   4.497204e+07   1.000000e+02
4.483856e+00   4.588377e+07   1.000000e+02
4.525386e+00   4.680836e+07   1.000000e+02
4.567301e+00   4.774582e+07   1.000000e+02
4.609604e+00   4.869620e+07   1.000000e+02
4.652300e+00   4.965949e+07   1.000000e+02
4.695390e+00   5.063572e+07   1.000000e+02
4.738880e+00   5.162489e+07   1.000000e+02
4.782772e+00   5.262700e+07   1.000000e+02
4.827071e+00   5.364204e+07   1.000000e+02
4.871780e+00   5.467002e+07   1.000000e+02
4.916904e+00   5.571091e+07   1.000000e+02
4.962445e+00   5.676469e+07   1.000000e+02
5.008408e+00   5.783135e+07   1.000000e+02
5.054797e+00   5.891083e+07   1.000000e+02
5.101615e+00   6.000309e+07   1.000000e+02
5.148867e+00   6.110805e+07   1.000000e+02
5.196557e+00   6.222565e+07   1.000000e+02
5.244689e+00   6.335581e+07   1.000000e+02
5.293266e+00   6.449842e+07   1.000000e+02
5.342293e+00   6.565340e+07   1.000000e+02
5.391775e+00   6.682064e+07   1.000000e+02
5.441714e+00   6.800002e+07   1.000000e+02
5.492116e+00   6.919143e+07   1.000000e+02
5.542986e+00   7.039472e+07   1.000000e+02
5.594326e+00   7.160976e+07   1.000000e+02
5.646141e+00   7.283640e+07   1.000000e+02
5.698437e+00   7.407447e+07   1.000000e+02
5.751217e+00   7.532383e+07   1.000000e+02
5.804486e+00   7.658427e+07   1.000000e+02
5.858248e+00   7.785563e+07   1.000000e+02
5.912508e+00   7.913769e+07   1.000000e+02
5.967271e+00   8.043027e+07   1.000000e+02
6.022541e+00   8.173314e+07   1.000000e+02
6.078323e+00   8.304607e+07   1.000000e+02
6.134622e+00   8.436881e+07   1.000000e+02
6.191442e+00   8.570111e+07   1.000000e+02
6.248788e+00   8.704268e+07   1.000000e+02
6.306666e+00   8.839326e+07   1.000000e+02
6.365079e+00   8.975254e+07   1.000000e+02
6.424034e+00   9.112022e+07   1.000000e+02
6.483534e+00   9.249599e+07   1.000000e+02
6.543586e+00   9.387952e+07   1.000000e+02
6.604194e+00   9.527047e+07   1.000000e+02
6.665363e+00   9.666850e+07   1.000000e+02
6.727099e+00   9.807324e+07   1.000000e+02
6.789407e+00   9.948432e+07   1.000000e+02
6.852292e+00   1.009014e+08   1.000000e+02
6.915759e+00   1.023240e+08   1.000000e+02
6.979814e+00   1.037518e+08   1.000000e+02
7.044462e+00   1.051843e+08   1.000000e+02
7.109709e+00   1.066211e+08   1.000000e+02
7.175561e+00   1.080618e+08   1.000000e+02
7.242022e+00   1.095057e+08   1.000000e+02
7.309099e+00   1.109525e+08   1.000000e+02
7.376798e+00   1.124015e+08   1.000000e+02
7.445123e+00   1.138523e+08   1.000000e+02
7.514081e+00   1.153043e+08   1.000000e+02
7.583678e+00   1.167569e+08   1.000000e+02
7.653919e+00   1.182096e+08   1.000000e+02
7.724811e+00   1.196618e+08   1.000000e+02
7.796360e+00   1.211129e+08   1.000000e+02
7.868572e+00   1.225622e+08   1.000000e+02
7.941452e+00   1.240092e+08   1.000000e+02
8.015007e+00   1.254533e+08   1.000000e+02
8.089243e+00   1.268937e+08   1.000000e+02
8.164168e+00   1.283298e+08   1.000000e+02
8.239786e+00   1.297610e+08   1.000000e+02
8.316104e+00   1.311865e+08   1.000000e+02
8.393129e+00   1.326056e+08   1.000000e+02
8.470868e+00   1.340177e+08   1.000000e+02
8.549327e+00   1.354220e+08   1.000000e+02
8.628513e+00   1.368177e+08   1.000000e+02
8.708431e+00   1.382042e+08   1.000000e+02
8.789091e+00   1.395808e+08   1.000000e+02
8.870497e+00   1.409465e+08   1.000000e+02
8.952657e+00   1.423008e+08   1.000000e+02
9.035578e+00   1.436427e+08   1.000000e+02
9.119268e+00   1.449716e+08   1.000000e+02
9.203732e+00   1.462867e+08   1.000000e+02
9.288979e+00   1.475872e+08   1.000000e+02
9.375015e+00   1.488723e+08   1.000000e+02
9.461848e+00   1.501411e+08   1.000000e+02
9.549486e+00   1.513930e+08   1.000000e+02
9.637935e+00   1.526272e+08   1.000000e+02
9.727203e+00   1.538427e+08   1.000000e+02
9.817298e+00   1.550389e+08   1.000000e+02
9.908228e+00   1.562149e+08   1.000000e+02
1.000000e+01   1.573700e+08   1.000000e+02
