# Be7 + He3 > p + p + a + a   [Be7_He3__p_p_a_a]   ref=TALYS2, Koning et al. 2023
# detailed balance: alpha=1.2201e-19 beta=-3 gamma=-130.811  Q=-11.2724
# T9                 rate                error
1.000000e-03   1.000000e-35   1.000000e+02
1.009262e-03   1.003138e-35   1.000000e+02
1.018610e-03   1.005878e-35   1.000000e+02
1.028045e-03   1.008221e-35   1.000000e+02
1.037567e-03   1.010174e-35   1.000000e+02
1.047177e-03   1.011740e-35   1.000000e+02
1.056876e-03   1.012925e-35   1.000000e+02
1.066665e-03   1.013735e-35   1.000000e+02
1.076545e-03   1.014176e-35   1.000000e+02
1.086516e-03   1.014254e-35   1.000000e+02
1.096579e-03   1.013977e-35   1.000000e+02
1.106736e-03   1.013351e-35   1.000000e+02
1.116987e-03   1.012386e-35   1.000000e+02
1.127333e-03   1.011088e-35   1.000000e+02
1.137774e-03   1.009466e-35   1.000000e+02
1.148312e-03   1.007529e-35   1.000000e+02
1.158948e-03   1.005285e-35   1.000000e+02
1.169683e-03   1.002744e-35   1.000000e+02
1.180517e-03   9.999151e-36   1.000000e+02
1.191451e-03   9.968076e-36   1.000000e+02
1.202486e-03   9.934311e-36   1.000000e+02
1.213624e-03   9.897954e-36   1.000000e+02
1.224865e-03   9.859104e-36   1.000000e+02
1.236210e-03   9.817858e-36   1.000000e+02
1.247660e-03   9.774319e-36   1.000000e+02
1.259216e-03   9.728585e-36   1.000000e+02
1.270879e-03   9.680757e-36   1.000000e+02
1.282650e-03   9.630936e-36   1.000000e+02
1.294530e-03   9.579221e-36   1.000000e+02
1.306520e-03   9.525715e-36   1.000000e+02
1.318621e-03   9.470514e-36   1.000000e+02
1.330835e-03   9.413720e-36   1.000000e+02
1.343161e-03   9.355430e-36   1.000000e+02
1.355602e-03   9.295740e-36   1.000000e+02
1.368158e-03   9.234748e-36   1.000000e+02
1.380830e-03   9.172548e-36   1.000000e+02
1.393619e-03   9.109234e-36   1.000000e+02
1.406527e-03   9.044899e-36   1.000000e+02
1.419555e-03   8.979632e-36   1.000000e+02
1.432703e-03   8.913524e-36   1.000000e+02
1.445973e-03   8.846662e-36   1.000000e+02
1.459366e-03   8.779132e-36   1.000000e+02
1.472883e-03   8.711018e-36   1.000000e+02
1.486525e-03   8.642402e-36   1.000000e+02
1.500293e-03   8.573364e-36   1.000000e+02
1.514189e-03   8.503984e-36   1.000000e+02
1.528214e-03   8.434337e-36   1.000000e+02
1.542369e-03   8.364497e-36   1.000000e+02
1.556654e-03   8.294538e-36   1.000000e+02
1.571072e-03   8.224529e-36   1.000000e+02
1.585624e-03   8.154540e-36   1.000000e+02
1.600310e-03   8.084635e-36   1.000000e+02
1.615133e-03   8.014880e-36   1.000000e+02
1.630092e-03   7.945336e-36   1.000000e+02
1.645191e-03   7.876065e-36   1.000000e+02
1.660429e-03   7.807123e-36   1.000000e+02
1.675808e-03   7.738567e-36   1.000000e+02
1.691330e-03   7.670452e-36   1.000000e+02
1.706995e-03   7.602829e-36   1.000000e+02
1.722805e-03   7.535750e-36   1.000000e+02
1.738762e-03   7.469261e-36   1.000000e+02
1.754867e-03   7.403411e-36   1.000000e+02
1.771121e-03   7.338244e-36   1.000000e+02
1.787526e-03   7.273803e-36   1.000000e+02
1.804082e-03   7.210130e-36   1.000000e+02
1.820792e-03   7.147265e-36   1.000000e+02
1.837656e-03   7.085245e-36   1.000000e+02
1.854677e-03   7.024107e-36   1.000000e+02
1.871855e-03   6.963888e-36   1.000000e+02
1.889193e-03   6.904619e-36   1.000000e+02
1.906691e-03   6.846335e-36   1.000000e+02
1.924351e-03   6.789066e-36   1.000000e+02
1.942175e-03   6.732842e-36   1.000000e+02
1.960163e-03   6.677691e-36   1.000000e+02
1.978319e-03   6.623642e-36   1.000000e+02
1.996642e-03   6.570721e-36   1.000000e+02
2.015136e-03   6.518953e-36   1.000000e+02
2.033800e-03   6.468364e-36   1.000000e+02
2.052638e-03   6.418977e-36   1.000000e+02
2.071650e-03   6.370815e-36   1.000000e+02
2.090838e-03   6.323900e-36   1.000000e+02
2.110203e-03   6.278255e-36   1.000000e+02
2.129749e-03   6.233900e-36   1.000000e+02
2.149475e-03   6.190856e-36   1.000000e+02
2.169384e-03   6.149143e-36   1.000000e+02
2.189477e-03   6.108781e-36   1.000000e+02
2.209756e-03   6.069790e-36   1.000000e+02
2.230223e-03   6.032189e-36   1.000000e+02
2.250880e-03   5.995998e-36   1.000000e+02
2.271728e-03   5.961235e-36   1.000000e+02
2.292769e-03   5.927919e-36   1.000000e+02
2.314005e-03   5.896071e-36   1.000000e+02
2.335438e-03   5.865708e-36   1.000000e+02
2.357069e-03   5.836852e-36   1.000000e+02
2.378901e-03   5.809522e-36   1.000000e+02
2.400935e-03   5.783738e-36   1.000000e+02
2.423173e-03   5.759521e-36   1.000000e+02
2.445617e-03   5.736893e-36   1.000000e+02
2.468268e-03   5.715876e-36   1.000000e+02
2.491130e-03   5.696493e-36   1.000000e+02
2.514203e-03   5.678767e-36   1.000000e+02
2.537490e-03   5.662723e-36   1.000000e+02
2.560993e-03   5.648387e-36   1.000000e+02
2.584714e-03   5.635785e-36   1.000000e+02
2.608654e-03   5.624945e-36   1.000000e+02
2.632815e-03   5.615897e-36   1.000000e+02
2.657201e-03   5.608672e-36   1.000000e+02
2.681813e-03   5.603301e-36   1.000000e+02
2.706652e-03   5.599818e-36   1.000000e+02
2.731722e-03   5.598260e-36   1.000000e+02
2.757023e-03   5.598664e-36   1.000000e+02
2.782559e-03   5.601070e-36   1.000000e+02
2.808332e-03   5.605519e-36   1.000000e+02
2.834343e-03   5.612055e-36   1.000000e+02
2.860596e-03   5.620726e-36   1.000000e+02
2.887091e-03   5.631581e-36   1.000000e+02
2.913832e-03   5.644672e-36   1.000000e+02
2.940820e-03   5.660053e-36   1.000000e+02
2.968059e-03   5.677784e-36   1.000000e+02
2.995549e-03   5.697927e-36   1.000000e+02
3.023295e-03   5.720521e-36   1.000000e+02
3.051297e-03   5.745452e-36   1.000000e+02
3.079559e-03   5.772539e-36   1.000000e+02
3.108082e-03   5.801601e-36   1.000000e+02
3.136870e-03   5.832456e-36   1.000000e+02
3.165924e-03   5.864916e-36   1.000000e+02
3.195248e-03   5.898792e-36   1.000000e+02
3.224842e-03   5.933892e-36   1.000000e+02
3.254712e-03   5.970018e-36   1.000000e+02
3.284857e-03   6.006968e-36   1.000000e+02
3.315282e-03   6.044535e-36   1.000000e+02
3.345989e-03   6.082506e-36   1.000000e+02
3.376980e-03   6.120664e-36   1.000000e+02
3.408259e-03   6.158786e-36   1.000000e+02
3.439826e-03   6.196643e-36   1.000000e+02
3.471687e-03   6.234000e-36   1.000000e+02
3.503842e-03   6.270619e-36   1.000000e+02
3.536296e-03   6.306254e-36   1.000000e+02
3.569049e-03   6.340656e-36   1.000000e+02
3.602107e-03   6.373571e-36   1.000000e+02
3.635470e-03   6.404741e-36   1.000000e+02
3.669142e-03   6.433905e-36   1.000000e+02
3.703127e-03   6.460801e-36   1.000000e+02
3.737426e-03   6.485162e-36   1.000000e+02
3.772042e-03   6.506723e-36   1.000000e+02
3.806980e-03   6.525218e-36   1.000000e+02
3.842241e-03   6.540384e-36   1.000000e+02
3.877828e-03   6.551959e-36   1.000000e+02
3.913746e-03   6.559685e-36   1.000000e+02
3.949995e-03   6.563310e-36   1.000000e+02
3.986581e-03   6.562590e-36   1.000000e+02
4.023506e-03   6.557374e-36   1.000000e+02
4.060772e-03   6.548655e-36   1.000000e+02
4.098384e-03   6.538222e-36   1.000000e+02
4.136344e-03   6.527869e-36   1.000000e+02
4.174655e-03   6.519382e-36   1.000000e+02
4.213322e-03   6.514538e-36   1.000000e+02
4.252346e-03   6.515111e-36   1.000000e+02
4.291732e-03   6.522889e-36   1.000000e+02
4.331483e-03   6.539689e-36   1.000000e+02
4.371602e-03   6.567379e-36   1.000000e+02
4.412093e-03   6.607906e-36   1.000000e+02
4.452959e-03   6.663330e-36   1.000000e+02
4.494203e-03   6.735866e-36   1.000000e+02
4.535829e-03   6.827930e-36   1.000000e+02
4.577841e-03   6.942202e-36   1.000000e+02
4.620241e-03   7.081689e-36   1.000000e+02
4.663035e-03   7.249813e-36   1.000000e+02
4.706225e-03   7.450511e-36   1.000000e+02
4.749815e-03   7.688356e-36   1.000000e+02
4.793808e-03   7.968711e-36   1.000000e+02
4.838210e-03   8.297911e-36   1.000000e+02
4.883022e-03   8.683493e-36   1.000000e+02
4.928250e-03   9.134485e-36   1.000000e+02
4.973896e-03   9.661766e-36   1.000000e+02
5.019965e-03   1.027845e-35   1.000000e+02
5.066461e-03   1.099787e-35   1.000000e+02
5.113388e-03   1.183278e-35   1.000000e+02
5.160749e-03   1.279800e-35   1.000000e+02
5.208549e-03   1.391085e-35   1.000000e+02
5.256791e-03   1.519155e-35   1.000000e+02
5.305481e-03   1.666351e-35   1.000000e+02
5.354621e-03   1.835384e-35   1.000000e+02
5.404216e-03   2.029379e-35   1.000000e+02
5.454271e-03   2.251931e-35   1.000000e+02
5.504790e-03   2.507161e-35   1.000000e+02
5.555776e-03   2.799784e-35   1.000000e+02
5.607235e-03   3.135174e-35   1.000000e+02
5.659170e-03   3.519439e-35   1.000000e+02
5.711586e-03   3.959494e-35   1.000000e+02
5.764488e-03   4.463136e-35   1.000000e+02
5.817880e-03   5.039119e-35   1.000000e+02
5.871766e-03   5.697218e-35   1.000000e+02
5.926152e-03   6.448291e-35   1.000000e+02
5.981041e-03   7.304319e-35   1.000000e+02
6.036439e-03   8.278600e-35   1.000000e+02
6.092349e-03   9.388005e-35   1.000000e+02
6.148778e-03   1.065364e-34   1.000000e+02
6.205729e-03   1.210043e-34   1.000000e+02
6.263207e-03   1.375791e-34   1.000000e+02
6.321218e-03   1.566112e-34   1.000000e+02
6.379767e-03   1.785181e-34   1.000000e+02
6.438857e-03   2.037984e-34   1.000000e+02
6.498495e-03   2.330499e-34   1.000000e+02
6.558686e-03   2.669910e-34   1.000000e+02
6.619433e-03   3.064886e-34   1.000000e+02
6.680744e-03   3.525917e-34   1.000000e+02
6.742622e-03   4.065746e-34   1.000000e+02
6.805074e-03   4.699903e-34   1.000000e+02
6.868104e-03   5.447389e-34   1.000000e+02
6.931717e-03   6.331532e-34   1.000000e+02
6.995920e-03   7.381090e-34   1.000000e+02
7.060718e-03   8.631341e-34   1.000000e+02
7.126115e-03   1.012426e-33   1.000000e+02
7.192119e-03   1.191062e-33   1.000000e+02
7.258734e-03   1.405238e-33   1.000000e+02
7.325965e-03   1.662529e-33   1.000000e+02
7.393820e-03   1.972199e-33   1.000000e+02
7.462303e-03   2.345596e-33   1.000000e+02
7.531420e-03   2.796632e-33   1.000000e+02
7.601178e-03   3.342381e-33   1.000000e+02
7.671581e-03   4.003814e-33   1.000000e+02
7.742637e-03   4.806709e-33   1.000000e+02
7.814351e-03   5.782777e-33   1.000000e+02
7.886729e-03   6.971057e-33   1.000000e+02
7.959777e-03   8.419631e-33   1.000000e+02
8.033502e-03   1.018786e-32   1.000000e+02
8.107910e-03   1.235265e-32   1.000000e+02
8.183007e-03   1.501628e-32   1.000000e+02
8.258799e-03   1.831194e-32   1.000000e+02
8.335294e-03   2.241411e-32   1.000000e+02
8.412497e-03   2.755301e-32   1.000000e+02
8.490415e-03   3.403472e-32   1.000000e+02
8.569055e-03   4.226939e-32   1.000000e+02
8.648423e-03   5.281117e-32   1.000000e+02
8.728527e-03   6.641507e-32   1.000000e+02
8.809372e-03   8.411895e-32   1.000000e+02
8.890966e-03   1.073625e-31   1.000000e+02
8.973316e-03   1.381618e-31   1.000000e+02
9.056428e-03   1.793432e-31   1.000000e+02
9.140311e-03   2.345602e-31   1.000000e+02
9.224970e-03   3.084508e-31   1.000000e+02
9.310413e-03   4.069699e-31   1.000000e+02
9.396648e-03   5.376089e-31   1.000000e+02
9.483682e-03   7.095471e-31   1.000000e+02
9.571522e-03   9.336618e-31   1.000000e+02
9.660175e-03   1.222290e-30   1.000000e+02
9.749649e-03   1.588614e-30   1.000000e+02
9.839952e-03   2.045524e-30   1.000000e+02
9.931092e-03   2.603850e-30   1.000000e+02
1.002308e-02   3.269941e-30   1.000000e+02
1.011591e-02   4.047920e-30   1.000000e+02
1.020961e-02   4.948230e-30   1.000000e+02
1.030417e-02   5.985198e-30   1.000000e+02
1.039961e-02   7.177985e-30   1.000000e+02
1.049593e-02   8.552767e-30   1.000000e+02
1.059315e-02   1.014555e-29   1.000000e+02
1.069126e-02   1.200587e-29   1.000000e+02
1.079029e-02   1.420189e-29   1.000000e+02
1.089023e-02   1.682742e-29   1.000000e+02
1.099110e-02   2.001208e-29   1.000000e+02
1.109290e-02   2.392817e-29   1.000000e+02
1.119564e-02   2.876385e-29   1.000000e+02
1.129934e-02   3.474054e-29   1.000000e+02
1.140400e-02   4.213171e-29   1.000000e+02
1.150962e-02   5.127382e-29   1.000000e+02
1.161623e-02   6.257885e-29   1.000000e+02
1.172382e-02   7.654837e-29   1.000000e+02
1.183241e-02   9.378901e-29   1.000000e+02
1.194200e-02   1.150288e-28   1.000000e+02
1.205261e-02   1.411359e-28   1.000000e+02
1.216424e-02   1.731988e-28   1.000000e+02
1.227691e-02   2.126195e-28   1.000000e+02
1.239062e-02   2.611530e-28   1.000000e+02
1.250539e-02   3.209988e-28   1.000000e+02
1.262121e-02   3.949221e-28   1.000000e+02
1.273811e-02   4.864091e-28   1.000000e+02
1.285610e-02   5.998700e-28   1.000000e+02
1.297517e-02   7.409019e-28   1.000000e+02
1.309535e-02   9.166137e-28   1.000000e+02
1.321664e-02   1.135902e-27   1.000000e+02
1.333906e-02   1.409939e-27   1.000000e+02
1.346261e-02   1.752833e-27   1.000000e+02
1.358730e-02   2.182415e-27   1.000000e+02
1.371315e-02   2.721240e-27   1.000000e+02
1.384016e-02   3.397854e-27   1.000000e+02
1.396835e-02   4.248415e-27   1.000000e+02
1.409773e-02   5.318774e-27   1.000000e+02
1.422830e-02   6.667383e-27   1.000000e+02
1.436009e-02   8.368830e-27   1.000000e+02
1.449310e-02   1.051831e-26   1.000000e+02
1.462733e-02   1.323750e-26   1.000000e+02
1.476281e-02   1.668209e-26   1.000000e+02
1.489955e-02   2.105166e-26   1.000000e+02
1.503755e-02   2.660235e-26   1.000000e+02
1.517683e-02   3.366316e-26   1.000000e+02
1.531740e-02   4.265689e-26   1.000000e+02
1.545928e-02   5.412785e-26   1.000000e+02
1.560246e-02   6.877765e-26   1.000000e+02
1.574698e-02   8.751179e-26   1.000000e+02
1.589283e-02   1.115003e-25   1.000000e+02
1.604003e-02   1.422571e-25   1.000000e+02
1.618860e-02   1.817427e-25   1.000000e+02
1.633854e-02   2.324992e-25   1.000000e+02
1.648987e-02   2.978263e-25   1.000000e+02
1.664260e-02   3.820127e-25   1.000000e+02
1.679675e-02   4.906387e-25   1.000000e+02
1.695232e-02   6.309731e-25   1.000000e+02
1.710934e-02   8.124954e-25   1.000000e+02
1.726781e-02   1.047582e-24   1.000000e+02
1.742775e-02   1.352409e-24   1.000000e+02
1.758917e-02   1.748142e-24   1.000000e+02
1.775208e-02   2.262509e-24   1.000000e+02
1.791650e-02   2.931869e-24   1.000000e+02
1.808245e-02   3.803957e-24   1.000000e+02
1.824993e-02   4.941528e-24   1.000000e+02
1.841897e-02   6.427198e-24   1.000000e+02
1.858957e-02   8.369831e-24   1.000000e+02
1.876175e-02   1.091306e-23   1.000000e+02
1.893552e-02   1.424659e-23   1.000000e+02
1.911091e-02   1.862129e-23   1.000000e+02
1.928792e-02   2.436933e-23   1.000000e+02
1.946656e-02   3.193097e-23   1.000000e+02
1.964687e-02   4.189049e-23   1.000000e+02
1.982884e-02   5.502416e-23   1.000000e+02
2.001250e-02   7.236461e-23   1.000000e+02
2.019786e-02   9.528628e-23   1.000000e+02
2.038493e-02   1.256178e-22   1.000000e+02
2.057374e-02   1.657949e-22   1.000000e+02
2.076430e-02   2.190654e-22   1.000000e+02
2.095662e-02   2.897622e-22   1.000000e+02
2.115073e-02   3.836701e-22   1.000000e+02
2.134663e-02   5.085169e-22   1.000000e+02
2.154435e-02   6.746321e-22   1.000000e+02
2.174389e-02   8.958301e-22   1.000000e+02
2.194529e-02   1.190596e-21   1.000000e+02
2.214855e-02   1.583674e-21   1.000000e+02
2.235370e-02   2.108207e-21   1.000000e+02
2.256074e-02   2.808598e-21   1.000000e+02
2.276970e-02   3.744360e-21   1.000000e+02
2.298060e-02   4.995284e-21   1.000000e+02
2.319345e-02   6.668380e-21   1.000000e+02
2.340827e-02   8.907198e-21   1.000000e+02
2.362508e-02   1.190434e-20   1.000000e+02
2.384390e-02   1.591827e-20   1.000000e+02
2.406475e-02   2.129588e-20   1.000000e+02
2.428764e-02   2.850281e-20   1.000000e+02
2.451260e-02   3.816410e-20   1.000000e+02
2.473964e-02   5.111876e-20   1.000000e+02
2.496878e-02   6.849308e-20   1.000000e+02
2.520005e-02   9.179938e-20   1.000000e+02
2.543346e-02   1.230726e-19   1.000000e+02
2.566903e-02   1.650517e-19   1.000000e+02
2.590678e-02   2.214234e-19   1.000000e+02
2.614673e-02   2.971531e-19   1.000000e+02
2.638891e-02   3.989313e-19   1.000000e+02
2.663333e-02   5.357787e-19   1.000000e+02
2.688001e-02   7.198638e-19   1.000000e+02
2.712898e-02   9.676111e-19   1.000000e+02
2.738025e-02   1.301204e-18   1.000000e+02
2.763385e-02   1.750619e-18   1.000000e+02
2.788980e-02   2.356395e-18   1.000000e+02
2.814812e-02   3.173385e-18   1.000000e+02
2.840884e-02   4.275865e-18   1.000000e+02
2.867196e-02   5.764474e-18   1.000000e+02
2.893753e-02   7.775675e-18   1.000000e+02
2.920556e-02   1.049464e-17   1.000000e+02
2.947606e-02   1.417280e-17   1.000000e+02
2.974908e-02   1.915186e-17   1.000000e+02
3.002462e-02   2.589653e-17   1.000000e+02
3.030271e-02   3.503749e-17   1.000000e+02
3.058338e-02   4.742438e-17   1.000000e+02
3.086665e-02   6.420230e-17   1.000000e+02
3.115254e-02   8.691263e-17   1.000000e+02
3.144108e-02   1.176256e-16   1.000000e+02
3.173230e-02   1.591147e-16   1.000000e+02
3.202621e-02   2.150856e-16   1.000000e+02
3.232284e-02   2.904748e-16   1.000000e+02
3.262222e-02   3.918361e-16   1.000000e+02
3.292437e-02   5.278403e-16   1.000000e+02
3.322933e-02   7.099142e-16   1.000000e+02
3.353710e-02   9.530537e-16   1.000000e+02
3.384773e-02   1.276851e-15   1.000000e+02
3.416123e-02   1.706781e-15   1.000000e+02
3.447764e-02   2.275794e-15   1.000000e+02
3.479698e-02   3.026277e-15   1.000000e+02
3.511928e-02   4.012438e-15   1.000000e+02
3.544456e-02   5.303163e-15   1.000000e+02
3.577285e-02   6.985405e-15   1.000000e+02
3.610419e-02   9.168145e-15   1.000000e+02
3.643859e-02   1.198692e-14   1.000000e+02
3.677609e-02   1.560893e-14   1.000000e+02
3.711672e-02   2.023863e-14   1.000000e+02
3.746050e-02   2.612371e-14   1.000000e+02
3.780747e-02   3.356118e-14   1.000000e+02
3.815765e-02   4.290337e-14   1.000000e+02
3.851107e-02   5.456330e-14   1.000000e+02
3.886777e-02   6.901887e-14   1.000000e+02
3.922777e-02   8.681530e-14   1.000000e+02
3.959110e-02   1.085648e-13   1.000000e+02
3.995780e-02   1.349426e-13   1.000000e+02
4.032790e-02   1.666919e-13   1.000000e+02
4.070142e-02   2.047017e-13   1.000000e+02
4.107841e-02   2.500199e-13   1.000000e+02
4.145888e-02   3.038641e-13   1.000000e+02
4.184289e-02   3.676556e-13   1.000000e+02
4.223044e-02   4.430627e-13   1.000000e+02
4.262159e-02   5.320550e-13   1.000000e+02
4.301636e-02   6.369723e-13   1.000000e+02
4.341478e-02   7.606108e-13   1.000000e+02
4.381690e-02   9.063326e-13   1.000000e+02
4.422274e-02   1.078204e-12   1.000000e+02
4.463234e-02   1.281174e-12   1.000000e+02
4.504573e-02   1.521298e-12   1.000000e+02
4.546295e-02   1.806029e-12   1.000000e+02
4.588404e-02   2.144590e-12   1.000000e+02
4.630903e-02   2.548465e-12   1.000000e+02
4.673795e-02   3.032026e-12   1.000000e+02
4.717085e-02   3.613369e-12   1.000000e+02
4.760775e-02   4.315410e-12   1.000000e+02
4.804870e-02   5.167346e-12   1.000000e+02
4.849374e-02   6.206603e-12   1.000000e+02
4.894290e-02   7.481463e-12   1.000000e+02
4.939622e-02   9.054626e-12   1.000000e+02
4.985373e-02   1.100807e-11   1.000000e+02
5.031549e-02   1.344912e-11   1.000000e+02
5.078152e-02   1.651150e-11   1.000000e+02
5.125187e-02   2.036209e-11   1.000000e+02
5.172657e-02   2.521345e-11   1.000000e+02
5.220568e-02   3.133628e-11   1.000000e+02
5.268921e-02   3.907501e-11   1.000000e+02
5.317723e-02   4.886730e-11   1.000000e+02
5.366977e-02   6.126837e-11   1.000000e+02
5.416687e-02   7.698110e-11   1.000000e+02
5.466857e-02   9.689310e-11   1.000000e+02
5.517492e-02   1.221219e-10   1.000000e+02
5.568596e-02   1.540699e-10   1.000000e+02
5.620174e-02   1.944895e-10   1.000000e+02
5.672229e-02   2.455614e-10   1.000000e+02
5.724766e-02   3.099850e-10   1.000000e+02
5.777790e-02   3.910831e-10   1.000000e+02
5.831305e-02   4.929197e-10   1.000000e+02
5.885316e-02   6.204309e-10   1.000000e+02
5.939827e-02   7.795639e-10   1.000000e+02
5.994843e-02   9.774225e-10   1.000000e+02
6.050368e-02   1.222467e-09   1.000000e+02
6.106408e-02   1.525025e-09   1.000000e+02
6.162966e-02   1.897577e-09   1.000000e+02
6.220049e-02   2.355058e-09   1.000000e+02
6.277660e-02   2.915286e-09   1.000000e+02
6.335805e-02   3.599443e-09   1.000000e+02
6.394488e-02   4.432628e-09   1.000000e+02
6.453715e-02   5.444479e-09   1.000000e+02
6.513491e-02   6.669879e-09   1.000000e+02
6.573820e-02   8.149734e-09   1.000000e+02
6.634708e-02   9.931848e-09   1.000000e+02
6.696160e-02   1.207189e-08   1.000000e+02
6.758181e-02   1.463444e-08   1.000000e+02
6.820777e-02   1.769417e-08   1.000000e+02
6.883952e-02   2.133706e-08   1.000000e+02
6.947713e-02   2.566179e-08   1.000000e+02
7.012064e-02   3.078112e-08   1.000000e+02
7.077011e-02   3.682355e-08   1.000000e+02
7.142559e-02   4.393522e-08   1.000000e+02
7.208715e-02   5.228150e-08   1.000000e+02
7.275484e-02   6.204886e-08   1.000000e+02
7.342870e-02   7.344675e-08   1.000000e+02
7.410882e-02   8.670950e-08   1.000000e+02
7.479523e-02   1.020983e-07   1.000000e+02
7.548799e-02   1.199031e-07   1.000000e+02
7.618718e-02   1.404446e-07   1.000000e+02
7.689284e-02   1.640757e-07   1.000000e+02
7.760503e-02   1.911838e-07   1.000000e+02
7.832383e-02   2.221915e-07   1.000000e+02
7.904928e-02   2.575585e-07   1.000000e+02
7.978145e-02   2.977823e-07   1.000000e+02
8.052040e-02   3.433803e-07   1.000000e+02
8.126619e-02   3.946812e-07   1.000000e+02
8.201889e-02   4.517662e-07   1.000000e+02
8.277857e-02   5.144905e-07   1.000000e+02
8.354528e-02   5.824214e-07   1.000000e+02
8.431909e-02   6.547772e-07   1.000000e+02
8.510007e-02   7.303754e-07   1.000000e+02
8.588829e-02   8.075977e-07   1.000000e+02
8.668380e-02   8.843829e-07   1.000000e+02
8.748668e-02   9.582569e-07   1.000000e+02
8.829700e-02   1.026408e-06   1.000000e+02
8.911482e-02   1.085811e-06   1.000000e+02
8.994022e-02   1.133405e-06   1.000000e+02
9.077327e-02   1.166940e-06   1.000000e+02
9.161402e-02   1.187826e-06   1.000000e+02
9.246257e-02   1.199142e-06   1.000000e+02
9.331898e-02   1.204408e-06   1.000000e+02
9.418332e-02   1.207355e-06   1.000000e+02
9.505566e-02   1.211787e-06   1.000000e+02
9.593608e-02   1.221576e-06   1.000000e+02
9.682466e-02   1.240764e-06   1.000000e+02
9.772147e-02   1.273812e-06   1.000000e+02
9.862658e-02   1.325991e-06   1.000000e+02
9.954008e-02   1.404003e-06   1.000000e+02
1.004620e-01   1.516722e-06   1.000000e+02
1.013925e-01   1.672045e-06   1.000000e+02
1.023317e-01   1.876119e-06   1.000000e+02
1.032795e-01   2.136768e-06   1.000000e+02
1.042361e-01   2.463498e-06   1.000000e+02
1.052015e-01   2.867204e-06   1.000000e+02
1.061759e-01   3.359621e-06   1.000000e+02
1.071593e-01   3.952400e-06   1.000000e+02
1.081519e-01   4.655689e-06   1.000000e+02
1.091536e-01   5.476123e-06   1.000000e+02
1.101646e-01   6.414212e-06   1.000000e+02
1.111850e-01   7.467981e-06   1.000000e+02
1.122148e-01   8.646512e-06   1.000000e+02
1.132541e-01   9.963084e-06   1.000000e+02
1.143031e-01   1.143402e-05   1.000000e+02
1.153618e-01   1.307959e-05   1.000000e+02
1.164303e-01   1.492506e-05   1.000000e+02
1.175087e-01   1.700210e-05   1.000000e+02
1.185971e-01   1.935043e-05   1.000000e+02
1.196956e-01   2.202001e-05   1.000000e+02
1.208042e-01   2.507221e-05   1.000000e+02
1.219231e-01   2.856657e-05   1.000000e+02
1.230524e-01   3.256186e-05   1.000000e+02
1.241921e-01   3.712265e-05   1.000000e+02
1.253424e-01   4.231957e-05   1.000000e+02
1.265034e-01   4.822910e-05   1.000000e+02
1.276751e-01   5.493339e-05   1.000000e+02
1.288576e-01   6.251962e-05   1.000000e+02
1.300511e-01   7.107916e-05   1.000000e+02
1.312557e-01   8.070686e-05   1.000000e+02
1.324714e-01   9.150095e-05   1.000000e+02
1.336984e-01   1.035606e-04   1.000000e+02
1.349367e-01   1.169835e-04   1.000000e+02
1.361865e-01   1.318628e-04   1.000000e+02
1.374479e-01   1.482840e-04   1.000000e+02
1.387210e-01   1.663213e-04   1.000000e+02
1.400058e-01   1.860330e-04   1.000000e+02
1.413026e-01   2.074944e-04   1.000000e+02
1.426114e-01   2.309378e-04   1.000000e+02
1.439323e-01   2.567029e-04   1.000000e+02
1.452654e-01   2.852258e-04   1.000000e+02
1.466109e-01   3.170618e-04   1.000000e+02
1.479688e-01   3.529157e-04   1.000000e+02
1.493393e-01   3.936815e-04   1.000000e+02
1.507225e-01   4.404795e-04   1.000000e+02
1.521186e-01   4.943750e-04   1.000000e+02
1.535275e-01   5.562645e-04   1.000000e+02
1.549495e-01   6.270937e-04   1.000000e+02
1.563847e-01   7.078512e-04   1.000000e+02
1.578331e-01   7.995437e-04   1.000000e+02
1.592950e-01   9.031615e-04   1.000000e+02
1.607704e-01   1.019648e-03   1.000000e+02
1.622595e-01   1.150185e-03   1.000000e+02
1.637624e-01   1.296331e-03   1.000000e+02
1.652792e-01   1.459811e-03   1.000000e+02
1.668101e-01   1.642527e-03   1.000000e+02
1.683551e-01   1.846569e-03   1.000000e+02
1.699144e-01   2.074236e-03   1.000000e+02
1.714882e-01   2.328052e-03   1.000000e+02
1.730766e-01   2.610787e-03   1.000000e+02
1.746796e-01   2.925477e-03   1.000000e+02
1.762975e-01   3.275448e-03   1.000000e+02
1.779304e-01   3.664340e-03   1.000000e+02
1.795785e-01   4.096136e-03   1.000000e+02
1.812418e-01   4.575203e-03   1.000000e+02
1.829205e-01   5.106502e-03   1.000000e+02
1.846147e-01   5.695630e-03   1.000000e+02
1.863246e-01   6.348820e-03   1.000000e+02
1.880504e-01   7.073027e-03   1.000000e+02
1.897922e-01   7.876014e-03   1.000000e+02
1.915501e-01   8.766466e-03   1.000000e+02
1.933242e-01   9.754105e-03   1.000000e+02
1.951148e-01   1.084983e-02   1.000000e+02
1.969220e-01   1.206589e-02   1.000000e+02
1.987460e-01   1.341605e-02   1.000000e+02
2.005868e-01   1.491578e-02   1.000000e+02
2.024447e-01   1.658209e-02   1.000000e+02
2.043197e-01   1.843315e-02   1.000000e+02
2.062122e-01   2.048897e-02   1.000000e+02
2.081222e-01   2.277164e-02   1.000000e+02
2.100498e-01   2.530553e-02   1.000000e+02
2.119953e-01   2.811751e-02   1.000000e+02
2.139589e-01   3.123720e-02   1.000000e+02
2.159406e-01   3.469720e-02   1.000000e+02
2.179407e-01   3.853338e-02   1.000000e+02
2.199593e-01   4.278520e-02   1.000000e+02
2.219966e-01   4.749601e-02   1.000000e+02
2.240528e-01   5.271342e-02   1.000000e+02
2.261280e-01   5.848966e-02   1.000000e+02
2.282224e-01   6.488200e-02   1.000000e+02
2.303363e-01   7.195316e-02   1.000000e+02
2.324697e-01   7.977180e-02   1.000000e+02
2.346229e-01   8.841301e-02   1.000000e+02
2.367960e-01   9.795882e-02   1.000000e+02
2.389893e-01   1.084988e-01   1.000000e+02
2.412028e-01   1.201306e-01   1.000000e+02
2.434369e-01   1.329606e-01   1.000000e+02
2.456916e-01   1.471046e-01   1.000000e+02
2.479673e-01   1.626885e-01   1.000000e+02
2.502640e-01   1.798491e-01   1.000000e+02
2.525820e-01   1.987359e-01   1.000000e+02
2.549215e-01   2.195146e-01   1.000000e+02
2.572826e-01   2.423670e-01   1.000000e+02
2.596656e-01   2.674918e-01   1.000000e+02
2.620707e-01   2.951061e-01   1.000000e+02
2.644980e-01   3.254472e-01   1.000000e+02
2.669478e-01   3.587744e-01   1.000000e+02
2.694204e-01   3.953708e-01   1.000000e+02
2.719158e-01   4.355460e-01   1.000000e+02
2.744343e-01   4.796379e-01   1.000000e+02
2.769762e-01   5.280158e-01   1.000000e+02
2.795416e-01   5.810830e-01   1.000000e+02
2.821308e-01   6.392799e-01   1.000000e+02
2.847439e-01   7.030877e-01   1.000000e+02
2.873813e-01   7.730317e-01   1.000000e+02
2.900430e-01   8.496860e-01   1.000000e+02
2.927295e-01   9.336771e-01   1.000000e+02
2.954408e-01   1.025690e+00   1.000000e+02
2.981772e-01   1.126471e+00   1.000000e+02
3.009390e-01   1.236838e+00   1.000000e+02
3.037264e-01   1.357674e+00   1.000000e+02
3.065395e-01   1.489925e+00   1.000000e+02
3.093788e-01   1.634619e+00   1.000000e+02
3.122443e-01   1.792867e+00   1.000000e+02
3.151363e-01   1.965872e+00   1.000000e+02
3.180552e-01   2.154938e+00   1.000000e+02
3.210011e-01   2.361473e+00   1.000000e+02
3.239743e-01   2.587000e+00   1.000000e+02
3.269750e-01   2.833162e+00   1.000000e+02
3.300035e-01   3.101733e+00   1.000000e+02
3.330600e-01   3.394625e+00   1.000000e+02
3.361449e-01   3.713900e+00   1.000000e+02
3.392583e-01   4.061776e+00   1.000000e+02
3.424006e-01   4.440638e+00   1.000000e+02
3.455720e-01   4.853054e+00   1.000000e+02
3.487727e-01   5.301777e+00   1.000000e+02
3.520031e-01   5.789770e+00   1.000000e+02
3.552635e-01   6.320297e+00   1.000000e+02
3.585540e-01   6.896951e+00   1.000000e+02
3.618750e-01   7.523632e+00   1.000000e+02
3.652267e-01   8.204571e+00   1.000000e+02
3.686095e-01   8.944363e+00   1.000000e+02
3.720237e-01   9.747998e+00   1.000000e+02
3.754694e-01   1.062090e+01   1.000000e+02
3.789471e-01   1.156895e+01   1.000000e+02
3.824570e-01   1.259855e+01   1.000000e+02
3.859994e-01   1.371668e+01   1.000000e+02
3.895746e-01   1.493090e+01   1.000000e+02
3.931829e-01   1.624946e+01   1.000000e+02
3.968246e-01   1.768134e+01   1.000000e+02
4.005001e-01   1.923631e+01   1.000000e+02
4.042096e-01   2.092482e+01   1.000000e+02
4.079535e-01   2.275760e+01   1.000000e+02
4.117320e-01   2.474600e+01   1.000000e+02
4.155455e-01   2.690215e+01   1.000000e+02
4.193944e-01   2.923894e+01   1.000000e+02
4.232789e-01   3.177009e+01   1.000000e+02
4.271994e-01   3.451014e+01   1.000000e+02
4.311562e-01   3.747449e+01   1.000000e+02
4.351497e-01   4.067944e+01   1.000000e+02
4.391801e-01   4.414218e+01   1.000000e+02
4.432479e-01   4.788081e+01   1.000000e+02
4.473533e-01   5.191435e+01   1.000000e+02
4.514968e-01   5.626278e+01   1.000000e+02
4.556786e-01   6.094816e+01   1.000000e+02
4.598992e-01   6.599566e+01   1.000000e+02
4.641589e-01   7.143258e+01   1.000000e+02
4.684580e-01   7.728836e+01   1.000000e+02
4.727970e-01   8.359483e+01   1.000000e+02
4.771761e-01   9.038639e+01   1.000000e+02
4.815958e-01   9.770024e+01   1.000000e+02
4.860564e-01   1.055767e+02   1.000000e+02
4.905584e-01   1.140593e+02   1.000000e+02
4.951020e-01   1.231954e+02   1.000000e+02
4.996877e-01   1.330363e+02   1.000000e+02
5.043159e-01   1.436372e+02   1.000000e+02
5.089870e-01   1.550546e+02   1.000000e+02
5.137014e-01   1.673483e+02   1.000000e+02
5.184594e-01   1.805821e+02   1.000000e+02
5.232614e-01   1.948240e+02   1.000000e+02
5.281080e-01   2.101466e+02   1.000000e+02
5.329994e-01   2.266273e+02   1.000000e+02
5.379362e-01   2.443485e+02   1.000000e+02
5.429186e-01   2.633980e+02   1.000000e+02
5.479472e-01   2.838694e+02   1.000000e+02
5.530224e-01   3.058619e+02   1.000000e+02
5.581446e-01   3.294813e+02   1.000000e+02
5.633143e-01   3.548401e+02   1.000000e+02
5.685318e-01   3.820573e+02   1.000000e+02
5.737976e-01   4.112598e+02   1.000000e+02
5.791123e-01   4.425818e+02   1.000000e+02
5.844761e-01   4.761657e+02   1.000000e+02
5.898896e-01   5.121624e+02   1.000000e+02
5.953533e-01   5.507318e+02   1.000000e+02
6.008676e-01   5.920428e+02   1.000000e+02
6.064329e-01   6.362755e+02   1.000000e+02
6.120498e-01   6.836239e+02   1.000000e+02
6.177188e-01   7.342946e+02   1.000000e+02
6.234402e-01   7.885072e+02   1.000000e+02
6.292146e-01   8.464948e+02   1.000000e+02
6.350425e-01   9.085053e+02   1.000000e+02
6.409244e-01   9.748015e+02   1.000000e+02
6.468608e-01   1.045663e+03   1.000000e+02
6.528521e-01   1.121386e+03   1.000000e+02
6.588990e-01   1.202285e+03   1.000000e+02
6.650018e-01   1.288695e+03   1.000000e+02
6.711612e-01   1.380969e+03   1.000000e+02
6.773776e-01   1.479484e+03   1.000000e+02
6.836516e-01   1.584638e+03   1.000000e+02
6.899837e-01   1.696854e+03   1.000000e+02
6.963745e-01   1.816581e+03   1.000000e+02
7.028244e-01   1.944295e+03   1.000000e+02
7.093341e-01   2.080496e+03   1.000000e+02
7.159041e-01   2.225712e+03   1.000000e+02
7.225349e-01   2.380501e+03   1.000000e+02
7.292272e-01   2.545452e+03   1.000000e+02
7.359814e-01   2.721187e+03   1.000000e+02
7.427982e-01   2.908362e+03   1.000000e+02
7.496782e-01   3.107673e+03   1.000000e+02
7.566219e-01   3.319851e+03   1.000000e+02
7.636298e-01   3.545670e+03   1.000000e+02
7.707027e-01   3.785943e+03   1.000000e+02
7.778411e-01   4.041531e+03   1.000000e+02
7.850456e-01   4.313339e+03   1.000000e+02
7.923169e-01   4.602322e+03   1.000000e+02
7.996555e-01   4.909486e+03   1.000000e+02
8.070620e-01   5.235890e+03   1.000000e+02
8.145372e-01   5.582653e+03   1.000000e+02
8.220816e-01   5.950955e+03   1.000000e+02
8.296959e-01   6.342038e+03   1.000000e+02
8.373807e-01   6.757209e+03   1.000000e+02
8.451366e-01   7.197847e+03   1.000000e+02
8.529644e-01   7.665398e+03   1.000000e+02
8.608648e-01   8.161387e+03   1.000000e+02
8.688383e-01   8.687416e+03   1.000000e+02
8.768856e-01   9.245171e+03   1.000000e+02
8.850075e-01   9.836422e+03   1.000000e+02
8.932046e-01   1.046303e+04   1.000000e+02
9.014776e-01   1.112695e+04   1.000000e+02
9.098273e-01   1.183024e+04   1.000000e+02
9.182543e-01   1.257503e+04   1.000000e+02
9.267593e-01   1.336356e+04   1.000000e+02
9.353432e-01   1.419819e+04   1.000000e+02
9.440065e-01   1.508137e+04   1.000000e+02
9.527500e-01   1.601569e+04   1.000000e+02
9.615746e-01   1.700383e+04   1.000000e+02
9.704809e-01   1.804862e+04   1.000000e+02
9.794697e-01   1.915301e+04   1.000000e+02
9.885417e-01   2.032008e+04   1.000000e+02
9.976978e-01   2.155307e+04   1.000000e+02
1.006939e+00   2.285532e+04   1.000000e+02
1.016265e+00   2.423039e+04   1.000000e+02
1.025678e+00   2.568199e+04   1.000000e+02
1.035178e+00   2.721399e+04   1.000000e+02
1.044766e+00   2.883044e+04   1.000000e+02
1.054443e+00   3.053557e+04   1.000000e+02
1.064209e+00   3.233381e+04   1.000000e+02
1.074066e+00   3.422977e+04   1.000000e+02
1.084014e+00   3.622827e+04   1.000000e+02
1.094055e+00   3.833433e+04   1.000000e+02
1.104188e+00   4.055321e+04   1.000000e+02
1.114415e+00   4.289037e+04   1.000000e+02
1.124737e+00   4.535152e+04   1.000000e+02
1.135155e+00   4.794260e+04   1.000000e+02
1.145669e+00   5.066981e+04   1.000000e+02
1.156280e+00   5.353960e+04   1.000000e+02
1.166990e+00   5.655870e+04   1.000000e+02
1.177799e+00   5.973411e+04   1.000000e+02
1.188708e+00   6.307311e+04   1.000000e+02
1.199718e+00   6.658330e+04   1.000000e+02
1.210830e+00   7.027255e+04   1.000000e+02
1.222045e+00   7.414908e+04   1.000000e+02
1.233363e+00   7.822142e+04   1.000000e+02
1.244787e+00   8.249845e+04   1.000000e+02
1.256317e+00   8.698938e+04   1.000000e+02
1.267953e+00   9.170399e+04   1.000000e+02
1.279697e+00   9.665267e+04   1.000000e+02
1.291550e+00   1.018463e+05   1.000000e+02
1.303512e+00   1.072961e+05   1.000000e+02
1.315586e+00   1.130140e+05   1.000000e+02
1.327771e+00   1.190124e+05   1.000000e+02
1.340069e+00   1.253043e+05   1.000000e+02
1.352481e+00   1.319032e+05   1.000000e+02
1.365008e+00   1.388233e+05   1.000000e+02
1.377651e+00   1.460795e+05   1.000000e+02
1.390411e+00   1.536872e+05   1.000000e+02
1.403289e+00   1.616627e+05   1.000000e+02
1.416287e+00   1.700230e+05   1.000000e+02
1.429405e+00   1.787859e+05   1.000000e+02
1.442644e+00   1.879700e+05   1.000000e+02
1.456006e+00   1.975949e+05   1.000000e+02
1.469492e+00   2.076809e+05   1.000000e+02
1.483103e+00   2.182495e+05   1.000000e+02
1.496839e+00   2.293230e+05   1.000000e+02
1.510703e+00   2.409247e+05   1.000000e+02
1.524696e+00   2.530754e+05   1.000000e+02
1.538818e+00   2.657950e+05   1.000000e+02
1.553071e+00   2.791034e+05   1.000000e+02
1.567455e+00   2.930205e+05   1.000000e+02
1.581973e+00   3.075662e+05   1.000000e+02
1.596626e+00   3.227604e+05   1.000000e+02
1.611414e+00   3.386227e+05   1.000000e+02
1.626340e+00   3.551725e+05   1.000000e+02
1.641403e+00   3.724286e+05   1.000000e+02
1.656606e+00   3.904097e+05   1.000000e+02
1.671950e+00   4.091335e+05   1.000000e+02
1.687436e+00   4.286173e+05   1.000000e+02
1.703065e+00   4.488773e+05   1.000000e+02
1.718839e+00   4.699289e+05   1.000000e+02
1.734759e+00   4.917862e+05   1.000000e+02
1.750827e+00   5.144622e+05   1.000000e+02
1.767044e+00   5.379720e+05   1.000000e+02
1.783410e+00   5.623434e+05   1.000000e+02
1.799929e+00   5.876084e+05   1.000000e+02
1.816600e+00   6.138010e+05   1.000000e+02
1.833425e+00   6.409575e+05   1.000000e+02
1.850407e+00   6.691164e+05   1.000000e+02
1.867546e+00   6.983188e+05   1.000000e+02
1.884843e+00   7.286084e+05   1.000000e+02
1.902301e+00   7.600318e+05   1.000000e+02
1.919921e+00   7.926386e+05   1.000000e+02
1.937703e+00   8.264821e+05   1.000000e+02
1.955651e+00   8.616188e+05   1.000000e+02
1.973764e+00   8.981092e+05   1.000000e+02
1.992046e+00   9.360180e+05   1.000000e+02
2.010496e+00   9.754135e+05   1.000000e+02
2.029118e+00   1.016355e+06   1.000000e+02
2.047912e+00   1.058895e+06   1.000000e+02
2.066880e+00   1.103083e+06   1.000000e+02
2.086024e+00   1.148972e+06   1.000000e+02
2.105345e+00   1.196616e+06   1.000000e+02
2.124845e+00   1.246069e+06   1.000000e+02
2.144526e+00   1.297385e+06   1.000000e+02
2.164389e+00   1.350620e+06   1.000000e+02
2.184436e+00   1.405831e+06   1.000000e+02
2.204669e+00   1.463074e+06   1.000000e+02
2.225089e+00   1.522407e+06   1.000000e+02
2.245698e+00   1.583887e+06   1.000000e+02
2.266498e+00   1.647572e+06   1.000000e+02
2.287491e+00   1.713522e+06   1.000000e+02
2.308678e+00   1.781795e+06   1.000000e+02
2.330061e+00   1.852449e+06   1.000000e+02
2.351643e+00   1.925543e+06   1.000000e+02
2.373424e+00   2.001136e+06   1.000000e+02
2.395407e+00   2.079285e+06   1.000000e+02
2.417594e+00   2.160050e+06   1.000000e+02
2.439986e+00   2.243486e+06   1.000000e+02
2.462586e+00   2.329651e+06   1.000000e+02
2.485395e+00   2.418599e+06   1.000000e+02
2.508415e+00   2.510387e+06   1.000000e+02
2.531648e+00   2.605076e+06   1.000000e+02
2.555097e+00   2.702737e+06   1.000000e+02
2.578763e+00   2.803446e+06   1.000000e+02
2.602648e+00   2.907280e+06   1.000000e+02
2.626754e+00   3.014316e+06   1.000000e+02
2.651084e+00   3.124634e+06   1.000000e+02
2.675638e+00   3.238316e+06   1.000000e+02
2.700421e+00   3.355445e+06   1.000000e+02
2.725433e+00   3.476105e+06   1.000000e+02
2.750676e+00   3.600385e+06   1.000000e+02
2.776153e+00   3.728371e+06   1.000000e+02
2.801867e+00   3.860156e+06   1.000000e+02
2.827818e+00   3.995832e+06   1.000000e+02
2.854010e+00   4.135493e+06   1.000000e+02
2.880444e+00   4.279237e+06   1.000000e+02
2.907123e+00   4.427163e+06   1.000000e+02
2.934050e+00   4.579373e+06   1.000000e+02
2.961225e+00   4.735969e+06   1.000000e+02
2.988653e+00   4.897059e+06   1.000000e+02
3.016334e+00   5.062750e+06   1.000000e+02
3.044272e+00   5.233146e+06   1.000000e+02
3.072469e+00   5.408347e+06   1.000000e+02
3.100927e+00   5.588453e+06   1.000000e+02
3.129648e+00   5.773564e+06   1.000000e+02
3.158635e+00   5.963782e+06   1.000000e+02
3.187891e+00   6.159210e+06   1.000000e+02
3.217418e+00   6.359950e+06   1.000000e+02
3.247218e+00   6.566106e+06   1.000000e+02
3.277295e+00   6.777783e+06   1.000000e+02
3.307650e+00   6.995085e+06   1.000000e+02
3.338286e+00   7.218117e+06   1.000000e+02
3.369206e+00   7.446986e+06   1.000000e+02
3.400412e+00   7.681798e+06   1.000000e+02
3.431907e+00   7.922658e+06   1.000000e+02
3.463694e+00   8.169674e+06   1.000000e+02
3.495776e+00   8.422952e+06   1.000000e+02
3.528154e+00   8.682601e+06   1.000000e+02
3.560833e+00   8.948733e+06   1.000000e+02
3.593814e+00   9.221464e+06   1.000000e+02
3.627100e+00   9.500911e+06   1.000000e+02
3.660695e+00   9.787190e+06   1.000000e+02
3.694601e+00   1.008042e+07   1.000000e+02
3.728821e+00   1.038072e+07   1.000000e+02
3.763358e+00   1.068821e+07   1.000000e+02
3.798215e+00   1.100301e+07   1.000000e+02
3.833395e+00   1.132525e+07   1.000000e+02
3.868901e+00   1.165504e+07   1.000000e+02
3.904735e+00   1.199251e+07   1.000000e+02
3.940902e+00   1.233778e+07   1.000000e+02
3.977403e+00   1.269098e+07   1.000000e+02
4.014242e+00   1.305223e+07   1.000000e+02
4.051423e+00   1.342166e+07   1.000000e+02
4.088948e+00   1.379939e+07   1.000000e+02
4.126821e+00   1.418555e+07   1.000000e+02
4.165044e+00   1.458026e+07   1.000000e+02
4.203622e+00   1.498363e+07   1.000000e+02
4.242556e+00   1.539581e+07   1.000000e+02
4.281852e+00   1.581690e+07   1.000000e+02
4.321511e+00   1.624704e+07   1.000000e+02
4.361538e+00   1.668635e+07   1.000000e+02
4.401935e+00   1.713495e+07   1.000000e+02
4.442707e+00   1.759298e+07   1.000000e+02
4.483856e+00   1.806054e+07   1.000000e+02
4.525386e+00   1.853777e+07   1.000000e+02
4.567301e+00   1.902479e+07   1.000000e+02
4.609604e+00   1.952173e+07   1.000000e+02
4.652300e+00   2.002870e+07   1.000000e+02
4.695390e+00   2.054584e+07   1.000000e+02
4.738880e+00   2.107327e+07   1.000000e+02
4.782772e+00   2.161110e+07   1.000000e+02
4.827071e+00   2.215946e+07   1.000000e+02
4.871780e+00   2.271848e+07   1.000000e+02
4.916904e+00   2.328827e+07   1.000000e+02
4.962445e+00   2.386896e+07   1.000000e+02
5.008408e+00   2.446066e+07   1.000000e+02
5.054797e+00   2.506350e+07   1.000000e+02
5.101615e+00   2.567760e+07   1.000000e+02
5.148867e+00   2.630306e+07   1.000000e+02
5.196557e+00   2.694001e+07   1.000000e+02
5.244689e+00   2.758856e+07   1.000000e+02
5.293266e+00   2.824883e+07   1.000000e+02
5.342293e+00   2.892092e+07   1.000000e+02
5.391775e+00   2.960496e+07   1.000000e+02
5.441714e+00   3.030104e+07   1.000000e+02
5.492116e+00   3.100927e+07   1.000000e+02
5.542986e+00   3.172978e+07   1.000000e+02
5.594326e+00   3.246265e+07   1.000000e+02
5.646141e+00   3.320801e+07   1.000000e+02
5.698437e+00   3.396595e+07   1.000000e+02
5.751217e+00   3.473657e+07   1.000000e+02
5.804486e+00   3.551997e+07   1.000000e+02
5.858248e+00   3.631626e+07   1.000000e+02
5.912508e+00   3.712554e+07   1.000000e+02
5.967271e+00   3.794790e+07   1.000000e+02
6.022541e+00   3.878343e+07   1.000000e+02
6.078323e+00   3.963222e+07   1.000000e+02
6.134622e+00   4.049438e+07   1.000000e+02
6.191442e+00   4.136997e+07   1.000000e+02
6.248788e+00   4.225908e+07   1.000000e+02
6.306666e+00   4.316179e+07   1.000000e+02
6.365079e+00   4.407818e+07   1.000000e+02
6.424034e+00   4.500833e+07   1.000000e+02
6.483534e+00   4.595231e+07   1.000000e+02
6.543586e+00   4.691018e+07   1.000000e+02
6.604194e+00   4.788203e+07   1.000000e+02
6.665363e+00   4.886791e+07   1.000000e+02
6.727099e+00   4.986789e+07   1.000000e+02
6.789407e+00   5.088203e+07   1.000000e+02
6.852292e+00   5.191039e+07   1.000000e+02
6.915759e+00   5.295302e+07   1.000000e+02
6.979814e+00   5.400997e+07   1.000000e+02
7.044462e+00   5.508130e+07   1.000000e+02
7.109709e+00   5.616705e+07   1.000000e+02
7.175561e+00   5.726725e+07   1.000000e+02
7.242022e+00   5.838194e+07   1.000000e+02
7.309099e+00   5.951114e+07   1.000000e+02
7.376798e+00   6.065489e+07   1.000000e+02
7.445123e+00   6.181320e+07   1.000000e+02
7.514081e+00   6.298609e+07   1.000000e+02
7.583678e+00   6.417358e+07   1.000000e+02
7.653919e+00   6.537568e+07   1.000000e+02
7.724811e+00   6.659239e+07   1.000000e+02
7.796360e+00   6.782372e+07   1.000000e+02
7.868572e+00   6.906967e+07   1.000000e+02
7.941452e+00   7.033023e+07   1.000000e+02
8.015007e+00   7.160539e+07   1.000000e+02
8.089243e+00   7.289514e+07   1.000000e+02
8.164168e+00   7.419945e+07   1.000000e+02
8.239786e+00   7.551828e+07   1.000000e+02
8.316104e+00   7.685159e+07   1.000000e+02
8.393129e+00   7.819934e+07   1.000000e+02
8.470868e+00   7.956147e+07   1.000000e+02
8.549327e+00   8.093794e+07   1.000000e+02
8.628513e+00   8.232868e+07   1.000000e+02
8.708431e+00   8.373362e+07   1.000000e+02
8.789091e+00   8.515269e+07   1.000000e+02
8.870497e+00   8.658582e+07   1.000000e+02
8.952657e+00   8.803291e+07   1.000000e+02
9.035578e+00   8.949390e+07   1.000000e+02
9.119268e+00   9.096867e+07   1.000000e+02
9.203732e+00   9.245712e+07   1.000000e+02
9.288979e+00   9.395917e+07   1.000000e+02
9.375015e+00   9.547468e+07   1.000000e+02
9.461848e+00   9.700356e+07   1.000000e+02
9.549486e+00   9.854566e+07   1.000000e+02
9.637935e+00   1.001009e+08   1.000000e+02
9.727203e+00   1.016691e+08   1.000000e+02
9.817298e+00   1.032501e+08   1.000000e+02
9.908228e+00   1.048438e+08   1.000000e+02
1.000000e+01   1.064500e+08   1.000000e+02
