# B11 + t > B13 + p   [B11_t__B13_p]   ref=TALYS2, Koning et al. 2023
# detailed balance: alpha=4.0264 beta=0 gamma=2.7092  Q=-0.2335
# T9                 rate                error
1.000000e-03   1.000000e-35   1.000000e+02
1.009262e-03   1.000003e-35   1.000000e+02
1.018610e-03   1.000006e-35   1.000000e+02
1.028045e-03   1.000009e-35   1.000000e+02
1.037567e-03   1.000011e-35   1.000000e+02
1.047177e-03   1.000014e-35   1.000000e+02
1.056876e-03   1.000016e-35   1.000000e+02
1.066665e-03   1.000019e-35   1.000000e+02
1.076545e-03   1.000021e-35   1.000000e+02
1.086516e-03   1.000023e-35   1.000000e+02
1.096579e-03   1.000025e-35   1.000000e+02
1.106736e-03   1.000027e-35   1.000000e+02
1.116987e-03   1.000028e-35   1.000000e+02
1.127333e-03   1.000030e-35   1.000000e+02
1.137774e-03   1.000031e-35   1.000000e+02
1.148312e-03   1.000033e-35   1.000000e+02
1.158948e-03   1.000034e-35   1.000000e+02
1.169683e-03   1.000035e-35   1.000000e+02
1.180517e-03   1.000036e-35   1.000000e+02
1.191451e-03   1.000037e-35   1.000000e+02
1.202486e-03   1.000038e-35   1.000000e+02
1.213624e-03   1.000039e-35   1.000000e+02
1.224865e-03   1.000039e-35   1.000000e+02
1.236210e-03   1.000040e-35   1.000000e+02
1.247660e-03   1.000041e-35   1.000000e+02
1.259216e-03   1.000041e-35   1.000000e+02
1.270879e-03   1.000041e-35   1.000000e+02
1.282650e-03   1.000042e-35   1.000000e+02
1.294530e-03   1.000042e-35   1.000000e+02
1.306520e-03   1.000042e-35   1.000000e+02
1.318621e-03   1.000042e-35   1.000000e+02
1.330835e-03   1.000042e-35   1.000000e+02
1.343161e-03   1.000042e-35   1.000000e+02
1.355602e-03   1.000042e-35   1.000000e+02
1.368158e-03   1.000041e-35   1.000000e+02
1.380830e-03   1.000041e-35   1.000000e+02
1.393619e-03   1.000041e-35   1.000000e+02
1.406527e-03   1.000040e-35   1.000000e+02
1.419555e-03   1.000040e-35   1.000000e+02
1.432703e-03   1.000039e-35   1.000000e+02
1.445973e-03   1.000039e-35   1.000000e+02
1.459366e-03   1.000038e-35   1.000000e+02
1.472883e-03   1.000037e-35   1.000000e+02
1.486525e-03   1.000037e-35   1.000000e+02
1.500293e-03   1.000036e-35   1.000000e+02
1.514189e-03   1.000035e-35   1.000000e+02
1.528214e-03   1.000034e-35   1.000000e+02
1.542369e-03   1.000033e-35   1.000000e+02
1.556654e-03   1.000032e-35   1.000000e+02
1.571072e-03   1.000031e-35   1.000000e+02
1.585624e-03   1.000030e-35   1.000000e+02
1.600310e-03   1.000029e-35   1.000000e+02
1.615133e-03   1.000028e-35   1.000000e+02
1.630092e-03   1.000027e-35   1.000000e+02
1.645191e-03   1.000026e-35   1.000000e+02
1.660429e-03   1.000025e-35   1.000000e+02
1.675808e-03   1.000024e-35   1.000000e+02
1.691330e-03   1.000022e-35   1.000000e+02
1.706995e-03   1.000021e-35   1.000000e+02
1.722805e-03   1.000020e-35   1.000000e+02
1.738762e-03   1.000019e-35   1.000000e+02
1.754867e-03   1.000017e-35   1.000000e+02
1.771121e-03   1.000016e-35   1.000000e+02
1.787526e-03   1.000015e-35   1.000000e+02
1.804082e-03   1.000014e-35   1.000000e+02
1.820792e-03   1.000012e-35   1.000000e+02
1.837656e-03   1.000011e-35   1.000000e+02
1.854677e-03   1.000010e-35   1.000000e+02
1.871855e-03   1.000009e-35   1.000000e+02
1.889193e-03   1.000007e-35   1.000000e+02
1.906691e-03   1.000006e-35   1.000000e+02
1.924351e-03   1.000005e-35   1.000000e+02
1.942175e-03   1.000004e-35   1.000000e+02
1.960163e-03   1.000003e-35   1.000000e+02
1.978319e-03   1.000001e-35   1.000000e+02
1.996642e-03   1.000000e-35   1.000000e+02
2.015136e-03   9.999991e-36   1.000000e+02
2.033800e-03   9.999980e-36   1.000000e+02
2.052638e-03   9.999969e-36   1.000000e+02
2.071650e-03   9.999958e-36   1.000000e+02
2.090838e-03   9.999948e-36   1.000000e+02
2.110203e-03   9.999938e-36   1.000000e+02
2.129749e-03   9.999928e-36   1.000000e+02
2.149475e-03   9.999919e-36   1.000000e+02
2.169384e-03   9.999910e-36   1.000000e+02
2.189477e-03   9.999901e-36   1.000000e+02
2.209756e-03   9.999893e-36   1.000000e+02
2.230223e-03   9.999885e-36   1.000000e+02
2.250880e-03   9.999878e-36   1.000000e+02
2.271728e-03   9.999871e-36   1.000000e+02
2.292769e-03   9.999865e-36   1.000000e+02
2.314005e-03   9.999859e-36   1.000000e+02
2.335438e-03   9.999854e-36   1.000000e+02
2.357069e-03   9.999850e-36   1.000000e+02
2.378901e-03   9.999846e-36   1.000000e+02
2.400935e-03   9.999842e-36   1.000000e+02
2.423173e-03   9.999839e-36   1.000000e+02
2.445617e-03   9.999837e-36   1.000000e+02
2.468268e-03   9.999836e-36   1.000000e+02
2.491130e-03   9.999835e-36   1.000000e+02
2.514203e-03   9.999835e-36   1.000000e+02
2.537490e-03   9.999836e-36   1.000000e+02
2.560993e-03   9.999837e-36   1.000000e+02
2.584714e-03   9.999839e-36   1.000000e+02
2.608654e-03   9.999842e-36   1.000000e+02
2.632815e-03   9.999846e-36   1.000000e+02
2.657201e-03   9.999851e-36   1.000000e+02
2.681813e-03   9.999856e-36   1.000000e+02
2.706652e-03   9.999863e-36   1.000000e+02
2.731722e-03   9.999870e-36   1.000000e+02
2.757023e-03   9.999878e-36   1.000000e+02
2.782559e-03   9.999887e-36   1.000000e+02
2.808332e-03   9.999898e-36   1.000000e+02
2.834343e-03   9.999909e-36   1.000000e+02
2.860596e-03   9.999921e-36   1.000000e+02
2.887091e-03   9.999934e-36   1.000000e+02
2.913832e-03   9.999948e-36   1.000000e+02
2.940820e-03   9.999963e-36   1.000000e+02
2.968059e-03   9.999980e-36   1.000000e+02
2.995549e-03   9.999997e-36   1.000000e+02
3.023295e-03   1.000002e-35   1.000000e+02
3.051297e-03   1.000004e-35   1.000000e+02
3.079559e-03   1.000006e-35   1.000000e+02
3.108082e-03   1.000008e-35   1.000000e+02
3.136870e-03   1.000010e-35   1.000000e+02
3.165924e-03   1.000012e-35   1.000000e+02
3.195248e-03   1.000014e-35   1.000000e+02
3.224842e-03   1.000016e-35   1.000000e+02
3.254712e-03   1.000018e-35   1.000000e+02
3.284857e-03   1.000020e-35   1.000000e+02
3.315282e-03   1.000022e-35   1.000000e+02
3.345989e-03   1.000023e-35   1.000000e+02
3.376980e-03   1.000025e-35   1.000000e+02
3.408259e-03   1.000026e-35   1.000000e+02
3.439826e-03   1.000027e-35   1.000000e+02
3.471687e-03   1.000028e-35   1.000000e+02
3.503842e-03   1.000029e-35   1.000000e+02
3.536296e-03   1.000030e-35   1.000000e+02
3.569049e-03   1.000030e-35   1.000000e+02
3.602107e-03   1.000030e-35   1.000000e+02
3.635470e-03   1.000029e-35   1.000000e+02
3.669142e-03   1.000028e-35   1.000000e+02
3.703127e-03   1.000027e-35   1.000000e+02
3.737426e-03   1.000026e-35   1.000000e+02
3.772042e-03   1.000024e-35   1.000000e+02
3.806980e-03   1.000021e-35   1.000000e+02
3.842241e-03   1.000018e-35   1.000000e+02
3.877828e-03   1.000015e-35   1.000000e+02
3.913746e-03   1.000011e-35   1.000000e+02
3.949995e-03   1.000007e-35   1.000000e+02
3.986581e-03   1.000002e-35   1.000000e+02
4.023506e-03   9.999965e-36   1.000000e+02
4.060772e-03   9.999905e-36   1.000000e+02
4.098384e-03   9.999841e-36   1.000000e+02
4.136344e-03   9.999776e-36   1.000000e+02
4.174655e-03   9.999709e-36   1.000000e+02
4.213322e-03   9.999642e-36   1.000000e+02
4.252346e-03   9.999576e-36   1.000000e+02
4.291732e-03   9.999513e-36   1.000000e+02
4.331483e-03   9.999455e-36   1.000000e+02
4.371602e-03   9.999401e-36   1.000000e+02
4.412093e-03   9.999354e-36   1.000000e+02
4.452959e-03   9.999314e-36   1.000000e+02
4.494203e-03   9.999283e-36   1.000000e+02
4.535829e-03   9.999263e-36   1.000000e+02
4.577841e-03   9.999254e-36   1.000000e+02
4.620241e-03   9.999258e-36   1.000000e+02
4.663035e-03   9.999276e-36   1.000000e+02
4.706225e-03   9.999310e-36   1.000000e+02
4.749815e-03   9.999360e-36   1.000000e+02
4.793808e-03   9.999428e-36   1.000000e+02
4.838210e-03   9.999515e-36   1.000000e+02
4.883022e-03   9.999622e-36   1.000000e+02
4.928250e-03   9.999751e-36   1.000000e+02
4.973896e-03   9.999903e-36   1.000000e+02
5.019965e-03   1.000008e-35   1.000000e+02
5.066461e-03   1.000028e-35   1.000000e+02
5.113388e-03   1.000049e-35   1.000000e+02
5.160749e-03   1.000071e-35   1.000000e+02
5.208549e-03   1.000094e-35   1.000000e+02
5.256791e-03   1.000116e-35   1.000000e+02
5.305481e-03   1.000137e-35   1.000000e+02
5.354621e-03   1.000156e-35   1.000000e+02
5.404216e-03   1.000174e-35   1.000000e+02
5.454271e-03   1.000188e-35   1.000000e+02
5.504790e-03   1.000198e-35   1.000000e+02
5.555776e-03   1.000204e-35   1.000000e+02
5.607235e-03   1.000205e-35   1.000000e+02
5.659170e-03   1.000201e-35   1.000000e+02
5.711586e-03   1.000190e-35   1.000000e+02
5.764488e-03   1.000173e-35   1.000000e+02
5.817880e-03   1.000147e-35   1.000000e+02
5.871766e-03   1.000114e-35   1.000000e+02
5.926152e-03   1.000072e-35   1.000000e+02
5.981041e-03   1.000020e-35   1.000000e+02
6.036439e-03   9.999584e-36   1.000000e+02
6.092349e-03   9.998884e-36   1.000000e+02
6.148778e-03   9.998133e-36   1.000000e+02
6.205729e-03   9.997362e-36   1.000000e+02
6.263207e-03   9.996602e-36   1.000000e+02
6.321218e-03   9.995886e-36   1.000000e+02
6.379767e-03   9.995244e-36   1.000000e+02
6.438857e-03   9.994709e-36   1.000000e+02
6.498495e-03   9.994311e-36   1.000000e+02
6.558686e-03   9.994082e-36   1.000000e+02
6.619433e-03   9.994055e-36   1.000000e+02
6.680744e-03   9.994259e-36   1.000000e+02
6.742622e-03   9.994727e-36   1.000000e+02
6.805074e-03   9.995491e-36   1.000000e+02
6.868104e-03   9.996581e-36   1.000000e+02
6.931717e-03   9.998030e-36   1.000000e+02
6.995920e-03   9.999870e-36   1.000000e+02
7.060718e-03   1.000211e-35   1.000000e+02
7.126115e-03   1.000463e-35   1.000000e+02
7.192119e-03   1.000729e-35   1.000000e+02
7.258734e-03   1.000995e-35   1.000000e+02
7.325965e-03   1.001245e-35   1.000000e+02
7.393820e-03   1.001465e-35   1.000000e+02
7.462303e-03   1.001640e-35   1.000000e+02
7.531420e-03   1.001755e-35   1.000000e+02
7.601178e-03   1.001796e-35   1.000000e+02
7.671581e-03   1.001748e-35   1.000000e+02
7.742637e-03   1.001596e-35   1.000000e+02
7.814351e-03   1.001325e-35   1.000000e+02
7.886729e-03   1.000921e-35   1.000000e+02
7.959777e-03   1.000369e-35   1.000000e+02
8.033502e-03   9.996567e-36   1.000000e+02
8.107910e-03   9.988066e-36   1.000000e+02
8.183007e-03   9.978835e-36   1.000000e+02
8.258799e-03   9.969540e-36   1.000000e+02
8.335294e-03   9.960845e-36   1.000000e+02
8.412497e-03   9.953410e-36   1.000000e+02
8.490415e-03   9.947895e-36   1.000000e+02
8.569055e-03   9.944959e-36   1.000000e+02
8.648423e-03   9.945261e-36   1.000000e+02
8.728527e-03   9.949463e-36   1.000000e+02
8.809372e-03   9.958234e-36   1.000000e+02
8.890966e-03   9.972250e-36   1.000000e+02
8.973316e-03   9.992198e-36   1.000000e+02
9.056428e-03   1.001859e-35   1.000000e+02
9.140311e-03   1.004986e-35   1.000000e+02
9.224970e-03   1.008309e-35   1.000000e+02
9.310413e-03   1.011532e-35   1.000000e+02
9.396648e-03   1.014355e-35   1.000000e+02
9.483682e-03   1.016475e-35   1.000000e+02
9.571522e-03   1.017588e-35   1.000000e+02
9.660175e-03   1.017390e-35   1.000000e+02
9.749649e-03   1.015582e-35   1.000000e+02
9.839952e-03   1.011875e-35   1.000000e+02
9.931092e-03   1.005994e-35   1.000000e+02
1.002308e-02   9.976824e-36   1.000000e+02
1.011591e-02   9.869057e-36   1.000000e+02
1.020961e-02   9.740186e-36   1.000000e+02
1.030417e-02   9.594180e-36   1.000000e+02
1.039961e-02   9.434922e-36   1.000000e+02
1.049593e-02   9.266153e-36   1.000000e+02
1.059315e-02   9.091429e-36   1.000000e+02
1.069126e-02   8.914094e-36   1.000000e+02
1.079029e-02   8.737263e-36   1.000000e+02
1.089023e-02   8.563821e-36   1.000000e+02
1.099110e-02   8.396429e-36   1.000000e+02
1.109290e-02   8.237096e-36   1.000000e+02
1.119564e-02   8.085425e-36   1.000000e+02
1.129934e-02   7.940328e-36   1.000000e+02
1.140400e-02   7.800786e-36   1.000000e+02
1.150962e-02   7.665848e-36   1.000000e+02
1.161623e-02   7.534621e-36   1.000000e+02
1.172382e-02   7.406271e-36   1.000000e+02
1.183241e-02   7.280015e-36   1.000000e+02
1.194200e-02   7.155121e-36   1.000000e+02
1.205261e-02   7.030921e-36   1.000000e+02
1.216424e-02   6.907209e-36   1.000000e+02
1.227691e-02   6.784230e-36   1.000000e+02
1.239062e-02   6.662235e-36   1.000000e+02
1.250539e-02   6.541458e-36   1.000000e+02
1.262121e-02   6.422116e-36   1.000000e+02
1.273811e-02   6.304412e-36   1.000000e+02
1.285610e-02   6.188533e-36   1.000000e+02
1.297517e-02   6.074649e-36   1.000000e+02
1.309535e-02   5.962901e-36   1.000000e+02
1.321664e-02   5.853273e-36   1.000000e+02
1.333906e-02   5.745685e-36   1.000000e+02
1.346261e-02   5.640063e-36   1.000000e+02
1.358730e-02   5.536332e-36   1.000000e+02
1.371315e-02   5.434425e-36   1.000000e+02
1.384016e-02   5.334274e-36   1.000000e+02
1.396835e-02   5.235817e-36   1.000000e+02
1.409773e-02   5.138998e-36   1.000000e+02
1.422830e-02   5.043802e-36   1.000000e+02
1.436009e-02   4.950229e-36   1.000000e+02
1.449310e-02   4.858280e-36   1.000000e+02
1.462733e-02   4.767953e-36   1.000000e+02
1.476281e-02   4.679247e-36   1.000000e+02
1.489955e-02   4.592156e-36   1.000000e+02
1.503755e-02   4.506676e-36   1.000000e+02
1.517683e-02   4.422798e-36   1.000000e+02
1.531740e-02   4.340513e-36   1.000000e+02
1.545928e-02   4.259810e-36   1.000000e+02
1.560246e-02   4.180676e-36   1.000000e+02
1.574698e-02   4.103098e-36   1.000000e+02
1.589283e-02   4.027063e-36   1.000000e+02
1.604003e-02   3.952556e-36   1.000000e+02
1.618860e-02   3.879559e-36   1.000000e+02
1.633854e-02   3.808044e-36   1.000000e+02
1.648987e-02   3.737982e-36   1.000000e+02
1.664260e-02   3.669348e-36   1.000000e+02
1.679675e-02   3.602112e-36   1.000000e+02
1.695232e-02   3.536250e-36   1.000000e+02
1.710934e-02   3.471735e-36   1.000000e+02
1.726781e-02   3.408541e-36   1.000000e+02
1.742775e-02   3.346642e-36   1.000000e+02
1.758917e-02   3.286015e-36   1.000000e+02
1.775208e-02   3.226633e-36   1.000000e+02
1.791650e-02   3.168474e-36   1.000000e+02
1.808245e-02   3.111514e-36   1.000000e+02
1.824993e-02   3.055760e-36   1.000000e+02
1.841897e-02   3.001241e-36   1.000000e+02
1.858957e-02   2.947988e-36   1.000000e+02
1.876175e-02   2.896026e-36   1.000000e+02
1.893552e-02   2.845376e-36   1.000000e+02
1.911091e-02   2.796059e-36   1.000000e+02
1.928792e-02   2.748092e-36   1.000000e+02
1.946656e-02   2.701488e-36   1.000000e+02
1.964687e-02   2.656260e-36   1.000000e+02
1.982884e-02   2.612417e-36   1.000000e+02
2.001250e-02   2.569968e-36   1.000000e+02
2.019786e-02   2.528903e-36   1.000000e+02
2.038493e-02   2.489158e-36   1.000000e+02
2.057374e-02   2.450664e-36   1.000000e+02
2.076430e-02   2.413353e-36   1.000000e+02
2.095662e-02   2.377162e-36   1.000000e+02
2.115073e-02   2.342029e-36   1.000000e+02
2.134663e-02   2.307896e-36   1.000000e+02
2.154435e-02   2.274709e-36   1.000000e+02
2.174389e-02   2.242414e-36   1.000000e+02
2.194529e-02   2.210961e-36   1.000000e+02
2.214855e-02   2.180302e-36   1.000000e+02
2.235370e-02   2.150390e-36   1.000000e+02
2.256074e-02   2.121183e-36   1.000000e+02
2.276970e-02   2.092637e-36   1.000000e+02
2.298060e-02   2.064712e-36   1.000000e+02
2.319345e-02   2.037370e-36   1.000000e+02
2.340827e-02   2.010574e-36   1.000000e+02
2.362508e-02   1.984289e-36   1.000000e+02
2.384390e-02   1.958481e-36   1.000000e+02
2.406475e-02   1.933118e-36   1.000000e+02
2.428764e-02   1.908168e-36   1.000000e+02
2.451260e-02   1.883603e-36   1.000000e+02
2.473964e-02   1.859393e-36   1.000000e+02
2.496878e-02   1.835512e-36   1.000000e+02
2.520005e-02   1.811958e-36   1.000000e+02
2.543346e-02   1.788872e-36   1.000000e+02
2.566903e-02   1.766439e-36   1.000000e+02
2.590678e-02   1.744836e-36   1.000000e+02
2.614673e-02   1.724231e-36   1.000000e+02
2.638891e-02   1.704784e-36   1.000000e+02
2.663333e-02   1.686649e-36   1.000000e+02
2.688001e-02   1.669973e-36   1.000000e+02
2.712898e-02   1.654902e-36   1.000000e+02
2.738025e-02   1.641577e-36   1.000000e+02
2.763385e-02   1.630139e-36   1.000000e+02
2.788980e-02   1.620730e-36   1.000000e+02
2.814812e-02   1.613494e-36   1.000000e+02
2.840884e-02   1.608583e-36   1.000000e+02
2.867196e-02   1.606153e-36   1.000000e+02
2.893753e-02   1.606371e-36   1.000000e+02
2.920556e-02   1.609418e-36   1.000000e+02
2.947606e-02   1.615489e-36   1.000000e+02
2.974908e-02   1.624799e-36   1.000000e+02
3.002462e-02   1.637585e-36   1.000000e+02
3.030271e-02   1.654010e-36   1.000000e+02
3.058338e-02   1.673950e-36   1.000000e+02
3.086665e-02   1.697228e-36   1.000000e+02
3.115254e-02   1.723675e-36   1.000000e+02
3.144108e-02   1.753121e-36   1.000000e+02
3.173230e-02   1.785392e-36   1.000000e+02
3.202621e-02   1.820307e-36   1.000000e+02
3.232284e-02   1.857669e-36   1.000000e+02
3.262222e-02   1.897270e-36   1.000000e+02
3.292437e-02   1.938878e-36   1.000000e+02
3.322933e-02   1.982241e-36   1.000000e+02
3.353710e-02   2.027080e-36   1.000000e+02
3.384773e-02   2.073088e-36   1.000000e+02
3.416123e-02   2.119926e-36   1.000000e+02
3.447764e-02   2.167223e-36   1.000000e+02
3.479698e-02   2.214576e-36   1.000000e+02
3.511928e-02   2.261546e-36   1.000000e+02
3.544456e-02   2.307661e-36   1.000000e+02
3.577285e-02   2.352416e-36   1.000000e+02
3.610419e-02   2.395276e-36   1.000000e+02
3.643859e-02   2.435681e-36   1.000000e+02
3.677609e-02   2.473047e-36   1.000000e+02
3.711672e-02   2.506776e-36   1.000000e+02
3.746050e-02   2.536258e-36   1.000000e+02
3.780747e-02   2.560886e-36   1.000000e+02
3.815765e-02   2.580059e-36   1.000000e+02
3.851107e-02   2.593198e-36   1.000000e+02
3.886777e-02   2.599753e-36   1.000000e+02
3.922777e-02   2.599219e-36   1.000000e+02
3.959110e-02   2.591145e-36   1.000000e+02
3.995780e-02   2.575151e-36   1.000000e+02
4.032790e-02   2.551301e-36   1.000000e+02
4.070142e-02   2.521782e-36   1.000000e+02
4.107841e-02   2.489441e-36   1.000000e+02
4.145888e-02   2.457011e-36   1.000000e+02
4.184289e-02   2.427087e-36   1.000000e+02
4.223044e-02   2.402142e-36   1.000000e+02
4.262159e-02   2.384566e-36   1.000000e+02
4.301636e-02   2.376729e-36   1.000000e+02
4.341478e-02   2.381068e-36   1.000000e+02
4.381690e-02   2.400202e-36   1.000000e+02
4.422274e-02   2.437080e-36   1.000000e+02
4.463234e-02   2.495170e-36   1.000000e+02
4.504573e-02   2.578700e-36   1.000000e+02
4.546295e-02   2.692987e-36   1.000000e+02
4.588404e-02   2.844871e-36   1.000000e+02
4.630903e-02   3.043322e-36   1.000000e+02
4.673795e-02   3.300291e-36   1.000000e+02
4.717085e-02   3.631935e-36   1.000000e+02
4.760775e-02   4.060387e-36   1.000000e+02
4.804870e-02   4.616391e-36   1.000000e+02
4.849374e-02   5.343251e-36   1.000000e+02
4.894290e-02   6.302875e-36   1.000000e+02
4.939622e-02   7.585148e-36   1.000000e+02
4.985373e-02   9.322746e-36   1.000000e+02
5.031549e-02   1.171356e-35   1.000000e+02
5.078152e-02   1.503997e-35   1.000000e+02
5.125187e-02   1.971135e-35   1.000000e+02
5.172657e-02   2.633847e-35   1.000000e+02
5.220568e-02   3.583958e-35   1.000000e+02
5.268921e-02   4.960520e-35   1.000000e+02
5.317723e-02   6.975521e-35   1.000000e+02
5.366977e-02   9.954165e-35   1.000000e+02
5.416687e-02   1.439810e-34   1.000000e+02
5.466857e-02   2.108488e-34   1.000000e+02
5.517492e-02   3.122455e-34   1.000000e+02
5.568596e-02   4.670612e-34   1.000000e+02
5.620174e-02   7.048511e-34   1.000000e+02
5.672229e-02   1.071915e-33   1.000000e+02
5.724766e-02   1.640803e-33   1.000000e+02
5.777790e-02   2.525102e-33   1.000000e+02
5.831305e-02   3.902305e-33   1.000000e+02
5.885316e-02   6.048905e-33   1.000000e+02
5.939827e-02   9.393754e-33   1.000000e+02
5.994843e-02   1.459829e-32   1.000000e+02
6.050368e-02   2.268048e-32   1.000000e+02
6.106408e-02   3.523513e-32   1.000000e+02
6.162966e-02   5.476746e-32   1.000000e+02
6.220049e-02   8.522020e-32   1.000000e+02
6.277660e-02   1.328268e-31   1.000000e+02
6.335805e-02   2.074922e-31   1.000000e+02
6.394488e-02   3.250433e-31   1.000000e+02
6.453715e-02   5.109209e-31   1.000000e+02
6.513491e-02   8.062864e-31   1.000000e+02
6.573820e-02   1.278198e-30   1.000000e+02
6.634708e-02   2.036714e-30   1.000000e+02
6.696160e-02   3.263887e-30   1.000000e+02
6.758181e-02   5.263363e-30   1.000000e+02
6.820777e-02   8.546036e-30   1.000000e+02
6.883952e-02   1.397942e-29   1.000000e+02
6.947713e-02   2.305084e-29   1.000000e+02
7.012064e-02   3.833603e-29   1.000000e+02
7.077011e-02   6.432526e-29   1.000000e+02
7.142559e-02   1.088599e-28   1.000000e+02
7.208715e-02   1.857317e-28   1.000000e+02
7.275484e-02   3.193412e-28   1.000000e+02
7.342870e-02   5.530879e-28   1.000000e+02
7.410882e-02   9.645463e-28   1.000000e+02
7.479523e-02   1.693016e-27   1.000000e+02
7.548799e-02   2.989699e-27   1.000000e+02
7.618718e-02   5.309354e-27   1.000000e+02
7.689284e-02   9.478142e-27   1.000000e+02
7.760503e-02   1.700166e-26   1.000000e+02
7.832383e-02   3.063131e-26   1.000000e+02
7.904928e-02   5.540707e-26   1.000000e+02
7.978145e-02   1.005795e-25   1.000000e+02
8.052040e-02   1.831793e-25   1.000000e+02
8.126619e-02   3.350713e-25   1.000000e+02
8.201889e-02   6.167525e-25   1.000000e+02
8.277857e-02   1.144513e-24   1.000000e+02
8.354528e-02   2.145307e-24   1.000000e+02
8.431909e-02   4.069498e-24   1.000000e+02
8.510007e-02   7.827047e-24   1.000000e+02
8.588829e-02   1.529270e-23   1.000000e+02
8.668380e-02   3.041041e-23   1.000000e+02
8.748668e-02   6.166460e-23   1.000000e+02
8.829700e-02   1.277462e-22   1.000000e+02
8.911482e-02   2.708833e-22   1.000000e+02
8.994022e-02   5.890626e-22   1.000000e+02
9.077327e-02   1.314515e-21   1.000000e+02
9.161402e-02   2.993465e-21   1.000000e+02
9.246257e-02   6.904469e-21   1.000000e+02
9.331898e-02   1.600944e-20   1.000000e+02
9.418332e-02   3.703859e-20   1.000000e+02
9.505566e-02   8.486086e-20   1.000000e+02
9.593608e-02   1.911075e-19   1.000000e+02
9.682466e-02   4.198632e-19   1.000000e+02
9.772147e-02   8.931824e-19   1.000000e+02
9.862658e-02   1.826069e-18   1.000000e+02
9.954008e-02   3.561078e-18   1.000000e+02
1.004620e-01   6.576671e-18   1.000000e+02
1.013925e-01   1.149925e-17   1.000000e+02
1.023317e-01   1.916265e-17   1.000000e+02
1.032795e-01   3.064635e-17   1.000000e+02
1.042361e-01   4.736454e-17   1.000000e+02
1.052015e-01   7.123507e-17   1.000000e+02
1.061759e-01   1.049820e-16   1.000000e+02
1.071593e-01   1.526618e-16   1.000000e+02
1.081519e-01   2.205745e-16   1.000000e+02
1.091536e-01   3.188628e-16   1.000000e+02
1.101646e-01   4.643952e-16   1.000000e+02
1.111850e-01   6.844947e-16   1.000000e+02
1.122148e-01   1.019557e-15   1.000000e+02
1.132541e-01   1.531000e-15   1.000000e+02
1.143031e-01   2.312196e-15   1.000000e+02
1.153618e-01   3.503671e-15   1.000000e+02
1.164303e-01   5.314160e-15   1.000000e+02
1.175087e-01   8.048629e-15   1.000000e+02
1.185971e-01   1.214363e-14   1.000000e+02
1.196956e-01   1.820866e-14   1.000000e+02
1.208042e-01   2.707435e-14   1.000000e+02
1.219231e-01   3.990582e-14   1.000000e+02
1.230524e-01   5.834475e-14   1.000000e+02
1.241921e-01   8.467375e-14   1.000000e+02
1.253424e-01   1.220594e-13   1.000000e+02
1.265034e-01   1.748891e-13   1.000000e+02
1.276751e-01   2.492398e-13   1.000000e+02
1.288576e-01   3.535324e-13   1.000000e+02
1.300511e-01   4.994500e-13   1.000000e+02
1.312557e-01   7.029561e-13   1.000000e+02
1.324714e-01   9.845919e-13   1.000000e+02
1.336984e-01   1.370446e-12   1.000000e+02
1.349367e-01   1.892914e-12   1.000000e+02
1.361865e-01   2.590888e-12   1.000000e+02
1.374479e-01   3.509143e-12   1.000000e+02
1.387210e-01   4.696495e-12   1.000000e+02
1.400058e-01   6.202298e-12   1.000000e+02
1.413026e-01   8.077991e-12   1.000000e+02
1.426114e-01   1.040622e-11   1.000000e+02
1.439323e-01   1.330940e-11   1.000000e+02
1.452654e-01   1.696433e-11   1.000000e+02
1.466109e-01   2.163042e-11   1.000000e+02
1.479688e-01   2.769362e-11   1.000000e+02
1.493393e-01   3.573703e-11   1.000000e+02
1.507225e-01   4.665013e-11   1.000000e+02
1.521186e-01   6.163081e-11   1.000000e+02
1.535275e-01   8.220239e-11   1.000000e+02
1.549495e-01   1.104061e-10   1.000000e+02
1.563847e-01   1.489375e-10   1.000000e+02
1.578331e-01   2.012787e-10   1.000000e+02
1.592950e-01   2.718036e-10   1.000000e+02
1.607704e-01   3.658331e-10   1.000000e+02
1.622595e-01   4.901660e-10   1.000000e+02
1.637624e-01   6.537668e-10   1.000000e+02
1.652792e-01   8.680201e-10   1.000000e+02
1.668101e-01   1.147286e-09   1.000000e+02
1.683551e-01   1.509582e-09   1.000000e+02
1.699144e-01   1.977390e-09   1.000000e+02
1.714882e-01   2.578613e-09   1.000000e+02
1.730766e-01   3.347699e-09   1.000000e+02
1.746796e-01   4.326937e-09   1.000000e+02
1.762975e-01   5.567966e-09   1.000000e+02
1.779304e-01   7.133491e-09   1.000000e+02
1.795785e-01   9.099238e-09   1.000000e+02
1.812418e-01   1.155641e-08   1.000000e+02
1.829205e-01   1.461712e-08   1.000000e+02
1.846147e-01   1.841927e-08   1.000000e+02
1.863246e-01   2.313167e-08   1.000000e+02
1.880504e-01   2.896124e-08   1.000000e+02
1.897922e-01   3.616218e-08   1.000000e+02
1.915501e-01   4.504755e-08   1.000000e+02
1.933242e-01   5.600394e-08   1.000000e+02
1.951148e-01   6.951021e-08   1.000000e+02
1.969220e-01   8.616144e-08   1.000000e+02
1.987460e-01   1.066998e-07   1.000000e+02
2.005868e-01   1.320538e-07   1.000000e+02
2.024447e-01   1.633658e-07   1.000000e+02
2.043197e-01   2.020111e-07   1.000000e+02
2.062122e-01   2.496687e-07   1.000000e+02
2.081222e-01   3.083894e-07   1.000000e+02
2.100498e-01   3.806733e-07   1.000000e+02
2.119953e-01   4.695636e-07   1.000000e+02
2.139589e-01   5.787579e-07   1.000000e+02
2.159406e-01   7.127399e-07   1.000000e+02
2.179407e-01   8.769369e-07   1.000000e+02
2.199593e-01   1.077904e-06   1.000000e+02
2.219966e-01   1.323541e-06   1.000000e+02
2.240528e-01   1.623349e-06   1.000000e+02
2.261280e-01   1.988726e-06   1.000000e+02
2.282224e-01   2.433312e-06   1.000000e+02
2.303363e-01   2.973389e-06   1.000000e+02
2.324697e-01   3.628342e-06   1.000000e+02
2.346229e-01   4.421183e-06   1.000000e+02
2.367960e-01   5.379153e-06   1.000000e+02
2.389893e-01   6.534402e-06   1.000000e+02
2.412028e-01   7.924751e-06   1.000000e+02
2.434369e-01   9.594551e-06   1.000000e+02
2.456916e-01   1.159563e-05   1.000000e+02
2.479673e-01   1.398832e-05   1.000000e+02
2.502640e-01   1.684264e-05   1.000000e+02
2.525820e-01   2.024004e-05   1.000000e+02
2.549215e-01   2.427649e-05   1.000000e+02
2.572826e-01   2.906410e-05   1.000000e+02
2.596656e-01   3.473338e-05   1.000000e+02
2.620707e-01   4.143615e-05   1.000000e+02
2.644980e-01   4.934884e-05   1.000000e+02
2.669478e-01   5.867628e-05   1.000000e+02
2.694204e-01   6.965612e-05   1.000000e+02
2.719158e-01   8.256384e-05   1.000000e+02
2.744343e-01   9.771863e-05   1.000000e+02
2.769762e-01   1.154901e-04   1.000000e+02
2.795416e-01   1.363060e-04   1.000000e+02
2.821308e-01   1.606611e-04   1.000000e+02
2.847439e-01   1.891277e-04   1.000000e+02
2.873813e-01   2.223674e-04   1.000000e+02
2.900430e-01   2.611449e-04   1.000000e+02
2.927295e-01   3.063441e-04   1.000000e+02
2.954408e-01   3.589862e-04   1.000000e+02
2.981772e-01   4.202516e-04   1.000000e+02
3.009390e-01   4.915039e-04   1.000000e+02
3.037264e-01   5.743021e-04   1.000000e+02
3.065395e-01   6.704086e-04   1.000000e+02
3.093788e-01   7.818310e-04   1.000000e+02
3.122443e-01   9.108539e-04   1.000000e+02
3.151363e-01   1.060072e-03   1.000000e+02
3.180552e-01   1.232427e-03   1.000000e+02
3.210011e-01   1.431246e-03   1.000000e+02
3.239743e-01   1.660288e-03   1.000000e+02
3.269750e-01   1.923786e-03   1.000000e+02
3.300035e-01   2.226500e-03   1.000000e+02
3.330600e-01   2.573768e-03   1.000000e+02
3.361449e-01   2.971566e-03   1.000000e+02
3.392583e-01   3.426565e-03   1.000000e+02
3.424006e-01   3.946193e-03   1.000000e+02
3.455720e-01   4.538706e-03   1.000000e+02
3.487727e-01   5.213247e-03   1.000000e+02
3.520031e-01   5.979943e-03   1.000000e+02
3.552635e-01   6.850307e-03   1.000000e+02
3.585540e-01   7.837454e-03   1.000000e+02
3.618750e-01   8.956120e-03   1.000000e+02
3.652267e-01   1.022287e-02   1.000000e+02
3.686095e-01   1.165634e-02   1.000000e+02
3.720237e-01   1.327747e-02   1.000000e+02
3.754694e-01   1.510988e-02   1.000000e+02
3.789471e-01   1.718015e-02   1.000000e+02
3.824570e-01   1.951827e-02   1.000000e+02
3.859994e-01   2.215808e-02   1.000000e+02
3.895746e-01   2.513781e-02   1.000000e+02
3.931829e-01   2.850069e-02   1.000000e+02
3.968246e-01   3.229564e-02   1.000000e+02
4.005001e-01   3.657811e-02   1.000000e+02
4.042096e-01   4.140964e-02   1.000000e+02
4.079535e-01   4.685559e-02   1.000000e+02
4.117320e-01   5.298730e-02   1.000000e+02
4.155455e-01   5.988300e-02   1.000000e+02
4.193944e-01   6.762810e-02   1.000000e+02
4.232789e-01   7.631565e-02   1.000000e+02
4.271994e-01   8.604655e-02   1.000000e+02
4.311562e-01   9.692984e-02   1.000000e+02
4.351497e-01   1.090828e-01   1.000000e+02
4.391801e-01   1.226312e-01   1.000000e+02
4.432479e-01   1.377089e-01   1.000000e+02
4.473533e-01   1.544580e-01   1.000000e+02
4.514968e-01   1.730282e-01   1.000000e+02
4.556786e-01   1.935871e-01   1.000000e+02
4.598992e-01   2.163306e-01   1.000000e+02
4.641589e-01   2.414751e-01   1.000000e+02
4.684580e-01   2.692597e-01   1.000000e+02
4.727970e-01   2.999480e-01   1.000000e+02
4.771761e-01   3.338319e-01   1.000000e+02
4.815958e-01   3.712342e-01   1.000000e+02
4.860564e-01   4.125133e-01   1.000000e+02
4.905584e-01   4.580669e-01   1.000000e+02
4.951020e-01   5.083378e-01   1.000000e+02
4.996877e-01   5.638188e-01   1.000000e+02
5.043159e-01   6.250532e-01   1.000000e+02
5.089870e-01   6.926074e-01   1.000000e+02
5.137014e-01   7.670882e-01   1.000000e+02
5.184594e-01   8.491545e-01   1.000000e+02
5.232614e-01   9.395213e-01   1.000000e+02
5.281080e-01   1.038964e+00   1.000000e+02
5.329994e-01   1.148320e+00   1.000000e+02
5.379362e-01   1.268498e+00   1.000000e+02
5.429186e-01   1.400478e+00   1.000000e+02
5.479472e-01   1.545316e+00   1.000000e+02
5.530224e-01   1.704153e+00   1.000000e+02
5.581446e-01   1.878213e+00   1.000000e+02
5.633143e-01   2.068815e+00   1.000000e+02
5.685318e-01   2.277373e+00   1.000000e+02
5.737976e-01   2.505403e+00   1.000000e+02
5.791123e-01   2.754529e+00   1.000000e+02
5.844761e-01   3.026485e+00   1.000000e+02
5.898896e-01   3.323123e+00   1.000000e+02
5.953533e-01   3.646416e+00   1.000000e+02
6.008676e-01   3.998464e+00   1.000000e+02
6.064329e-01   4.381521e+00   1.000000e+02
6.120498e-01   4.798049e+00   1.000000e+02
6.177188e-01   5.250692e+00   1.000000e+02
6.234402e-01   5.742286e+00   1.000000e+02
6.292146e-01   6.275864e+00   1.000000e+02
6.350425e-01   6.854675e+00   1.000000e+02
6.409244e-01   7.482195e+00   1.000000e+02
6.468608e-01   8.162142e+00   1.000000e+02
6.528521e-01   8.898491e+00   1.000000e+02
6.588990e-01   9.695493e+00   1.000000e+02
6.650018e-01   1.055769e+01   1.000000e+02
6.711612e-01   1.148993e+01   1.000000e+02
6.773776e-01   1.249740e+01   1.000000e+02
6.836516e-01   1.358564e+01   1.000000e+02
6.899837e-01   1.476055e+01   1.000000e+02
6.963745e-01   1.602844e+01   1.000000e+02
7.028244e-01   1.739603e+01   1.000000e+02
7.093341e-01   1.887044e+01   1.000000e+02
7.159041e-01   2.045916e+01   1.000000e+02
7.225349e-01   2.217013e+01   1.000000e+02
7.292272e-01   2.401175e+01   1.000000e+02
7.359814e-01   2.599295e+01   1.000000e+02
7.427982e-01   2.812316e+01   1.000000e+02
7.496782e-01   3.041236e+01   1.000000e+02
7.566219e-01   3.287111e+01   1.000000e+02
7.636298e-01   3.551056e+01   1.000000e+02
7.707027e-01   3.834251e+01   1.000000e+02
7.778411e-01   4.137938e+01   1.000000e+02
7.850456e-01   4.463430e+01   1.000000e+02
7.923169e-01   4.812108e+01   1.000000e+02
7.996555e-01   5.185429e+01   1.000000e+02
8.070620e-01   5.584928e+01   1.000000e+02
8.145372e-01   6.012226e+01   1.000000e+02
8.220816e-01   6.469033e+01   1.000000e+02
8.296959e-01   6.957148e+01   1.000000e+02
8.373807e-01   7.478462e+01   1.000000e+02
8.451366e-01   8.034966e+01   1.000000e+02
8.529644e-01   8.628751e+01   1.000000e+02
8.608648e-01   9.262013e+01   1.000000e+02
8.688383e-01   9.937061e+01   1.000000e+02
8.768856e-01   1.065631e+02   1.000000e+02
8.850075e-01   1.142231e+02   1.000000e+02
8.932046e-01   1.223772e+02   1.000000e+02
9.014776e-01   1.310532e+02   1.000000e+02
9.098273e-01   1.402805e+02   1.000000e+02
9.182543e-01   1.500897e+02   1.000000e+02
9.267593e-01   1.605128e+02   1.000000e+02
9.353432e-01   1.715835e+02   1.000000e+02
9.440065e-01   1.833368e+02   1.000000e+02
9.527500e-01   1.958095e+02   1.000000e+02
9.615746e-01   2.090400e+02   1.000000e+02
9.704809e-01   2.230684e+02   1.000000e+02
9.794697e-01   2.379366e+02   1.000000e+02
9.885417e-01   2.536882e+02   1.000000e+02
9.976978e-01   2.703691e+02   1.000000e+02
1.006939e+00   2.880267e+02   1.000000e+02
1.016265e+00   3.067102e+02   1.000000e+02
1.025678e+00   3.264704e+02   1.000000e+02
1.035178e+00   3.473603e+02   1.000000e+02
1.044766e+00   3.694346e+02   1.000000e+02
1.054443e+00   3.927502e+02   1.000000e+02
1.064209e+00   4.173662e+02   1.000000e+02
1.074066e+00   4.433437e+02   1.000000e+02
1.084014e+00   4.707459e+02   1.000000e+02
1.094055e+00   4.996385e+02   1.000000e+02
1.104188e+00   5.300891e+02   1.000000e+02
1.114415e+00   5.621677e+02   1.000000e+02
1.124737e+00   5.959469e+02   1.000000e+02
1.135155e+00   6.315012e+02   1.000000e+02
1.145669e+00   6.689077e+02   1.000000e+02
1.156280e+00   7.082459e+02   1.000000e+02
1.166990e+00   7.495977e+02   1.000000e+02
1.177799e+00   7.930473e+02   1.000000e+02
1.188708e+00   8.386816e+02   1.000000e+02
1.199718e+00   8.865898e+02   1.000000e+02
1.210830e+00   9.368635e+02   1.000000e+02
1.222045e+00   9.895971e+02   1.000000e+02
1.233363e+00   1.044887e+03   1.000000e+02
1.244787e+00   1.102833e+03   1.000000e+02
1.256317e+00   1.163536e+03   1.000000e+02
1.267953e+00   1.227107e+03   1.000000e+02
1.279697e+00   1.293666e+03   1.000000e+02
1.291550e+00   1.363339e+03   1.000000e+02
1.303512e+00   1.436256e+03   1.000000e+02
1.315586e+00   1.512554e+03   1.000000e+02
1.327771e+00   1.592377e+03   1.000000e+02
1.340069e+00   1.675872e+03   1.000000e+02
1.352481e+00   1.763198e+03   1.000000e+02
1.365008e+00   1.854517e+03   1.000000e+02
1.377651e+00   1.950001e+03   1.000000e+02
1.390411e+00   2.049830e+03   1.000000e+02
1.403289e+00   2.154192e+03   1.000000e+02
1.416287e+00   2.263285e+03   1.000000e+02
1.429405e+00   2.377316e+03   1.000000e+02
1.442644e+00   2.496503e+03   1.000000e+02
1.456006e+00   2.621075e+03   1.000000e+02
1.469492e+00   2.751272e+03   1.000000e+02
1.483103e+00   2.887348e+03   1.000000e+02
1.496839e+00   3.029568e+03   1.000000e+02
1.510703e+00   3.178206e+03   1.000000e+02
1.524696e+00   3.333479e+03   1.000000e+02
1.538818e+00   3.495573e+03   1.000000e+02
1.553071e+00   3.664666e+03   1.000000e+02
1.567455e+00   3.840930e+03   1.000000e+02
1.581973e+00   4.024526e+03   1.000000e+02
1.596626e+00   4.215605e+03   1.000000e+02
1.611414e+00   4.414306e+03   1.000000e+02
1.626340e+00   4.620753e+03   1.000000e+02
1.641403e+00   4.835054e+03   1.000000e+02
1.656606e+00   5.057300e+03   1.000000e+02
1.671950e+00   5.287561e+03   1.000000e+02
1.687436e+00   5.525884e+03   1.000000e+02
1.703065e+00   5.772293e+03   1.000000e+02
1.718839e+00   6.026785e+03   1.000000e+02
1.734759e+00   6.289327e+03   1.000000e+02
1.750827e+00   6.559857e+03   1.000000e+02
1.767044e+00   6.838345e+03   1.000000e+02
1.783410e+00   7.124985e+03   1.000000e+02
1.799929e+00   7.420040e+03   1.000000e+02
1.816600e+00   7.723797e+03   1.000000e+02
1.833425e+00   8.036572e+03   1.000000e+02
1.850407e+00   8.358709e+03   1.000000e+02
1.867546e+00   8.690583e+03   1.000000e+02
1.884843e+00   9.032605e+03   1.000000e+02
1.902301e+00   9.385221e+03   1.000000e+02
1.919921e+00   9.748918e+03   1.000000e+02
1.937703e+00   1.012423e+04   1.000000e+02
1.955651e+00   1.051172e+04   1.000000e+02
1.973764e+00   1.091201e+04   1.000000e+02
1.992046e+00   1.132579e+04   1.000000e+02
2.010496e+00   1.175377e+04   1.000000e+02
2.029118e+00   1.219651e+04   1.000000e+02
2.047912e+00   1.265438e+04   1.000000e+02
2.066880e+00   1.312775e+04   1.000000e+02
2.086024e+00   1.361701e+04   1.000000e+02
2.105345e+00   1.412253e+04   1.000000e+02
2.124845e+00   1.464468e+04   1.000000e+02
2.144526e+00   1.518383e+04   1.000000e+02
2.164389e+00   1.574035e+04   1.000000e+02
2.184436e+00   1.631459e+04   1.000000e+02
2.204669e+00   1.690690e+04   1.000000e+02
2.225089e+00   1.751765e+04   1.000000e+02
2.245698e+00   1.814715e+04   1.000000e+02
2.266498e+00   1.879575e+04   1.000000e+02
2.287491e+00   1.946376e+04   1.000000e+02
2.308678e+00   2.015149e+04   1.000000e+02
2.330061e+00   2.085923e+04   1.000000e+02
2.351643e+00   2.158725e+04   1.000000e+02
2.373424e+00   2.233582e+04   1.000000e+02
2.395407e+00   2.310518e+04   1.000000e+02
2.417594e+00   2.389556e+04   1.000000e+02
2.439986e+00   2.470715e+04   1.000000e+02
2.462586e+00   2.554014e+04   1.000000e+02
2.485395e+00   2.639467e+04   1.000000e+02
2.508415e+00   2.727088e+04   1.000000e+02
2.531648e+00   2.816899e+04   1.000000e+02
2.555097e+00   2.908937e+04   1.000000e+02
2.578763e+00   3.003239e+04   1.000000e+02
2.602648e+00   3.099846e+04   1.000000e+02
2.626754e+00   3.198798e+04   1.000000e+02
2.651084e+00   3.300137e+04   1.000000e+02
2.675638e+00   3.403904e+04   1.000000e+02
2.700421e+00   3.510143e+04   1.000000e+02
2.725433e+00   3.618898e+04   1.000000e+02
2.750676e+00   3.730215e+04   1.000000e+02
2.776153e+00   3.844140e+04   1.000000e+02
2.801867e+00   3.960720e+04   1.000000e+02
2.827818e+00   4.080005e+04   1.000000e+02
2.854010e+00   4.202046e+04   1.000000e+02
2.880444e+00   4.326894e+04   1.000000e+02
2.907123e+00   4.454602e+04   1.000000e+02
2.934050e+00   4.585226e+04   1.000000e+02
2.961225e+00   4.718822e+04   1.000000e+02
2.988653e+00   4.855449e+04   1.000000e+02
3.016334e+00   4.995166e+04   1.000000e+02
3.044272e+00   5.138024e+04   1.000000e+02
3.072469e+00   5.284066e+04   1.000000e+02
3.100927e+00   5.433334e+04   1.000000e+02
3.129648e+00   5.585871e+04   1.000000e+02
3.158635e+00   5.741718e+04   1.000000e+02
3.187891e+00   5.900916e+04   1.000000e+02
3.217418e+00   6.063508e+04   1.000000e+02
3.247218e+00   6.229533e+04   1.000000e+02
3.277295e+00   6.399032e+04   1.000000e+02
3.307650e+00   6.572045e+04   1.000000e+02
3.338286e+00   6.748611e+04   1.000000e+02
3.369206e+00   6.928770e+04   1.000000e+02
3.400412e+00   7.112560e+04   1.000000e+02
3.431907e+00   7.300018e+04   1.000000e+02
3.463694e+00   7.491182e+04   1.000000e+02
3.495776e+00   7.686089e+04   1.000000e+02
3.528154e+00   7.884776e+04   1.000000e+02
3.560833e+00   8.087284e+04   1.000000e+02
3.593814e+00   8.293659e+04   1.000000e+02
3.627100e+00   8.503945e+04   1.000000e+02
3.660695e+00   8.718188e+04   1.000000e+02
3.694601e+00   8.936433e+04   1.000000e+02
3.728821e+00   9.158725e+04   1.000000e+02
3.763358e+00   9.385111e+04   1.000000e+02
3.798215e+00   9.615636e+04   1.000000e+02
3.833395e+00   9.850348e+04   1.000000e+02
3.868901e+00   1.008929e+05   1.000000e+02
3.904735e+00   1.033252e+05   1.000000e+02
3.940902e+00   1.058007e+05   1.000000e+02
3.977403e+00   1.083200e+05   1.000000e+02
4.014242e+00   1.108836e+05   1.000000e+02
4.051423e+00   1.134918e+05   1.000000e+02
4.088948e+00   1.161453e+05   1.000000e+02
4.126821e+00   1.188444e+05   1.000000e+02
4.165044e+00   1.215896e+05   1.000000e+02
4.203622e+00   1.243814e+05   1.000000e+02
4.242556e+00   1.272202e+05   1.000000e+02
4.281852e+00   1.301065e+05   1.000000e+02
4.321511e+00   1.330408e+05   1.000000e+02
4.361538e+00   1.360235e+05   1.000000e+02
4.401935e+00   1.390551e+05   1.000000e+02
4.442707e+00   1.421362e+05   1.000000e+02
4.483856e+00   1.452671e+05   1.000000e+02
4.525386e+00   1.484485e+05   1.000000e+02
4.567301e+00   1.516807e+05   1.000000e+02
4.609604e+00   1.549642e+05   1.000000e+02
4.652300e+00   1.582996e+05   1.000000e+02
4.695390e+00   1.616874e+05   1.000000e+02
4.738880e+00   1.651280e+05   1.000000e+02
4.782772e+00   1.686220e+05   1.000000e+02
4.827071e+00   1.721699e+05   1.000000e+02
4.871780e+00   1.757722e+05   1.000000e+02
4.916904e+00   1.794295e+05   1.000000e+02
4.962445e+00   1.831422e+05   1.000000e+02
5.008408e+00   1.869110e+05   1.000000e+02
5.054797e+00   1.907364e+05   1.000000e+02
5.101615e+00   1.946190e+05   1.000000e+02
5.148867e+00   1.985594e+05   1.000000e+02
5.196557e+00   2.025584e+05   1.000000e+02
5.244689e+00   2.066166e+05   1.000000e+02
5.293266e+00   2.107347e+05   1.000000e+02
5.342293e+00   2.149134e+05   1.000000e+02
5.391775e+00   2.191535e+05   1.000000e+02
5.441714e+00   2.234556e+05   1.000000e+02
5.492116e+00   2.278206e+05   1.000000e+02
5.542986e+00   2.322492e+05   1.000000e+02
5.594326e+00   2.367422e+05   1.000000e+02
5.646141e+00   2.413004e+05   1.000000e+02
5.698437e+00   2.459248e+05   1.000000e+02
5.751217e+00   2.506161e+05   1.000000e+02
5.804486e+00   2.553752e+05   1.000000e+02
5.858248e+00   2.602030e+05   1.000000e+02
5.912508e+00   2.651006e+05   1.000000e+02
5.967271e+00   2.700687e+05   1.000000e+02
6.022541e+00   2.751085e+05   1.000000e+02
6.078323e+00   2.802210e+05   1.000000e+02
6.134622e+00   2.854074e+05   1.000000e+02
6.191442e+00   2.906689e+05   1.000000e+02
6.248788e+00   2.960069e+05   1.000000e+02
6.306666e+00   3.014227e+05   1.000000e+02
6.365079e+00   3.069177e+05   1.000000e+02
6.424034e+00   3.124933e+05   1.000000e+02
6.483534e+00   3.181510e+05   1.000000e+02
6.543586e+00   3.238924e+05   1.000000e+02
6.604194e+00   3.297189e+05   1.000000e+02
6.665363e+00   3.356323e+05   1.000000e+02
6.727099e+00   3.416342e+05   1.000000e+02
6.789407e+00   3.477264e+05   1.000000e+02
6.852292e+00   3.539108e+05   1.000000e+02
6.915759e+00   3.601891e+05   1.000000e+02
6.979814e+00   3.665633e+05   1.000000e+02
7.044462e+00   3.730355e+05   1.000000e+02
7.109709e+00   3.796077e+05   1.000000e+02
7.175561e+00   3.862824e+05   1.000000e+02
7.242022e+00   3.930620e+05   1.000000e+02
7.309099e+00   3.999489e+05   1.000000e+02
7.376798e+00   4.069457e+05   1.000000e+02
7.445123e+00   4.140552e+05   1.000000e+02
7.514081e+00   4.212801e+05   1.000000e+02
7.583678e+00   4.286233e+05   1.000000e+02
7.653919e+00   4.360877e+05   1.000000e+02
7.724811e+00   4.436766e+05   1.000000e+02
7.796360e+00   4.513931e+05   1.000000e+02
7.868572e+00   4.592404e+05   1.000000e+02
7.941452e+00   4.672222e+05   1.000000e+02
8.015007e+00   4.753419e+05   1.000000e+02
8.089243e+00   4.836032e+05   1.000000e+02
8.164168e+00   4.920097e+05   1.000000e+02
8.239786e+00   5.005652e+05   1.000000e+02
8.316104e+00   5.092736e+05   1.000000e+02
8.393129e+00   5.181390e+05   1.000000e+02
8.470868e+00   5.271656e+05   1.000000e+02
8.549327e+00   5.363576e+05   1.000000e+02
8.628513e+00   5.457194e+05   1.000000e+02
8.708431e+00   5.552559e+05   1.000000e+02
8.789091e+00   5.649716e+05   1.000000e+02
8.870497e+00   5.748716e+05   1.000000e+02
8.952657e+00   5.849610e+05   1.000000e+02
9.035578e+00   5.952451e+05   1.000000e+02
9.119268e+00   6.057293e+05   1.000000e+02
9.203732e+00   6.164193e+05   1.000000e+02
9.288979e+00   6.273210e+05   1.000000e+02
9.375015e+00   6.384404e+05   1.000000e+02
9.461848e+00   6.497839e+05   1.000000e+02
9.549486e+00   6.613579e+05   1.000000e+02
9.637935e+00   6.731691e+05   1.000000e+02
9.727203e+00   6.852246e+05   1.000000e+02
9.817298e+00   6.975316e+05   1.000000e+02
9.908228e+00   7.100975e+05   1.000000e+02
1.000000e+01   7.229300e+05   1.000000e+02
