# F18 + a > Na22 + g   [F18_a__Na22_g]   ref=TALYS2, Koning et al. 2023
# detailed balance: alpha=2.5076e+10 beta=1.5 gamma=-98.418  Q=8.481
# T9                 rate                error
1.000000e-03   1.000000e-35   1.000000e+02
1.009262e-03   1.000001e-35   1.000000e+02
1.018610e-03   1.000003e-35   1.000000e+02
1.028045e-03   1.000004e-35   1.000000e+02
1.037567e-03   1.000006e-35   1.000000e+02
1.047177e-03   1.000007e-35   1.000000e+02
1.056876e-03   1.000008e-35   1.000000e+02
1.066665e-03   1.000009e-35   1.000000e+02
1.076545e-03   1.000010e-35   1.000000e+02
1.086516e-03   1.000011e-35   1.000000e+02
1.096579e-03   1.000012e-35   1.000000e+02
1.106736e-03   1.000013e-35   1.000000e+02
1.116987e-03   1.000014e-35   1.000000e+02
1.127333e-03   1.000015e-35   1.000000e+02
1.137774e-03   1.000015e-35   1.000000e+02
1.148312e-03   1.000016e-35   1.000000e+02
1.158948e-03   1.000017e-35   1.000000e+02
1.169683e-03   1.000017e-35   1.000000e+02
1.180517e-03   1.000018e-35   1.000000e+02
1.191451e-03   1.000018e-35   1.000000e+02
1.202486e-03   1.000019e-35   1.000000e+02
1.213624e-03   1.000019e-35   1.000000e+02
1.224865e-03   1.000019e-35   1.000000e+02
1.236210e-03   1.000020e-35   1.000000e+02
1.247660e-03   1.000020e-35   1.000000e+02
1.259216e-03   1.000020e-35   1.000000e+02
1.270879e-03   1.000020e-35   1.000000e+02
1.282650e-03   1.000021e-35   1.000000e+02
1.294530e-03   1.000021e-35   1.000000e+02
1.306520e-03   1.000021e-35   1.000000e+02
1.318621e-03   1.000021e-35   1.000000e+02
1.330835e-03   1.000021e-35   1.000000e+02
1.343161e-03   1.000021e-35   1.000000e+02
1.355602e-03   1.000021e-35   1.000000e+02
1.368158e-03   1.000020e-35   1.000000e+02
1.380830e-03   1.000020e-35   1.000000e+02
1.393619e-03   1.000020e-35   1.000000e+02
1.406527e-03   1.000020e-35   1.000000e+02
1.419555e-03   1.000020e-35   1.000000e+02
1.432703e-03   1.000019e-35   1.000000e+02
1.445973e-03   1.000019e-35   1.000000e+02
1.459366e-03   1.000019e-35   1.000000e+02
1.472883e-03   1.000018e-35   1.000000e+02
1.486525e-03   1.000018e-35   1.000000e+02
1.500293e-03   1.000018e-35   1.000000e+02
1.514189e-03   1.000017e-35   1.000000e+02
1.528214e-03   1.000017e-35   1.000000e+02
1.542369e-03   1.000016e-35   1.000000e+02
1.556654e-03   1.000016e-35   1.000000e+02
1.571072e-03   1.000015e-35   1.000000e+02
1.585624e-03   1.000015e-35   1.000000e+02
1.600310e-03   1.000014e-35   1.000000e+02
1.615133e-03   1.000014e-35   1.000000e+02
1.630092e-03   1.000013e-35   1.000000e+02
1.645191e-03   1.000013e-35   1.000000e+02
1.660429e-03   1.000012e-35   1.000000e+02
1.675808e-03   1.000012e-35   1.000000e+02
1.691330e-03   1.000011e-35   1.000000e+02
1.706995e-03   1.000010e-35   1.000000e+02
1.722805e-03   1.000010e-35   1.000000e+02
1.738762e-03   1.000009e-35   1.000000e+02
1.754867e-03   1.000009e-35   1.000000e+02
1.771121e-03   1.000008e-35   1.000000e+02
1.787526e-03   1.000007e-35   1.000000e+02
1.804082e-03   1.000007e-35   1.000000e+02
1.820792e-03   1.000006e-35   1.000000e+02
1.837656e-03   1.000006e-35   1.000000e+02
1.854677e-03   1.000005e-35   1.000000e+02
1.871855e-03   1.000004e-35   1.000000e+02
1.889193e-03   1.000004e-35   1.000000e+02
1.906691e-03   1.000003e-35   1.000000e+02
1.924351e-03   1.000002e-35   1.000000e+02
1.942175e-03   1.000002e-35   1.000000e+02
1.960163e-03   1.000001e-35   1.000000e+02
1.978319e-03   1.000001e-35   1.000000e+02
1.996642e-03   1.000000e-35   1.000000e+02
2.015136e-03   9.999995e-36   1.000000e+02
2.033800e-03   9.999990e-36   1.000000e+02
2.052638e-03   9.999985e-36   1.000000e+02
2.071650e-03   9.999979e-36   1.000000e+02
2.090838e-03   9.999974e-36   1.000000e+02
2.110203e-03   9.999969e-36   1.000000e+02
2.129749e-03   9.999964e-36   1.000000e+02
2.149475e-03   9.999960e-36   1.000000e+02
2.169384e-03   9.999955e-36   1.000000e+02
2.189477e-03   9.999951e-36   1.000000e+02
2.209756e-03   9.999947e-36   1.000000e+02
2.230223e-03   9.999943e-36   1.000000e+02
2.250880e-03   9.999940e-36   1.000000e+02
2.271728e-03   9.999937e-36   1.000000e+02
2.292769e-03   9.999933e-36   1.000000e+02
2.314005e-03   9.999931e-36   1.000000e+02
2.335438e-03   9.999928e-36   1.000000e+02
2.357069e-03   9.999926e-36   1.000000e+02
2.378901e-03   9.999924e-36   1.000000e+02
2.400935e-03   9.999922e-36   1.000000e+02
2.423173e-03   9.999921e-36   1.000000e+02
2.445617e-03   9.999920e-36   1.000000e+02
2.468268e-03   9.999919e-36   1.000000e+02
2.491130e-03   9.999919e-36   1.000000e+02
2.514203e-03   9.999919e-36   1.000000e+02
2.537490e-03   9.999919e-36   1.000000e+02
2.560993e-03   9.999920e-36   1.000000e+02
2.584714e-03   9.999921e-36   1.000000e+02
2.608654e-03   9.999922e-36   1.000000e+02
2.632815e-03   9.999924e-36   1.000000e+02
2.657201e-03   9.999926e-36   1.000000e+02
2.681813e-03   9.999929e-36   1.000000e+02
2.706652e-03   9.999932e-36   1.000000e+02
2.731722e-03   9.999936e-36   1.000000e+02
2.757023e-03   9.999940e-36   1.000000e+02
2.782559e-03   9.999945e-36   1.000000e+02
2.808332e-03   9.999949e-36   1.000000e+02
2.834343e-03   9.999955e-36   1.000000e+02
2.860596e-03   9.999961e-36   1.000000e+02
2.887091e-03   9.999967e-36   1.000000e+02
2.913832e-03   9.999974e-36   1.000000e+02
2.940820e-03   9.999982e-36   1.000000e+02
2.968059e-03   9.999990e-36   1.000000e+02
2.995549e-03   9.999999e-36   1.000000e+02
3.023295e-03   1.000001e-35   1.000000e+02
3.051297e-03   1.000002e-35   1.000000e+02
3.079559e-03   1.000003e-35   1.000000e+02
3.108082e-03   1.000004e-35   1.000000e+02
3.136870e-03   1.000005e-35   1.000000e+02
3.165924e-03   1.000006e-35   1.000000e+02
3.195248e-03   1.000007e-35   1.000000e+02
3.224842e-03   1.000008e-35   1.000000e+02
3.254712e-03   1.000009e-35   1.000000e+02
3.284857e-03   1.000010e-35   1.000000e+02
3.315282e-03   1.000011e-35   1.000000e+02
3.345989e-03   1.000012e-35   1.000000e+02
3.376980e-03   1.000012e-35   1.000000e+02
3.408259e-03   1.000013e-35   1.000000e+02
3.439826e-03   1.000014e-35   1.000000e+02
3.471687e-03   1.000014e-35   1.000000e+02
3.503842e-03   1.000014e-35   1.000000e+02
3.536296e-03   1.000015e-35   1.000000e+02
3.569049e-03   1.000015e-35   1.000000e+02
3.602107e-03   1.000015e-35   1.000000e+02
3.635470e-03   1.000014e-35   1.000000e+02
3.669142e-03   1.000014e-35   1.000000e+02
3.703127e-03   1.000013e-35   1.000000e+02
3.737426e-03   1.000013e-35   1.000000e+02
3.772042e-03   1.000012e-35   1.000000e+02
3.806980e-03   1.000010e-35   1.000000e+02
3.842241e-03   1.000009e-35   1.000000e+02
3.877828e-03   1.000007e-35   1.000000e+02
3.913746e-03   1.000006e-35   1.000000e+02
3.949995e-03   1.000003e-35   1.000000e+02
3.986581e-03   1.000001e-35   1.000000e+02
4.023506e-03   9.999983e-36   1.000000e+02
4.060772e-03   9.999953e-36   1.000000e+02
4.098384e-03   9.999922e-36   1.000000e+02
4.136344e-03   9.999889e-36   1.000000e+02
4.174655e-03   9.999856e-36   1.000000e+02
4.213322e-03   9.999823e-36   1.000000e+02
4.252346e-03   9.999791e-36   1.000000e+02
4.291732e-03   9.999760e-36   1.000000e+02
4.331483e-03   9.999731e-36   1.000000e+02
4.371602e-03   9.999705e-36   1.000000e+02
4.412093e-03   9.999681e-36   1.000000e+02
4.452959e-03   9.999662e-36   1.000000e+02
4.494203e-03   9.999647e-36   1.000000e+02
4.535829e-03   9.999637e-36   1.000000e+02
4.577841e-03   9.999633e-36   1.000000e+02
4.620241e-03   9.999635e-36   1.000000e+02
4.663035e-03   9.999643e-36   1.000000e+02
4.706225e-03   9.999660e-36   1.000000e+02
4.749815e-03   9.999685e-36   1.000000e+02
4.793808e-03   9.999718e-36   1.000000e+02
4.838210e-03   9.999761e-36   1.000000e+02
4.883022e-03   9.999814e-36   1.000000e+02
4.928250e-03   9.999877e-36   1.000000e+02
4.973896e-03   9.999952e-36   1.000000e+02
5.019965e-03   1.000004e-35   1.000000e+02
5.066461e-03   1.000014e-35   1.000000e+02
5.113388e-03   1.000024e-35   1.000000e+02
5.160749e-03   1.000035e-35   1.000000e+02
5.208549e-03   1.000046e-35   1.000000e+02
5.256791e-03   1.000057e-35   1.000000e+02
5.305481e-03   1.000068e-35   1.000000e+02
5.354621e-03   1.000077e-35   1.000000e+02
5.404216e-03   1.000086e-35   1.000000e+02
5.454271e-03   1.000092e-35   1.000000e+02
5.504790e-03   1.000098e-35   1.000000e+02
5.555776e-03   1.000101e-35   1.000000e+02
5.607235e-03   1.000101e-35   1.000000e+02
5.659170e-03   1.000099e-35   1.000000e+02
5.711586e-03   1.000094e-35   1.000000e+02
5.764488e-03   1.000085e-35   1.000000e+02
5.817880e-03   1.000073e-35   1.000000e+02
5.871766e-03   1.000056e-35   1.000000e+02
5.926152e-03   1.000035e-35   1.000000e+02
5.981041e-03   1.000010e-35   1.000000e+02
6.036439e-03   9.999795e-36   1.000000e+02
6.092349e-03   9.999450e-36   1.000000e+02
6.148778e-03   9.999080e-36   1.000000e+02
6.205729e-03   9.998700e-36   1.000000e+02
6.263207e-03   9.998326e-36   1.000000e+02
6.321218e-03   9.997973e-36   1.000000e+02
6.379767e-03   9.997656e-36   1.000000e+02
6.438857e-03   9.997392e-36   1.000000e+02
6.498495e-03   9.997196e-36   1.000000e+02
6.558686e-03   9.997084e-36   1.000000e+02
6.619433e-03   9.997070e-36   1.000000e+02
6.680744e-03   9.997171e-36   1.000000e+02
6.742622e-03   9.997401e-36   1.000000e+02
6.805074e-03   9.997778e-36   1.000000e+02
6.868104e-03   9.998315e-36   1.000000e+02
6.931717e-03   9.999029e-36   1.000000e+02
6.995920e-03   9.999936e-36   1.000000e+02
7.060718e-03   1.000104e-35   1.000000e+02
7.126115e-03   1.000228e-35   1.000000e+02
7.192119e-03   1.000359e-35   1.000000e+02
7.258734e-03   1.000490e-35   1.000000e+02
7.325965e-03   1.000613e-35   1.000000e+02
7.393820e-03   1.000722e-35   1.000000e+02
7.462303e-03   1.000808e-35   1.000000e+02
7.531420e-03   1.000865e-35   1.000000e+02
7.601178e-03   1.000885e-35   1.000000e+02
7.671581e-03   1.000861e-35   1.000000e+02
7.742637e-03   1.000786e-35   1.000000e+02
7.814351e-03   1.000653e-35   1.000000e+02
7.886729e-03   1.000454e-35   1.000000e+02
7.959777e-03   1.000182e-35   1.000000e+02
8.033502e-03   9.998308e-36   1.000000e+02
8.107910e-03   9.994117e-36   1.000000e+02
8.183007e-03   9.989565e-36   1.000000e+02
8.258799e-03   9.984979e-36   1.000000e+02
8.335294e-03   9.980687e-36   1.000000e+02
8.412497e-03   9.977016e-36   1.000000e+02
8.490415e-03   9.974291e-36   1.000000e+02
8.569055e-03   9.972840e-36   1.000000e+02
8.648423e-03   9.972989e-36   1.000000e+02
8.728527e-03   9.975066e-36   1.000000e+02
8.809372e-03   9.979398e-36   1.000000e+02
8.890966e-03   9.986316e-36   1.000000e+02
8.973316e-03   9.996155e-36   1.000000e+02
9.056428e-03   1.000916e-35   1.000000e+02
9.140311e-03   1.002454e-35   1.000000e+02
9.224970e-03   1.004086e-35   1.000000e+02
9.310413e-03   1.005666e-35   1.000000e+02
9.396648e-03   1.007048e-35   1.000000e+02
9.483682e-03   1.008085e-35   1.000000e+02
9.571522e-03   1.008628e-35   1.000000e+02
9.660175e-03   1.008531e-35   1.000000e+02
9.749649e-03   1.007648e-35   1.000000e+02
9.839952e-03   1.005834e-35   1.000000e+02
9.931092e-03   1.002949e-35   1.000000e+02
1.002308e-02   9.988573e-36   1.000000e+02
1.011591e-02   9.935262e-36   1.000000e+02
1.020961e-02   9.871121e-36   1.000000e+02
1.030417e-02   9.797929e-36   1.000000e+02
1.039961e-02   9.717448e-36   1.000000e+02
1.049593e-02   9.631404e-36   1.000000e+02
1.059315e-02   9.541483e-36   1.000000e+02
1.069126e-02   9.449316e-36   1.000000e+02
1.079029e-02   9.356482e-36   1.000000e+02
1.089023e-02   9.264496e-36   1.000000e+02
1.099110e-02   9.174818e-36   1.000000e+02
1.109290e-02   9.088612e-36   1.000000e+02
1.119564e-02   9.005763e-36   1.000000e+02
1.129934e-02   8.925762e-36   1.000000e+02
1.140400e-02   8.848122e-36   1.000000e+02
1.150962e-02   8.772370e-36   1.000000e+02
1.161623e-02   8.698049e-36   1.000000e+02
1.172382e-02   8.624718e-36   1.000000e+02
1.183241e-02   8.551951e-36   1.000000e+02
1.194200e-02   8.479335e-36   1.000000e+02
1.205261e-02   8.406481e-36   1.000000e+02
1.216424e-02   8.333260e-36   1.000000e+02
1.227691e-02   8.259810e-36   1.000000e+02
1.239062e-02   8.186276e-36   1.000000e+02
1.250539e-02   8.112800e-36   1.000000e+02
1.262121e-02   8.039518e-36   1.000000e+02
1.273811e-02   7.966562e-36   1.000000e+02
1.285610e-02   7.894059e-36   1.000000e+02
1.297517e-02   7.822131e-36   1.000000e+02
1.309535e-02   7.750885e-36   1.000000e+02
1.321664e-02   7.680331e-36   1.000000e+02
1.333906e-02   7.610435e-36   1.000000e+02
1.346261e-02   7.541168e-36   1.000000e+02
1.358730e-02   7.472498e-36   1.000000e+02
1.371315e-02   7.404396e-36   1.000000e+02
1.384016e-02   7.336834e-36   1.000000e+02
1.396835e-02   7.269784e-36   1.000000e+02
1.409773e-02   7.203222e-36   1.000000e+02
1.422830e-02   7.137152e-36   1.000000e+02
1.436009e-02   7.071590e-36   1.000000e+02
1.449310e-02   7.006552e-36   1.000000e+02
1.462733e-02   6.942052e-36   1.000000e+02
1.476281e-02   6.878106e-36   1.000000e+02
1.489955e-02   6.814726e-36   1.000000e+02
1.503755e-02   6.751926e-36   1.000000e+02
1.517683e-02   6.689717e-36   1.000000e+02
1.531740e-02   6.628108e-36   1.000000e+02
1.545928e-02   6.567105e-36   1.000000e+02
1.560246e-02   6.506717e-36   1.000000e+02
1.574698e-02   6.446951e-36   1.000000e+02
1.589283e-02   6.387811e-36   1.000000e+02
1.604003e-02   6.329306e-36   1.000000e+02
1.618860e-02   6.271437e-36   1.000000e+02
1.633854e-02   6.214201e-36   1.000000e+02
1.648987e-02   6.157596e-36   1.000000e+02
1.664260e-02   6.101617e-36   1.000000e+02
1.679675e-02   6.046262e-36   1.000000e+02
1.695232e-02   5.991527e-36   1.000000e+02
1.710934e-02   5.937409e-36   1.000000e+02
1.726781e-02   5.883904e-36   1.000000e+02
1.742775e-02   5.831008e-36   1.000000e+02
1.758917e-02   5.778718e-36   1.000000e+02
1.775208e-02   5.727029e-36   1.000000e+02
1.791650e-02   5.675939e-36   1.000000e+02
1.808245e-02   5.625445e-36   1.000000e+02
1.824993e-02   5.575566e-36   1.000000e+02
1.841897e-02   5.526347e-36   1.000000e+02
1.858957e-02   5.477829e-36   1.000000e+02
1.876175e-02   5.430054e-36   1.000000e+02
1.893552e-02   5.383060e-36   1.000000e+02
1.911091e-02   5.336885e-36   1.000000e+02
1.928792e-02   5.291565e-36   1.000000e+02
1.946656e-02   5.247135e-36   1.000000e+02
1.964687e-02   5.203629e-36   1.000000e+02
1.982884e-02   5.161079e-36   1.000000e+02
2.001250e-02   5.119516e-36   1.000000e+02
2.019786e-02   5.078954e-36   1.000000e+02
2.038493e-02   5.039360e-36   1.000000e+02
2.057374e-02   5.000690e-36   1.000000e+02
2.076430e-02   4.962902e-36   1.000000e+02
2.095662e-02   4.925957e-36   1.000000e+02
2.115073e-02   4.889813e-36   1.000000e+02
2.134663e-02   4.854433e-36   1.000000e+02
2.154435e-02   4.819779e-36   1.000000e+02
2.174389e-02   4.785815e-36   1.000000e+02
2.194529e-02   4.752506e-36   1.000000e+02
2.214855e-02   4.719817e-36   1.000000e+02
2.235370e-02   4.687714e-36   1.000000e+02
2.256074e-02   4.656165e-36   1.000000e+02
2.276970e-02   4.625138e-36   1.000000e+02
2.298060e-02   4.594602e-36   1.000000e+02
2.319345e-02   4.564526e-36   1.000000e+02
2.340827e-02   4.534881e-36   1.000000e+02
2.362508e-02   4.505639e-36   1.000000e+02
2.384390e-02   4.476770e-36   1.000000e+02
2.406475e-02   4.448248e-36   1.000000e+02
2.428764e-02   4.420045e-36   1.000000e+02
2.451260e-02   4.392136e-36   1.000000e+02
2.473964e-02   4.364494e-36   1.000000e+02
2.496878e-02   4.337096e-36   1.000000e+02
2.520005e-02   4.309942e-36   1.000000e+02
2.543346e-02   4.283193e-36   1.000000e+02
2.566903e-02   4.257063e-36   1.000000e+02
2.590678e-02   4.231762e-36   1.000000e+02
2.614673e-02   4.207495e-36   1.000000e+02
2.638891e-02   4.184463e-36   1.000000e+02
2.663333e-02   4.162861e-36   1.000000e+02
2.688001e-02   4.142884e-36   1.000000e+02
2.712898e-02   4.124722e-36   1.000000e+02
2.738025e-02   4.108564e-36   1.000000e+02
2.763385e-02   4.094600e-36   1.000000e+02
2.788980e-02   4.083019e-36   1.000000e+02
2.814812e-02   4.074012e-36   1.000000e+02
2.840884e-02   4.067772e-36   1.000000e+02
2.867196e-02   4.064497e-36   1.000000e+02
2.893753e-02   4.064389e-36   1.000000e+02
2.920556e-02   4.067660e-36   1.000000e+02
2.947606e-02   4.074528e-36   1.000000e+02
2.974908e-02   4.085222e-36   1.000000e+02
3.002462e-02   4.099985e-36   1.000000e+02
3.030271e-02   4.118957e-36   1.000000e+02
3.058338e-02   4.141933e-36   1.000000e+02
3.086665e-02   4.168644e-36   1.000000e+02
3.115254e-02   4.198826e-36   1.000000e+02
3.144108e-02   4.232212e-36   1.000000e+02
3.173230e-02   4.268533e-36   1.000000e+02
3.202621e-02   4.307514e-36   1.000000e+02
3.232284e-02   4.348874e-36   1.000000e+02
3.262222e-02   4.392323e-36   1.000000e+02
3.292437e-02   4.437560e-36   1.000000e+02
3.322933e-02   4.484272e-36   1.000000e+02
3.353710e-02   4.532132e-36   1.000000e+02
3.384773e-02   4.580800e-36   1.000000e+02
3.416123e-02   4.629920e-36   1.000000e+02
3.447764e-02   4.679120e-36   1.000000e+02
3.479698e-02   4.728014e-36   1.000000e+02
3.511928e-02   4.776197e-36   1.000000e+02
3.544456e-02   4.823253e-36   1.000000e+02
3.577285e-02   4.868747e-36   1.000000e+02
3.610419e-02   4.912234e-36   1.000000e+02
3.643859e-02   4.953255e-36   1.000000e+02
3.677609e-02   4.991344e-36   1.000000e+02
3.711672e-02   5.026024e-36   1.000000e+02
3.746050e-02   5.056815e-36   1.000000e+02
3.780747e-02   5.083237e-36   1.000000e+02
3.815765e-02   5.104809e-36   1.000000e+02
3.851107e-02   5.121059e-36   1.000000e+02
3.886777e-02   5.131525e-36   1.000000e+02
3.922777e-02   5.135760e-36   1.000000e+02
3.959110e-02   5.133336e-36   1.000000e+02
3.995780e-02   5.123853e-36   1.000000e+02
4.032790e-02   5.107280e-36   1.000000e+02
4.070142e-02   5.085521e-36   1.000000e+02
4.107841e-02   5.061136e-36   1.000000e+02
4.145888e-02   5.036645e-36   1.000000e+02
4.184289e-02   5.014522e-36   1.000000e+02
4.223044e-02   4.997198e-36   1.000000e+02
4.262159e-02   4.987082e-36   1.000000e+02
4.301636e-02   4.986587e-36   1.000000e+02
4.341478e-02   4.998172e-36   1.000000e+02
4.381690e-02   5.024398e-36   1.000000e+02
4.422274e-02   5.067991e-36   1.000000e+02
4.463234e-02   5.131930e-36   1.000000e+02
4.504573e-02   5.219544e-36   1.000000e+02
4.546295e-02   5.334646e-36   1.000000e+02
4.588404e-02   5.481681e-36   1.000000e+02
4.630903e-02   5.665928e-36   1.000000e+02
4.673795e-02   5.893748e-36   1.000000e+02
4.717085e-02   6.172900e-36   1.000000e+02
4.760775e-02   6.512956e-36   1.000000e+02
4.804870e-02   6.925839e-36   1.000000e+02
4.849374e-02   7.426529e-36   1.000000e+02
4.894290e-02   8.034017e-36   1.000000e+02
4.939622e-02   8.772572e-36   1.000000e+02
4.985373e-02   9.673476e-36   1.000000e+02
5.031549e-02   1.077681e-35   1.000000e+02
5.078152e-02   1.212784e-35   1.000000e+02
5.125187e-02   1.377962e-35   1.000000e+02
5.172657e-02   1.579878e-35   1.000000e+02
5.220568e-02   1.826899e-35   1.000000e+02
5.268921e-02   2.129525e-35   1.000000e+02
5.317723e-02   2.500923e-35   1.000000e+02
5.366977e-02   2.957601e-35   1.000000e+02
5.416687e-02   3.520244e-35   1.000000e+02
5.466857e-02   4.214753e-35   1.000000e+02
5.517492e-02   5.073526e-35   1.000000e+02
5.568596e-02   6.137032e-35   1.000000e+02
5.620174e-02   7.455724e-35   1.000000e+02
5.672229e-02   9.092357e-35   1.000000e+02
5.724766e-02   1.112476e-34   1.000000e+02
5.777790e-02   1.364912e-34   1.000000e+02
5.831305e-02   1.678381e-34   1.000000e+02
5.885316e-02   2.067382e-34   1.000000e+02
5.939827e-02   2.549574e-34   1.000000e+02
5.994843e-02   3.146322e-34   1.000000e+02
6.050368e-02   3.883673e-34   1.000000e+02
6.106408e-02   4.795432e-34   1.000000e+02
6.162966e-02   5.924819e-34   1.000000e+02
6.220049e-02   7.326579e-34   1.000000e+02
6.277660e-02   9.070326e-34   1.000000e+02
6.335805e-02   1.124493e-33   1.000000e+02
6.394488e-02   1.396430e-33   1.000000e+02
6.453715e-02   1.737508e-33   1.000000e+02
6.513491e-02   2.166689e-33   1.000000e+02
6.573820e-02   2.708601e-33   1.000000e+02
6.634708e-02   3.395381e-33   1.000000e+02
6.696160e-02   4.269176e-33   1.000000e+02
6.758181e-02   5.385524e-33   1.000000e+02
6.820777e-02   6.817999e-33   1.000000e+02
6.883952e-02   8.664584e-33   1.000000e+02
6.947713e-02   1.105648e-32   1.000000e+02
7.012064e-02   1.417036e-32   1.000000e+02
7.077011e-02   1.824336e-32   1.000000e+02
7.142559e-02   2.359045e-32   1.000000e+02
7.208715e-02   3.063414e-32   1.000000e+02
7.275484e-02   3.994327e-32   1.000000e+02
7.342870e-02   5.228542e-32   1.000000e+02
7.410882e-02   6.869847e-32   1.000000e+02
7.479523e-02   9.058864e-32   1.000000e+02
7.548799e-02   1.198646e-31   1.000000e+02
7.618718e-02   1.591218e-31   1.000000e+02
7.689284e-02   2.118946e-31   1.000000e+02
7.760503e-02   2.830039e-31   1.000000e+02
7.832383e-02   3.790337e-31   1.000000e+02
7.904928e-02   5.089869e-31   1.000000e+02
7.978145e-02   6.851874e-31   1.000000e+02
8.052040e-02   9.245723e-31   1.000000e+02
8.126619e-02   1.251136e-30   1.000000e+02
8.201889e-02   1.699215e-30   1.000000e+02
8.277857e-02   2.318050e-30   1.000000e+02
8.354528e-02   3.178908e-30   1.000000e+02
8.431909e-02   4.385955e-30   1.000000e+02
8.510007e-02   6.093005e-30   1.000000e+02
8.588829e-02   8.529633e-30   1.000000e+02
8.668380e-02   1.204234e-29   1.000000e+02
8.748668e-02   1.716022e-29   1.000000e+02
8.829700e-02   2.470115e-29   1.000000e+02
8.911482e-02   3.594542e-29   1.000000e+02
8.994022e-02   5.292397e-29   1.000000e+02
9.077327e-02   7.886241e-29   1.000000e+02
9.161402e-02   1.186615e-28   1.000000e+02
9.246257e-02   1.797385e-28   1.000000e+02
9.331898e-02   2.732323e-28   1.000000e+02
9.418332e-02   4.155770e-28   1.000000e+02
9.505566e-02   6.304755e-28   1.000000e+02
9.593608e-02   9.511538e-28   1.000000e+02
9.682466e-02   1.422551e-27   1.000000e+02
9.772147e-02   2.102752e-27   1.000000e+02
9.862658e-02   3.062529e-27   1.000000e+02
9.954008e-02   4.381400e-27   1.000000e+02
1.004620e-01   6.139143e-27   1.000000e+02
1.013925e-01   8.423682e-27   1.000000e+02
1.023317e-01   1.134877e-26   1.000000e+02
1.032795e-01   1.505408e-26   1.000000e+02
1.042361e-01   1.971625e-26   1.000000e+02
1.052015e-01   2.556613e-26   1.000000e+02
1.061759e-01   3.291412e-26   1.000000e+02
1.071593e-01   4.218735e-26   1.000000e+02
1.081519e-01   5.398473e-26   1.000000e+02
1.091536e-01   6.915990e-26   1.000000e+02
1.101646e-01   8.894822e-26   1.000000e+02
1.111850e-01   1.150556e-25   1.000000e+02
1.122148e-01   1.495957e-25   1.000000e+02
1.132541e-01   1.953287e-25   1.000000e+02
1.143031e-01   2.558847e-25   1.000000e+02
1.153618e-01   3.360075e-25   1.000000e+02
1.164303e-01   4.418502e-25   1.000000e+02
1.175087e-01   5.813235e-25   1.000000e+02
1.185971e-01   7.644915e-25   1.000000e+02
1.196956e-01   1.004002e-24   1.000000e+02
1.208042e-01   1.315622e-24   1.000000e+02
1.219231e-01   1.719865e-24   1.000000e+02
1.230524e-01   2.243496e-24   1.000000e+02
1.241921e-01   2.920963e-24   1.000000e+02
1.253424e-01   3.796640e-24   1.000000e+02
1.265034e-01   4.927739e-24   1.000000e+02
1.276751e-01   6.388125e-24   1.000000e+02
1.288576e-01   8.273304e-24   1.000000e+02
1.300511e-01   1.070698e-23   1.000000e+02
1.312557e-01   1.384810e-23   1.000000e+02
1.324714e-01   1.789490e-23   1.000000e+02
1.336984e-01   2.309541e-23   1.000000e+02
1.349367e-01   2.975919e-23   1.000000e+02
1.361865e-01   3.826992e-23   1.000000e+02
1.374479e-01   4.909946e-23   1.000000e+02
1.387210e-01   6.282327e-23   1.000000e+02
1.400058e-01   8.013658e-23   1.000000e+02
1.413026e-01   1.018896e-22   1.000000e+02
1.426114e-01   1.291985e-22   1.000000e+02
1.439323e-01   1.635052e-22   1.000000e+02
1.452654e-01   2.066669e-22   1.000000e+02
1.466109e-01   2.610918e-22   1.000000e+02
1.479688e-01   3.299261e-22   1.000000e+02
1.493393e-01   4.173109e-22   1.000000e+02
1.507225e-01   5.287235e-22   1.000000e+02
1.521186e-01   6.710994e-22   1.000000e+02
1.535275e-01   8.530365e-22   1.000000e+02
1.549495e-01   1.085414e-21   1.000000e+02
1.563847e-01   1.381956e-21   1.000000e+02
1.578331e-01   1.759902e-21   1.000000e+02
1.592950e-01   2.240796e-21   1.000000e+02
1.607704e-01   2.851434e-21   1.000000e+02
1.622595e-01   3.625496e-21   1.000000e+02
1.637624e-01   4.605482e-21   1.000000e+02
1.652792e-01   5.844523e-21   1.000000e+02
1.668101e-01   7.408879e-21   1.000000e+02
1.683551e-01   9.380983e-21   1.000000e+02
1.699144e-01   1.186314e-20   1.000000e+02
1.714882e-01   1.498198e-20   1.000000e+02
1.730766e-01   1.889383e-20   1.000000e+02
1.746796e-01   2.379114e-20   1.000000e+02
1.762975e-01   2.991010e-20   1.000000e+02
1.779304e-01   3.753968e-20   1.000000e+02
1.795785e-01   4.703235e-20   1.000000e+02
1.812418e-01   5.881747e-20   1.000000e+02
1.829205e-01   7.342675e-20   1.000000e+02
1.846147e-01   9.151855e-20   1.000000e+02
1.863246e-01   1.139041e-19   1.000000e+02
1.880504e-01   1.415840e-19   1.000000e+02
1.897922e-01   1.757930e-19   1.000000e+02
1.915501e-01   2.180575e-19   1.000000e+02
1.933242e-01   2.702656e-19   1.000000e+02
1.951148e-01   3.347570e-19   1.000000e+02
1.969220e-01   4.144351e-19   1.000000e+02
1.987460e-01   5.129086e-19   1.000000e+02
2.005868e-01   6.346705e-19   1.000000e+02
2.024447e-01   7.852716e-19   1.000000e+02
2.043197e-01   9.715035e-19   1.000000e+02
2.062122e-01   1.201731e-18   1.000000e+02
2.081222e-01   1.486256e-18   1.000000e+02
2.100498e-01   1.837760e-18   1.000000e+02
2.119953e-01   2.271844e-18   1.000000e+02
2.139589e-01   2.807682e-18   1.000000e+02
2.159406e-01   3.468824e-18   1.000000e+02
2.179407e-01   4.284173e-18   1.000000e+02
2.199593e-01   5.289169e-18   1.000000e+02
2.219966e-01   6.527230e-18   1.000000e+02
2.240528e-01   8.051499e-18   1.000000e+02
2.261280e-01   9.926962e-18   1.000000e+02
2.282224e-01   1.223300e-17   1.000000e+02
2.303363e-01   1.506649e-17   1.000000e+02
2.324697e-01   1.854552e-17   1.000000e+02
2.346229e-01   2.281388e-17   1.000000e+02
2.367960e-01   2.804643e-17   1.000000e+02
2.389893e-01   3.445560e-17   1.000000e+02
2.412028e-01   4.229912e-17   1.000000e+02
2.434369e-01   5.188924e-17   1.000000e+02
2.456916e-01   6.360381e-17   1.000000e+02
2.479673e-01   7.789940e-17   1.000000e+02
2.502640e-01   9.532695e-17   1.000000e+02
2.525820e-01   1.165517e-16   1.000000e+02
2.549215e-01   1.423797e-16   1.000000e+02
2.572826e-01   1.737853e-16   1.000000e+02
2.596656e-01   2.119441e-16   1.000000e+02
2.620707e-01   2.582747e-16   1.000000e+02
2.644980e-01   3.144869e-16   1.000000e+02
2.669478e-01   3.826415e-16   1.000000e+02
2.694204e-01   4.652201e-16   1.000000e+02
2.719158e-01   5.652106e-16   1.000000e+02
2.744343e-01   6.862082e-16   1.000000e+02
2.769762e-01   8.325371e-16   1.000000e+02
2.795416e-01   1.009396e-15   1.000000e+02
2.821308e-01   1.223035e-15   1.000000e+02
2.847439e-01   1.480959e-15   1.000000e+02
2.873813e-01   1.792184e-15   1.000000e+02
2.900430e-01   2.167536e-15   1.000000e+02
2.927295e-01   2.620005e-15   1.000000e+02
2.954408e-01   3.165182e-15   1.000000e+02
2.981772e-01   3.821766e-15   1.000000e+02
3.009390e-01   4.612186e-15   1.000000e+02
3.037264e-01   5.563256e-15   1.000000e+02
3.065395e-01   6.706937e-15   1.000000e+02
3.093788e-01   8.081367e-15   1.000000e+02
3.122443e-01   9.732029e-15   1.000000e+02
3.151363e-01   1.171312e-14   1.000000e+02
3.180552e-01   1.408915e-14   1.000000e+02
3.210011e-01   1.693685e-14   1.000000e+02
3.239743e-01   2.034739e-14   1.000000e+02
3.269750e-01   2.442899e-14   1.000000e+02
3.300035e-01   2.930999e-14   1.000000e+02
3.330600e-01   3.514242e-14   1.000000e+02
3.361449e-01   4.210619e-14   1.000000e+02
3.392583e-01   5.041402e-14   1.000000e+02
3.424006e-01   6.031707e-14   1.000000e+02
3.455720e-01   7.211160e-14   1.000000e+02
3.487727e-01   8.614670e-14   1.000000e+02
3.520031e-01   1.028334e-13   1.000000e+02
3.552635e-01   1.226585e-13   1.000000e+02
3.585540e-01   1.461988e-13   1.000000e+02
3.618750e-01   1.741356e-13   1.000000e+02
3.652267e-01   2.072737e-13   1.000000e+02
3.686095e-01   2.465634e-13   1.000000e+02
3.720237e-01   2.931269e-13   1.000000e+02
3.754694e-01   3.482898e-13   1.000000e+02
3.789471e-01   4.136172e-13   1.000000e+02
3.824570e-01   4.909581e-13   1.000000e+02
3.859994e-01   5.824963e-13   1.000000e+02
3.895746e-01   6.908121e-13   1.000000e+02
3.931829e-01   8.189544e-13   1.000000e+02
3.968246e-01   9.705268e-13   1.000000e+02
4.005001e-01   1.149790e-12   1.000000e+02
4.042096e-01   1.361753e-12   1.000000e+02
4.079535e-01   1.612238e-12   1.000000e+02
4.117320e-01   1.908046e-12   1.000000e+02
4.155455e-01   2.257121e-12   1.000000e+02
4.193944e-01   2.668732e-12   1.000000e+02
4.232789e-01   3.153678e-12   1.000000e+02
4.271994e-01   3.724512e-12   1.000000e+02
4.311562e-01   4.395812e-12   1.000000e+02
4.351497e-01   5.184469e-12   1.000000e+02
4.391801e-01   6.110021e-12   1.000000e+02
4.432479e-01   7.195021e-12   1.000000e+02
4.473533e-01   8.465454e-12   1.000000e+02
4.514968e-01   9.951198e-12   1.000000e+02
4.556786e-01   1.168698e-11   1.000000e+02
4.598992e-01   1.371358e-11   1.000000e+02
4.641589e-01   1.607835e-11   1.000000e+02
4.684580e-01   1.883632e-11   1.000000e+02
4.727970e-01   2.205136e-11   1.000000e+02
4.771761e-01   2.579769e-11   1.000000e+02
4.815958e-01   3.016156e-11   1.000000e+02
4.860564e-01   3.524320e-11   1.000000e+02
4.905584e-01   4.115917e-11   1.000000e+02
4.951020e-01   4.804509e-11   1.000000e+02
4.996877e-01   5.605879e-11   1.000000e+02
5.043159e-01   6.538350e-11   1.000000e+02
5.089870e-01   7.622929e-11   1.000000e+02
5.137014e-01   8.883800e-11   1.000000e+02
5.184594e-01   1.034886e-10   1.000000e+02
5.232614e-01   1.205029e-10   1.000000e+02
5.281080e-01   1.402514e-10   1.000000e+02
5.329994e-01   1.631607e-10   1.000000e+02
5.379362e-01   1.897215e-10   1.000000e+02
5.429186e-01   2.204977e-10   1.000000e+02
5.479472e-01   2.561369e-10   1.000000e+02
5.530224e-01   2.973818e-10   1.000000e+02
5.581446e-01   3.450840e-10   1.000000e+02
5.633143e-01   4.002188e-10   1.000000e+02
5.685318e-01   4.639018e-10   1.000000e+02
5.737976e-01   5.374085e-10   1.000000e+02
5.791123e-01   6.221955e-10   1.000000e+02
5.844761e-01   7.199244e-10   1.000000e+02
5.898896e-01   8.324889e-10   1.000000e+02
5.953533e-01   9.620454e-10   1.000000e+02
6.008676e-01   1.111046e-09   1.000000e+02
6.064329e-01   1.282283e-09   1.000000e+02
6.120498e-01   1.478943e-09   1.000000e+02
6.177188e-01   1.704657e-09   1.000000e+02
6.234402e-01   1.963547e-09   1.000000e+02
6.292146e-01   2.260303e-09   1.000000e+02
6.350425e-01   2.600244e-09   1.000000e+02
6.409244e-01   2.989409e-09   1.000000e+02
6.468608e-01   3.434646e-09   1.000000e+02
6.528521e-01   3.943715e-09   1.000000e+02
6.588990e-01   4.525406e-09   1.000000e+02
6.650018e-01   5.189669e-09   1.000000e+02
6.711612e-01   5.947758e-09   1.000000e+02
6.773776e-01   6.812399e-09   1.000000e+02
6.836516e-01   7.797970e-09   1.000000e+02
6.899837e-01   8.920707e-09   1.000000e+02
6.963745e-01   1.019893e-08   1.000000e+02
7.028244e-01   1.165332e-08   1.000000e+02
7.093341e-01   1.330715e-08   1.000000e+02
7.159041e-01   1.518666e-08   1.000000e+02
7.225349e-01   1.732135e-08   1.000000e+02
7.292272e-01   1.974442e-08   1.000000e+02
7.359814e-01   2.249321e-08   1.000000e+02
7.427982e-01   2.560965e-08   1.000000e+02
7.496782e-01   2.914083e-08   1.000000e+02
7.566219e-01   3.313958e-08   1.000000e+02
7.636298e-01   3.766518e-08   1.000000e+02
7.707027e-01   4.278403e-08   1.000000e+02
7.778411e-01   4.857056e-08   1.000000e+02
7.850456e-01   5.510805e-08   1.000000e+02
7.923169e-01   6.248969e-08   1.000000e+02
7.996555e-01   7.081970e-08   1.000000e+02
8.070620e-01   8.021458e-08   1.000000e+02
8.145372e-01   9.080466e-08   1.000000e+02
8.220816e-01   1.027356e-07   1.000000e+02
8.296959e-01   1.161701e-07   1.000000e+02
8.373807e-01   1.312897e-07   1.000000e+02
8.451366e-01   1.482971e-07   1.000000e+02
8.529644e-01   1.674180e-07   1.000000e+02
8.608648e-01   1.889044e-07   1.000000e+02
8.688383e-01   2.130368e-07   1.000000e+02
8.768856e-01   2.401278e-07   1.000000e+02
8.850075e-01   2.705253e-07   1.000000e+02
8.932046e-01   3.046165e-07   1.000000e+02
9.014776e-01   3.428321e-07   1.000000e+02
9.098273e-01   3.856518e-07   1.000000e+02
9.182543e-01   4.336116e-07   1.000000e+02
9.267593e-01   4.873085e-07   1.000000e+02
9.353432e-01   5.474074e-07   1.000000e+02
9.440065e-01   6.146486e-07   1.000000e+02
9.527500e-01   6.898564e-07   1.000000e+02
9.615746e-01   7.739485e-07   1.000000e+02
9.704809e-01   8.679465e-07   1.000000e+02
9.794697e-01   9.729879e-07   1.000000e+02
9.885417e-01   1.090339e-06   1.000000e+02
9.976978e-01   1.221409e-06   1.000000e+02
1.006939e+00   1.367766e-06   1.000000e+02
1.016265e+00   1.531142e-06   1.000000e+02
1.025678e+00   1.713456e-06   1.000000e+02
1.035178e+00   1.916831e-06   1.000000e+02
1.044766e+00   2.143623e-06   1.000000e+02
1.054443e+00   2.396443e-06   1.000000e+02
1.064209e+00   2.678181e-06   1.000000e+02
1.074066e+00   2.992038e-06   1.000000e+02
1.084014e+00   3.341557e-06   1.000000e+02
1.094055e+00   3.730659e-06   1.000000e+02
1.104188e+00   4.163678e-06   1.000000e+02
1.114415e+00   4.645409e-06   1.000000e+02
1.124737e+00   5.181151e-06   1.000000e+02
1.135155e+00   5.776756e-06   1.000000e+02
1.145669e+00   6.438692e-06   1.000000e+02
1.156280e+00   7.174098e-06   1.000000e+02
1.166990e+00   7.990853e-06   1.000000e+02
1.177799e+00   8.897651e-06   1.000000e+02
1.188708e+00   9.904082e-06   1.000000e+02
1.199718e+00   1.102072e-05   1.000000e+02
1.210830e+00   1.225921e-05   1.000000e+02
1.222045e+00   1.363240e-05   1.000000e+02
1.233363e+00   1.515443e-05   1.000000e+02
1.244787e+00   1.684087e-05   1.000000e+02
1.256317e+00   1.870887e-05   1.000000e+02
1.267953e+00   2.077743e-05   1.000000e+02
1.279697e+00   2.306768e-05   1.000000e+02
1.291550e+00   2.560296e-05   1.000000e+02
1.303512e+00   2.840906e-05   1.000000e+02
1.315586e+00   3.151450e-05   1.000000e+02
1.327771e+00   3.495080e-05   1.000000e+02
1.340069e+00   3.875284e-05   1.000000e+02
1.352481e+00   4.295916e-05   1.000000e+02
1.365008e+00   4.761244e-05   1.000000e+02
1.377651e+00   5.275988e-05   1.000000e+02
1.390411e+00   5.845372e-05   1.000000e+02
1.403289e+00   6.475182e-05   1.000000e+02
1.416287e+00   7.171823e-05   1.000000e+02
1.429405e+00   7.942392e-05   1.000000e+02
1.442644e+00   8.794751e-05   1.000000e+02
1.456006e+00   9.737618e-05   1.000000e+02
1.469492e+00   1.078065e-04   1.000000e+02
1.483103e+00   1.193458e-04   1.000000e+02
1.496839e+00   1.321129e-04   1.000000e+02
1.510703e+00   1.462393e-04   1.000000e+02
1.524696e+00   1.618660e-04   1.000000e+02
1.538818e+00   1.791454e-04   1.000000e+02
1.553071e+00   1.982439e-04   1.000000e+02
1.567455e+00   2.193431e-04   1.000000e+02
1.581973e+00   2.426407e-04   1.000000e+02
1.596626e+00   2.683518e-04   1.000000e+02
1.611414e+00   2.967101e-04   1.000000e+02
1.626340e+00   3.279691e-04   1.000000e+02
1.641403e+00   3.624030e-04   1.000000e+02
1.656606e+00   4.003085e-04   1.000000e+02
1.671950e+00   4.420053e-04   1.000000e+02
1.687436e+00   4.878380e-04   1.000000e+02
1.703065e+00   5.381767e-04   1.000000e+02
1.718839e+00   5.934184e-04   1.000000e+02
1.734759e+00   6.539878e-04   1.000000e+02
1.750827e+00   7.203383e-04   1.000000e+02
1.767044e+00   7.929624e-04   1.000000e+02
1.783410e+00   8.724223e-04   1.000000e+02
1.799929e+00   9.593387e-04   1.000000e+02
1.816600e+00   1.054389e-03   1.000000e+02
1.833425e+00   1.158315e-03   1.000000e+02
1.850407e+00   1.271925e-03   1.000000e+02
1.867546e+00   1.396108e-03   1.000000e+02
1.884843e+00   1.531833e-03   1.000000e+02
1.902301e+00   1.680164e-03   1.000000e+02
1.919921e+00   1.842268e-03   1.000000e+02
1.937703e+00   2.019424e-03   1.000000e+02
1.955651e+00   2.213037e-03   1.000000e+02
1.973764e+00   2.424650e-03   1.000000e+02
1.992046e+00   2.655959e-03   1.000000e+02
2.010496e+00   2.908829e-03   1.000000e+02
2.029118e+00   3.185243e-03   1.000000e+02
2.047912e+00   3.487304e-03   1.000000e+02
2.066880e+00   3.817290e-03   1.000000e+02
2.086024e+00   4.177667e-03   1.000000e+02
2.105345e+00   4.571104e-03   1.000000e+02
2.124845e+00   5.000485e-03   1.000000e+02
2.144526e+00   5.468928e-03   1.000000e+02
2.164389e+00   5.979797e-03   1.000000e+02
2.184436e+00   6.536722e-03   1.000000e+02
2.204669e+00   7.143619e-03   1.000000e+02
2.225089e+00   7.804702e-03   1.000000e+02
2.245698e+00   8.524510e-03   1.000000e+02
2.266498e+00   9.307923e-03   1.000000e+02
2.287491e+00   1.016018e-02   1.000000e+02
2.308678e+00   1.108692e-02   1.000000e+02
2.330061e+00   1.209418e-02   1.000000e+02
2.351643e+00   1.318842e-02   1.000000e+02
2.373424e+00   1.437657e-02   1.000000e+02
2.395407e+00   1.566605e-02   1.000000e+02
2.417594e+00   1.706477e-02   1.000000e+02
2.439986e+00   1.858118e-02   1.000000e+02
2.462586e+00   2.022429e-02   1.000000e+02
2.485395e+00   2.200369e-02   1.000000e+02
2.508415e+00   2.392960e-02   1.000000e+02
2.531648e+00   2.601300e-02   1.000000e+02
2.555097e+00   2.826579e-02   1.000000e+02
2.578763e+00   3.070073e-02   1.000000e+02
2.602648e+00   3.333141e-02   1.000000e+02
2.626754e+00   3.617241e-02   1.000000e+02
2.651084e+00   3.923924e-02   1.000000e+02
2.675638e+00   4.254849e-02   1.000000e+02
2.700421e+00   4.611785e-02   1.000000e+02
2.725433e+00   4.996620e-02   1.000000e+02
2.750676e+00   5.411364e-02   1.000000e+02
2.776153e+00   5.858161e-02   1.000000e+02
2.801867e+00   6.339295e-02   1.000000e+02
2.827818e+00   6.857197e-02   1.000000e+02
2.854010e+00   7.414455e-02   1.000000e+02
2.880444e+00   8.013822e-02   1.000000e+02
2.907123e+00   8.658227e-02   1.000000e+02
2.934050e+00   9.350782e-02   1.000000e+02
2.961225e+00   1.009480e-01   1.000000e+02
2.988653e+00   1.089379e-01   1.000000e+02
3.016334e+00   1.175148e-01   1.000000e+02
3.044272e+00   1.267181e-01   1.000000e+02
3.072469e+00   1.365894e-01   1.000000e+02
3.100927e+00   1.471726e-01   1.000000e+02
3.129648e+00   1.585142e-01   1.000000e+02
3.158635e+00   1.706631e-01   1.000000e+02
3.187891e+00   1.836713e-01   1.000000e+02
3.217418e+00   1.975934e-01   1.000000e+02
3.247218e+00   2.124871e-01   1.000000e+02
3.277295e+00   2.284133e-01   1.000000e+02
3.307650e+00   2.454359e-01   1.000000e+02
3.338286e+00   2.636224e-01   1.000000e+02
3.369206e+00   2.830437e-01   1.000000e+02
3.400412e+00   3.037744e-01   1.000000e+02
3.431907e+00   3.258929e-01   1.000000e+02
3.463694e+00   3.494814e-01   1.000000e+02
3.495776e+00   3.746262e-01   1.000000e+02
3.528154e+00   4.014179e-01   1.000000e+02
3.560833e+00   4.299521e-01   1.000000e+02
3.593814e+00   4.603292e-01   1.000000e+02
3.627100e+00   4.926545e-01   1.000000e+02
3.660695e+00   5.270384e-01   1.000000e+02
3.694601e+00   5.635966e-01   1.000000e+02
3.728821e+00   6.024500e-01   1.000000e+02
3.763358e+00   6.437255e-01   1.000000e+02
3.798215e+00   6.875555e-01   1.000000e+02
3.833395e+00   7.340788e-01   1.000000e+02
3.868901e+00   7.834399e-01   1.000000e+02
3.904735e+00   8.357902e-01   1.000000e+02
3.940902e+00   8.912875e-01   1.000000e+02
3.977403e+00   9.500964e-01   1.000000e+02
4.014242e+00   1.012389e+00   1.000000e+02
4.051423e+00   1.078343e+00   1.000000e+02
4.088948e+00   1.148147e+00   1.000000e+02
4.126821e+00   1.221995e+00   1.000000e+02
4.165044e+00   1.300089e+00   1.000000e+02
4.203622e+00   1.382641e+00   1.000000e+02
4.242556e+00   1.469871e+00   1.000000e+02
4.281852e+00   1.562005e+00   1.000000e+02
4.321511e+00   1.659282e+00   1.000000e+02
4.361538e+00   1.761948e+00   1.000000e+02
4.401935e+00   1.870257e+00   1.000000e+02
4.442707e+00   1.984476e+00   1.000000e+02
4.483856e+00   2.104878e+00   1.000000e+02
4.525386e+00   2.231750e+00   1.000000e+02
4.567301e+00   2.365387e+00   1.000000e+02
4.609604e+00   2.506094e+00   1.000000e+02
4.652300e+00   2.654188e+00   1.000000e+02
4.695390e+00   2.809997e+00   1.000000e+02
4.738880e+00   2.973859e+00   1.000000e+02
4.782772e+00   3.146125e+00   1.000000e+02
4.827071e+00   3.327155e+00   1.000000e+02
4.871780e+00   3.517323e+00   1.000000e+02
4.916904e+00   3.717015e+00   1.000000e+02
4.962445e+00   3.926628e+00   1.000000e+02
5.008408e+00   4.146572e+00   1.000000e+02
5.054797e+00   4.377269e+00   1.000000e+02
5.101615e+00   4.619158e+00   1.000000e+02
5.148867e+00   4.872690e+00   1.000000e+02
5.196557e+00   5.138329e+00   1.000000e+02
5.244689e+00   5.416556e+00   1.000000e+02
5.293266e+00   5.707862e+00   1.000000e+02
5.342293e+00   6.012756e+00   1.000000e+02
5.391775e+00   6.331759e+00   1.000000e+02
5.441714e+00   6.665408e+00   1.000000e+02
5.492116e+00   7.014255e+00   1.000000e+02
5.542986e+00   7.378867e+00   1.000000e+02
5.594326e+00   7.759825e+00   1.000000e+02
5.646141e+00   8.157729e+00   1.000000e+02
5.698437e+00   8.573191e+00   1.000000e+02
5.751217e+00   9.006842e+00   1.000000e+02
5.804486e+00   9.459326e+00   1.000000e+02
5.858248e+00   9.931306e+00   1.000000e+02
5.912508e+00   1.042346e+01   1.000000e+02
5.967271e+00   1.093648e+01   1.000000e+02
6.022541e+00   1.147109e+01   1.000000e+02
6.078323e+00   1.202800e+01   1.000000e+02
6.134622e+00   1.260797e+01   1.000000e+02
6.191442e+00   1.321175e+01   1.000000e+02
6.248788e+00   1.384013e+01   1.000000e+02
6.306666e+00   1.449390e+01   1.000000e+02
6.365079e+00   1.517387e+01   1.000000e+02
6.424034e+00   1.588088e+01   1.000000e+02
6.483534e+00   1.661576e+01   1.000000e+02
6.543586e+00   1.737940e+01   1.000000e+02
6.604194e+00   1.817267e+01   1.000000e+02
6.665363e+00   1.899648e+01   1.000000e+02
6.727099e+00   1.985173e+01   1.000000e+02
6.789407e+00   2.073938e+01   1.000000e+02
6.852292e+00   2.166037e+01   1.000000e+02
6.915759e+00   2.261567e+01   1.000000e+02
6.979814e+00   2.360628e+01   1.000000e+02
7.044462e+00   2.463321e+01   1.000000e+02
7.109709e+00   2.569748e+01   1.000000e+02
7.175561e+00   2.680013e+01   1.000000e+02
7.242022e+00   2.794224e+01   1.000000e+02
7.309099e+00   2.912487e+01   1.000000e+02
7.376798e+00   3.034913e+01   1.000000e+02
7.445123e+00   3.161614e+01   1.000000e+02
7.514081e+00   3.292703e+01   1.000000e+02
7.583678e+00   3.428295e+01   1.000000e+02
7.653919e+00   3.568507e+01   1.000000e+02
7.724811e+00   3.713458e+01   1.000000e+02
7.796360e+00   3.863270e+01   1.000000e+02
7.868572e+00   4.018064e+01   1.000000e+02
7.941452e+00   4.177964e+01   1.000000e+02
8.015007e+00   4.343097e+01   1.000000e+02
8.089243e+00   4.513591e+01   1.000000e+02
8.164168e+00   4.689571e+01   1.000000e+02
8.239786e+00   4.871168e+01   1.000000e+02
8.316104e+00   5.058510e+01   1.000000e+02
8.393129e+00   5.251730e+01   1.000000e+02
8.470868e+00   5.450960e+01   1.000000e+02
8.549327e+00   5.656334e+01   1.000000e+02
8.628513e+00   5.867987e+01   1.000000e+02
8.708431e+00   6.086056e+01   1.000000e+02
8.789091e+00   6.310678e+01   1.000000e+02
8.870497e+00   6.541992e+01   1.000000e+02
8.952657e+00   6.780138e+01   1.000000e+02
9.035578e+00   7.025257e+01   1.000000e+02
9.119268e+00   7.277491e+01   1.000000e+02
9.203732e+00   7.536982e+01   1.000000e+02
9.288979e+00   7.803874e+01   1.000000e+02
9.375015e+00   8.078313e+01   1.000000e+02
9.461848e+00   8.360443e+01   1.000000e+02
9.549486e+00   8.650412e+01   1.000000e+02
9.637935e+00   8.948366e+01   1.000000e+02
9.727203e+00   9.254453e+01   1.000000e+02
9.817298e+00   9.568821e+01   1.000000e+02
9.908228e+00   9.891620e+01   1.000000e+02
1.000000e+01   1.022300e+02   1.000000e+02
