# C13 + He3 > O15 + n   [C13_He3__O15_n]   ref=TALYS2, Koning et al. 2023
# detailed balance: alpha=4.172 beta=0 gamma=-82.7321  Q=7.1293
# T9                 rate                error
1.000000e-03   1.000000e-35   1.000000e+02
1.009262e-03   9.997848e-36   1.000000e+02
1.018610e-03   9.995790e-36   1.000000e+02
1.028045e-03   9.993825e-36   1.000000e+02
1.037567e-03   9.991951e-36   1.000000e+02
1.047177e-03   9.990167e-36   1.000000e+02
1.056876e-03   9.988472e-36   1.000000e+02
1.066665e-03   9.986863e-36   1.000000e+02
1.076545e-03   9.985340e-36   1.000000e+02
1.086516e-03   9.983900e-36   1.000000e+02
1.096579e-03   9.982543e-36   1.000000e+02
1.106736e-03   9.981266e-36   1.000000e+02
1.116987e-03   9.980068e-36   1.000000e+02
1.127333e-03   9.978949e-36   1.000000e+02
1.137774e-03   9.977905e-36   1.000000e+02
1.148312e-03   9.976936e-36   1.000000e+02
1.158948e-03   9.976041e-36   1.000000e+02
1.169683e-03   9.975217e-36   1.000000e+02
1.180517e-03   9.974464e-36   1.000000e+02
1.191451e-03   9.973779e-36   1.000000e+02
1.202486e-03   9.973162e-36   1.000000e+02
1.213624e-03   9.972611e-36   1.000000e+02
1.224865e-03   9.972124e-36   1.000000e+02
1.236210e-03   9.971699e-36   1.000000e+02
1.247660e-03   9.971337e-36   1.000000e+02
1.259216e-03   9.971034e-36   1.000000e+02
1.270879e-03   9.970789e-36   1.000000e+02
1.282650e-03   9.970602e-36   1.000000e+02
1.294530e-03   9.970470e-36   1.000000e+02
1.306520e-03   9.970392e-36   1.000000e+02
1.318621e-03   9.970367e-36   1.000000e+02
1.330835e-03   9.970392e-36   1.000000e+02
1.343161e-03   9.970468e-36   1.000000e+02
1.355602e-03   9.970591e-36   1.000000e+02
1.368158e-03   9.970761e-36   1.000000e+02
1.380830e-03   9.970977e-36   1.000000e+02
1.393619e-03   9.971236e-36   1.000000e+02
1.406527e-03   9.971538e-36   1.000000e+02
1.419555e-03   9.971880e-36   1.000000e+02
1.432703e-03   9.972261e-36   1.000000e+02
1.445973e-03   9.972681e-36   1.000000e+02
1.459366e-03   9.973137e-36   1.000000e+02
1.472883e-03   9.973628e-36   1.000000e+02
1.486525e-03   9.974153e-36   1.000000e+02
1.500293e-03   9.974709e-36   1.000000e+02
1.514189e-03   9.975296e-36   1.000000e+02
1.528214e-03   9.975912e-36   1.000000e+02
1.542369e-03   9.976556e-36   1.000000e+02
1.556654e-03   9.977226e-36   1.000000e+02
1.571072e-03   9.977921e-36   1.000000e+02
1.585624e-03   9.978639e-36   1.000000e+02
1.600310e-03   9.979379e-36   1.000000e+02
1.615133e-03   9.980139e-36   1.000000e+02
1.630092e-03   9.980918e-36   1.000000e+02
1.645191e-03   9.981714e-36   1.000000e+02
1.660429e-03   9.982526e-36   1.000000e+02
1.675808e-03   9.983353e-36   1.000000e+02
1.691330e-03   9.984193e-36   1.000000e+02
1.706995e-03   9.985044e-36   1.000000e+02
1.722805e-03   9.985905e-36   1.000000e+02
1.738762e-03   9.986775e-36   1.000000e+02
1.754867e-03   9.987652e-36   1.000000e+02
1.771121e-03   9.988534e-36   1.000000e+02
1.787526e-03   9.989421e-36   1.000000e+02
1.804082e-03   9.990311e-36   1.000000e+02
1.820792e-03   9.991201e-36   1.000000e+02
1.837656e-03   9.992092e-36   1.000000e+02
1.854677e-03   9.992981e-36   1.000000e+02
1.871855e-03   9.993866e-36   1.000000e+02
1.889193e-03   9.994747e-36   1.000000e+02
1.906691e-03   9.995622e-36   1.000000e+02
1.924351e-03   9.996489e-36   1.000000e+02
1.942175e-03   9.997347e-36   1.000000e+02
1.960163e-03   9.998194e-36   1.000000e+02
1.978319e-03   9.999030e-36   1.000000e+02
1.996642e-03   9.999852e-36   1.000000e+02
2.015136e-03   1.000066e-35   1.000000e+02
2.033800e-03   1.000145e-35   1.000000e+02
2.052638e-03   1.000222e-35   1.000000e+02
2.071650e-03   1.000297e-35   1.000000e+02
2.090838e-03   1.000371e-35   1.000000e+02
2.110203e-03   1.000442e-35   1.000000e+02
2.129749e-03   1.000510e-35   1.000000e+02
2.149475e-03   1.000576e-35   1.000000e+02
2.169384e-03   1.000640e-35   1.000000e+02
2.189477e-03   1.000700e-35   1.000000e+02
2.209756e-03   1.000758e-35   1.000000e+02
2.230223e-03   1.000812e-35   1.000000e+02
2.250880e-03   1.000863e-35   1.000000e+02
2.271728e-03   1.000911e-35   1.000000e+02
2.292769e-03   1.000955e-35   1.000000e+02
2.314005e-03   1.000996e-35   1.000000e+02
2.335438e-03   1.001032e-35   1.000000e+02
2.357069e-03   1.001065e-35   1.000000e+02
2.378901e-03   1.001094e-35   1.000000e+02
2.400935e-03   1.001118e-35   1.000000e+02
2.423173e-03   1.001137e-35   1.000000e+02
2.445617e-03   1.001152e-35   1.000000e+02
2.468268e-03   1.001163e-35   1.000000e+02
2.491130e-03   1.001168e-35   1.000000e+02
2.514203e-03   1.001168e-35   1.000000e+02
2.537490e-03   1.001164e-35   1.000000e+02
2.560993e-03   1.001153e-35   1.000000e+02
2.584714e-03   1.001138e-35   1.000000e+02
2.608654e-03   1.001116e-35   1.000000e+02
2.632815e-03   1.001089e-35   1.000000e+02
2.657201e-03   1.001056e-35   1.000000e+02
2.681813e-03   1.001017e-35   1.000000e+02
2.706652e-03   1.000972e-35   1.000000e+02
2.731722e-03   1.000920e-35   1.000000e+02
2.757023e-03   1.000862e-35   1.000000e+02
2.782559e-03   1.000797e-35   1.000000e+02
2.808332e-03   1.000725e-35   1.000000e+02
2.834343e-03   1.000647e-35   1.000000e+02
2.860596e-03   1.000561e-35   1.000000e+02
2.887091e-03   1.000468e-35   1.000000e+02
2.913832e-03   1.000368e-35   1.000000e+02
2.940820e-03   1.000260e-35   1.000000e+02
2.968059e-03   1.000144e-35   1.000000e+02
2.995549e-03   1.000021e-35   1.000000e+02
3.023295e-03   9.998894e-36   1.000000e+02
3.051297e-03   9.997514e-36   1.000000e+02
3.079559e-03   9.996084e-36   1.000000e+02
3.108082e-03   9.994618e-36   1.000000e+02
3.136870e-03   9.993132e-36   1.000000e+02
3.165924e-03   9.991642e-36   1.000000e+02
3.195248e-03   9.990164e-36   1.000000e+02
3.224842e-03   9.988712e-36   1.000000e+02
3.254712e-03   9.987303e-36   1.000000e+02
3.284857e-03   9.985952e-36   1.000000e+02
3.315282e-03   9.984675e-36   1.000000e+02
3.345989e-03   9.983487e-36   1.000000e+02
3.376980e-03   9.982404e-36   1.000000e+02
3.408259e-03   9.981441e-36   1.000000e+02
3.439826e-03   9.980615e-36   1.000000e+02
3.471687e-03   9.979940e-36   1.000000e+02
3.503842e-03   9.979433e-36   1.000000e+02
3.536296e-03   9.979108e-36   1.000000e+02
3.569049e-03   9.978982e-36   1.000000e+02
3.602107e-03   9.979069e-36   1.000000e+02
3.635470e-03   9.979386e-36   1.000000e+02
3.669142e-03   9.979948e-36   1.000000e+02
3.703127e-03   9.980772e-36   1.000000e+02
3.737426e-03   9.981871e-36   1.000000e+02
3.772042e-03   9.983263e-36   1.000000e+02
3.806980e-03   9.984963e-36   1.000000e+02
3.842241e-03   9.986986e-36   1.000000e+02
3.877828e-03   9.989349e-36   1.000000e+02
3.913746e-03   9.992067e-36   1.000000e+02
3.949995e-03   9.995157e-36   1.000000e+02
3.986581e-03   9.998633e-36   1.000000e+02
4.023506e-03   1.000251e-35   1.000000e+02
4.060772e-03   1.000674e-35   1.000000e+02
4.098384e-03   1.001123e-35   1.000000e+02
4.136344e-03   1.001589e-35   1.000000e+02
4.174655e-03   1.002064e-35   1.000000e+02
4.213322e-03   1.002538e-35   1.000000e+02
4.252346e-03   1.003003e-35   1.000000e+02
4.291732e-03   1.003449e-35   1.000000e+02
4.331483e-03   1.003867e-35   1.000000e+02
4.371602e-03   1.004249e-35   1.000000e+02
4.412093e-03   1.004585e-35   1.000000e+02
4.452959e-03   1.004866e-35   1.000000e+02
4.494203e-03   1.005083e-35   1.000000e+02
4.535829e-03   1.005228e-35   1.000000e+02
4.577841e-03   1.005290e-35   1.000000e+02
4.620241e-03   1.005262e-35   1.000000e+02
4.663035e-03   1.005133e-35   1.000000e+02
4.706225e-03   1.004896e-35   1.000000e+02
4.749815e-03   1.004540e-35   1.000000e+02
4.793808e-03   1.004058e-35   1.000000e+02
4.838210e-03   1.003440e-35   1.000000e+02
4.883022e-03   1.002678e-35   1.000000e+02
4.928250e-03   1.001763e-35   1.000000e+02
4.973896e-03   1.000686e-35   1.000000e+02
5.019965e-03   9.994401e-36   1.000000e+02
5.066461e-03   9.980268e-36   1.000000e+02
5.113388e-03   9.964619e-36   1.000000e+02
5.160749e-03   9.947618e-36   1.000000e+02
5.208549e-03   9.929426e-36   1.000000e+02
5.256791e-03   9.910203e-36   1.000000e+02
5.305481e-03   9.890110e-36   1.000000e+02
5.354621e-03   9.869305e-36   1.000000e+02
5.404216e-03   9.847948e-36   1.000000e+02
5.454271e-03   9.826194e-36   1.000000e+02
5.504790e-03   9.804198e-36   1.000000e+02
5.555776e-03   9.782117e-36   1.000000e+02
5.607235e-03   9.760101e-36   1.000000e+02
5.659170e-03   9.738302e-36   1.000000e+02
5.711586e-03   9.716870e-36   1.000000e+02
5.764488e-03   9.695955e-36   1.000000e+02
5.817880e-03   9.675704e-36   1.000000e+02
5.871766e-03   9.656262e-36   1.000000e+02
5.926152e-03   9.637776e-36   1.000000e+02
5.981041e-03   9.620389e-36   1.000000e+02
6.036439e-03   9.604233e-36   1.000000e+02
6.092349e-03   9.589286e-36   1.000000e+02
6.148778e-03   9.575427e-36   1.000000e+02
6.205729e-03   9.562533e-36   1.000000e+02
6.263207e-03   9.550482e-36   1.000000e+02
6.321218e-03   9.539153e-36   1.000000e+02
6.379767e-03   9.528427e-36   1.000000e+02
6.438857e-03   9.518185e-36   1.000000e+02
6.498495e-03   9.508307e-36   1.000000e+02
6.558686e-03   9.498675e-36   1.000000e+02
6.619433e-03   9.489172e-36   1.000000e+02
6.680744e-03   9.479681e-36   1.000000e+02
6.742622e-03   9.470084e-36   1.000000e+02
6.805074e-03   9.460266e-36   1.000000e+02
6.868104e-03   9.450111e-36   1.000000e+02
6.931717e-03   9.439503e-36   1.000000e+02
6.995920e-03   9.428328e-36   1.000000e+02
7.060718e-03   9.416553e-36   1.000000e+02
7.126115e-03   9.404537e-36   1.000000e+02
7.192119e-03   9.392753e-36   1.000000e+02
7.258734e-03   9.381675e-36   1.000000e+02
7.325965e-03   9.371773e-36   1.000000e+02
7.393820e-03   9.363515e-36   1.000000e+02
7.462303e-03   9.357370e-36   1.000000e+02
7.531420e-03   9.353804e-36   1.000000e+02
7.601178e-03   9.353287e-36   1.000000e+02
7.671581e-03   9.356290e-36   1.000000e+02
7.742637e-03   9.363289e-36   1.000000e+02
7.814351e-03   9.374765e-36   1.000000e+02
7.886729e-03   9.391210e-36   1.000000e+02
7.959777e-03   9.413123e-36   1.000000e+02
8.033502e-03   9.440982e-36   1.000000e+02
8.107910e-03   9.474181e-36   1.000000e+02
8.183007e-03   9.510870e-36   1.000000e+02
8.258799e-03   9.549109e-36   1.000000e+02
8.335294e-03   9.586926e-36   1.000000e+02
8.412497e-03   9.622321e-36   1.000000e+02
8.490415e-03   9.653263e-36   1.000000e+02
8.569055e-03   9.677702e-36   1.000000e+02
8.648423e-03   9.693578e-36   1.000000e+02
8.728527e-03   9.698837e-36   1.000000e+02
8.809372e-03   9.691452e-36   1.000000e+02
8.890966e-03   9.669446e-36   1.000000e+02
8.973316e-03   9.630922e-36   1.000000e+02
9.056428e-03   9.574661e-36   1.000000e+02
9.140311e-03   9.505869e-36   1.000000e+02
9.224970e-03   9.433589e-36   1.000000e+02
9.310413e-03   9.366673e-36   1.000000e+02
9.396648e-03   9.313729e-36   1.000000e+02
9.483682e-03   9.283213e-36   1.000000e+02
9.571522e-03   9.283593e-36   1.000000e+02
9.660175e-03   9.323597e-36   1.000000e+02
9.749649e-03   9.412545e-36   1.000000e+02
9.839952e-03   9.560783e-36   1.000000e+02
9.931092e-03   9.780235e-36   1.000000e+02
1.002308e-02   1.008507e-35   1.000000e+02
1.011591e-02   1.048632e-35   1.000000e+02
1.020961e-02   1.098526e-35   1.000000e+02
1.030417e-02   1.158271e-35   1.000000e+02
1.039961e-02   1.227984e-35   1.000000e+02
1.049593e-02   1.307759e-35   1.000000e+02
1.059315e-02   1.397607e-35   1.000000e+02
1.069126e-02   1.497386e-35   1.000000e+02
1.079029e-02   1.606735e-35   1.000000e+02
1.089023e-02   1.724988e-35   1.000000e+02
1.099110e-02   1.851096e-35   1.000000e+02
1.109290e-02   1.983876e-35   1.000000e+02
1.119564e-02   2.123530e-35   1.000000e+02
1.129934e-02   2.270900e-35   1.000000e+02
1.140400e-02   2.427006e-35   1.000000e+02
1.150962e-02   2.593070e-35   1.000000e+02
1.161623e-02   2.770548e-35   1.000000e+02
1.172382e-02   2.961164e-35   1.000000e+02
1.183241e-02   3.166956e-35   1.000000e+02
1.194200e-02   3.390329e-35   1.000000e+02
1.205261e-02   3.634094e-35   1.000000e+02
1.216424e-02   3.900849e-35   1.000000e+02
1.227691e-02   4.192757e-35   1.000000e+02
1.239062e-02   4.512134e-35   1.000000e+02
1.250539e-02   4.861504e-35   1.000000e+02
1.262121e-02   5.243607e-35   1.000000e+02
1.273811e-02   5.661414e-35   1.000000e+02
1.285610e-02   6.118141e-35   1.000000e+02
1.297517e-02   6.617260e-35   1.000000e+02
1.309535e-02   7.162590e-35   1.000000e+02
1.321664e-02   7.758850e-35   1.000000e+02
1.333906e-02   8.411584e-35   1.000000e+02
1.346261e-02   9.127022e-35   1.000000e+02
1.358730e-02   9.912176e-35   1.000000e+02
1.371315e-02   1.077495e-34   1.000000e+02
1.384016e-02   1.172426e-34   1.000000e+02
1.396835e-02   1.277020e-34   1.000000e+02
1.409773e-02   1.392414e-34   1.000000e+02
1.422830e-02   1.519865e-34   1.000000e+02
1.436009e-02   1.660775e-34   1.000000e+02
1.449310e-02   1.816720e-34   1.000000e+02
1.462733e-02   1.989482e-34   1.000000e+02
1.476281e-02   2.181069e-34   1.000000e+02
1.489955e-02   2.393751e-34   1.000000e+02
1.503755e-02   2.630096e-34   1.000000e+02
1.517683e-02   2.893020e-34   1.000000e+02
1.531740e-02   3.185846e-34   1.000000e+02
1.545928e-02   3.512351e-34   1.000000e+02
1.560246e-02   3.876837e-34   1.000000e+02
1.574698e-02   4.284203e-34   1.000000e+02
1.589283e-02   4.740040e-34   1.000000e+02
1.604003e-02   5.250732e-34   1.000000e+02
1.618860e-02   5.823599e-34   1.000000e+02
1.633854e-02   6.467056e-34   1.000000e+02
1.648987e-02   7.190773e-34   1.000000e+02
1.664260e-02   8.005870e-34   1.000000e+02
1.679675e-02   8.925151e-34   1.000000e+02
1.695232e-02   9.963386e-34   1.000000e+02
1.710934e-02   1.113763e-33   1.000000e+02
1.726781e-02   1.246761e-33   1.000000e+02
1.742775e-02   1.397619e-33   1.000000e+02
1.758917e-02   1.568986e-33   1.000000e+02
1.775208e-02   1.763943e-33   1.000000e+02
1.791650e-02   1.986074e-33   1.000000e+02
1.808245e-02   2.239554e-33   1.000000e+02
1.824993e-02   2.529231e-33   1.000000e+02
1.841897e-02   2.860729e-33   1.000000e+02
1.858957e-02   3.240613e-33   1.000000e+02
1.876175e-02   3.676546e-33   1.000000e+02
1.893552e-02   4.177494e-33   1.000000e+02
1.911091e-02   4.753958e-33   1.000000e+02
1.928792e-02   5.418248e-33   1.000000e+02
1.946656e-02   6.184820e-33   1.000000e+02
1.964687e-02   7.070668e-33   1.000000e+02
1.982884e-02   8.095796e-33   1.000000e+02
2.001250e-02   9.283780e-33   1.000000e+02
2.019786e-02   1.066257e-32   1.000000e+02
2.038493e-02   1.226571e-32   1.000000e+02
2.057374e-02   1.413324e-32   1.000000e+02
2.076430e-02   1.631303e-32   1.000000e+02
2.095662e-02   1.886238e-32   1.000000e+02
2.115073e-02   2.185004e-32   1.000000e+02
2.134663e-02   2.535871e-32   1.000000e+02
2.154435e-02   2.948806e-32   1.000000e+02
2.174389e-02   3.435852e-32   1.000000e+02
2.194529e-02   4.011595e-32   1.000000e+02
2.214855e-02   4.693741e-32   1.000000e+02
2.235370e-02   5.503840e-32   1.000000e+02
2.256074e-02   6.468181e-32   1.000000e+02
2.276970e-02   7.618919e-32   1.000000e+02
2.298060e-02   8.995481e-32   1.000000e+02
2.319345e-02   1.064634e-31   1.000000e+02
2.340827e-02   1.263126e-31   1.000000e+02
2.362508e-02   1.502408e-31   1.000000e+02
2.384390e-02   1.791635e-31   1.000000e+02
2.406475e-02   2.142183e-31   1.000000e+02
2.428764e-02   2.568232e-31   1.000000e+02
2.451260e-02   3.087503e-31   1.000000e+02
2.473964e-02   3.722214e-31   1.000000e+02
2.496878e-02   4.500296e-31   1.000000e+02
2.520005e-02   5.456888e-31   1.000000e+02
2.543346e-02   6.635762e-31   1.000000e+02
2.566903e-02   8.091716e-31   1.000000e+02
2.590678e-02   9.893660e-31   1.000000e+02
2.614673e-02   1.212836e-30   1.000000e+02
2.638891e-02   1.490523e-30   1.000000e+02
2.663333e-02   1.836237e-30   1.000000e+02
2.688001e-02   2.267433e-30   1.000000e+02
2.712898e-02   2.806201e-30   1.000000e+02
2.738025e-02   3.480515e-30   1.000000e+02
2.763385e-02   4.325848e-30   1.000000e+02
2.788980e-02   5.387216e-30   1.000000e+02
2.814812e-02   6.721794e-30   1.000000e+02
2.840884e-02   8.402258e-30   1.000000e+02
2.867196e-02   1.052105e-29   1.000000e+02
2.893753e-02   1.319584e-29   1.000000e+02
2.920556e-02   1.657648e-29   1.000000e+02
2.947606e-02   2.085388e-29   1.000000e+02
2.974908e-02   2.627139e-29   1.000000e+02
3.002462e-02   3.313932e-29   1.000000e+02
3.030271e-02   4.185712e-29   1.000000e+02
3.058338e-02   5.295167e-29   1.000000e+02
3.086665e-02   6.711454e-29   1.000000e+02
3.115254e-02   8.525552e-29   1.000000e+02
3.144108e-02   1.085774e-28   1.000000e+02
3.173230e-02   1.386785e-28   1.000000e+02
3.202621e-02   1.776946e-28   1.000000e+02
3.232284e-02   2.284949e-28   1.000000e+02
3.262222e-02   2.949567e-28   1.000000e+02
3.292437e-02   3.823504e-28   1.000000e+02
3.322933e-02   4.978843e-28   1.000000e+02
3.353710e-02   6.514799e-28   1.000000e+02
3.384773e-02   8.568828e-28   1.000000e+02
3.416123e-02   1.133266e-27   1.000000e+02
3.447764e-02   1.507559e-27   1.000000e+02
3.479698e-02   2.017859e-27   1.000000e+02
3.511928e-02   2.718464e-27   1.000000e+02
3.544456e-02   3.687355e-27   1.000000e+02
3.577285e-02   5.037402e-27   1.000000e+02
3.610419e-02   6.933316e-27   1.000000e+02
3.643859e-02   9.617454e-27   1.000000e+02
3.677609e-02   1.344950e-26   1.000000e+02
3.711672e-02   1.896797e-26   1.000000e+02
3.746050e-02   2.698652e-26   1.000000e+02
3.780747e-02   3.874592e-26   1.000000e+02
3.815765e-02   5.615653e-26   1.000000e+02
3.851107e-02   8.218869e-26   1.000000e+02
3.886777e-02   1.215076e-25   1.000000e+02
3.922777e-02   1.815165e-25   1.000000e+02
3.959110e-02   2.740897e-25   1.000000e+02
3.995780e-02   4.184804e-25   1.000000e+02
4.032790e-02   6.461411e-25   1.000000e+02
4.070142e-02   1.008026e-24   1.000000e+02
4.107841e-02   1.586993e-24   1.000000e+02
4.145888e-02   2.518285e-24   1.000000e+02
4.184289e-02   4.022795e-24   1.000000e+02
4.223044e-02   6.461168e-24   1.000000e+02
4.262159e-02   1.042129e-23   1.000000e+02
4.301636e-02   1.685878e-23   1.000000e+02
4.341478e-02   2.732071e-23   1.000000e+02
4.381690e-02   4.429821e-23   1.000000e+02
4.422274e-02   7.177538e-23   1.000000e+02
4.463234e-02   1.160719e-22   1.000000e+02
4.504573e-02   1.871147e-22   1.000000e+02
4.546295e-02   3.003205e-22   1.000000e+02
4.588404e-02   4.793196e-22   1.000000e+02
4.630903e-02   7.597938e-22   1.000000e+02
4.673795e-02   1.194713e-21   1.000000e+02
4.717085e-02   1.861210e-21   1.000000e+02
4.760775e-02   2.869186e-21   1.000000e+02
4.804870e-02   4.371395e-21   1.000000e+02
4.849374e-02   6.574258e-21   1.000000e+02
4.894290e-02   9.747779e-21   1.000000e+02
4.939622e-02   1.423193e-20   1.000000e+02
4.985373e-02   2.043564e-20   1.000000e+02
5.031549e-02   2.882714e-20   1.000000e+02
5.078152e-02   3.996126e-20   1.000000e+02
5.125187e-02   5.450240e-20   1.000000e+02
5.172657e-02   7.322358e-20   1.000000e+02
5.220568e-02   9.702088e-20   1.000000e+02
5.268921e-02   1.269342e-19   1.000000e+02
5.317723e-02   1.641765e-19   1.000000e+02
5.366977e-02   2.101757e-19   1.000000e+02
5.416687e-02   2.666327e-19   1.000000e+02
5.466857e-02   3.356013e-19   1.000000e+02
5.517492e-02   4.195979e-19   1.000000e+02
5.568596e-02   5.217501e-19   1.000000e+02
5.620174e-02   6.459983e-19   1.000000e+02
5.672229e-02   7.973701e-19   1.000000e+02
5.724766e-02   9.823546e-19   1.000000e+02
5.777790e-02   1.209418e-18   1.000000e+02
5.831305e-02   1.489720e-18   1.000000e+02
5.885316e-02   1.838116e-18   1.000000e+02
5.939827e-02   2.274580e-18   1.000000e+02
5.994843e-02   2.826245e-18   1.000000e+02
6.050368e-02   3.529615e-18   1.000000e+02
6.106408e-02   4.429945e-18   1.000000e+02
6.162966e-02   5.584802e-18   1.000000e+02
6.220049e-02   7.068712e-18   1.000000e+02
6.277660e-02   8.978023e-18   1.000000e+02
6.335805e-02   1.143704e-17   1.000000e+02
6.394488e-02   1.460576e-17   1.000000e+02
6.453715e-02   1.868945e-17   1.000000e+02
6.513491e-02   2.395058e-17   1.000000e+02
6.573820e-02   3.072323e-17   1.000000e+02
6.634708e-02   3.943068e-17   1.000000e+02
6.696160e-02   5.060608e-17   1.000000e+02
6.758181e-02   6.491678e-17   1.000000e+02
6.820777e-02   8.319205e-17   1.000000e+02
6.883952e-02   1.064540e-16   1.000000e+02
6.947713e-02   1.359510e-16   1.000000e+02
7.012064e-02   1.731920e-16   1.000000e+02
7.077011e-02   2.200182e-16   1.000000e+02
7.142559e-02   2.787466e-16   1.000000e+02
7.208715e-02   3.522410e-16   1.000000e+02
7.275484e-02   4.440263e-16   1.000000e+02
7.342870e-02   5.584384e-16   1.000000e+02
7.410882e-02   7.008076e-16   1.000000e+02
7.479523e-02   8.776848e-16   1.000000e+02
7.548799e-02   1.097119e-15   1.000000e+02
7.618718e-02   1.369001e-15   1.000000e+02
7.689284e-02   1.705483e-15   1.000000e+02
7.760503e-02   2.121507e-15   1.000000e+02
7.832383e-02   2.635443e-15   1.000000e+02
7.904928e-02   3.269901e-15   1.000000e+02
7.978145e-02   4.052717e-15   1.000000e+02
8.052040e-02   5.018005e-15   1.000000e+02
8.126619e-02   6.205244e-15   1.000000e+02
8.201889e-02   7.659468e-15   1.000000e+02
8.277857e-02   9.432307e-15   1.000000e+02
8.354528e-02   1.158203e-14   1.000000e+02
8.431909e-02   1.417314e-14   1.000000e+02
8.510007e-02   1.727549e-14   1.000000e+02
8.588829e-02   2.096260e-14   1.000000e+02
8.668380e-02   2.530916e-14   1.000000e+02
8.748668e-02   3.038758e-14   1.000000e+02
8.829700e-02   3.626336e-14   1.000000e+02
8.911482e-02   4.298935e-14   1.000000e+02
8.994022e-02   5.059908e-14   1.000000e+02
9.077327e-02   5.911520e-14   1.000000e+02
9.161402e-02   6.862847e-14   1.000000e+02
9.246257e-02   7.928923e-14   1.000000e+02
9.331898e-02   9.130298e-14   1.000000e+02
9.418332e-02   1.049477e-13   1.000000e+02
9.505566e-02   1.205962e-13   1.000000e+02
9.593608e-02   1.387472e-13   1.000000e+02
9.682466e-02   1.600663e-13   1.000000e+02
9.772147e-02   1.854459e-13   1.000000e+02
9.862658e-02   2.160889e-13   1.000000e+02
9.954008e-02   2.536305e-13   1.000000e+02
1.004620e-01   3.003003e-13   1.000000e+02
1.013925e-01   3.587204e-13   1.000000e+02
1.023317e-01   4.318096e-13   1.000000e+02
1.032795e-01   5.231543e-13   1.000000e+02
1.042361e-01   6.371386e-13   1.000000e+02
1.052015e-01   7.790580e-13   1.000000e+02
1.061759e-01   9.552185e-13   1.000000e+02
1.071593e-01   1.173000e-12   1.000000e+02
1.081519e-01   1.440857e-12   1.000000e+02
1.091536e-01   1.768221e-12   1.000000e+02
1.101646e-01   2.165263e-12   1.000000e+02
1.111850e-01   2.643507e-12   1.000000e+02
1.122148e-01   3.218165e-12   1.000000e+02
1.132541e-01   3.907702e-12   1.000000e+02
1.143031e-01   4.734206e-12   1.000000e+02
1.153618e-01   5.724174e-12   1.000000e+02
1.164303e-01   6.909483e-12   1.000000e+02
1.175087e-01   8.328615e-12   1.000000e+02
1.185971e-01   1.002817e-11   1.000000e+02
1.196956e-01   1.206479e-11   1.000000e+02
1.208042e-01   1.450719e-11   1.000000e+02
1.219231e-01   1.743513e-11   1.000000e+02
1.230524e-01   2.094121e-11   1.000000e+02
1.241921e-01   2.513440e-11   1.000000e+02
1.253424e-01   3.014260e-11   1.000000e+02
1.265034e-01   3.611553e-11   1.000000e+02
1.276751e-01   4.322786e-11   1.000000e+02
1.288576e-01   5.168274e-11   1.000000e+02
1.300511e-01   6.171558e-11   1.000000e+02
1.312557e-01   7.359445e-11   1.000000e+02
1.324714e-01   8.760989e-11   1.000000e+02
1.336984e-01   1.040779e-10   1.000000e+02
1.349367e-01   1.233393e-10   1.000000e+02
1.361865e-01   1.457541e-10   1.000000e+02
1.374479e-01   1.716948e-10   1.000000e+02
1.387210e-01   2.015347e-10   1.000000e+02
1.400058e-01   2.356343e-10   1.000000e+02
1.413026e-01   2.743972e-10   1.000000e+02
1.426114e-01   3.185583e-10   1.000000e+02
1.439323e-01   3.691438e-10   1.000000e+02
1.452654e-01   4.274929e-10   1.000000e+02
1.466109e-01   4.953567e-10   1.000000e+02
1.479688e-01   5.750324e-10   1.000000e+02
1.493393e-01   6.695467e-10   1.000000e+02
1.507225e-01   7.828737e-10   1.000000e+02
1.521186e-01   9.193654e-10   1.000000e+02
1.535275e-01   1.083460e-09   1.000000e+02
1.549495e-01   1.280243e-09   1.000000e+02
1.563847e-01   1.515488e-09   1.000000e+02
1.578331e-01   1.795642e-09   1.000000e+02
1.592950e-01   2.127749e-09   1.000000e+02
1.607704e-01   2.519356e-09   1.000000e+02
1.622595e-01   2.979530e-09   1.000000e+02
1.637624e-01   3.519586e-09   1.000000e+02
1.652792e-01   4.152643e-09   1.000000e+02
1.668101e-01   4.893844e-09   1.000000e+02
1.683551e-01   5.760650e-09   1.000000e+02
1.699144e-01   6.773171e-09   1.000000e+02
1.714882e-01   7.954543e-09   1.000000e+02
1.730766e-01   9.331350e-09   1.000000e+02
1.746796e-01   1.093410e-08   1.000000e+02
1.762975e-01   1.279778e-08   1.000000e+02
1.779304e-01   1.496244e-08   1.000000e+02
1.795785e-01   1.747389e-08   1.000000e+02
1.812418e-01   2.038461e-08   1.000000e+02
1.829205e-01   2.375570e-08   1.000000e+02
1.846147e-01   2.765826e-08   1.000000e+02
1.863246e-01   3.217453e-08   1.000000e+02
1.880504e-01   3.739973e-08   1.000000e+02
1.897922e-01   4.344426e-08   1.000000e+02
1.915501e-01   5.043627e-08   1.000000e+02
1.933242e-01   5.852463e-08   1.000000e+02
1.951148e-01   6.788259e-08   1.000000e+02
1.969220e-01   7.871200e-08   1.000000e+02
1.987460e-01   9.124833e-08   1.000000e+02
2.005868e-01   1.057667e-07   1.000000e+02
2.024447e-01   1.225841e-07   1.000000e+02
2.043197e-01   1.420607e-07   1.000000e+02
2.062122e-01   1.646110e-07   1.000000e+02
2.081222e-01   1.907130e-07   1.000000e+02
2.100498e-01   2.209166e-07   1.000000e+02
2.119953e-01   2.558552e-07   1.000000e+02
2.139589e-01   2.962570e-07   1.000000e+02
2.159406e-01   3.429592e-07   1.000000e+02
2.179407e-01   3.969230e-07   1.000000e+02
2.199593e-01   4.592520e-07   1.000000e+02
2.219966e-01   5.312115e-07   1.000000e+02
2.240528e-01   6.142518e-07   1.000000e+02
2.261280e-01   7.100331e-07   1.000000e+02
2.282224e-01   8.204553e-07   1.000000e+02
2.303363e-01   9.476895e-07   1.000000e+02
2.324697e-01   1.094216e-06   1.000000e+02
2.346229e-01   1.262863e-06   1.000000e+02
2.367960e-01   1.456856e-06   1.000000e+02
2.389893e-01   1.679869e-06   1.000000e+02
2.412028e-01   1.936078e-06   1.000000e+02
2.434369e-01   2.230231e-06   1.000000e+02
2.456916e-01   2.567718e-06   1.000000e+02
2.479673e-01   2.954650e-06   1.000000e+02
2.502640e-01   3.397948e-06   1.000000e+02
2.525820e-01   3.905473e-06   1.000000e+02
2.549215e-01   4.486218e-06   1.000000e+02
2.572826e-01   5.150416e-06   1.000000e+02
2.596656e-01   5.909691e-06   1.000000e+02
2.620707e-01   6.777245e-06   1.000000e+02
2.644980e-01   7.768066e-06   1.000000e+02
2.669478e-01   8.899166e-06   1.000000e+02
2.694204e-01   1.018985e-05   1.000000e+02
2.719158e-01   1.166201e-05   1.000000e+02
2.744343e-01   1.334050e-05   1.000000e+02
2.769762e-01   1.525348e-05   1.000000e+02
2.795416e-01   1.743288e-05   1.000000e+02
2.821308e-01   1.991490e-05   1.000000e+02
2.847439e-01   2.274057e-05   1.000000e+02
2.873813e-01   2.595638e-05   1.000000e+02
2.900430e-01   2.961501e-05   1.000000e+02
2.927295e-01   3.377614e-05   1.000000e+02
2.954408e-01   3.850736e-05   1.000000e+02
2.981772e-01   4.388525e-05   1.000000e+02
3.009390e-01   4.999651e-05   1.000000e+02
3.037264e-01   5.693884e-05   1.000000e+02
3.065395e-01   6.482174e-05   1.000000e+02
3.093788e-01   7.376852e-05   1.000000e+02
3.122443e-01   8.391790e-05   1.000000e+02
3.151363e-01   9.542592e-05   1.000000e+02
3.180552e-01   1.084679e-04   1.000000e+02
3.210011e-01   1.232408e-04   1.000000e+02
3.239743e-01   1.399654e-04   1.000000e+02
3.269750e-01   1.588894e-04   1.000000e+02
3.300035e-01   1.802904e-04   1.000000e+02
3.330600e-01   2.044788e-04   1.000000e+02
3.361449e-01   2.318019e-04   1.000000e+02
3.392583e-01   2.626478e-04   1.000000e+02
3.424006e-01   2.974498e-04   1.000000e+02
3.455720e-01   3.366910e-04   1.000000e+02
3.487727e-01   3.809102e-04   1.000000e+02
3.520031e-01   4.307072e-04   1.000000e+02
3.552635e-01   4.867592e-04   1.000000e+02
3.585540e-01   5.498300e-04   1.000000e+02
3.618750e-01   6.207759e-04   1.000000e+02
3.652267e-01   7.005567e-04   1.000000e+02
3.686095e-01   7.902488e-04   1.000000e+02
3.720237e-01   8.910588e-04   1.000000e+02
3.754694e-01   1.004340e-03   1.000000e+02
3.789471e-01   1.131611e-03   1.000000e+02
3.824570e-01   1.274575e-03   1.000000e+02
3.859994e-01   1.435143e-03   1.000000e+02
3.895746e-01   1.615462e-03   1.000000e+02
3.931829e-01   1.817942e-03   1.000000e+02
3.968246e-01   2.045289e-03   1.000000e+02
4.005001e-01   2.300547e-03   1.000000e+02
4.042096e-01   2.587098e-03   1.000000e+02
4.079535e-01   2.908627e-03   1.000000e+02
4.117320e-01   3.269201e-03   1.000000e+02
4.155455e-01   3.673324e-03   1.000000e+02
4.193944e-01   4.125967e-03   1.000000e+02
4.232789e-01   4.632619e-03   1.000000e+02
4.271994e-01   5.199324e-03   1.000000e+02
4.311562e-01   5.832730e-03   1.000000e+02
4.351497e-01   6.540138e-03   1.000000e+02
4.391801e-01   7.329546e-03   1.000000e+02
4.432479e-01   8.209707e-03   1.000000e+02
4.473533e-01   9.190178e-03   1.000000e+02
4.514968e-01   1.028138e-02   1.000000e+02
4.556786e-01   1.149494e-02   1.000000e+02
4.598992e-01   1.284409e-02   1.000000e+02
4.641589e-01   1.434354e-02   1.000000e+02
4.684580e-01   1.600960e-02   1.000000e+02
4.727970e-01   1.786035e-02   1.000000e+02
4.771761e-01   1.991590e-02   1.000000e+02
4.815958e-01   2.219857e-02   1.000000e+02
4.860564e-01   2.473318e-02   1.000000e+02
4.905584e-01   2.754732e-02   1.000000e+02
4.951020e-01   3.067171e-02   1.000000e+02
4.996877e-01   3.414057e-02   1.000000e+02
5.043159e-01   3.799179e-02   1.000000e+02
5.089870e-01   4.226644e-02   1.000000e+02
5.137014e-01   4.700947e-02   1.000000e+02
5.184594e-01   5.227037e-02   1.000000e+02
5.232614e-01   5.810364e-02   1.000000e+02
5.281080e-01   6.456922e-02   1.000000e+02
5.329994e-01   7.173302e-02   1.000000e+02
5.379362e-01   7.966743e-02   1.000000e+02
5.429186e-01   8.845200e-02   1.000000e+02
5.479472e-01   9.817400e-02   1.000000e+02
5.530224e-01   1.089292e-01   1.000000e+02
5.581446e-01   1.208225e-01   1.000000e+02
5.633143e-01   1.339689e-01   1.000000e+02
5.685318e-01   1.484943e-01   1.000000e+02
5.737976e-01   1.645364e-01   1.000000e+02
5.791123e-01   1.822459e-01   1.000000e+02
5.844761e-01   2.017872e-01   1.000000e+02
5.898896e-01   2.233401e-01   1.000000e+02
5.953533e-01   2.471007e-01   1.000000e+02
6.008676e-01   2.732826e-01   1.000000e+02
6.064329e-01   3.021198e-01   1.000000e+02
6.120498e-01   3.338694e-01   1.000000e+02
6.177188e-01   3.688129e-01   1.000000e+02
6.234402e-01   4.072577e-01   1.000000e+02
6.292146e-01   4.495396e-01   1.000000e+02
6.350425e-01   4.960251e-01   1.000000e+02
6.409244e-01   5.471144e-01   1.000000e+02
6.468608e-01   6.032442e-01   1.000000e+02
6.528521e-01   6.648909e-01   1.000000e+02
6.588990e-01   7.325740e-01   1.000000e+02
6.650018e-01   8.068601e-01   1.000000e+02
6.711612e-01   8.883667e-01   1.000000e+02
6.773776e-01   9.777669e-01   1.000000e+02
6.836516e-01   1.075794e+00   1.000000e+02
6.899837e-01   1.183247e+00   1.000000e+02
6.963745e-01   1.300995e+00   1.000000e+02
7.028244e-01   1.429985e+00   1.000000e+02
7.093341e-01   1.571247e+00   1.000000e+02
7.159041e-01   1.725892e+00   1.000000e+02
7.225349e-01   1.895132e+00   1.000000e+02
7.292272e-01   2.080279e+00   1.000000e+02
7.359814e-01   2.282759e+00   1.000000e+02
7.427982e-01   2.504117e+00   1.000000e+02
7.496782e-01   2.746029e+00   1.000000e+02
7.566219e-01   3.010313e+00   1.000000e+02
7.636298e-01   3.298935e+00   1.000000e+02
7.707027e-01   3.614029e+00   1.000000e+02
7.778411e-01   3.957902e+00   1.000000e+02
7.850456e-01   4.333051e+00   1.000000e+02
7.923169e-01   4.742179e+00   1.000000e+02
7.996555e-01   5.188206e+00   1.000000e+02
8.070620e-01   5.674291e+00   1.000000e+02
8.145372e-01   6.203853e+00   1.000000e+02
8.220816e-01   6.780588e+00   1.000000e+02
8.296959e-01   7.408488e+00   1.000000e+02
8.373807e-01   8.091866e+00   1.000000e+02
8.451366e-01   8.835378e+00   1.000000e+02
8.529644e-01   9.644048e+00   1.000000e+02
8.608648e-01   1.052330e+01   1.000000e+02
8.688383e-01   1.147897e+01   1.000000e+02
8.768856e-01   1.251738e+01   1.000000e+02
8.850075e-01   1.364531e+01   1.000000e+02
8.932046e-01   1.487009e+01   1.000000e+02
9.014776e-01   1.619959e+01   1.000000e+02
9.098273e-01   1.764231e+01   1.000000e+02
9.182543e-01   1.920735e+01   1.000000e+02
9.267593e-01   2.090448e+01   1.000000e+02
9.353432e-01   2.274423e+01   1.000000e+02
9.440065e-01   2.473788e+01   1.000000e+02
9.527500e-01   2.689756e+01   1.000000e+02
9.615746e-01   2.923627e+01   1.000000e+02
9.704809e-01   3.176796e+01   1.000000e+02
9.794697e-01   3.450760e+01   1.000000e+02
9.885417e-01   3.747122e+01   1.000000e+02
9.976978e-01   4.067600e+01   1.000000e+02
1.006939e+00   4.414033e+01   1.000000e+02
1.016265e+00   4.788395e+01   1.000000e+02
1.025678e+00   5.192803e+01   1.000000e+02
1.035178e+00   5.629522e+01   1.000000e+02
1.044766e+00   6.100976e+01   1.000000e+02
1.054443e+00   6.609757e+01   1.000000e+02
1.064209e+00   7.158640e+01   1.000000e+02
1.074066e+00   7.750589e+01   1.000000e+02
1.084014e+00   8.388771e+01   1.000000e+02
1.094055e+00   9.076571e+01   1.000000e+02
1.104188e+00   9.817602e+01   1.000000e+02
1.114415e+00   1.061572e+02   1.000000e+02
1.124737e+00   1.147505e+02   1.000000e+02
1.135155e+00   1.239997e+02   1.000000e+02
1.145669e+00   1.339517e+02   1.000000e+02
1.156280e+00   1.446564e+02   1.000000e+02
1.166990e+00   1.561671e+02   1.000000e+02
1.177799e+00   1.685403e+02   1.000000e+02
1.188708e+00   1.818364e+02   1.000000e+02
1.199718e+00   1.961196e+02   1.000000e+02
1.210830e+00   2.114584e+02   1.000000e+02
1.222045e+00   2.279254e+02   1.000000e+02
1.233363e+00   2.455980e+02   1.000000e+02
1.244787e+00   2.645583e+02   1.000000e+02
1.256317e+00   2.848937e+02   1.000000e+02
1.267953e+00   3.066982e+02   1.000000e+02
1.279697e+00   3.300721e+02   1.000000e+02
1.291550e+00   3.551231e+02   1.000000e+02
1.303512e+00   3.819654e+02   1.000000e+02
1.315586e+00   4.107213e+02   1.000000e+02
1.327771e+00   4.415209e+02   1.000000e+02
1.340069e+00   4.745031e+02   1.000000e+02
1.352481e+00   5.098159e+02   1.000000e+02
1.365008e+00   5.476171e+02   1.000000e+02
1.377651e+00   5.880752e+02   1.000000e+02
1.390411e+00   6.313699e+02   1.000000e+02
1.403289e+00   6.776926e+02   1.000000e+02
1.416287e+00   7.272478e+02   1.000000e+02
1.429405e+00   7.802535e+02   1.000000e+02
1.442644e+00   8.369421e+02   1.000000e+02
1.456006e+00   8.975620e+02   1.000000e+02
1.469492e+00   9.623779e+02   1.000000e+02
1.483103e+00   1.031672e+03   1.000000e+02
1.496839e+00   1.105747e+03   1.000000e+02
1.510703e+00   1.184921e+03   1.000000e+02
1.524696e+00   1.269513e+03   1.000000e+02
1.538818e+00   1.359845e+03   1.000000e+02
1.553071e+00   1.456253e+03   1.000000e+02
1.567455e+00   1.559084e+03   1.000000e+02
1.581973e+00   1.668701e+03   1.000000e+02
1.596626e+00   1.785475e+03   1.000000e+02
1.611414e+00   1.909792e+03   1.000000e+02
1.626340e+00   2.042049e+03   1.000000e+02
1.641403e+00   2.182650e+03   1.000000e+02
1.656606e+00   2.332011e+03   1.000000e+02
1.671950e+00   2.490556e+03   1.000000e+02
1.687436e+00   2.658713e+03   1.000000e+02
1.703065e+00   2.836917e+03   1.000000e+02
1.718839e+00   3.025607e+03   1.000000e+02
1.734759e+00   3.225220e+03   1.000000e+02
1.750827e+00   3.436195e+03   1.000000e+02
1.767044e+00   3.659001e+03   1.000000e+02
1.783410e+00   3.894238e+03   1.000000e+02
1.799929e+00   4.142568e+03   1.000000e+02
1.816600e+00   4.404697e+03   1.000000e+02
1.833425e+00   4.681378e+03   1.000000e+02
1.850407e+00   4.973414e+03   1.000000e+02
1.867546e+00   5.281666e+03   1.000000e+02
1.884843e+00   5.607051e+03   1.000000e+02
1.902301e+00   5.950554e+03   1.000000e+02
1.919921e+00   6.313231e+03   1.000000e+02
1.937703e+00   6.696215e+03   1.000000e+02
1.955651e+00   7.100721e+03   1.000000e+02
1.973764e+00   7.528058e+03   1.000000e+02
1.992046e+00   7.979632e+03   1.000000e+02
2.010496e+00   8.456951e+03   1.000000e+02
2.029118e+00   8.961473e+03   1.000000e+02
2.047912e+00   9.494602e+03   1.000000e+02
2.066880e+00   1.005780e+04   1.000000e+02
2.086024e+00   1.065257e+04   1.000000e+02
2.105345e+00   1.128050e+04   1.000000e+02
2.124845e+00   1.194323e+04   1.000000e+02
2.144526e+00   1.264245e+04   1.000000e+02
2.164389e+00   1.337993e+04   1.000000e+02
2.184436e+00   1.415750e+04   1.000000e+02
2.204669e+00   1.497704e+04   1.000000e+02
2.225089e+00   1.584051e+04   1.000000e+02
2.245698e+00   1.674993e+04   1.000000e+02
2.266498e+00   1.770739e+04   1.000000e+02
2.287491e+00   1.871502e+04   1.000000e+02
2.308678e+00   1.977504e+04   1.000000e+02
2.330061e+00   2.088972e+04   1.000000e+02
2.351643e+00   2.206140e+04   1.000000e+02
2.373424e+00   2.329246e+04   1.000000e+02
2.395407e+00   2.458536e+04   1.000000e+02
2.417594e+00   2.594259e+04   1.000000e+02
2.439986e+00   2.736673e+04   1.000000e+02
2.462586e+00   2.886037e+04   1.000000e+02
2.485395e+00   3.042618e+04   1.000000e+02
2.508415e+00   3.206684e+04   1.000000e+02
2.531648e+00   3.378523e+04   1.000000e+02
2.555097e+00   3.558450e+04   1.000000e+02
2.578763e+00   3.746791e+04   1.000000e+02
2.602648e+00   3.943885e+04   1.000000e+02
2.626754e+00   4.150079e+04   1.000000e+02
2.651084e+00   4.365736e+04   1.000000e+02
2.675638e+00   4.591229e+04   1.000000e+02
2.700421e+00   4.826942e+04   1.000000e+02
2.725433e+00   5.073275e+04   1.000000e+02
2.750676e+00   5.330640e+04   1.000000e+02
2.776153e+00   5.599461e+04   1.000000e+02
2.801867e+00   5.880179e+04   1.000000e+02
2.827818e+00   6.173248e+04   1.000000e+02
2.854010e+00   6.479136e+04   1.000000e+02
2.880444e+00   6.798328e+04   1.000000e+02
2.907123e+00   7.131326e+04   1.000000e+02
2.934050e+00   7.478645e+04   1.000000e+02
2.961225e+00   7.840820e+04   1.000000e+02
2.988653e+00   8.218401e+04   1.000000e+02
3.016334e+00   8.611958e+04   1.000000e+02
3.044272e+00   9.022060e+04   1.000000e+02
3.072469e+00   9.449278e+04   1.000000e+02
3.100927e+00   9.894195e+04   1.000000e+02
3.129648e+00   1.035741e+05   1.000000e+02
3.158635e+00   1.083953e+05   1.000000e+02
3.187891e+00   1.134117e+05   1.000000e+02
3.217418e+00   1.186298e+05   1.000000e+02
3.247218e+00   1.240561e+05   1.000000e+02
3.277295e+00   1.296971e+05   1.000000e+02
3.307650e+00   1.355596e+05   1.000000e+02
3.338286e+00   1.416504e+05   1.000000e+02
3.369206e+00   1.479766e+05   1.000000e+02
3.400412e+00   1.545452e+05   1.000000e+02
3.431907e+00   1.613635e+05   1.000000e+02
3.463694e+00   1.684388e+05   1.000000e+02
3.495776e+00   1.757786e+05   1.000000e+02
3.528154e+00   1.833903e+05   1.000000e+02
3.560833e+00   1.912820e+05   1.000000e+02
3.593814e+00   1.994616e+05   1.000000e+02
3.627100e+00   2.079373e+05   1.000000e+02
3.660695e+00   2.167174e+05   1.000000e+02
3.694601e+00   2.258105e+05   1.000000e+02
3.728821e+00   2.352251e+05   1.000000e+02
3.763358e+00   2.449700e+05   1.000000e+02
3.798215e+00   2.550540e+05   1.000000e+02
3.833395e+00   2.654862e+05   1.000000e+02
3.868901e+00   2.762757e+05   1.000000e+02
3.904735e+00   2.874318e+05   1.000000e+02
3.940902e+00   2.989638e+05   1.000000e+02
3.977403e+00   3.108814e+05   1.000000e+02
4.014242e+00   3.231942e+05   1.000000e+02
4.051423e+00   3.359119e+05   1.000000e+02
4.088948e+00   3.490442e+05   1.000000e+02
4.126821e+00   3.626010e+05   1.000000e+02
4.165044e+00   3.765922e+05   1.000000e+02
4.203622e+00   3.910278e+05   1.000000e+02
4.242556e+00   4.059180e+05   1.000000e+02
4.281852e+00   4.212728e+05   1.000000e+02
4.321511e+00   4.371026e+05   1.000000e+02
4.361538e+00   4.534177e+05   1.000000e+02
4.401935e+00   4.702283e+05   1.000000e+02
4.442707e+00   4.875449e+05   1.000000e+02
4.483856e+00   5.053779e+05   1.000000e+02
4.525386e+00   5.237379e+05   1.000000e+02
4.567301e+00   5.426353e+05   1.000000e+02
4.609604e+00   5.620807e+05   1.000000e+02
4.652300e+00   5.820846e+05   1.000000e+02
4.695390e+00   6.026576e+05   1.000000e+02
4.738880e+00   6.238102e+05   1.000000e+02
4.782772e+00   6.455530e+05   1.000000e+02
4.827071e+00   6.678965e+05   1.000000e+02
4.871780e+00   6.908512e+05   1.000000e+02
4.916904e+00   7.144277e+05   1.000000e+02
4.962445e+00   7.386362e+05   1.000000e+02
5.008408e+00   7.634872e+05   1.000000e+02
5.054797e+00   7.889910e+05   1.000000e+02
5.101615e+00   8.151578e+05   1.000000e+02
5.148867e+00   8.419975e+05   1.000000e+02
5.196557e+00   8.695203e+05   1.000000e+02
5.244689e+00   8.977358e+05   1.000000e+02
5.293266e+00   9.266540e+05   1.000000e+02
5.342293e+00   9.562843e+05   1.000000e+02
5.391775e+00   9.866362e+05   1.000000e+02
5.441714e+00   1.017719e+06   1.000000e+02
5.492116e+00   1.049542e+06   1.000000e+02
5.542986e+00   1.082114e+06   1.000000e+02
5.594326e+00   1.115444e+06   1.000000e+02
5.646141e+00   1.149540e+06   1.000000e+02
5.698437e+00   1.184410e+06   1.000000e+02
5.751217e+00   1.220064e+06   1.000000e+02
5.804486e+00   1.256508e+06   1.000000e+02
5.858248e+00   1.293750e+06   1.000000e+02
5.912508e+00   1.331798e+06   1.000000e+02
5.967271e+00   1.370658e+06   1.000000e+02
6.022541e+00   1.410338e+06   1.000000e+02
6.078323e+00   1.450844e+06   1.000000e+02
6.134622e+00   1.492181e+06   1.000000e+02
6.191442e+00   1.534355e+06   1.000000e+02
6.248788e+00   1.577371e+06   1.000000e+02
6.306666e+00   1.621233e+06   1.000000e+02
6.365079e+00   1.665946e+06   1.000000e+02
6.424034e+00   1.711512e+06   1.000000e+02
6.483534e+00   1.757936e+06   1.000000e+02
6.543586e+00   1.805220e+06   1.000000e+02
6.604194e+00   1.853366e+06   1.000000e+02
6.665363e+00   1.902376e+06   1.000000e+02
6.727099e+00   1.952252e+06   1.000000e+02
6.789407e+00   2.002993e+06   1.000000e+02
6.852292e+00   2.054601e+06   1.000000e+02
6.915759e+00   2.107075e+06   1.000000e+02
6.979814e+00   2.160415e+06   1.000000e+02
7.044462e+00   2.214617e+06   1.000000e+02
7.109709e+00   2.269681e+06   1.000000e+02
7.175561e+00   2.325604e+06   1.000000e+02
7.242022e+00   2.382380e+06   1.000000e+02
7.309099e+00   2.440007e+06   1.000000e+02
7.376798e+00   2.498478e+06   1.000000e+02
7.445123e+00   2.557788e+06   1.000000e+02
7.514081e+00   2.617930e+06   1.000000e+02
7.583678e+00   2.678897e+06   1.000000e+02
7.653919e+00   2.740681e+06   1.000000e+02
7.724811e+00   2.803273e+06   1.000000e+02
7.796360e+00   2.866664e+06   1.000000e+02
7.868572e+00   2.930843e+06   1.000000e+02
7.941452e+00   2.995799e+06   1.000000e+02
8.015007e+00   3.061521e+06   1.000000e+02
8.089243e+00   3.127996e+06   1.000000e+02
8.164168e+00   3.195210e+06   1.000000e+02
8.239786e+00   3.263148e+06   1.000000e+02
8.316104e+00   3.331794e+06   1.000000e+02
8.393129e+00   3.401133e+06   1.000000e+02
8.470868e+00   3.471147e+06   1.000000e+02
8.549327e+00   3.541817e+06   1.000000e+02
8.628513e+00   3.613125e+06   1.000000e+02
8.708431e+00   3.685051e+06   1.000000e+02
8.789091e+00   3.757575e+06   1.000000e+02
8.870497e+00   3.830674e+06   1.000000e+02
8.952657e+00   3.904326e+06   1.000000e+02
9.035578e+00   3.978508e+06   1.000000e+02
9.119268e+00   4.053197e+06   1.000000e+02
9.203732e+00   4.128366e+06   1.000000e+02
9.288979e+00   4.203990e+06   1.000000e+02
9.375015e+00   4.280042e+06   1.000000e+02
9.461848e+00   4.356496e+06   1.000000e+02
9.549486e+00   4.433322e+06   1.000000e+02
9.637935e+00   4.510492e+06   1.000000e+02
9.727203e+00   4.587976e+06   1.000000e+02
9.817298e+00   4.665743e+06   1.000000e+02
9.908228e+00   4.743762e+06   1.000000e+02
1.000000e+01   4.822000e+06   1.000000e+02
