# Be7 + d > a + a + p   [Be7_d__a_a_p]   ref=Rijal et al. 2019
# detailed balance: alpha=9.9579e-10 beta=-1.5 gamma=-194.572  Q=16.767
# T9                 rate                error
1.000000e-03   1.135700e-40   3.000000e+00
1.009262e-03   1.652069e-40   3.000000e+00
1.018610e-03   2.400465e-40   3.000000e+00
1.028045e-03   3.483910e-40   3.000000e+00
1.037567e-03   5.050609e-40   3.000000e+00
1.047177e-03   7.313532e-40   3.000000e+00
1.056876e-03   1.057836e-39   3.000000e+00
1.066665e-03   1.528335e-39   3.000000e+00
1.076545e-03   2.205612e-39   3.000000e+00
1.086516e-03   3.179443e-39   3.000000e+00
1.096579e-03   4.578105e-39   3.000000e+00
1.106736e-03   6.584676e-39   3.000000e+00
1.116987e-03   9.460152e-39   3.000000e+00
1.127333e-03   1.357620e-38   3.000000e+00
1.137774e-03   1.946149e-38   3.000000e+00
1.148312e-03   2.786715e-38   3.000000e+00
1.158948e-03   3.985926e-38   3.000000e+00
1.169683e-03   5.694913e-38   3.000000e+00
1.180517e-03   8.127697e-38   3.000000e+00
1.191451e-03   1.158702e-37   3.000000e+00
1.202486e-03   1.650064e-37   3.000000e+00
1.213624e-03   2.347232e-37   3.000000e+00
1.224865e-03   3.335329e-37   3.000000e+00
1.236210e-03   4.734237e-37   3.000000e+00
1.247660e-03   6.712607e-37   3.000000e+00
1.259216e-03   9.507437e-37   3.000000e+00
1.270879e-03   1.345142e-36   3.000000e+00
1.282650e-03   1.901105e-36   3.000000e+00
1.294530e-03   2.683979e-36   3.000000e+00
1.306520e-03   3.785192e-36   3.000000e+00
1.318621e-03   5.332538e-36   3.000000e+00
1.330835e-03   7.504443e-36   3.000000e+00
1.343161e-03   1.054976e-35   3.000000e+00
1.355602e-03   1.481521e-35   3.000000e+00
1.368158e-03   2.078332e-35   3.000000e+00
1.380830e-03   2.912496e-35   3.000000e+00
1.393619e-03   4.077185e-35   3.000000e+00
1.406527e-03   5.701660e-35   3.000000e+00
1.419555e-03   7.965062e-35   3.000000e+00
1.432703e-03   1.111541e-34   3.000000e+00
1.445973e-03   1.549569e-34   3.000000e+00
1.459366e-03   2.157979e-34   3.000000e+00
1.472883e-03   3.002171e-34   3.000000e+00
1.486525e-03   4.172311e-34   3.000000e+00
1.500293e-03   5.792585e-34   3.000000e+00
1.514189e-03   8.033849e-34   3.000000e+00
1.528214e-03   1.113094e-33   3.000000e+00
1.542369e-03   1.540629e-33   3.000000e+00
1.556654e-03   2.130215e-33   3.000000e+00
1.571072e-03   2.942452e-33   3.000000e+00
1.585624e-03   4.060289e-33   3.000000e+00
1.600310e-03   5.597158e-33   3.000000e+00
1.615133e-03   7.708011e-33   3.000000e+00
1.630092e-03   1.060431e-32   3.000000e+00
1.645191e-03   1.457435e-32   3.000000e+00
1.660429e-03   2.001077e-32   3.000000e+00
1.675808e-03   2.744780e-32   3.000000e+00
1.691330e-03   3.761158e-32   3.000000e+00
1.706995e-03   5.148813e-32   3.000000e+00
1.722805e-03   7.041504e-32   3.000000e+00
1.738762e-03   9.620500e-32   3.000000e+00
1.754867e-03   1.313122e-31   3.000000e+00
1.771121e-03   1.790560e-31   3.000000e+00
1.787526e-03   2.439218e-31   3.000000e+00
1.804082e-03   3.319640e-31   3.000000e+00
1.820792e-03   4.513479e-31   3.000000e+00
1.837656e-03   6.130745e-31   3.000000e+00
1.854677e-03   8.319509e-31   3.000000e+00
1.871855e-03   1.127888e-30   3.000000e+00
1.889193e-03   1.527633e-30   3.000000e+00
1.906691e-03   2.067085e-30   3.000000e+00
1.924351e-03   2.794379e-30   3.000000e+00
1.942175e-03   3.773991e-30   3.000000e+00
1.960163e-03   5.092210e-30   3.000000e+00
1.978319e-03   6.864404e-30   3.000000e+00
1.996642e-03   9.244678e-30   3.000000e+00
2.015136e-03   1.243868e-29   3.000000e+00
2.033800e-03   1.672059e-29   3.000000e+00
2.052638e-03   2.245562e-29   3.000000e+00
2.071650e-03   3.012976e-29   3.000000e+00
2.090838e-03   4.038915e-29   3.000000e+00
2.110203e-03   5.409206e-29   3.000000e+00
2.129749e-03   7.237745e-29   3.000000e+00
2.149475e-03   9.675539e-29   3.000000e+00
2.169384e-03   1.292262e-28   3.000000e+00
2.189477e-03   1.724370e-28   3.000000e+00
2.209756e-03   2.298879e-28   3.000000e+00
2.230223e-03   3.062026e-28   3.000000e+00
2.250880e-03   4.074835e-28   3.000000e+00
2.271728e-03   5.417771e-28   3.000000e+00
2.292769e-03   7.196842e-28   3.000000e+00
2.314005e-03   9.551581e-28   3.000000e+00
2.335438e-03   1.266548e-27   3.000000e+00
2.357069e-03   1.677964e-27   3.000000e+00
2.378901e-03   2.221055e-27   3.000000e+00
2.400935e-03   2.937329e-27   3.000000e+00
2.423173e-03   3.881183e-27   3.000000e+00
2.445617e-03   5.123833e-27   3.000000e+00
2.468268e-03   6.758438e-27   3.000000e+00
2.491130e-03   8.906755e-27   3.000000e+00
2.514203e-03   1.172777e-26   3.000000e+00
2.537490e-03   1.542894e-26   3.000000e+00
2.560993e-03   2.028065e-26   3.000000e+00
2.584714e-03   2.663509e-26   3.000000e+00
2.608654e-03   3.495060e-26   3.000000e+00
2.632815e-03   4.582306e-26   3.000000e+00
2.657201e-03   6.002662e-26   3.000000e+00
2.681813e-03   7.856612e-26   3.000000e+00
2.706652e-03   1.027447e-25   3.000000e+00
2.731722e-03   1.342511e-25   3.000000e+00
2.757023e-03   1.752714e-25   3.000000e+00
2.782559e-03   2.286342e-25   3.000000e+00
2.808332e-03   2.979948e-25   3.000000e+00
2.834343e-03   3.880747e-25   3.000000e+00
2.860596e-03   5.049659e-25   3.000000e+00
2.887091e-03   6.565232e-25   3.000000e+00
2.913832e-03   8.528660e-25   3.000000e+00
2.940820e-03   1.107020e-24   3.000000e+00
2.968059e-03   1.435737e-24   3.000000e+00
2.995549e-03   1.860547e-24   3.000000e+00
3.023295e-03   2.409095e-24   3.000000e+00
3.051297e-03   3.116850e-24   3.000000e+00
3.079559e-03   4.029278e-24   3.000000e+00
3.108082e-03   5.204622e-24   3.000000e+00
3.136870e-03   6.717422e-24   3.000000e+00
3.165924e-03   8.663006e-24   3.000000e+00
3.195248e-03   1.116319e-23   3.000000e+00
3.224842e-03   1.437349e-23   3.000000e+00
3.254712e-03   1.849233e-23   3.000000e+00
3.284857e-03   2.377266e-23   3.000000e+00
3.315282e-03   3.053665e-23   3.000000e+00
3.345989e-03   3.919435e-23   3.000000e+00
3.376980e-03   5.026724e-23   3.000000e+00
3.408259e-03   6.441799e-23   3.000000e+00
3.439826e-03   8.248801e-23   3.000000e+00
3.471687e-03   1.055448e-22   3.000000e+00
3.503842e-03   1.349418e-22   3.000000e+00
3.536296e-03   1.723934e-22   3.000000e+00
3.569049e-03   2.200698e-22   3.000000e+00
3.602107e-03   2.807156e-22   3.000000e+00
3.635470e-03   3.577998e-22   3.000000e+00
3.669142e-03   4.557034e-22   3.000000e+00
3.703127e-03   5.799544e-22   3.000000e+00
3.737426e-03   7.375237e-22   3.000000e+00
3.772042e-03   9.371941e-22   3.000000e+00
3.806980e-03   1.190024e-21   3.000000e+00
3.842241e-03   1.509924e-21   3.000000e+00
3.877828e-03   1.914384e-21   3.000000e+00
3.913746e-03   2.425374e-21   3.000000e+00
3.949995e-03   3.070468e-21   3.000000e+00
3.986581e-03   3.884258e-21   3.000000e+00
4.023506e-03   4.910096e-21   3.000000e+00
4.060772e-03   6.202280e-21   3.000000e+00
4.098384e-03   7.828762e-21   3.000000e+00
4.136344e-03   9.874525e-21   3.000000e+00
4.174655e-03   1.244577e-20   3.000000e+00
4.213322e-03   1.567510e-20   3.000000e+00
4.252346e-03   1.972801e-20   3.000000e+00
4.291732e-03   2.481084e-20   3.000000e+00
4.331483e-03   3.118069e-20   3.000000e+00
4.371602e-03   3.915770e-20   3.000000e+00
4.412093e-03   4.914018e-20   3.000000e+00
4.452959e-03   6.162334e-20   3.000000e+00
4.494203e-03   7.722249e-20   3.000000e+00
4.535829e-03   9.670151e-20   3.000000e+00
4.577841e-03   1.210082e-19   3.000000e+00
4.620241e-03   1.513174e-19   3.000000e+00
4.663035e-03   1.890850e-19   3.000000e+00
4.706225e-03   2.361130e-19   3.000000e+00
4.749815e-03   2.946311e-19   3.000000e+00
4.793808e-03   3.673955e-19   3.000000e+00
4.838210e-03   4.578117e-19   3.000000e+00
4.883022e-03   5.700836e-19   3.000000e+00
4.928250e-03   7.093976e-19   3.000000e+00
4.973896e-03   8.821481e-19   3.000000e+00
5.019965e-03   1.096213e-18   3.000000e+00
5.066461e-03   1.361289e-18   3.000000e+00
5.113388e-03   1.689311e-18   3.000000e+00
5.160749e-03   2.094945e-18   3.000000e+00
5.208549e-03   2.596217e-18   3.000000e+00
5.256791e-03   3.215254e-18   3.000000e+00
5.305481e-03   3.979206e-18   3.000000e+00
5.354621e-03   4.921362e-18   3.000000e+00
5.404216e-03   6.082511e-18   3.000000e+00
5.454271e-03   7.512594e-18   3.000000e+00
5.504790e-03   9.272726e-18   3.000000e+00
5.555776e-03   1.143763e-17   3.000000e+00
5.607235e-03   1.409864e-17   3.000000e+00
5.659170e-03   1.736725e-17   3.000000e+00
5.711586e-03   2.137958e-17   3.000000e+00
5.764488e-03   2.630158e-17   3.000000e+00
5.817880e-03   3.233556e-17   3.000000e+00
5.871766e-03   3.972789e-17   3.000000e+00
5.926152e-03   4.877847e-17   3.000000e+00
5.981041e-03   5.985207e-17   3.000000e+00
6.036439e-03   7.339213e-17   3.000000e+00
6.092349e-03   8.993731e-17   3.000000e+00
6.148778e-03   1.101416e-16   3.000000e+00
6.205729e-03   1.347983e-16   3.000000e+00
6.263207e-03   1.648694e-16   3.000000e+00
6.321218e-03   2.015206e-16   3.000000e+00
6.379767e-03   2.461630e-16   3.000000e+00
6.438857e-03   3.005048e-16   3.000000e+00
6.498495e-03   3.666114e-16   3.000000e+00
6.558686e-03   4.469791e-16   3.000000e+00
6.619433e-03   5.446232e-16   3.000000e+00
6.680744e-03   6.631832e-16   3.000000e+00
6.742622e-03   8.070494e-16   3.000000e+00
6.805074e-03   9.815147e-16   3.000000e+00
6.868104e-03   1.192956e-15   3.000000e+00
6.931717e-03   1.449052e-15   3.000000e+00
6.995920e-03   1.759040e-15   3.000000e+00
7.060718e-03   2.134033e-15   3.000000e+00
7.126115e-03   2.587384e-15   3.000000e+00
7.192119e-03   3.135130e-15   3.000000e+00
7.258734e-03   3.796523e-15   3.000000e+00
7.325965e-03   4.594659e-15   3.000000e+00
7.393820e-03   5.557224e-15   3.000000e+00
7.462303e-03   6.717395e-15   3.000000e+00
7.531420e-03   8.114896e-15   3.000000e+00
7.601178e-03   9.797266e-15   3.000000e+00
7.671581e-03   1.182136e-14   3.000000e+00
7.742637e-03   1.425515e-14   3.000000e+00
7.814351e-03   1.717981e-14   3.000000e+00
7.886729e-03   2.069227e-14   3.000000e+00
7.959777e-03   2.490816e-14   3.000000e+00
8.033502e-03   2.996540e-14   3.000000e+00
8.107910e-03   3.602833e-14   3.000000e+00
8.183007e-03   4.329268e-14   3.000000e+00
8.258799e-03   5.199144e-14   3.000000e+00
8.335294e-03   6.240180e-14   3.000000e+00
8.412497e-03   7.485329e-14   3.000000e+00
8.490415e-03   8.973753e-14   3.000000e+00
8.569055e-03   1.075196e-13   3.000000e+00
8.648423e-03   1.287513e-13   3.000000e+00
8.728527e-03   1.540875e-13   3.000000e+00
8.809372e-03   1.843044e-13   3.000000e+00
8.890966e-03   2.203217e-13   3.000000e+00
8.973316e-03   2.632283e-13   3.000000e+00
9.056428e-03   3.143132e-13   3.000000e+00
9.140311e-03   3.751009e-13   3.000000e+00
9.224970e-03   4.473936e-13   3.000000e+00
9.310413e-03   5.333205e-13   3.000000e+00
9.396648e-03   6.353960e-13   3.000000e+00
9.483682e-03   7.565874e-13   3.000000e+00
9.571522e-03   9.003944e-13   3.000000e+00
9.660175e-03   1.070943e-12   3.000000e+00
9.749649e-03   1.273094e-12   3.000000e+00
9.839952e-03   1.512571e-12   3.000000e+00
9.931092e-03   1.796112e-12   3.000000e+00
1.002308e-02   2.131639e-12   3.000000e+00
1.011591e-02   2.528468e-12   3.000000e+00
1.020961e-02   2.997545e-12   3.000000e+00
1.030417e-02   3.551721e-12   3.000000e+00
1.039961e-02   4.206083e-12   3.000000e+00
1.049593e-02   4.978327e-12   3.000000e+00
1.059315e-02   5.889200e-12   3.000000e+00
1.069126e-02   6.963014e-12   3.000000e+00
1.079029e-02   8.228243e-12   3.000000e+00
1.089023e-02   9.718215e-12   3.000000e+00
1.099110e-02   1.147192e-11   3.000000e+00
1.109290e-02   1.353497e-11   3.000000e+00
1.119564e-02   1.596062e-11   3.000000e+00
1.129934e-02   1.881112e-11   3.000000e+00
1.140400e-02   2.215913e-11   3.000000e+00
1.150962e-02   2.608940e-11   3.000000e+00
1.161623e-02   3.070079e-11   3.000000e+00
1.172382e-02   3.610854e-11   3.000000e+00
1.183241e-02   4.244686e-11   3.000000e+00
1.194200e-02   4.987205e-11   3.000000e+00
1.205261e-02   5.856597e-11   3.000000e+00
1.216424e-02   6.874019e-11   3.000000e+00
1.227691e-02   8.064067e-11   3.000000e+00
1.239062e-02   9.455322e-11   3.000000e+00
1.250539e-02   1.108098e-10   3.000000e+00
1.262121e-02   1.297957e-10   3.000000e+00
1.273811e-02   1.519579e-10   3.000000e+00
1.285610e-02   1.778150e-10   3.000000e+00
1.297517e-02   2.079678e-10   3.000000e+00
1.309535e-02   2.431125e-10   3.000000e+00
1.321664e-02   2.840551e-10   3.000000e+00
1.333906e-02   3.317282e-10   2.999999e+00
1.346261e-02   3.872110e-10   2.999999e+00
1.358730e-02   4.517507e-10   2.999999e+00
1.371315e-02   5.267888e-10   2.999999e+00
1.384016e-02   6.139901e-10   2.999999e+00
1.396835e-02   7.152766e-10   3.000000e+00
1.409773e-02   8.328658e-10   3.000001e+00
1.422830e-02   9.693150e-10   3.000001e+00
1.436009e-02   1.127572e-09   3.000002e+00
1.449310e-02   1.311033e-09   3.000003e+00
1.462733e-02   1.523609e-09   3.000003e+00
1.476281e-02   1.769801e-09   3.000003e+00
1.489955e-02   2.054787e-09   3.000001e+00
1.503755e-02   2.384521e-09   2.999999e+00
1.517683e-02   2.765849e-09   2.999997e+00
1.531740e-02   3.206636e-09   2.999994e+00
1.545928e-02   3.715917e-09   2.999991e+00
1.560246e-02   4.304062e-09   2.999990e+00
1.574698e-02   4.982973e-09   2.999991e+00
1.589283e-02   5.766298e-09   2.999995e+00
1.604003e-02   6.669687e-09   3.000002e+00
1.618860e-02   7.711062e-09   3.000013e+00
1.633854e-02   8.910935e-09   3.000027e+00
1.648987e-02   1.029277e-08   3.000041e+00
1.664260e-02   1.188341e-08   3.000056e+00
1.679675e-02   1.371353e-08   3.000069e+00
1.695232e-02   1.581819e-08   3.000080e+00
1.710934e-02   1.823741e-08   3.000087e+00
1.726781e-02   2.101688e-08   3.000088e+00
1.742775e-02   2.420870e-08   3.000084e+00
1.758917e-02   2.787231e-08   3.000072e+00
1.775208e-02   3.207542e-08   3.000051e+00
1.791650e-02   3.689514e-08   3.000020e+00
1.808245e-02   4.241928e-08   2.999978e+00
1.824993e-02   4.874800e-08   2.999926e+00
1.841897e-02   5.599557e-08   2.999870e+00
1.858957e-02   6.429216e-08   2.999815e+00
1.876175e-02   7.378599e-08   2.999766e+00
1.893552e-02   8.464585e-08   2.999728e+00
1.911091e-02   9.706380e-08   2.999705e+00
1.928792e-02   1.112584e-07   2.999704e+00
1.946656e-02   1.274785e-07   2.999728e+00
1.964687e-02   1.460068e-07   2.999784e+00
1.982884e-02   1.671652e-07   2.999877e+00
2.001250e-02   1.913195e-07   3.000010e+00
2.019786e-02   2.188847e-07   3.000188e+00
2.038493e-02   2.503292e-07   3.000404e+00
2.057374e-02   2.861822e-07   3.000651e+00
2.076430e-02   3.270426e-07   3.000922e+00
2.095662e-02   3.735874e-07   3.001210e+00
2.115073e-02   4.265810e-07   3.001506e+00
2.134663e-02   4.868867e-07   3.001805e+00
2.154435e-02   5.554779e-07   3.002099e+00
2.174389e-02   6.334519e-07   3.002379e+00
2.194529e-02   7.220444e-07   3.002640e+00
2.214855e-02   8.226461e-07   3.002874e+00
2.235370e-02   9.368210e-07   3.003073e+00
2.256074e-02   1.066326e-06   3.003230e+00
2.276970e-02   1.213134e-06   3.003338e+00
2.298060e-02   1.379457e-06   3.003390e+00
2.319345e-02   1.567776e-06   3.003378e+00
2.340827e-02   1.780867e-06   3.003295e+00
2.362508e-02   2.021838e-06   3.003134e+00
2.384390e-02   2.294160e-06   3.002887e+00
2.406475e-02   2.601712e-06   3.002548e+00
2.428764e-02   2.948821e-06   3.002108e+00
2.451260e-02   3.340310e-06   3.001561e+00
2.473964e-02   3.781548e-06   3.000899e+00
2.496878e-02   4.278510e-06   3.000116e+00
2.520005e-02   4.837869e-06   2.999208e+00
2.543346e-02   5.467273e-06   2.998199e+00
2.566903e-02   6.175417e-06   2.997121e+00
2.590678e-02   6.972109e-06   2.996008e+00
2.614673e-02   7.868426e-06   2.994894e+00
2.638891e-02   8.876893e-06   2.993809e+00
2.663333e-02   1.001168e-05   2.992789e+00
2.688001e-02   1.128885e-05   2.991865e+00
2.712898e-02   1.272659e-05   2.991070e+00
2.738025e-02   1.434558e-05   2.990437e+00
2.763385e-02   1.616931e-05   2.990000e+00
2.788980e-02   1.822449e-05   2.989790e+00
2.814812e-02   2.054155e-05   2.989840e+00
2.840884e-02   2.315522e-05   2.990184e+00
2.867196e-02   2.610513e-05   2.990854e+00
2.893753e-02   2.943660e-05   2.991885e+00
2.920556e-02   3.320150e-05   2.993307e+00
2.947606e-02   3.745930e-05   2.995157e+00
2.974908e-02   4.227825e-05   2.997466e+00
3.002462e-02   4.773679e-05   3.000270e+00
3.030271e-02   5.392332e-05   3.003581e+00
3.058338e-02   6.093246e-05   3.007344e+00
3.086665e-02   6.886871e-05   3.011492e+00
3.115254e-02   7.784825e-05   3.015957e+00
3.144108e-02   8.799984e-05   3.020672e+00
3.173230e-02   9.946575e-05   3.025568e+00
3.202621e-02   1.124026e-04   3.030576e+00
3.232284e-02   1.269822e-04   3.035627e+00
3.262222e-02   1.433922e-04   3.040653e+00
3.292437e-02   1.618366e-04   3.045582e+00
3.322933e-02   1.825362e-04   3.050345e+00
3.353710e-02   2.057288e-04   3.054870e+00
3.384773e-02   2.316686e-04   3.059086e+00
3.416123e-02   2.606262e-04   3.062921e+00
3.447764e-02   2.928869e-04   3.066305e+00
3.479698e-02   3.287498e-04   3.069164e+00
3.511928e-02   3.685252e-04   3.071428e+00
3.544456e-02   4.125319e-04   3.073023e+00
3.577285e-02   4.610935e-04   3.073879e+00
3.610419e-02   5.145340e-04   3.073925e+00
3.643859e-02   5.731724e-04   3.073089e+00
3.677609e-02   6.373163e-04   3.071302e+00
3.711672e-02   7.072549e-04   3.068496e+00
3.746050e-02   7.832503e-04   3.064603e+00
3.780747e-02   8.655282e-04   3.059557e+00
3.815765e-02   9.542684e-04   3.053293e+00
3.851107e-02   1.049593e-03   3.045749e+00
3.886777e-02   1.151556e-03   3.036866e+00
3.922777e-02   1.260129e-03   3.026585e+00
3.959110e-02   1.375194e-03   3.014851e+00
3.995780e-02   1.496524e-03   3.001614e+00
4.032790e-02   1.623845e-03   2.986849e+00
4.070142e-02   1.757172e-03   2.970674e+00
4.107841e-02   1.896687e-03   2.953257e+00
4.145888e-02   2.042635e-03   2.934763e+00
4.184289e-02   2.195344e-03   2.915354e+00
4.223044e-02   2.355229e-03   2.895191e+00
4.262159e-02   2.522814e-03   2.874430e+00
4.301636e-02   2.698742e-03   2.853224e+00
4.341478e-02   2.883792e-03   2.831723e+00
4.381690e-02   3.078899e-03   2.810073e+00
4.422274e-02   3.285175e-03   2.788413e+00
4.463234e-02   3.503931e-03   2.766881e+00
4.504573e-02   3.736707e-03   2.745609e+00
4.546295e-02   3.985305e-03   2.724727e+00
4.588404e-02   4.251828e-03   2.704358e+00
4.630903e-02   4.538724e-03   2.684624e+00
4.673795e-02   4.848846e-03   2.665643e+00
4.717085e-02   5.185517e-03   2.647527e+00
4.760775e-02   5.552611e-03   2.630390e+00
4.804870e-02   5.954653e-03   2.614341e+00
4.849374e-02   6.396939e-03   2.599486e+00
4.894290e-02   6.885684e-03   2.585932e+00
4.939622e-02   7.428198e-03   2.573784e+00
4.985373e-02   8.033114e-03   2.563147e+00
5.031549e-02   8.710456e-03   2.554114e+00
5.078152e-02   9.469709e-03   2.546645e+00
5.125187e-02   1.032013e-02   2.540622e+00
5.172657e-02   1.127195e-02   2.535926e+00
5.220568e-02   1.233648e-02   2.532443e+00
5.268921e-02   1.352618e-02   2.530061e+00
5.317723e-02   1.485468e-02   2.528671e+00
5.366977e-02   1.633686e-02   2.528164e+00
5.416687e-02   1.798888e-02   2.528433e+00
5.466857e-02   1.982818e-02   2.529371e+00
5.517492e-02   2.187346e-02   2.530872e+00
5.568596e-02   2.414465e-02   2.532830e+00
5.620174e-02   2.666283e-02   2.535139e+00
5.672229e-02   2.945007e-02   2.537693e+00
5.724766e-02   3.252925e-02   2.540385e+00
5.777790e-02   3.592380e-02   2.543108e+00
5.831305e-02   3.965739e-02   2.545755e+00
5.885316e-02   4.375345e-02   2.548218e+00
5.939827e-02   4.823473e-02   2.550389e+00
5.994843e-02   5.312264e-02   2.552159e+00
6.050368e-02   5.843853e-02   2.553438e+00
6.106408e-02   6.421323e-02   2.554236e+00
6.162966e-02   7.048338e-02   2.554592e+00
6.220049e-02   7.728893e-02   2.554551e+00
6.277660e-02   8.467354e-02   2.554154e+00
6.335805e-02   9.268499e-02   2.553443e+00
6.394488e-02   1.013757e-01   2.552462e+00
6.453715e-02   1.108032e-01   2.551251e+00
6.513491e-02   1.210309e-01   2.549855e+00
6.573820e-02   1.321287e-01   2.548315e+00
6.634708e-02   1.441739e-01   2.546673e+00
6.696160e-02   1.572518e-01   2.544973e+00
6.758181e-02   1.714574e-01   2.543256e+00
6.820777e-02   1.868957e-01   2.541564e+00
6.883952e-02   2.036839e-01   2.539939e+00
6.947713e-02   2.219522e-01   2.538423e+00
7.012064e-02   2.418461e-01   2.537058e+00
7.077011e-02   2.635210e-01   2.535868e+00
7.142559e-02   2.871306e-01   2.534837e+00
7.208715e-02   3.128382e-01   2.533942e+00
7.275484e-02   3.408192e-01   2.533161e+00
7.342870e-02   3.712618e-01   2.532474e+00
7.410882e-02   4.043674e-01   2.531857e+00
7.479523e-02   4.403516e-01   2.531290e+00
7.548799e-02   4.794449e-01   2.530750e+00
7.618718e-02   5.218926e-01   2.530216e+00
7.689284e-02   5.679564e-01   2.529666e+00
7.760503e-02   6.179140e-01   2.529078e+00
7.832383e-02   6.720603e-01   2.528430e+00
7.904928e-02   7.307072e-01   2.527701e+00
7.978145e-02   7.941847e-01   2.526870e+00
8.052040e-02   8.628426e-01   2.525916e+00
8.126619e-02   9.370757e-01   2.524845e+00
8.201889e-02   1.017323e+00   2.523676e+00
8.277857e-02   1.104059e+00   2.522428e+00
8.354528e-02   1.197796e+00   2.521120e+00
8.431909e-02   1.299090e+00   2.519772e+00
8.510007e-02   1.408539e+00   2.518401e+00
8.588829e-02   1.526794e+00   2.517027e+00
8.668380e-02   1.654557e+00   2.515669e+00
8.748668e-02   1.792591e+00   2.514346e+00
8.829700e-02   1.941721e+00   2.513077e+00
8.911482e-02   2.102842e+00   2.511881e+00
8.994022e-02   2.276926e+00   2.510776e+00
9.077327e-02   2.465017e+00   2.509776e+00
9.161402e-02   2.668189e+00   2.508876e+00
9.246257e-02   2.887576e+00   2.508060e+00
9.331898e-02   3.124386e+00   2.507315e+00
9.418332e-02   3.379904e+00   2.506627e+00
9.505566e-02   3.655502e+00   2.505982e+00
9.593608e-02   3.952635e+00   2.505368e+00
9.682466e-02   4.272851e+00   2.504769e+00
9.772147e-02   4.617793e+00   2.504172e+00
9.862658e-02   4.989201e+00   2.503564e+00
9.954008e-02   5.388919e+00   2.502930e+00
1.004620e-01   5.818901e+00   2.502258e+00
1.013925e-01   6.281276e+00   2.501538e+00
1.023317e-01   6.778382e+00   2.500763e+00
1.032795e-01   7.312725e+00   2.499929e+00
1.042361e-01   7.886990e+00   2.499030e+00
1.052015e-01   8.504054e+00   2.498061e+00
1.061759e-01   9.167000e+00   2.497015e+00
1.071593e-01   9.879130e+00   2.495888e+00
1.081519e-01   1.064399e+01   2.494675e+00
1.091536e-01   1.146536e+01   2.493369e+00
1.101646e-01   1.234733e+01   2.491966e+00
1.111850e-01   1.329422e+01   2.490470e+00
1.122148e-01   1.431060e+01   2.488913e+00
1.132541e-01   1.540133e+01   2.487330e+00
1.143031e-01   1.657160e+01   2.485756e+00
1.153618e-01   1.782692e+01   2.484226e+00
1.164303e-01   1.917320e+01   2.482775e+00
1.175087e-01   2.061670e+01   2.481437e+00
1.185971e-01   2.216411e+01   2.480247e+00
1.196956e-01   2.382256e+01   2.479241e+00
1.208042e-01   2.559962e+01   2.478445e+00
1.219231e-01   2.750321e+01   2.477827e+00
1.230524e-01   2.954167e+01   2.477320e+00
1.241921e-01   3.172381e+01   2.476857e+00
1.253424e-01   3.405894e+01   2.476370e+00
1.265034e-01   3.655689e+01   2.475791e+00
1.276751e-01   3.922804e+01   2.475055e+00
1.288576e-01   4.208333e+01   2.474093e+00
1.300511e-01   4.513427e+01   2.472840e+00
1.312557e-01   4.839320e+01   2.471255e+00
1.324714e-01   5.187387e+01   2.469396e+00
1.336984e-01   5.559113e+01   2.467343e+00
1.349367e-01   5.956088e+01   2.465173e+00
1.361865e-01   6.380016e+01   2.462965e+00
1.374479e-01   6.832719e+01   2.460797e+00
1.387210e-01   7.316153e+01   2.458747e+00
1.400058e-01   7.832412e+01   2.456892e+00
1.413026e-01   8.383721e+01   2.455292e+00
1.426114e-01   8.972358e+01   2.453936e+00
1.439323e-01   9.600715e+01   2.452796e+00
1.452654e-01   1.027133e+02   2.451844e+00
1.466109e-01   1.098688e+02   2.451052e+00
1.479688e-01   1.175020e+02   2.450392e+00
1.493393e-01   1.256431e+02   2.449837e+00
1.507225e-01   1.343238e+02   2.449360e+00
1.521186e-01   1.435768e+02   2.448952e+00
1.535275e-01   1.534358e+02   2.448624e+00
1.549495e-01   1.639362e+02   2.448385e+00
1.563847e-01   1.751146e+02   2.448246e+00
1.578331e-01   1.870095e+02   2.448218e+00
1.592950e-01   1.996606e+02   2.448310e+00
1.607704e-01   2.131096e+02   2.448533e+00
1.622595e-01   2.274027e+02   2.448882e+00
1.637624e-01   2.425909e+02   2.449343e+00
1.652792e-01   2.587291e+02   2.449899e+00
1.668101e-01   2.758752e+02   2.450534e+00
1.683551e-01   2.940910e+02   2.451233e+00
1.699144e-01   3.134423e+02   2.451978e+00
1.714882e-01   3.339992e+02   2.452755e+00
1.730766e-01   3.558362e+02   2.453546e+00
1.746796e-01   3.790328e+02   2.454336e+00
1.762975e-01   4.036738e+02   2.455108e+00
1.779304e-01   4.298494e+02   2.455846e+00
1.795785e-01   4.576562e+02   2.456535e+00
1.812418e-01   4.871964e+02   2.457161e+00
1.829205e-01   5.185748e+02   2.457743e+00
1.846147e-01   5.518996e+02   2.458315e+00
1.863246e-01   5.872848e+02   2.458915e+00
1.880504e-01   6.248508e+02   2.459575e+00
1.897922e-01   6.647243e+02   2.460333e+00
1.915501e-01   7.070385e+02   2.461223e+00
1.933242e-01   7.519340e+02   2.462280e+00
1.951148e-01   7.995585e+02   2.463541e+00
1.969220e-01   8.500675e+02   2.465040e+00
1.987460e-01   9.036244e+02   2.466814e+00
2.005868e-01   9.604011e+02   2.468898e+00
2.024447e-01   1.020581e+03   2.471314e+00
2.043197e-01   1.084360e+03   2.474061e+00
2.062122e-01   1.151948e+03   2.477137e+00
2.081222e-01   1.223565e+03   2.480537e+00
2.100498e-01   1.299444e+03   2.484260e+00
2.119953e-01   1.379832e+03   2.488303e+00
2.139589e-01   1.464990e+03   2.492664e+00
2.159406e-01   1.555194e+03   2.497339e+00
2.179407e-01   1.650736e+03   2.502327e+00
2.199593e-01   1.751925e+03   2.507626e+00
2.219966e-01   1.859087e+03   2.513232e+00
2.240528e-01   1.972568e+03   2.519145e+00
2.261280e-01   2.092734e+03   2.525362e+00
2.282224e-01   2.219972e+03   2.531880e+00
2.303363e-01   2.354692e+03   2.538699e+00
2.324697e-01   2.497326e+03   2.545817e+00
2.346229e-01   2.648335e+03   2.553231e+00
2.367960e-01   2.808204e+03   2.560939e+00
2.389893e-01   2.977447e+03   2.568942e+00
2.412028e-01   3.156609e+03   2.577235e+00
2.434369e-01   3.346266e+03   2.585819e+00
2.456916e-01   3.547031e+03   2.594691e+00
2.479673e-01   3.759549e+03   2.603851e+00
2.502640e-01   3.984507e+03   2.613296e+00
2.525820e-01   4.222626e+03   2.623022e+00
2.549215e-01   4.474656e+03   2.633016e+00
2.572826e-01   4.741387e+03   2.643263e+00
2.596656e-01   5.023651e+03   2.653747e+00
2.620707e-01   5.322325e+03   2.664454e+00
2.644980e-01   5.638335e+03   2.675368e+00
2.669478e-01   5.972657e+03   2.686472e+00
2.694204e-01   6.326318e+03   2.697751e+00
2.719158e-01   6.700403e+03   2.709189e+00
2.744343e-01   7.096052e+03   2.720768e+00
2.769762e-01   7.514470e+03   2.732471e+00
2.795416e-01   7.956923e+03   2.744283e+00
2.821308e-01   8.424747e+03   2.756184e+00
2.847439e-01   8.919348e+03   2.768157e+00
2.873813e-01   9.442207e+03   2.780184e+00
2.900430e-01   9.994882e+03   2.792246e+00
2.927295e-01   1.057901e+04   2.804324e+00
2.954408e-01   1.119633e+04   2.816400e+00
2.981772e-01   1.184865e+04   2.828454e+00
3.009390e-01   1.253789e+04   2.840466e+00
3.037264e-01   1.326606e+04   2.852420e+00
3.065395e-01   1.403533e+04   2.864310e+00
3.093788e-01   1.484795e+04   2.876126e+00
3.122443e-01   1.570633e+04   2.887862e+00
3.151363e-01   1.661298e+04   2.899510e+00
3.180552e-01   1.757056e+04   2.911061e+00
3.210011e-01   1.858188e+04   2.922509e+00
3.239743e-01   1.964990e+04   2.933844e+00
3.269750e-01   2.077774e+04   2.945058e+00
3.300035e-01   2.196868e+04   2.956144e+00
3.330600e-01   2.322620e+04   2.967094e+00
3.361449e-01   2.455396e+04   2.977897e+00
3.392583e-01   2.595580e+04   2.988547e+00
3.424006e-01   2.743581e+04   2.999034e+00
3.455720e-01   2.899827e+04   3.009351e+00
3.487727e-01   3.064771e+04   3.019487e+00
3.520031e-01   3.238888e+04   3.029435e+00
3.552635e-01   3.422666e+04   3.039175e+00
3.585540e-01   3.616605e+04   3.048684e+00
3.618750e-01   3.821225e+04   3.057938e+00
3.652267e-01   4.037071e+04   3.066910e+00
3.686095e-01   4.264711e+04   3.075577e+00
3.720237e-01   4.504737e+04   3.083912e+00
3.754694e-01   4.757765e+04   3.091891e+00
3.789471e-01   5.024438e+04   3.099488e+00
3.824570e-01   5.305425e+04   3.106677e+00
3.859994e-01   5.601421e+04   3.113433e+00
3.895746e-01   5.913147e+04   3.119731e+00
3.931829e-01   6.241354e+04   3.125544e+00
3.968246e-01   6.586821e+04   3.130846e+00
4.005001e-01   6.950353e+04   3.135614e+00
4.042096e-01   7.332792e+04   3.139832e+00
4.079535e-01   7.735015e+04   3.143522e+00
4.117320e-01   8.157938e+04   3.146709e+00
4.155455e-01   8.602509e+04   3.149418e+00
4.193944e-01   9.069708e+04   3.151676e+00
4.232789e-01   9.560554e+04   3.153510e+00
4.271994e-01   1.007610e+05   3.154946e+00
4.311562e-01   1.061743e+05   3.156012e+00
4.351497e-01   1.118567e+05   3.156734e+00
4.391801e-01   1.178198e+05   3.157141e+00
4.432479e-01   1.240756e+05   3.157259e+00
4.473533e-01   1.306364e+05   3.157116e+00
4.514968e-01   1.375149e+05   3.156739e+00
4.556786e-01   1.447243e+05   3.156136e+00
4.598992e-01   1.522782e+05   3.155287e+00
4.641589e-01   1.601907e+05   3.154169e+00
4.684580e-01   1.684761e+05   3.152760e+00
4.727970e-01   1.771493e+05   3.151038e+00
4.771761e-01   1.862256e+05   3.148980e+00
4.815958e-01   1.957206e+05   3.146564e+00
4.860564e-01   2.056503e+05   3.143769e+00
4.905584e-01   2.160311e+05   3.140572e+00
4.951020e-01   2.268800e+05   3.136954e+00
4.996877e-01   2.382140e+05   3.132892e+00
5.043159e-01   2.500510e+05   3.128371e+00
5.089870e-01   2.624096e+05   3.123406e+00
5.137014e-01   2.753093e+05   3.118017e+00
5.184594e-01   2.887702e+05   3.112226e+00
5.232614e-01   3.028128e+05   3.106056e+00
5.281080e-01   3.174584e+05   3.099528e+00
5.329994e-01   3.327287e+05   3.092664e+00
5.379362e-01   3.486461e+05   3.085487e+00
5.429186e-01   3.652334e+05   3.078017e+00
5.479472e-01   3.825143e+05   3.070277e+00
5.530224e-01   4.005127e+05   3.062287e+00
5.581446e-01   4.192537e+05   3.054070e+00
5.633143e-01   4.387623e+05   3.045646e+00
5.685318e-01   4.590648e+05   3.037037e+00
5.737976e-01   4.801877e+05   3.028263e+00
5.791123e-01   5.021582e+05   3.019345e+00
5.844761e-01   5.250043e+05   3.010304e+00
5.898896e-01   5.487544e+05   3.001159e+00
5.953533e-01   5.734378e+05   2.991932e+00
6.008676e-01   5.990843e+05   2.982640e+00
6.064329e-01   6.257237e+05   2.973298e+00
6.120498e-01   6.533847e+05   2.963900e+00
6.177188e-01   6.820961e+05   2.954438e+00
6.234402e-01   7.118867e+05   2.944903e+00
6.292146e-01   7.427854e+05   2.935288e+00
6.350425e-01   7.748213e+05   2.925586e+00
6.409244e-01   8.080234e+05   2.915789e+00
6.468608e-01   8.424207e+05   2.905889e+00
6.528521e-01   8.780420e+05   2.895879e+00
6.588990e-01   9.149160e+05   2.885752e+00
6.650018e-01   9.530713e+05   2.875502e+00
6.711612e-01   9.925358e+05   2.865120e+00
6.773776e-01   1.033337e+06   2.854601e+00
6.836516e-01   1.075503e+06   2.843937e+00
6.899837e-01   1.119061e+06   2.833123e+00
6.963745e-01   1.164035e+06   2.822151e+00
7.028244e-01   1.210453e+06   2.811017e+00
7.093341e-01   1.258345e+06   2.799728e+00
7.159041e-01   1.307754e+06   2.788309e+00
7.225349e-01   1.358721e+06   2.776784e+00
7.292272e-01   1.411292e+06   2.765179e+00
7.359814e-01   1.465514e+06   2.753517e+00
7.427982e-01   1.521435e+06   2.741823e+00
7.496782e-01   1.579107e+06   2.730119e+00
7.566219e-01   1.638582e+06   2.718429e+00
7.636298e-01   1.699915e+06   2.706775e+00
7.707027e-01   1.763167e+06   2.695180e+00
7.778411e-01   1.828396e+06   2.683665e+00
7.850456e-01   1.895666e+06   2.672253e+00
7.923169e-01   1.965045e+06   2.660963e+00
7.996555e-01   2.036602e+06   2.649817e+00
8.070620e-01   2.110407e+06   2.638829e+00
8.145372e-01   2.186512e+06   2.627982e+00
8.220816e-01   2.264966e+06   2.617251e+00
8.296959e-01   2.345816e+06   2.606612e+00
8.373807e-01   2.429109e+06   2.596041e+00
8.451366e-01   2.514891e+06   2.585515e+00
8.529644e-01   2.603209e+06   2.575009e+00
8.608648e-01   2.694107e+06   2.564502e+00
8.688383e-01   2.787629e+06   2.553970e+00
8.768856e-01   2.883817e+06   2.543392e+00
8.850075e-01   2.982713e+06   2.532745e+00
8.932046e-01   3.084357e+06   2.522008e+00
9.014776e-01   3.188787e+06   2.511161e+00
9.098273e-01   3.296052e+06   2.500193e+00
9.182543e-01   3.406229e+06   2.489118e+00
9.267593e-01   3.519401e+06   2.477953e+00
9.353432e-01   3.635657e+06   2.466716e+00
9.440065e-01   3.755089e+06   2.455424e+00
9.527500e-01   3.877796e+06   2.444093e+00
9.615746e-01   4.003878e+06   2.432739e+00
9.704809e-01   4.133444e+06   2.421379e+00
9.794697e-01   4.266607e+06   2.410027e+00
9.885417e-01   4.403486e+06   2.398701e+00
9.976978e-01   4.544205e+06   2.387414e+00
1.006939e+00   4.688893e+06   2.376180e+00
1.016265e+00   4.837659e+06   2.365006e+00
1.025678e+00   4.990598e+06   2.353892e+00
1.035178e+00   5.147809e+06   2.342840e+00
1.044766e+00   5.309391e+06   2.331849e+00
1.054443e+00   5.475447e+06   2.320923e+00
1.064209e+00   5.646080e+06   2.310060e+00
1.074066e+00   5.821395e+06   2.299264e+00
1.084014e+00   6.001498e+06   2.288533e+00
1.094055e+00   6.186498e+06   2.277870e+00
1.104188e+00   6.376506e+06   2.267275e+00
1.114415e+00   6.571634e+06   2.256750e+00
1.124737e+00   6.771996e+06   2.246294e+00
1.135155e+00   6.977706e+06   2.235910e+00
1.145669e+00   7.188883e+06   2.225597e+00
1.156280e+00   7.405646e+06   2.215357e+00
1.166990e+00   7.628116e+06   2.205190e+00
1.177799e+00   7.856416e+06   2.195097e+00
1.188708e+00   8.090669e+06   2.185080e+00
1.199718e+00   8.331004e+06   2.175138e+00
1.210830e+00   8.577547e+06   2.165272e+00
1.222045e+00   8.830429e+06   2.155483e+00
1.233363e+00   9.089781e+06   2.145773e+00
1.244787e+00   9.355737e+06   2.136140e+00
1.256317e+00   9.628432e+06   2.126587e+00
1.267953e+00   9.907999e+06   2.117112e+00
1.279697e+00   1.019456e+07   2.107715e+00
1.291550e+00   1.048826e+07   2.098394e+00
1.303512e+00   1.078921e+07   2.089149e+00
1.315586e+00   1.109756e+07   2.079978e+00
1.327771e+00   1.141342e+07   2.070880e+00
1.340069e+00   1.173693e+07   2.061853e+00
1.352481e+00   1.206822e+07   2.052898e+00
1.365008e+00   1.240743e+07   2.044013e+00
1.377651e+00   1.275468e+07   2.035196e+00
1.390411e+00   1.311010e+07   2.026447e+00
1.403289e+00   1.347383e+07   2.017765e+00
1.416287e+00   1.384600e+07   2.009149e+00
1.429405e+00   1.422673e+07   2.000597e+00
1.442644e+00   1.461615e+07   1.992110e+00
1.456006e+00   1.501440e+07   1.983685e+00
1.469492e+00   1.542159e+07   1.975322e+00
1.483103e+00   1.583787e+07   1.967020e+00
1.496839e+00   1.626335e+07   1.958777e+00
1.510703e+00   1.669816e+07   1.950595e+00
1.524696e+00   1.714246e+07   1.942474e+00
1.538818e+00   1.759644e+07   1.934420e+00
1.553071e+00   1.806028e+07   1.926437e+00
1.567455e+00   1.853417e+07   1.918528e+00
1.581973e+00   1.901831e+07   1.910698e+00
1.596626e+00   1.951290e+07   1.902951e+00
1.611414e+00   2.001815e+07   1.895291e+00
1.626340e+00   2.053426e+07   1.887721e+00
1.641403e+00   2.106146e+07   1.880245e+00
1.656606e+00   2.159996e+07   1.872867e+00
1.671950e+00   2.215000e+07   1.865591e+00
1.687436e+00   2.271180e+07   1.858420e+00
1.703065e+00   2.328562e+07   1.851358e+00
1.718839e+00   2.387169e+07   1.844408e+00
1.734759e+00   2.447028e+07   1.837574e+00
1.750827e+00   2.508165e+07   1.830859e+00
1.767044e+00   2.570602e+07   1.824265e+00
1.783410e+00   2.634355e+07   1.817787e+00
1.799929e+00   2.699434e+07   1.811423e+00
1.816600e+00   2.765849e+07   1.805166e+00
1.833425e+00   2.833608e+07   1.799012e+00
1.850407e+00   2.902721e+07   1.792956e+00
1.867546e+00   2.973195e+07   1.786994e+00
1.884843e+00   3.045034e+07   1.781122e+00
1.902301e+00   3.118245e+07   1.775335e+00
1.919921e+00   3.192831e+07   1.769629e+00
1.937703e+00   3.268794e+07   1.763999e+00
1.955651e+00   3.346136e+07   1.758441e+00
1.973764e+00   3.424856e+07   1.752952e+00
1.992046e+00   3.504953e+07   1.747526e+00
2.010496e+00   3.586425e+07   1.742161e+00
2.029118e+00   3.669275e+07   1.736854e+00
2.047912e+00   3.753517e+07   1.731606e+00
2.066880e+00   3.839161e+07   1.726416e+00
2.086024e+00   3.926221e+07   1.721286e+00
2.105345e+00   4.014709e+07   1.716216e+00
2.124845e+00   4.104636e+07   1.711205e+00
2.144526e+00   4.196014e+07   1.706255e+00
2.164389e+00   4.288856e+07   1.701365e+00
2.184436e+00   4.383173e+07   1.696536e+00
2.204669e+00   4.478976e+07   1.691768e+00
2.225089e+00   4.576279e+07   1.687062e+00
2.245698e+00   4.675093e+07   1.682417e+00
2.266498e+00   4.775429e+07   1.677834e+00
2.287491e+00   4.877299e+07   1.673314e+00
2.308678e+00   4.980715e+07   1.668855e+00
2.330061e+00   5.085688e+07   1.664460e+00
2.351643e+00   5.192231e+07   1.660128e+00
2.373424e+00   5.300355e+07   1.655859e+00
2.395407e+00   5.410071e+07   1.651654e+00
2.417594e+00   5.521391e+07   1.647513e+00
2.439986e+00   5.634328e+07   1.643435e+00
2.462586e+00   5.748891e+07   1.639423e+00
2.485395e+00   5.865094e+07   1.635475e+00
2.508415e+00   5.982947e+07   1.631592e+00
2.531648e+00   6.102455e+07   1.627774e+00
2.555097e+00   6.223611e+07   1.624021e+00
2.578763e+00   6.346404e+07   1.620330e+00
2.602648e+00   6.470825e+07   1.616701e+00
2.626754e+00   6.596859e+07   1.613133e+00
2.651084e+00   6.724493e+07   1.609626e+00
2.675638e+00   6.853711e+07   1.606178e+00
2.700421e+00   6.984495e+07   1.602789e+00
2.725433e+00   7.116825e+07   1.599458e+00
2.750676e+00   7.250680e+07   1.596183e+00
2.776153e+00   7.386036e+07   1.592964e+00
2.801867e+00   7.522870e+07   1.589801e+00
2.827818e+00   7.661153e+07   1.586692e+00
2.854010e+00   7.800856e+07   1.583637e+00
2.880444e+00   7.941948e+07   1.580634e+00
2.907123e+00   8.084397e+07   1.577684e+00
2.934050e+00   8.228166e+07   1.574784e+00
2.961225e+00   8.373219e+07   1.571935e+00
2.988653e+00   8.519516e+07   1.569136e+00
3.016334e+00   8.667016e+07   1.566386e+00
3.044272e+00   8.815693e+07   1.563684e+00
3.072469e+00   8.965535e+07   1.561031e+00
3.100927e+00   9.116528e+07   1.558426e+00
3.129648e+00   9.268660e+07   1.555869e+00
3.158635e+00   9.421916e+07   1.553359e+00
3.187891e+00   9.576286e+07   1.550897e+00
3.217418e+00   9.731755e+07   1.548483e+00
3.247218e+00   9.888310e+07   1.546115e+00
3.277295e+00   1.004594e+08   1.543795e+00
3.307650e+00   1.020463e+08   1.541522e+00
3.338286e+00   1.036437e+08   1.539295e+00
3.369206e+00   1.052514e+08   1.537115e+00
3.400412e+00   1.068694e+08   1.534981e+00
3.431907e+00   1.084974e+08   1.532894e+00
3.463694e+00   1.101355e+08   1.530853e+00
3.495776e+00   1.117834e+08   1.528858e+00
3.528154e+00   1.134411e+08   1.526908e+00
3.560833e+00   1.151085e+08   1.525002e+00
3.593814e+00   1.167856e+08   1.523135e+00
3.627100e+00   1.184726e+08   1.521305e+00
3.660695e+00   1.201694e+08   1.519508e+00
3.694601e+00   1.218761e+08   1.517740e+00
3.728821e+00   1.235927e+08   1.516000e+00
3.763358e+00   1.253193e+08   1.514284e+00
3.798215e+00   1.270561e+08   1.512588e+00
3.833395e+00   1.288030e+08   1.510909e+00
3.868901e+00   1.305603e+08   1.509245e+00
3.904735e+00   1.323280e+08   1.507592e+00
3.940902e+00   1.341063e+08   1.505947e+00
3.977403e+00   1.358953e+08   1.504307e+00
4.014242e+00   1.376952e+08   1.502668e+00
4.051423e+00   1.395058e+08   1.501031e+00
4.088948e+00   1.413265e+08   1.499398e+00
4.126821e+00   1.431567e+08   1.497771e+00
4.165044e+00   1.449958e+08   1.496154e+00
4.203622e+00   1.468429e+08   1.494548e+00
4.242556e+00   1.486974e+08   1.492958e+00
4.281852e+00   1.505585e+08   1.491384e+00
4.321511e+00   1.524254e+08   1.489830e+00
4.361538e+00   1.542973e+08   1.488300e+00
4.401935e+00   1.561734e+08   1.486794e+00
4.442707e+00   1.580527e+08   1.485317e+00
4.483856e+00   1.599344e+08   1.483870e+00
4.525386e+00   1.618176e+08   1.482456e+00
4.567301e+00   1.637012e+08   1.481078e+00
4.609604e+00   1.655843e+08   1.479739e+00
4.652300e+00   1.674659e+08   1.478441e+00
4.695390e+00   1.693450e+08   1.477186e+00
4.738880e+00   1.712204e+08   1.475978e+00
4.782772e+00   1.730910e+08   1.474818e+00
4.827071e+00   1.749557e+08   1.473711e+00
4.871780e+00   1.768135e+08   1.472657e+00
4.916904e+00   1.786630e+08   1.471659e+00
4.962445e+00   1.805031e+08   1.470721e+00
5.008408e+00   1.823326e+08   1.469845e+00
5.054797e+00   1.841505e+08   1.469031e+00
5.101615e+00   1.859568e+08   1.468275e+00
5.148867e+00   1.877514e+08   1.467571e+00
5.196557e+00   1.895346e+08   1.466915e+00
5.244689e+00   1.913063e+08   1.466302e+00
5.293266e+00   1.930668e+08   1.465726e+00
5.342293e+00   1.948161e+08   1.465182e+00
5.391775e+00   1.965544e+08   1.464665e+00
5.441714e+00   1.982820e+08   1.464171e+00
5.492116e+00   1.999991e+08   1.463694e+00
5.542986e+00   2.017059e+08   1.463229e+00
5.594326e+00   2.034028e+08   1.462770e+00
5.646141e+00   2.050901e+08   1.462315e+00
5.698437e+00   2.067680e+08   1.461856e+00
5.751217e+00   2.084370e+08   1.461389e+00
5.804486e+00   2.100974e+08   1.460909e+00
5.858248e+00   2.117497e+08   1.460411e+00
5.912508e+00   2.133943e+08   1.459890e+00
5.967271e+00   2.150318e+08   1.459341e+00
6.022541e+00   2.166625e+08   1.458759e+00
6.078323e+00   2.182865e+08   1.458144e+00
6.134622e+00   2.199035e+08   1.457498e+00
6.191442e+00   2.215131e+08   1.456828e+00
6.248788e+00   2.231146e+08   1.456136e+00
6.306666e+00   2.247078e+08   1.455428e+00
6.365079e+00   2.262921e+08   1.454708e+00
6.424034e+00   2.278670e+08   1.453979e+00
6.483534e+00   2.294321e+08   1.453247e+00
6.543586e+00   2.309870e+08   1.452516e+00
6.604194e+00   2.325310e+08   1.451790e+00
6.665363e+00   2.340639e+08   1.451074e+00
6.727099e+00   2.355850e+08   1.450371e+00
6.789407e+00   2.370939e+08   1.449686e+00
6.852292e+00   2.385902e+08   1.449023e+00
6.915759e+00   2.400732e+08   1.448388e+00
6.979814e+00   2.415426e+08   1.447782e+00
7.044462e+00   2.429978e+08   1.447212e+00
7.109709e+00   2.444379e+08   1.446676e+00
7.175561e+00   2.458617e+08   1.446170e+00
7.242022e+00   2.472680e+08   1.445690e+00
7.309099e+00   2.486556e+08   1.445233e+00
7.376798e+00   2.500233e+08   1.444796e+00
7.445123e+00   2.513699e+08   1.444373e+00
7.514081e+00   2.526940e+08   1.443963e+00
7.583678e+00   2.539944e+08   1.443561e+00
7.653919e+00   2.552698e+08   1.443163e+00
7.724811e+00   2.565190e+08   1.442765e+00
7.796360e+00   2.577407e+08   1.442365e+00
7.868572e+00   2.589335e+08   1.441959e+00
7.941452e+00   2.600961e+08   1.441542e+00
8.015007e+00   2.612273e+08   1.441111e+00
8.089243e+00   2.623264e+08   1.440665e+00
8.164168e+00   2.633939e+08   1.440209e+00
8.239786e+00   2.644308e+08   1.439747e+00
8.316104e+00   2.654381e+08   1.439283e+00
8.393129e+00   2.664166e+08   1.438825e+00
8.470868e+00   2.673674e+08   1.438375e+00
8.549327e+00   2.682915e+08   1.437939e+00
8.628513e+00   2.691898e+08   1.437523e+00
8.708431e+00   2.700635e+08   1.437130e+00
8.789091e+00   2.709137e+08   1.436767e+00
8.870497e+00   2.717414e+08   1.436437e+00
8.952657e+00   2.725478e+08   1.436147e+00
9.035578e+00   2.733341e+08   1.435900e+00
9.119268e+00   2.741013e+08   1.435702e+00
9.203732e+00   2.748508e+08   1.435558e+00
9.288979e+00   2.755836e+08   1.435473e+00
9.375015e+00   2.763011e+08   1.435451e+00
9.461848e+00   2.770045e+08   1.435498e+00
9.549486e+00   2.776950e+08   1.435618e+00
9.637935e+00   2.783740e+08   1.435817e+00
9.727203e+00   2.790426e+08   1.436100e+00
9.817298e+00   2.797023e+08   1.436471e+00
9.908228e+00   2.803543e+08   1.436936e+00
1.000000e+01   2.810000e+08   1.437500e+00
