# Be9 + He3 > C11 + n   [Be9_He3__C11_n]   ref=TALYS2, Koning et al. 2023
# detailed balance: alpha=3.8284 beta=0 gamma=-87.6975  Q=7.5572
# T9                 rate                error
1.000000e-03   1.000000e-35   1.000000e+02
1.009262e-03   1.002435e-35   1.000000e+02
1.018610e-03   1.004554e-35   1.000000e+02
1.028045e-03   1.006361e-35   1.000000e+02
1.037567e-03   1.007859e-35   1.000000e+02
1.047177e-03   1.009052e-35   1.000000e+02
1.056876e-03   1.009946e-35   1.000000e+02
1.066665e-03   1.010544e-35   1.000000e+02
1.076545e-03   1.010852e-35   1.000000e+02
1.086516e-03   1.010876e-35   1.000000e+02
1.096579e-03   1.010620e-35   1.000000e+02
1.106736e-03   1.010091e-35   1.000000e+02
1.116987e-03   1.009295e-35   1.000000e+02
1.127333e-03   1.008237e-35   1.000000e+02
1.137774e-03   1.006925e-35   1.000000e+02
1.148312e-03   1.005365e-35   1.000000e+02
1.158948e-03   1.003562e-35   1.000000e+02
1.169683e-03   1.001526e-35   1.000000e+02
1.180517e-03   9.992611e-36   1.000000e+02
1.191451e-03   9.967760e-36   1.000000e+02
1.202486e-03   9.940773e-36   1.000000e+02
1.213624e-03   9.911725e-36   1.000000e+02
1.224865e-03   9.880687e-36   1.000000e+02
1.236210e-03   9.847734e-36   1.000000e+02
1.247660e-03   9.812940e-36   1.000000e+02
1.259216e-03   9.776379e-36   1.000000e+02
1.270879e-03   9.738125e-36   1.000000e+02
1.282650e-03   9.698253e-36   1.000000e+02
1.294530e-03   9.656838e-36   1.000000e+02
1.306520e-03   9.613953e-36   1.000000e+02
1.318621e-03   9.569674e-36   1.000000e+02
1.330835e-03   9.524074e-36   1.000000e+02
1.343161e-03   9.477225e-36   1.000000e+02
1.355602e-03   9.429201e-36   1.000000e+02
1.368158e-03   9.380074e-36   1.000000e+02
1.380830e-03   9.329915e-36   1.000000e+02
1.393619e-03   9.278795e-36   1.000000e+02
1.406527e-03   9.226784e-36   1.000000e+02
1.419555e-03   9.173950e-36   1.000000e+02
1.432703e-03   9.120361e-36   1.000000e+02
1.445973e-03   9.066084e-36   1.000000e+02
1.459366e-03   9.011186e-36   1.000000e+02
1.472883e-03   8.955731e-36   1.000000e+02
1.486525e-03   8.899782e-36   1.000000e+02
1.500293e-03   8.843402e-36   1.000000e+02
1.514189e-03   8.786652e-36   1.000000e+02
1.528214e-03   8.729592e-36   1.000000e+02
1.542369e-03   8.672281e-36   1.000000e+02
1.556654e-03   8.614777e-36   1.000000e+02
1.571072e-03   8.557135e-36   1.000000e+02
1.585624e-03   8.499410e-36   1.000000e+02
1.600310e-03   8.441656e-36   1.000000e+02
1.615133e-03   8.383926e-36   1.000000e+02
1.630092e-03   8.326269e-36   1.000000e+02
1.645191e-03   8.268737e-36   1.000000e+02
1.660429e-03   8.211376e-36   1.000000e+02
1.675808e-03   8.154235e-36   1.000000e+02
1.691330e-03   8.097358e-36   1.000000e+02
1.706995e-03   8.040790e-36   1.000000e+02
1.722805e-03   7.984576e-36   1.000000e+02
1.738762e-03   7.928755e-36   1.000000e+02
1.754867e-03   7.873370e-36   1.000000e+02
1.771121e-03   7.818459e-36   1.000000e+02
1.787526e-03   7.764062e-36   1.000000e+02
1.804082e-03   7.710215e-36   1.000000e+02
1.820792e-03   7.656954e-36   1.000000e+02
1.837656e-03   7.604315e-36   1.000000e+02
1.854677e-03   7.552332e-36   1.000000e+02
1.871855e-03   7.501036e-36   1.000000e+02
1.889193e-03   7.450462e-36   1.000000e+02
1.906691e-03   7.400638e-36   1.000000e+02
1.924351e-03   7.351597e-36   1.000000e+02
1.942175e-03   7.303366e-36   1.000000e+02
1.960163e-03   7.255974e-36   1.000000e+02
1.978319e-03   7.209449e-36   1.000000e+02
1.996642e-03   7.163818e-36   1.000000e+02
2.015136e-03   7.119106e-36   1.000000e+02
2.033800e-03   7.075340e-36   1.000000e+02
2.052638e-03   7.032543e-36   1.000000e+02
2.071650e-03   6.990741e-36   1.000000e+02
2.090838e-03   6.949957e-36   1.000000e+02
2.110203e-03   6.910215e-36   1.000000e+02
2.129749e-03   6.871536e-36   1.000000e+02
2.149475e-03   6.833944e-36   1.000000e+02
2.169384e-03   6.797461e-36   1.000000e+02
2.189477e-03   6.762109e-36   1.000000e+02
2.209756e-03   6.727908e-36   1.000000e+02
2.230223e-03   6.694880e-36   1.000000e+02
2.250880e-03   6.663048e-36   1.000000e+02
2.271728e-03   6.632431e-36   1.000000e+02
2.292769e-03   6.603050e-36   1.000000e+02
2.314005e-03   6.574928e-36   1.000000e+02
2.335438e-03   6.548085e-36   1.000000e+02
2.357069e-03   6.522543e-36   1.000000e+02
2.378901e-03   6.498322e-36   1.000000e+02
2.400935e-03   6.475446e-36   1.000000e+02
2.423173e-03   6.453935e-36   1.000000e+02
2.445617e-03   6.433813e-36   1.000000e+02
2.468268e-03   6.415102e-36   1.000000e+02
2.491130e-03   6.397826e-36   1.000000e+02
2.514203e-03   6.382009e-36   1.000000e+02
2.537490e-03   6.367675e-36   1.000000e+02
2.560993e-03   6.354850e-36   1.000000e+02
2.584714e-03   6.343559e-36   1.000000e+02
2.608654e-03   6.333830e-36   1.000000e+02
2.632815e-03   6.325690e-36   1.000000e+02
2.657201e-03   6.319169e-36   1.000000e+02
2.681813e-03   6.314296e-36   1.000000e+02
2.706652e-03   6.311102e-36   1.000000e+02
2.731722e-03   6.309620e-36   1.000000e+02
2.757023e-03   6.309883e-36   1.000000e+02
2.782559e-03   6.311926e-36   1.000000e+02
2.808332e-03   6.315787e-36   1.000000e+02
2.834343e-03   6.321503e-36   1.000000e+02
2.860596e-03   6.329114e-36   1.000000e+02
2.887091e-03   6.338663e-36   1.000000e+02
2.913832e-03   6.350192e-36   1.000000e+02
2.940820e-03   6.363749e-36   1.000000e+02
2.968059e-03   6.379381e-36   1.000000e+02
2.995549e-03   6.397138e-36   1.000000e+02
3.023295e-03   6.417053e-36   1.000000e+02
3.051297e-03   6.439018e-36   1.000000e+02
3.079559e-03   6.462871e-36   1.000000e+02
3.108082e-03   6.488447e-36   1.000000e+02
3.136870e-03   6.515581e-36   1.000000e+02
3.165924e-03   6.544105e-36   1.000000e+02
3.195248e-03   6.573850e-36   1.000000e+02
3.224842e-03   6.604644e-36   1.000000e+02
3.254712e-03   6.636311e-36   1.000000e+02
3.284857e-03   6.668673e-36   1.000000e+02
3.315282e-03   6.701547e-36   1.000000e+02
3.345989e-03   6.734749e-36   1.000000e+02
3.376980e-03   6.768089e-36   1.000000e+02
3.408259e-03   6.801375e-36   1.000000e+02
3.439826e-03   6.834408e-36   1.000000e+02
3.471687e-03   6.866990e-36   1.000000e+02
3.503842e-03   6.898916e-36   1.000000e+02
3.536296e-03   6.929977e-36   1.000000e+02
3.569049e-03   6.959964e-36   1.000000e+02
3.602107e-03   6.988663e-36   1.000000e+02
3.635470e-03   7.015856e-36   1.000000e+02
3.669142e-03   7.041325e-36   1.000000e+02
3.703127e-03   7.064851e-36   1.000000e+02
3.737426e-03   7.086210e-36   1.000000e+02
3.772042e-03   7.105182e-36   1.000000e+02
3.806980e-03   7.121544e-36   1.000000e+02
3.842241e-03   7.135074e-36   1.000000e+02
3.877828e-03   7.145555e-36   1.000000e+02
3.913746e-03   7.152768e-36   1.000000e+02
3.949995e-03   7.156500e-36   1.000000e+02
3.986581e-03   7.156542e-36   1.000000e+02
4.023506e-03   7.152766e-36   1.000000e+02
4.060772e-03   7.146019e-36   1.000000e+02
4.098384e-03   7.137832e-36   1.000000e+02
4.136344e-03   7.129742e-36   1.000000e+02
4.174655e-03   7.123282e-36   1.000000e+02
4.213322e-03   7.119978e-36   1.000000e+02
4.252346e-03   7.121357e-36   1.000000e+02
4.291732e-03   7.128956e-36   1.000000e+02
4.331483e-03   7.144330e-36   1.000000e+02
4.371602e-03   7.169073e-36   1.000000e+02
4.412093e-03   7.204830e-36   1.000000e+02
4.452959e-03   7.253325e-36   1.000000e+02
4.494203e-03   7.316387e-36   1.000000e+02
4.535829e-03   7.395981e-36   1.000000e+02
4.577841e-03   7.494243e-36   1.000000e+02
4.620241e-03   7.613531e-36   1.000000e+02
4.663035e-03   7.756472e-36   1.000000e+02
4.706225e-03   7.926027e-36   1.000000e+02
4.749815e-03   8.125562e-36   1.000000e+02
4.793808e-03   8.358942e-36   1.000000e+02
4.838210e-03   8.630633e-36   1.000000e+02
4.883022e-03   8.945834e-36   1.000000e+02
4.928250e-03   9.310634e-36   1.000000e+02
4.973896e-03   9.732207e-36   1.000000e+02
5.019965e-03   1.021899e-35   1.000000e+02
5.066461e-03   1.077900e-35   1.000000e+02
5.113388e-03   1.141919e-35   1.000000e+02
5.160749e-03   1.214742e-35   1.000000e+02
5.208549e-03   1.297273e-35   1.000000e+02
5.256791e-03   1.390542e-35   1.000000e+02
5.305481e-03   1.495712e-35   1.000000e+02
5.354621e-03   1.614096e-35   1.000000e+02
5.404216e-03   1.747168e-35   1.000000e+02
5.454271e-03   1.896577e-35   1.000000e+02
5.504790e-03   2.064158e-35   1.000000e+02
5.555776e-03   2.251948e-35   1.000000e+02
5.607235e-03   2.462199e-35   1.000000e+02
5.659170e-03   2.697390e-35   1.000000e+02
5.711586e-03   2.960235e-35   1.000000e+02
5.764488e-03   3.253696e-35   1.000000e+02
5.817880e-03   3.580985e-35   1.000000e+02
5.871766e-03   3.945563e-35   1.000000e+02
5.926152e-03   4.351138e-35   1.000000e+02
5.981041e-03   4.801649e-35   1.000000e+02
6.036439e-03   5.301332e-35   1.000000e+02
6.092349e-03   5.855770e-35   1.000000e+02
6.148778e-03   6.472036e-35   1.000000e+02
6.205729e-03   7.158299e-35   1.000000e+02
6.263207e-03   7.924011e-35   1.000000e+02
6.321218e-03   8.780128e-35   1.000000e+02
6.379767e-03   9.739385e-35   1.000000e+02
6.438857e-03   1.081661e-34   1.000000e+02
6.498495e-03   1.202914e-34   1.000000e+02
6.558686e-03   1.339724e-34   1.000000e+02
6.619433e-03   1.494473e-34   1.000000e+02
6.680744e-03   1.669963e-34   1.000000e+02
6.742622e-03   1.869504e-34   1.000000e+02
6.805074e-03   2.097010e-34   1.000000e+02
6.868104e-03   2.357130e-34   1.000000e+02
6.931717e-03   2.655399e-34   1.000000e+02
6.995920e-03   2.998429e-34   1.000000e+02
7.060718e-03   3.394050e-34   1.000000e+02
7.126115e-03   3.851174e-34   1.000000e+02
7.192119e-03   4.380178e-34   1.000000e+02
7.258734e-03   4.993299e-34   1.000000e+02
7.325965e-03   5.704976e-34   1.000000e+02
7.393820e-03   6.532269e-34   1.000000e+02
7.462303e-03   7.495345e-34   1.000000e+02
7.531420e-03   8.618069e-34   1.000000e+02
7.601178e-03   9.928702e-34   1.000000e+02
7.671581e-03   1.146074e-33   1.000000e+02
7.742637e-03   1.325390e-33   1.000000e+02
7.814351e-03   1.535533e-33   1.000000e+02
7.886729e-03   1.782102e-33   1.000000e+02
7.959777e-03   2.071748e-33   1.000000e+02
8.033502e-03   2.412399e-33   1.000000e+02
8.107910e-03   2.814061e-33   1.000000e+02
8.183007e-03   3.289683e-33   1.000000e+02
8.258799e-03   3.855495e-33   1.000000e+02
8.335294e-03   4.531910e-33   1.000000e+02
8.412497e-03   5.344742e-33   1.000000e+02
8.490415e-03   6.326825e-33   1.000000e+02
8.569055e-03   7.520175e-33   1.000000e+02
8.648423e-03   8.978888e-33   1.000000e+02
8.728527e-03   1.077306e-32   1.000000e+02
8.809372e-03   1.299411e-32   1.000000e+02
8.890966e-03   1.576211e-32   1.000000e+02
8.973316e-03   1.923589e-32   1.000000e+02
9.056428e-03   2.362483e-32   1.000000e+02
9.140311e-03   2.917818e-32   1.000000e+02
9.224970e-03   3.618853e-32   1.000000e+02
9.310413e-03   4.500833e-32   1.000000e+02
9.396648e-03   5.605440e-32   1.000000e+02
9.483682e-03   6.980835e-32   1.000000e+02
9.571522e-03   8.681039e-32   1.000000e+02
9.660175e-03   1.076437e-31   1.000000e+02
9.749649e-03   1.329057e-31   1.000000e+02
9.839952e-03   1.631635e-31   1.000000e+02
9.931092e-03   1.988897e-31   1.000000e+02
1.002308e-02   2.403812e-31   1.000000e+02
1.011591e-02   2.879079e-31   1.000000e+02
1.020961e-02   3.421125e-31   1.000000e+02
1.030417e-02   4.038575e-31   1.000000e+02
1.039961e-02   4.742562e-31   1.000000e+02
1.049593e-02   5.547599e-31   1.000000e+02
1.059315e-02   6.472707e-31   1.000000e+02
1.069126e-02   7.542884e-31   1.000000e+02
1.079029e-02   8.791056e-31   1.000000e+02
1.089023e-02   1.026073e-30   1.000000e+02
1.099110e-02   1.200968e-30   1.000000e+02
1.109290e-02   1.411190e-30   1.000000e+02
1.119564e-02   1.664669e-30   1.000000e+02
1.129934e-02   1.970533e-30   1.000000e+02
1.140400e-02   2.339794e-30   1.000000e+02
1.150962e-02   2.785702e-30   1.000000e+02
1.161623e-02   3.324141e-30   1.000000e+02
1.172382e-02   3.974082e-30   1.000000e+02
1.183241e-02   4.758082e-30   1.000000e+02
1.194200e-02   5.702816e-30   1.000000e+02
1.205261e-02   6.839719e-30   1.000000e+02
1.216424e-02   8.207569e-30   1.000000e+02
1.227691e-02   9.855269e-30   1.000000e+02
1.239062e-02   1.184284e-29   1.000000e+02
1.250539e-02   1.424404e-29   1.000000e+02
1.262121e-02   1.714966e-29   1.000000e+02
1.273811e-02   2.067186e-29   1.000000e+02
1.285610e-02   2.494943e-29   1.000000e+02
1.297517e-02   3.015469e-29   1.000000e+02
1.309535e-02   3.650164e-29   1.000000e+02
1.321664e-02   4.425263e-29   1.000000e+02
1.333906e-02   5.373045e-29   1.000000e+02
1.346261e-02   6.533446e-29   1.000000e+02
1.358730e-02   7.955914e-29   1.000000e+02
1.371315e-02   9.701733e-29   1.000000e+02
1.384016e-02   1.184693e-28   1.000000e+02
1.396835e-02   1.448587e-28   1.000000e+02
1.409773e-02   1.773590e-28   1.000000e+02
1.422830e-02   2.174358e-28   1.000000e+02
1.436009e-02   2.669216e-28   1.000000e+02
1.449310e-02   3.281086e-28   1.000000e+02
1.462733e-02   4.038668e-28   1.000000e+02
1.476281e-02   4.977962e-28   1.000000e+02
1.489955e-02   6.144177e-28   1.000000e+02
1.503755e-02   7.594171e-28   1.000000e+02
1.517683e-02   9.399517e-28   1.000000e+02
1.531740e-02   1.165036e-27   1.000000e+02
1.545928e-02   1.446044e-27   1.000000e+02
1.560246e-02   1.797347e-27   1.000000e+02
1.574698e-02   2.237125e-27   1.000000e+02
1.589283e-02   2.788408e-27   1.000000e+02
1.604003e-02   3.480406e-27   1.000000e+02
1.618860e-02   4.350214e-27   1.000000e+02
1.633854e-02   5.445002e-27   1.000000e+02
1.648987e-02   6.824825e-27   1.000000e+02
1.664260e-02   8.566249e-27   1.000000e+02
1.679675e-02   1.076701e-26   1.000000e+02
1.695232e-02   1.355201e-26   1.000000e+02
1.710934e-02   1.708113e-26   1.000000e+02
1.726781e-02   2.155923e-26   1.000000e+02
1.742775e-02   2.724913e-26   1.000000e+02
1.758917e-02   3.448852e-26   1.000000e+02
1.775208e-02   4.371178e-26   1.000000e+02
1.791650e-02   5.547838e-26   1.000000e+02
1.808245e-02   7.050990e-26   1.000000e+02
1.824993e-02   8.973812e-26   1.000000e+02
1.841897e-02   1.143679e-25   1.000000e+02
1.858957e-02   1.459593e-25   1.000000e+02
1.876175e-02   1.865345e-25   1.000000e+02
1.893552e-02   2.387187e-25   1.000000e+02
1.911091e-02   3.059239e-25   1.000000e+02
1.928792e-02   3.925905e-25   1.000000e+02
1.946656e-02   5.045051e-25   1.000000e+02
1.964687e-02   6.492178e-25   1.000000e+02
1.982884e-02   8.365929e-25   1.000000e+02
2.001250e-02   1.079535e-24   1.000000e+02
2.019786e-02   1.394943e-24   1.000000e+02
2.038493e-02   1.804961e-24   1.000000e+02
2.057374e-02   2.338642e-24   1.000000e+02
2.076430e-02   3.034157e-24   1.000000e+02
2.095662e-02   3.941704e-24   1.000000e+02
2.115073e-02   5.127372e-24   1.000000e+02
2.134663e-02   6.678269e-24   1.000000e+02
2.154435e-02   8.709329e-24   1.000000e+02
2.174389e-02   1.137236e-23   1.000000e+02
2.194529e-02   1.486807e-23   1.000000e+02
2.214855e-02   1.946214e-23   1.000000e+02
2.235370e-02   2.550654e-23   1.000000e+02
2.256074e-02   3.346811e-23   1.000000e+02
2.276970e-02   4.396656e-23   1.000000e+02
2.298060e-02   5.782545e-23   1.000000e+02
2.319345e-02   7.614021e-23   1.000000e+02
2.340827e-02   1.003693e-22   1.000000e+02
2.362508e-02   1.324565e-22   1.000000e+02
2.384390e-02   1.749945e-22   1.000000e+02
2.406475e-02   2.314447e-22   1.000000e+02
2.428764e-02   3.064330e-22   1.000000e+02
2.451260e-02   4.061464e-22   1.000000e+02
2.473964e-02   5.388672e-22   1.000000e+02
2.496878e-02   7.156923e-22   1.000000e+02
2.520005e-02   9.515024e-22   1.000000e+02
2.543346e-02   1.266271e-21   1.000000e+02
2.566903e-02   1.686828e-21   1.000000e+02
2.590678e-02   2.249246e-21   1.000000e+02
2.614673e-02   3.002062e-21   1.000000e+02
2.638891e-02   4.010636e-21   1.000000e+02
2.663333e-02   5.363055e-21   1.000000e+02
2.688001e-02   7.178126e-21   1.000000e+02
2.712898e-02   9.616214e-21   1.000000e+02
2.738025e-02   1.289395e-20   1.000000e+02
2.763385e-02   1.730417e-20   1.000000e+02
2.788980e-02   2.324306e-20   1.000000e+02
2.814812e-02   3.124698e-20   1.000000e+02
2.840884e-02   4.204256e-20   1.000000e+02
2.867196e-02   5.661496e-20   1.000000e+02
2.893753e-02   7.630073e-20   1.000000e+02
2.920556e-02   1.029144e-19   1.000000e+02
2.947606e-02   1.389209e-19   1.000000e+02
2.974908e-02   1.876714e-19   1.000000e+02
3.002462e-02   2.537241e-19   1.000000e+02
3.030271e-02   3.432784e-19   1.000000e+02
3.058338e-02   4.647510e-19   1.000000e+02
3.086665e-02   6.295749e-19   1.000000e+02
3.115254e-02   8.532807e-19   1.000000e+02
3.144108e-02   1.156959e-18   1.000000e+02
3.173230e-02   1.569242e-18   1.000000e+02
3.202621e-02   2.128979e-18   1.000000e+02
3.232284e-02   2.888864e-18   1.000000e+02
3.262222e-02   3.920314e-18   1.000000e+02
3.292437e-02   5.320065e-18   1.000000e+02
3.322933e-02   7.219041e-18   1.000000e+02
3.353710e-02   9.794283e-18   1.000000e+02
3.384773e-02   1.328497e-17   1.000000e+02
3.416123e-02   1.801388e-17   1.000000e+02
3.447764e-02   2.441615e-17   1.000000e+02
3.479698e-02   3.307762e-17   1.000000e+02
3.511928e-02   4.478604e-17   1.000000e+02
3.544456e-02   6.059916e-17   1.000000e+02
3.577285e-02   8.193513e-17   1.000000e+02
3.610419e-02   1.106923e-16   1.000000e+02
3.643859e-02   1.494076e-16   1.000000e+02
3.677609e-02   2.014653e-16   1.000000e+02
3.711672e-02   2.713712e-16   1.000000e+02
3.746050e-02   3.651134e-16   1.000000e+02
3.780747e-02   4.906326e-16   1.000000e+02
3.815765e-02   6.584362e-16   1.000000e+02
3.851107e-02   8.823965e-16   1.000000e+02
3.886777e-02   1.180785e-15   1.000000e+02
3.922777e-02   1.577608e-15   1.000000e+02
3.959110e-02   2.104324e-15   1.000000e+02
3.995780e-02   2.802048e-15   1.000000e+02
4.032790e-02   3.724402e-15   1.000000e+02
4.070142e-02   4.941382e-15   1.000000e+02
4.107841e-02   6.544148e-15   1.000000e+02
4.145888e-02   8.651116e-15   1.000000e+02
4.184289e-02   1.141582e-14   1.000000e+02
4.223044e-02   1.503697e-14   1.000000e+02
4.262159e-02   1.977119e-14   1.000000e+02
4.301636e-02   2.594935e-14   1.000000e+02
4.341478e-02   3.399720e-14   1.000000e+02
4.381690e-02   4.446154e-14   1.000000e+02
4.422274e-02   5.804331e-14   1.000000e+02
4.463234e-02   7.563937e-14   1.000000e+02
4.504573e-02   9.839509e-14   1.000000e+02
4.546295e-02   1.277705e-13   1.000000e+02
4.588404e-02   1.656230e-13   1.000000e+02
4.630903e-02   2.143116e-13   1.000000e+02
4.673795e-02   2.768263e-13   1.000000e+02
4.717085e-02   3.569499e-13   1.000000e+02
4.760775e-02   4.594595e-13   1.000000e+02
4.804870e-02   5.903763e-13   1.000000e+02
4.849374e-02   7.572757e-13   1.000000e+02
4.894290e-02   9.696707e-13   1.000000e+02
4.939622e-02   1.239485e-12   1.000000e+02
4.985373e-02   1.581637e-12   1.000000e+02
5.031549e-02   2.014763e-12   1.000000e+02
5.078152e-02   2.562177e-12   1.000000e+02
5.125187e-02   3.253027e-12   1.000000e+02
5.172657e-02   4.123675e-12   1.000000e+02
5.220568e-02   5.219451e-12   1.000000e+02
5.268921e-02   6.596811e-12   1.000000e+02
5.317723e-02   8.326017e-12   1.000000e+02
5.366977e-02   1.049445e-11   1.000000e+02
5.416687e-02   1.321073e-11   1.000000e+02
5.466857e-02   1.660976e-11   1.000000e+02
5.517492e-02   2.085906e-11   1.000000e+02
5.568596e-02   2.616654e-11   1.000000e+02
5.620174e-02   3.279012e-11   1.000000e+02
5.672229e-02   4.104973e-11   1.000000e+02
5.724766e-02   5.134205e-11   1.000000e+02
5.777790e-02   6.415893e-11   1.000000e+02
5.831305e-02   8.011006e-11   1.000000e+02
5.885316e-02   9.995127e-11   1.000000e+02
5.939827e-02   1.246195e-10   1.000000e+02
5.994843e-02   1.552765e-10   1.000000e+02
6.050368e-02   1.933571e-10   1.000000e+02
6.106408e-02   2.406029e-10   1.000000e+02
6.162966e-02   2.991283e-10   1.000000e+02
6.220049e-02   3.715012e-10   1.000000e+02
6.277660e-02   4.608286e-10   1.000000e+02
6.335805e-02   5.708541e-10   1.000000e+02
6.394488e-02   7.060694e-10   1.000000e+02
6.453715e-02   8.718392e-10   1.000000e+02
6.513491e-02   1.074539e-09   1.000000e+02
6.573820e-02   1.321707e-09   1.000000e+02
6.634708e-02   1.622203e-09   1.000000e+02
6.696160e-02   1.986381e-09   1.000000e+02
6.758181e-02   2.426259e-09   1.000000e+02
6.820777e-02   2.955694e-09   1.000000e+02
6.883952e-02   3.590537e-09   1.000000e+02
6.947713e-02   4.348777e-09   1.000000e+02
7.012064e-02   5.250649e-09   1.000000e+02
7.077011e-02   6.319067e-09   1.000000e+02
7.142559e-02   7.580591e-09   1.000000e+02
7.208715e-02   9.065416e-09   1.000000e+02
7.275484e-02   1.080765e-08   1.000000e+02
7.342870e-02   1.284573e-08   1.000000e+02
7.410882e-02   1.522278e-08   1.000000e+02
7.479523e-02   1.798711e-08   1.000000e+02
7.548799e-02   2.119267e-08   1.000000e+02
7.618718e-02   2.489955e-08   1.000000e+02
7.689284e-02   2.917446e-08   1.000000e+02
7.760503e-02   3.409136e-08   1.000000e+02
7.832383e-02   3.973201e-08   1.000000e+02
7.904928e-02   4.618658e-08   1.000000e+02
7.978145e-02   5.355433e-08   1.000000e+02
8.052040e-02   6.194070e-08   1.000000e+02
8.126619e-02   7.141694e-08   1.000000e+02
8.201889e-02   8.200875e-08   1.000000e+02
8.277857e-02   9.370032e-08   1.000000e+02
8.354528e-02   1.064222e-07   1.000000e+02
8.431909e-02   1.200387e-07   1.000000e+02
8.510007e-02   1.343375e-07   1.000000e+02
8.588829e-02   1.490210e-07   1.000000e+02
8.668380e-02   1.637046e-07   1.000000e+02
8.748668e-02   1.779201e-07   1.000000e+02
8.829700e-02   1.911298e-07   1.000000e+02
8.911482e-02   2.027492e-07   1.000000e+02
8.994022e-02   2.121804e-07   1.000000e+02
9.077327e-02   2.189752e-07   1.000000e+02
9.161402e-02   2.233820e-07   1.000000e+02
9.246257e-02   2.259719e-07   1.000000e+02
9.331898e-02   2.274066e-07   1.000000e+02
9.418332e-02   2.283934e-07   1.000000e+02
9.505566e-02   2.296602e-07   1.000000e+02
9.593608e-02   2.319524e-07   1.000000e+02
9.682466e-02   2.360546e-07   1.000000e+02
9.772147e-02   2.428377e-07   1.000000e+02
9.862658e-02   2.533374e-07   1.000000e+02
9.954008e-02   2.688759e-07   1.000000e+02
1.004620e-01   2.912118e-07   1.000000e+02
1.013925e-01   3.219332e-07   1.000000e+02
1.023317e-01   3.623069e-07   1.000000e+02
1.032795e-01   4.139444e-07   1.000000e+02
1.042361e-01   4.788092e-07   1.000000e+02
1.052015e-01   5.591629e-07   1.000000e+02
1.061759e-01   6.574611e-07   1.000000e+02
1.071593e-01   7.761723e-07   1.000000e+02
1.081519e-01   9.174936e-07   1.000000e+02
1.091536e-01   1.082942e-06   1.000000e+02
1.101646e-01   1.272817e-06   1.000000e+02
1.111850e-01   1.486914e-06   1.000000e+02
1.122148e-01   1.727247e-06   1.000000e+02
1.132541e-01   1.996697e-06   1.000000e+02
1.143031e-01   2.298793e-06   1.000000e+02
1.153618e-01   2.637900e-06   1.000000e+02
1.164303e-01   3.019453e-06   1.000000e+02
1.175087e-01   3.450247e-06   1.000000e+02
1.185971e-01   3.938809e-06   1.000000e+02
1.196956e-01   4.495863e-06   1.000000e+02
1.208042e-01   5.134605e-06   1.000000e+02
1.219231e-01   5.867991e-06   1.000000e+02
1.230524e-01   6.708945e-06   1.000000e+02
1.241921e-01   7.671737e-06   1.000000e+02
1.253424e-01   8.772033e-06   1.000000e+02
1.265034e-01   1.002689e-05   1.000000e+02
1.276751e-01   1.145470e-05   1.000000e+02
1.288576e-01   1.307512e-05   1.000000e+02
1.300511e-01   1.490884e-05   1.000000e+02
1.312557e-01   1.697748e-05   1.000000e+02
1.324714e-01   1.930349e-05   1.000000e+02
1.336984e-01   2.190969e-05   1.000000e+02
1.349367e-01   2.481865e-05   1.000000e+02
1.361865e-01   2.805215e-05   1.000000e+02
1.374479e-01   3.163035e-05   1.000000e+02
1.387210e-01   3.557100e-05   1.000000e+02
1.400058e-01   3.988839e-05   1.000000e+02
1.413026e-01   4.460058e-05   1.000000e+02
1.426114e-01   4.976032e-05   1.000000e+02
1.439323e-01   5.544451e-05   1.000000e+02
1.452654e-01   6.175197e-05   1.000000e+02
1.466109e-01   6.880879e-05   1.000000e+02
1.479688e-01   7.677538e-05   1.000000e+02
1.493393e-01   8.585569e-05   1.000000e+02
1.507225e-01   9.630607e-05   1.000000e+02
1.521186e-01   1.083728e-04   1.000000e+02
1.535275e-01   1.222663e-04   1.000000e+02
1.549495e-01   1.382099e-04   1.000000e+02
1.563847e-01   1.564382e-04   1.000000e+02
1.578331e-01   1.771920e-04   1.000000e+02
1.592950e-01   2.007098e-04   1.000000e+02
1.607704e-01   2.272211e-04   1.000000e+02
1.622595e-01   2.570117e-04   1.000000e+02
1.637624e-01   2.904547e-04   1.000000e+02
1.652792e-01   3.279650e-04   1.000000e+02
1.668101e-01   3.700008e-04   1.000000e+02
1.683551e-01   4.170673e-04   1.000000e+02
1.699144e-01   4.697213e-04   1.000000e+02
1.714882e-01   5.285759e-04   1.000000e+02
1.730766e-01   5.943056e-04   1.000000e+02
1.746796e-01   6.676518e-04   1.000000e+02
1.762975e-01   7.494284e-04   1.000000e+02
1.779304e-01   8.405289e-04   1.000000e+02
1.795785e-01   9.419326e-04   1.000000e+02
1.812418e-01   1.054717e-03   1.000000e+02
1.829205e-01   1.180105e-03   1.000000e+02
1.846147e-01   1.319482e-03   1.000000e+02
1.863246e-01   1.474389e-03   1.000000e+02
1.880504e-01   1.646552e-03   1.000000e+02
1.897922e-01   1.837901e-03   1.000000e+02
1.915501e-01   2.050599e-03   1.000000e+02
1.933242e-01   2.287072e-03   1.000000e+02
1.951148e-01   2.550047e-03   1.000000e+02
1.969220e-01   2.842590e-03   1.000000e+02
1.987460e-01   3.168155e-03   1.000000e+02
2.005868e-01   3.530641e-03   1.000000e+02
2.024447e-01   3.934331e-03   1.000000e+02
2.043197e-01   4.383831e-03   1.000000e+02
2.062122e-01   4.884222e-03   1.000000e+02
2.081222e-01   5.441126e-03   1.000000e+02
2.100498e-01   6.060762e-03   1.000000e+02
2.119953e-01   6.750002e-03   1.000000e+02
2.139589e-01   7.516437e-03   1.000000e+02
2.159406e-01   8.368446e-03   1.000000e+02
2.179407e-01   9.315269e-03   1.000000e+02
2.199593e-01   1.036709e-02   1.000000e+02
2.219966e-01   1.153514e-02   1.000000e+02
2.240528e-01   1.283176e-02   1.000000e+02
2.261280e-01   1.427053e-02   1.000000e+02
2.282224e-01   1.586637e-02   1.000000e+02
2.303363e-01   1.763568e-02   1.000000e+02
2.324697e-01   1.959644e-02   1.000000e+02
2.346229e-01   2.176835e-02   1.000000e+02
2.367960e-01   2.417298e-02   1.000000e+02
2.389893e-01   2.683397e-02   1.000000e+02
2.412028e-01   2.977711e-02   1.000000e+02
2.434369e-01   3.303059e-02   1.000000e+02
2.456916e-01   3.662515e-02   1.000000e+02
2.479673e-01   4.059431e-02   1.000000e+02
2.502640e-01   4.497453e-02   1.000000e+02
2.525820e-01   4.980576e-02   1.000000e+02
2.549215e-01   5.513236e-02   1.000000e+02
2.572826e-01   6.100309e-02   1.000000e+02
2.596656e-01   6.747130e-02   1.000000e+02
2.620707e-01   7.459546e-02   1.000000e+02
2.644980e-01   8.243956e-02   1.000000e+02
2.669478e-01   9.107369e-02   1.000000e+02
2.694204e-01   1.005746e-01   1.000000e+02
2.719158e-01   1.110261e-01   1.000000e+02
2.744343e-01   1.225204e-01   1.000000e+02
2.769762e-01   1.351578e-01   1.000000e+02
2.795416e-01   1.490485e-01   1.000000e+02
2.821308e-01   1.643130e-01   1.000000e+02
2.847439e-01   1.810831e-01   1.000000e+02
2.873813e-01   1.995031e-01   1.000000e+02
2.900430e-01   2.197308e-01   1.000000e+02
2.927295e-01   2.419390e-01   1.000000e+02
2.954408e-01   2.663167e-01   1.000000e+02
2.981772e-01   2.930707e-01   1.000000e+02
3.009390e-01   3.224274e-01   1.000000e+02
3.037264e-01   3.546320e-01   1.000000e+02
3.065395e-01   3.899484e-01   1.000000e+02
3.093788e-01   4.286630e-01   1.000000e+02
3.122443e-01   4.710868e-01   1.000000e+02
3.151363e-01   5.175569e-01   1.000000e+02
3.180552e-01   5.684393e-01   1.000000e+02
3.210011e-01   6.241302e-01   1.000000e+02
3.239743e-01   6.850586e-01   1.000000e+02
3.269750e-01   7.516889e-01   1.000000e+02
3.300035e-01   8.245230e-01   1.000000e+02
3.330600e-01   9.041032e-01   1.000000e+02
3.361449e-01   9.910149e-01   1.000000e+02
3.392583e-01   1.085890e+00   1.000000e+02
3.424006e-01   1.189408e+00   1.000000e+02
3.455720e-01   1.302304e+00   1.000000e+02
3.487727e-01   1.425365e+00   1.000000e+02
3.520031e-01   1.559442e+00   1.000000e+02
3.552635e-01   1.705471e+00   1.000000e+02
3.585540e-01   1.864486e+00   1.000000e+02
3.618750e-01   2.037609e+00   1.000000e+02
3.652267e-01   2.226062e+00   1.000000e+02
3.686095e-01   2.431171e+00   1.000000e+02
3.720237e-01   2.654381e+00   1.000000e+02
3.754694e-01   2.897264e+00   1.000000e+02
3.789471e-01   3.161529e+00   1.000000e+02
3.824570e-01   3.449040e+00   1.000000e+02
3.859994e-01   3.761826e+00   1.000000e+02
3.895746e-01   4.102099e+00   1.000000e+02
3.931829e-01   4.472268e+00   1.000000e+02
3.968246e-01   4.874963e+00   1.000000e+02
4.005001e-01   5.313053e+00   1.000000e+02
4.042096e-01   5.789610e+00   1.000000e+02
4.079535e-01   6.307799e+00   1.000000e+02
4.117320e-01   6.870984e+00   1.000000e+02
4.155455e-01   7.482755e+00   1.000000e+02
4.193944e-01   8.146946e+00   1.000000e+02
4.232789e-01   8.867637e+00   1.000000e+02
4.271994e-01   9.649167e+00   1.000000e+02
4.311562e-01   1.049614e+01   1.000000e+02
4.351497e-01   1.141344e+01   1.000000e+02
4.391801e-01   1.240623e+01   1.000000e+02
4.432479e-01   1.347994e+01   1.000000e+02
4.473533e-01   1.464032e+01   1.000000e+02
4.514968e-01   1.589340e+01   1.000000e+02
4.556786e-01   1.724585e+01   1.000000e+02
4.598992e-01   1.870526e+01   1.000000e+02
4.641589e-01   2.027989e+01   1.000000e+02
4.684580e-01   2.197865e+01   1.000000e+02
4.727970e-01   2.381121e+01   1.000000e+02
4.771761e-01   2.578801e+01   1.000000e+02
4.815958e-01   2.792037e+01   1.000000e+02
4.860564e-01   3.022057e+01   1.000000e+02
4.905584e-01   3.270193e+01   1.000000e+02
4.951020e-01   3.537891e+01   1.000000e+02
4.996877e-01   3.826723e+01   1.000000e+02
5.043159e-01   4.138379e+01   1.000000e+02
5.089870e-01   4.474604e+01   1.000000e+02
5.137014e-01   4.837243e+01   1.000000e+02
5.184594e-01   5.228265e+01   1.000000e+02
5.232614e-01   5.649780e+01   1.000000e+02
5.281080e-01   6.104040e+01   1.000000e+02
5.329994e-01   6.593451e+01   1.000000e+02
5.379362e-01   7.120581e+01   1.000000e+02
5.429186e-01   7.688172e+01   1.000000e+02
5.479472e-01   8.299146e+01   1.000000e+02
5.530224e-01   8.956618e+01   1.000000e+02
5.581446e-01   9.663906e+01   1.000000e+02
5.633143e-01   1.042454e+02   1.000000e+02
5.685318e-01   1.124229e+02   1.000000e+02
5.737976e-01   1.212115e+02   1.000000e+02
5.791123e-01   1.306536e+02   1.000000e+02
5.844761e-01   1.407945e+02   1.000000e+02
5.898896e-01   1.516820e+02   1.000000e+02
5.953533e-01   1.633670e+02   1.000000e+02
6.008676e-01   1.759033e+02   1.000000e+02
6.064329e-01   1.893485e+02   1.000000e+02
6.120498e-01   2.037646e+02   1.000000e+02
6.177188e-01   2.192177e+02   1.000000e+02
6.234402e-01   2.357782e+02   1.000000e+02
6.292146e-01   2.535211e+02   1.000000e+02
6.350425e-01   2.725262e+02   1.000000e+02
6.409244e-01   2.928781e+02   1.000000e+02
6.468608e-01   3.146672e+02   1.000000e+02
6.528521e-01   3.379893e+02   1.000000e+02
6.588990e-01   3.629464e+02   1.000000e+02
6.650018e-01   3.896471e+02   1.000000e+02
6.711612e-01   4.182065e+02   1.000000e+02
6.773776e-01   4.487471e+02   1.000000e+02
6.836516e-01   4.813991e+02   1.000000e+02
6.899837e-01   5.163008e+02   1.000000e+02
6.963745e-01   5.535990e+02   1.000000e+02
7.028244e-01   5.934497e+02   1.000000e+02
7.093341e-01   6.360179e+02   1.000000e+02
7.159041e-01   6.814771e+02   1.000000e+02
7.225349e-01   7.300114e+02   1.000000e+02
7.292272e-01   7.818155e+02   1.000000e+02
7.359814e-01   8.370955e+02   1.000000e+02
7.427982e-01   8.960693e+02   1.000000e+02
7.496782e-01   9.589678e+02   1.000000e+02
7.566219e-01   1.026035e+03   1.000000e+02
7.636298e-01   1.097527e+03   1.000000e+02
7.707027e-01   1.173719e+03   1.000000e+02
7.778411e-01   1.254896e+03   1.000000e+02
7.850456e-01   1.341364e+03   1.000000e+02
7.923169e-01   1.433442e+03   1.000000e+02
7.996555e-01   1.531468e+03   1.000000e+02
8.070620e-01   1.635802e+03   1.000000e+02
8.145372e-01   1.746819e+03   1.000000e+02
8.220816e-01   1.864920e+03   1.000000e+02
8.296959e-01   1.990527e+03   1.000000e+02
8.373807e-01   2.124083e+03   1.000000e+02
8.451366e-01   2.266057e+03   1.000000e+02
8.529644e-01   2.416944e+03   1.000000e+02
8.608648e-01   2.577264e+03   1.000000e+02
8.688383e-01   2.747566e+03   1.000000e+02
8.768856e-01   2.928430e+03   1.000000e+02
8.850075e-01   3.120462e+03   1.000000e+02
8.932046e-01   3.324306e+03   1.000000e+02
9.014776e-01   3.540637e+03   1.000000e+02
9.098273e-01   3.770162e+03   1.000000e+02
9.182543e-01   4.013625e+03   1.000000e+02
9.267593e-01   4.271803e+03   1.000000e+02
9.353432e-01   4.545515e+03   1.000000e+02
9.440065e-01   4.835617e+03   1.000000e+02
9.527500e-01   5.143011e+03   1.000000e+02
9.615746e-01   5.468639e+03   1.000000e+02
9.704809e-01   5.813492e+03   1.000000e+02
9.794697e-01   6.178606e+03   1.000000e+02
9.885417e-01   6.565066e+03   1.000000e+02
9.976978e-01   6.974012e+03   1.000000e+02
1.006939e+00   7.406633e+03   1.000000e+02
1.016265e+00   7.864184e+03   1.000000e+02
1.025678e+00   8.347978e+03   1.000000e+02
1.035178e+00   8.859395e+03   1.000000e+02
1.044766e+00   9.399876e+03   1.000000e+02
1.054443e+00   9.970932e+03   1.000000e+02
1.064209e+00   1.057414e+04   1.000000e+02
1.074066e+00   1.121116e+04   1.000000e+02
1.084014e+00   1.188371e+04   1.000000e+02
1.094055e+00   1.259361e+04   1.000000e+02
1.104188e+00   1.334274e+04   1.000000e+02
1.114415e+00   1.413307e+04   1.000000e+02
1.124737e+00   1.496668e+04   1.000000e+02
1.135155e+00   1.584571e+04   1.000000e+02
1.145669e+00   1.677241e+04   1.000000e+02
1.156280e+00   1.774912e+04   1.000000e+02
1.166990e+00   1.877831e+04   1.000000e+02
1.177799e+00   1.986252e+04   1.000000e+02
1.188708e+00   2.100443e+04   1.000000e+02
1.199718e+00   2.220680e+04   1.000000e+02
1.210830e+00   2.347253e+04   1.000000e+02
1.222045e+00   2.480466e+04   1.000000e+02
1.233363e+00   2.620631e+04   1.000000e+02
1.244787e+00   2.768077e+04   1.000000e+02
1.256317e+00   2.923145e+04   1.000000e+02
1.267953e+00   3.086197e+04   1.000000e+02
1.279697e+00   3.257617e+04   1.000000e+02
1.291550e+00   3.437807e+04   1.000000e+02
1.303512e+00   3.627188e+04   1.000000e+02
1.315586e+00   3.826201e+04   1.000000e+02
1.327771e+00   4.035308e+04   1.000000e+02
1.340069e+00   4.254991e+04   1.000000e+02
1.352481e+00   4.485758e+04   1.000000e+02
1.365008e+00   4.728140e+04   1.000000e+02
1.377651e+00   4.982690e+04   1.000000e+02
1.390411e+00   5.249993e+04   1.000000e+02
1.403289e+00   5.530658e+04   1.000000e+02
1.416287e+00   5.825325e+04   1.000000e+02
1.429405e+00   6.134664e+04   1.000000e+02
1.442644e+00   6.459378e+04   1.000000e+02
1.456006e+00   6.800203e+04   1.000000e+02
1.469492e+00   7.157913e+04   1.000000e+02
1.483103e+00   7.533318e+04   1.000000e+02
1.496839e+00   7.927268e+04   1.000000e+02
1.510703e+00   8.340642e+04   1.000000e+02
1.524696e+00   8.774246e+04   1.000000e+02
1.538818e+00   9.228850e+04   1.000000e+02
1.553071e+00   9.705230e+04   1.000000e+02
1.567455e+00   1.020417e+05   1.000000e+02
1.581973e+00   1.072644e+05   1.000000e+02
1.596626e+00   1.127284e+05   1.000000e+02
1.611414e+00   1.184414e+05   1.000000e+02
1.626340e+00   1.244111e+05   1.000000e+02
1.641403e+00   1.306452e+05   1.000000e+02
1.656606e+00   1.371510e+05   1.000000e+02
1.671950e+00   1.439360e+05   1.000000e+02
1.687436e+00   1.510070e+05   1.000000e+02
1.703065e+00   1.583709e+05   1.000000e+02
1.718839e+00   1.660341e+05   1.000000e+02
1.734759e+00   1.740026e+05   1.000000e+02
1.750827e+00   1.822819e+05   1.000000e+02
1.767044e+00   1.908786e+05   1.000000e+02
1.783410e+00   1.998035e+05   1.000000e+02
1.799929e+00   2.090690e+05   1.000000e+02
1.816600e+00   2.186885e+05   1.000000e+02
1.833425e+00   2.286761e+05   1.000000e+02
1.850407e+00   2.390467e+05   1.000000e+02
1.867546e+00   2.498163e+05   1.000000e+02
1.884843e+00   2.610018e+05   1.000000e+02
1.902301e+00   2.726213e+05   1.000000e+02
1.919921e+00   2.846940e+05   1.000000e+02
1.937703e+00   2.972404e+05   1.000000e+02
1.955651e+00   3.102824e+05   1.000000e+02
1.973764e+00   3.238434e+05   1.000000e+02
1.992046e+00   3.379483e+05   1.000000e+02
2.010496e+00   3.526235e+05   1.000000e+02
2.029118e+00   3.678923e+05   1.000000e+02
2.047912e+00   3.837748e+05   1.000000e+02
2.066880e+00   4.002914e+05   1.000000e+02
2.086024e+00   4.174630e+05   1.000000e+02
2.105345e+00   4.353105e+05   1.000000e+02
2.124845e+00   4.538556e+05   1.000000e+02
2.144526e+00   4.731199e+05   1.000000e+02
2.164389e+00   4.931255e+05   1.000000e+02
2.184436e+00   5.138948e+05   1.000000e+02
2.204669e+00   5.354504e+05   1.000000e+02
2.225089e+00   5.578150e+05   1.000000e+02
2.245698e+00   5.810117e+05   1.000000e+02
2.266498e+00   6.050636e+05   1.000000e+02
2.287491e+00   6.299939e+05   1.000000e+02
2.308678e+00   6.558260e+05   1.000000e+02
2.330061e+00   6.825830e+05   1.000000e+02
2.351643e+00   7.102885e+05   1.000000e+02
2.373424e+00   7.389656e+05   1.000000e+02
2.395407e+00   7.686374e+05   1.000000e+02
2.417594e+00   7.993269e+05   1.000000e+02
2.439986e+00   8.310567e+05   1.000000e+02
2.462586e+00   8.638493e+05   1.000000e+02
2.485395e+00   8.977267e+05   1.000000e+02
2.508415e+00   9.327105e+05   1.000000e+02
2.531648e+00   9.688248e+05   1.000000e+02
2.555097e+00   1.006098e+06   1.000000e+02
2.578763e+00   1.044559e+06   1.000000e+02
2.602648e+00   1.084238e+06   1.000000e+02
2.626754e+00   1.125164e+06   1.000000e+02
2.651084e+00   1.167369e+06   1.000000e+02
2.675638e+00   1.210884e+06   1.000000e+02
2.700421e+00   1.255741e+06   1.000000e+02
2.725433e+00   1.301973e+06   1.000000e+02
2.750676e+00   1.349612e+06   1.000000e+02
2.776153e+00   1.398693e+06   1.000000e+02
2.801867e+00   1.449251e+06   1.000000e+02
2.827818e+00   1.501320e+06   1.000000e+02
2.854010e+00   1.554936e+06   1.000000e+02
2.880444e+00   1.610137e+06   1.000000e+02
2.907123e+00   1.666958e+06   1.000000e+02
2.934050e+00   1.725440e+06   1.000000e+02
2.961225e+00   1.785619e+06   1.000000e+02
2.988653e+00   1.847537e+06   1.000000e+02
3.016334e+00   1.911232e+06   1.000000e+02
3.044272e+00   1.976744e+06   1.000000e+02
3.072469e+00   2.044109e+06   1.000000e+02
3.100927e+00   2.113364e+06   1.000000e+02
3.129648e+00   2.184546e+06   1.000000e+02
3.158635e+00   2.257691e+06   1.000000e+02
3.187891e+00   2.332835e+06   1.000000e+02
3.217418e+00   2.410017e+06   1.000000e+02
3.247218e+00   2.489273e+06   1.000000e+02
3.277295e+00   2.570640e+06   1.000000e+02
3.307650e+00   2.654155e+06   1.000000e+02
3.338286e+00   2.739854e+06   1.000000e+02
3.369206e+00   2.827775e+06   1.000000e+02
3.400412e+00   2.917953e+06   1.000000e+02
3.431907e+00   3.010425e+06   1.000000e+02
3.463694e+00   3.105227e+06   1.000000e+02
3.495776e+00   3.202394e+06   1.000000e+02
3.528154e+00   3.301964e+06   1.000000e+02
3.560833e+00   3.403973e+06   1.000000e+02
3.593814e+00   3.508459e+06   1.000000e+02
3.627100e+00   3.615462e+06   1.000000e+02
3.660695e+00   3.725018e+06   1.000000e+02
3.694601e+00   3.837167e+06   1.000000e+02
3.728821e+00   3.951947e+06   1.000000e+02
3.763358e+00   4.069395e+06   1.000000e+02
3.798215e+00   4.189551e+06   1.000000e+02
3.833395e+00   4.312451e+06   1.000000e+02
3.868901e+00   4.438133e+06   1.000000e+02
3.904735e+00   4.566636e+06   1.000000e+02
3.940902e+00   4.697996e+06   1.000000e+02
3.977403e+00   4.832251e+06   1.000000e+02
4.014242e+00   4.969437e+06   1.000000e+02
4.051423e+00   5.109592e+06   1.000000e+02
4.088948e+00   5.252750e+06   1.000000e+02
4.126821e+00   5.398946e+06   1.000000e+02
4.165044e+00   5.548215e+06   1.000000e+02
4.203622e+00   5.700589e+06   1.000000e+02
4.242556e+00   5.856102e+06   1.000000e+02
4.281852e+00   6.014788e+06   1.000000e+02
4.321511e+00   6.176677e+06   1.000000e+02
4.361538e+00   6.341802e+06   1.000000e+02
4.401935e+00   6.510194e+06   1.000000e+02
4.442707e+00   6.681882e+06   1.000000e+02
4.483856e+00   6.856897e+06   1.000000e+02
4.525386e+00   7.035268e+06   1.000000e+02
4.567301e+00   7.217022e+06   1.000000e+02
4.609604e+00   7.402188e+06   1.000000e+02
4.652300e+00   7.590792e+06   1.000000e+02
4.695390e+00   7.782859e+06   1.000000e+02
4.738880e+00   7.978415e+06   1.000000e+02
4.782772e+00   8.177485e+06   1.000000e+02
4.827071e+00   8.380090e+06   1.000000e+02
4.871780e+00   8.586255e+06   1.000000e+02
4.916904e+00   8.796000e+06   1.000000e+02
4.962445e+00   9.009345e+06   1.000000e+02
5.008408e+00   9.226311e+06   1.000000e+02
5.054797e+00   9.446915e+06   1.000000e+02
5.101615e+00   9.671174e+06   1.000000e+02
5.148867e+00   9.899103e+06   1.000000e+02
5.196557e+00   1.013072e+07   1.000000e+02
5.244689e+00   1.036603e+07   1.000000e+02
5.293266e+00   1.060504e+07   1.000000e+02
5.342293e+00   1.084778e+07   1.000000e+02
5.391775e+00   1.109425e+07   1.000000e+02
5.441714e+00   1.134445e+07   1.000000e+02
5.492116e+00   1.159839e+07   1.000000e+02
5.542986e+00   1.185608e+07   1.000000e+02
5.594326e+00   1.211751e+07   1.000000e+02
5.646141e+00   1.238271e+07   1.000000e+02
5.698437e+00   1.265165e+07   1.000000e+02
5.751217e+00   1.292434e+07   1.000000e+02
5.804486e+00   1.320079e+07   1.000000e+02
5.858248e+00   1.348098e+07   1.000000e+02
5.912508e+00   1.376491e+07   1.000000e+02
5.967271e+00   1.405257e+07   1.000000e+02
6.022541e+00   1.434396e+07   1.000000e+02
6.078323e+00   1.463907e+07   1.000000e+02
6.134622e+00   1.493788e+07   1.000000e+02
6.191442e+00   1.524037e+07   1.000000e+02
6.248788e+00   1.554654e+07   1.000000e+02
6.306666e+00   1.585637e+07   1.000000e+02
6.365079e+00   1.616983e+07   1.000000e+02
6.424034e+00   1.648692e+07   1.000000e+02
6.483534e+00   1.680759e+07   1.000000e+02
6.543586e+00   1.713184e+07   1.000000e+02
6.604194e+00   1.745963e+07   1.000000e+02
6.665363e+00   1.779094e+07   1.000000e+02
6.727099e+00   1.812574e+07   1.000000e+02
6.789407e+00   1.846400e+07   1.000000e+02
6.852292e+00   1.880568e+07   1.000000e+02
6.915759e+00   1.915075e+07   1.000000e+02
6.979814e+00   1.949918e+07   1.000000e+02
7.044462e+00   1.985092e+07   1.000000e+02
7.109709e+00   2.020594e+07   1.000000e+02
7.175561e+00   2.056418e+07   1.000000e+02
7.242022e+00   2.092562e+07   1.000000e+02
7.309099e+00   2.129020e+07   1.000000e+02
7.376798e+00   2.165787e+07   1.000000e+02
7.445123e+00   2.202858e+07   1.000000e+02
7.514081e+00   2.240228e+07   1.000000e+02
7.583678e+00   2.277891e+07   1.000000e+02
7.653919e+00   2.315843e+07   1.000000e+02
7.724811e+00   2.354076e+07   1.000000e+02
7.796360e+00   2.392586e+07   1.000000e+02
7.868572e+00   2.431365e+07   1.000000e+02
7.941452e+00   2.470409e+07   1.000000e+02
8.015007e+00   2.509709e+07   1.000000e+02
8.089243e+00   2.549260e+07   1.000000e+02
8.164168e+00   2.589056e+07   1.000000e+02
8.239786e+00   2.629088e+07   1.000000e+02
8.316104e+00   2.669351e+07   1.000000e+02
8.393129e+00   2.709838e+07   1.000000e+02
8.470868e+00   2.750541e+07   1.000000e+02
8.549327e+00   2.791453e+07   1.000000e+02
8.628513e+00   2.832567e+07   1.000000e+02
8.708431e+00   2.873875e+07   1.000000e+02
8.789091e+00   2.915370e+07   1.000000e+02
8.870497e+00   2.957044e+07   1.000000e+02
8.952657e+00   2.998888e+07   1.000000e+02
9.035578e+00   3.040896e+07   1.000000e+02
9.119268e+00   3.083058e+07   1.000000e+02
9.203732e+00   3.125366e+07   1.000000e+02
9.288979e+00   3.167812e+07   1.000000e+02
9.375015e+00   3.210387e+07   1.000000e+02
9.461848e+00   3.253083e+07   1.000000e+02
9.549486e+00   3.295892e+07   1.000000e+02
9.637935e+00   3.338803e+07   1.000000e+02
9.727203e+00   3.381809e+07   1.000000e+02
9.817298e+00   3.424899e+07   1.000000e+02
9.908228e+00   3.468066e+07   1.000000e+02
1.000000e+01   3.511300e+07   1.000000e+02
