# He3 + n > t + p   [He3_n__t_p]   ref=Descouvemont et al. 2004
# detailed balance: alpha=1.00178 beta=0 gamma=-8.863  Q=0.763754
# T9                 rate                error
1.000000e-03   6.799300e+08   1.013400e+00
1.009262e-03   6.798888e+08   1.013400e+00
1.018610e-03   6.798474e+08   1.013400e+00
1.028045e-03   6.798057e+08   1.013400e+00
1.037567e-03   6.797638e+08   1.013400e+00
1.047177e-03   6.797216e+08   1.013399e+00
1.056876e-03   6.796792e+08   1.013399e+00
1.066665e-03   6.796365e+08   1.013399e+00
1.076545e-03   6.795936e+08   1.013398e+00
1.086516e-03   6.795505e+08   1.013398e+00
1.096579e-03   6.795071e+08   1.013398e+00
1.106736e-03   6.794634e+08   1.013397e+00
1.116987e-03   6.794195e+08   1.013397e+00
1.127333e-03   6.793753e+08   1.013396e+00
1.137774e-03   6.793308e+08   1.013395e+00
1.148312e-03   6.792861e+08   1.013395e+00
1.158948e-03   6.792412e+08   1.013394e+00
1.169683e-03   6.791959e+08   1.013393e+00
1.180517e-03   6.791504e+08   1.013393e+00
1.191451e-03   6.791047e+08   1.013392e+00
1.202486e-03   6.790587e+08   1.013391e+00
1.213624e-03   6.790124e+08   1.013390e+00
1.224865e-03   6.789658e+08   1.013389e+00
1.236210e-03   6.789189e+08   1.013388e+00
1.247660e-03   6.788718e+08   1.013387e+00
1.259216e-03   6.788244e+08   1.013386e+00
1.270879e-03   6.787768e+08   1.013385e+00
1.282650e-03   6.787288e+08   1.013384e+00
1.294530e-03   6.786806e+08   1.013383e+00
1.306520e-03   6.786321e+08   1.013382e+00
1.318621e-03   6.785833e+08   1.013380e+00
1.330835e-03   6.785342e+08   1.013379e+00
1.343161e-03   6.784849e+08   1.013378e+00
1.355602e-03   6.784352e+08   1.013377e+00
1.368158e-03   6.783853e+08   1.013375e+00
1.380830e-03   6.783351e+08   1.013374e+00
1.393619e-03   6.782845e+08   1.013373e+00
1.406527e-03   6.782337e+08   1.013371e+00
1.419555e-03   6.781826e+08   1.013370e+00
1.432703e-03   6.781312e+08   1.013368e+00
1.445973e-03   6.780795e+08   1.013367e+00
1.459366e-03   6.780275e+08   1.013365e+00
1.472883e-03   6.779752e+08   1.013364e+00
1.486525e-03   6.779226e+08   1.013362e+00
1.500293e-03   6.778697e+08   1.013360e+00
1.514189e-03   6.778165e+08   1.013359e+00
1.528214e-03   6.777630e+08   1.013357e+00
1.542369e-03   6.777092e+08   1.013355e+00
1.556654e-03   6.776551e+08   1.013354e+00
1.571072e-03   6.776006e+08   1.013352e+00
1.585624e-03   6.775459e+08   1.013350e+00
1.600310e-03   6.774908e+08   1.013348e+00
1.615133e-03   6.774354e+08   1.013347e+00
1.630092e-03   6.773798e+08   1.013345e+00
1.645191e-03   6.773237e+08   1.013343e+00
1.660429e-03   6.772674e+08   1.013341e+00
1.675808e-03   6.772108e+08   1.013339e+00
1.691330e-03   6.771538e+08   1.013337e+00
1.706995e-03   6.770965e+08   1.013335e+00
1.722805e-03   6.770389e+08   1.013333e+00
1.738762e-03   6.769809e+08   1.013331e+00
1.754867e-03   6.769226e+08   1.013330e+00
1.771121e-03   6.768640e+08   1.013328e+00
1.787526e-03   6.768051e+08   1.013326e+00
1.804082e-03   6.767458e+08   1.013323e+00
1.820792e-03   6.766862e+08   1.013321e+00
1.837656e-03   6.766263e+08   1.013319e+00
1.854677e-03   6.765660e+08   1.013317e+00
1.871855e-03   6.765054e+08   1.013315e+00
1.889193e-03   6.764444e+08   1.013313e+00
1.906691e-03   6.763831e+08   1.013311e+00
1.924351e-03   6.763215e+08   1.013309e+00
1.942175e-03   6.762595e+08   1.013307e+00
1.960163e-03   6.761972e+08   1.013305e+00
1.978319e-03   6.761345e+08   1.013303e+00
1.996642e-03   6.760715e+08   1.013300e+00
2.015136e-03   6.760082e+08   1.013298e+00
2.033800e-03   6.759444e+08   1.013296e+00
2.052638e-03   6.758804e+08   1.013293e+00
2.071650e-03   6.758159e+08   1.013290e+00
2.090838e-03   6.757512e+08   1.013287e+00
2.110203e-03   6.756860e+08   1.013283e+00
2.129749e-03   6.756205e+08   1.013280e+00
2.149475e-03   6.755547e+08   1.013276e+00
2.169384e-03   6.754885e+08   1.013272e+00
2.189477e-03   6.754219e+08   1.013268e+00
2.209756e-03   6.753550e+08   1.013264e+00
2.230223e-03   6.752877e+08   1.013259e+00
2.250880e-03   6.752200e+08   1.013255e+00
2.271728e-03   6.751520e+08   1.013250e+00
2.292769e-03   6.750835e+08   1.013245e+00
2.314005e-03   6.750148e+08   1.013241e+00
2.335438e-03   6.749456e+08   1.013236e+00
2.357069e-03   6.748761e+08   1.013230e+00
2.378901e-03   6.748062e+08   1.013225e+00
2.400935e-03   6.747359e+08   1.013220e+00
2.423173e-03   6.746653e+08   1.013215e+00
2.445617e-03   6.745942e+08   1.013210e+00
2.468268e-03   6.745228e+08   1.013204e+00
2.491130e-03   6.744510e+08   1.013199e+00
2.514203e-03   6.743789e+08   1.013193e+00
2.537490e-03   6.743063e+08   1.013188e+00
2.560993e-03   6.742334e+08   1.013183e+00
2.584714e-03   6.741600e+08   1.013177e+00
2.608654e-03   6.740863e+08   1.013172e+00
2.632815e-03   6.740122e+08   1.013166e+00
2.657201e-03   6.739377e+08   1.013161e+00
2.681813e-03   6.738628e+08   1.013156e+00
2.706652e-03   6.737875e+08   1.013151e+00
2.731722e-03   6.737118e+08   1.013146e+00
2.757023e-03   6.736357e+08   1.013141e+00
2.782559e-03   6.735592e+08   1.013136e+00
2.808332e-03   6.734824e+08   1.013131e+00
2.834343e-03   6.734051e+08   1.013126e+00
2.860596e-03   6.733274e+08   1.013121e+00
2.887091e-03   6.732493e+08   1.013117e+00
2.913832e-03   6.731708e+08   1.013113e+00
2.940820e-03   6.730919e+08   1.013108e+00
2.968059e-03   6.730126e+08   1.013104e+00
2.995549e-03   6.729329e+08   1.013101e+00
3.023295e-03   6.728527e+08   1.013097e+00
3.051297e-03   6.727722e+08   1.013093e+00
3.079559e-03   6.726912e+08   1.013090e+00
3.108082e-03   6.726099e+08   1.013086e+00
3.136870e-03   6.725281e+08   1.013083e+00
3.165924e-03   6.724459e+08   1.013080e+00
3.195248e-03   6.723633e+08   1.013076e+00
3.224842e-03   6.722803e+08   1.013073e+00
3.254712e-03   6.721968e+08   1.013070e+00
3.284857e-03   6.721129e+08   1.013067e+00
3.315282e-03   6.720287e+08   1.013064e+00
3.345989e-03   6.719440e+08   1.013061e+00
3.376980e-03   6.718588e+08   1.013058e+00
3.408259e-03   6.717733e+08   1.013055e+00
3.439826e-03   6.716873e+08   1.013052e+00
3.471687e-03   6.716009e+08   1.013049e+00
3.503842e-03   6.715141e+08   1.013046e+00
3.536296e-03   6.714269e+08   1.013043e+00
3.569049e-03   6.713392e+08   1.013040e+00
3.602107e-03   6.712512e+08   1.013037e+00
3.635470e-03   6.711626e+08   1.013034e+00
3.669142e-03   6.710737e+08   1.013031e+00
3.703127e-03   6.709843e+08   1.013028e+00
3.737426e-03   6.708946e+08   1.013025e+00
3.772042e-03   6.708043e+08   1.013022e+00
3.806980e-03   6.707137e+08   1.013018e+00
3.842241e-03   6.706226e+08   1.013015e+00
3.877828e-03   6.705311e+08   1.013012e+00
3.913746e-03   6.704391e+08   1.013008e+00
3.949995e-03   6.703468e+08   1.013005e+00
3.986581e-03   6.702539e+08   1.013001e+00
4.023506e-03   6.701607e+08   1.012998e+00
4.060772e-03   6.700670e+08   1.012994e+00
4.098384e-03   6.699729e+08   1.012989e+00
4.136344e-03   6.698783e+08   1.012984e+00
4.174655e-03   6.697833e+08   1.012979e+00
4.213322e-03   6.696878e+08   1.012974e+00
4.252346e-03   6.695919e+08   1.012969e+00
4.291732e-03   6.694956e+08   1.012963e+00
4.331483e-03   6.693987e+08   1.012958e+00
4.371602e-03   6.693014e+08   1.012952e+00
4.412093e-03   6.692037e+08   1.012947e+00
4.452959e-03   6.691055e+08   1.012942e+00
4.494203e-03   6.690068e+08   1.012936e+00
4.535829e-03   6.689076e+08   1.012931e+00
4.577841e-03   6.688080e+08   1.012926e+00
4.620241e-03   6.687079e+08   1.012922e+00
4.663035e-03   6.686073e+08   1.012917e+00
4.706225e-03   6.685062e+08   1.012913e+00
4.749815e-03   6.684046e+08   1.012910e+00
4.793808e-03   6.683025e+08   1.012907e+00
4.838210e-03   6.682000e+08   1.012904e+00
4.883022e-03   6.680969e+08   1.012902e+00
4.928250e-03   6.679934e+08   1.012901e+00
4.973896e-03   6.678893e+08   1.012900e+00
5.019965e-03   6.677847e+08   1.012900e+00
5.066461e-03   6.676797e+08   1.012900e+00
5.113388e-03   6.675741e+08   1.012900e+00
5.160749e-03   6.674680e+08   1.012900e+00
5.208549e-03   6.673614e+08   1.012900e+00
5.256791e-03   6.672542e+08   1.012900e+00
5.305481e-03   6.671466e+08   1.012900e+00
5.354621e-03   6.670384e+08   1.012900e+00
5.404216e-03   6.669298e+08   1.012900e+00
5.454271e-03   6.668205e+08   1.012900e+00
5.504790e-03   6.667108e+08   1.012900e+00
5.555776e-03   6.666006e+08   1.012900e+00
5.607235e-03   6.664898e+08   1.012900e+00
5.659170e-03   6.663785e+08   1.012900e+00
5.711586e-03   6.662666e+08   1.012900e+00
5.764488e-03   6.661543e+08   1.012900e+00
5.817880e-03   6.660414e+08   1.012900e+00
5.871766e-03   6.659279e+08   1.012900e+00
5.926152e-03   6.658139e+08   1.012900e+00
5.981041e-03   6.656994e+08   1.012900e+00
6.036439e-03   6.655844e+08   1.012900e+00
6.092349e-03   6.654688e+08   1.012898e+00
6.148778e-03   6.653526e+08   1.012896e+00
6.205729e-03   6.652360e+08   1.012892e+00
6.263207e-03   6.651187e+08   1.012887e+00
6.321218e-03   6.650009e+08   1.012882e+00
6.379767e-03   6.648826e+08   1.012875e+00
6.438857e-03   6.647637e+08   1.012868e+00
6.498495e-03   6.646442e+08   1.012861e+00
6.558686e-03   6.645242e+08   1.012854e+00
6.619433e-03   6.644036e+08   1.012846e+00
6.680744e-03   6.642824e+08   1.012838e+00
6.742622e-03   6.641606e+08   1.012830e+00
6.805074e-03   6.640383e+08   1.012822e+00
6.868104e-03   6.639154e+08   1.012814e+00
6.931717e-03   6.637919e+08   1.012807e+00
6.995920e-03   6.636679e+08   1.012800e+00
7.060718e-03   6.635432e+08   1.012794e+00
7.126115e-03   6.634180e+08   1.012786e+00
7.192119e-03   6.632922e+08   1.012777e+00
7.258734e-03   6.631658e+08   1.012768e+00
7.325965e-03   6.630389e+08   1.012759e+00
7.393820e-03   6.629114e+08   1.012750e+00
7.462303e-03   6.627833e+08   1.012741e+00
7.531420e-03   6.626547e+08   1.012732e+00
7.601178e-03   6.625256e+08   1.012724e+00
7.671581e-03   6.623960e+08   1.012717e+00
7.742637e-03   6.622658e+08   1.012711e+00
7.814351e-03   6.621351e+08   1.012706e+00
7.886729e-03   6.620039e+08   1.012702e+00
7.959777e-03   6.618722e+08   1.012700e+00
8.033502e-03   6.617400e+08   1.012700e+00
8.107910e-03   6.616073e+08   1.012700e+00
8.183007e-03   6.614741e+08   1.012700e+00
8.258799e-03   6.613402e+08   1.012700e+00
8.335294e-03   6.612058e+08   1.012700e+00
8.412497e-03   6.610708e+08   1.012700e+00
8.490415e-03   6.609351e+08   1.012700e+00
8.569055e-03   6.607987e+08   1.012700e+00
8.648423e-03   6.606616e+08   1.012700e+00
8.728527e-03   6.605237e+08   1.012700e+00
8.809372e-03   6.603851e+08   1.012700e+00
8.890966e-03   6.602456e+08   1.012700e+00
8.973316e-03   6.601054e+08   1.012700e+00
9.056428e-03   6.599642e+08   1.012699e+00
9.140311e-03   6.598222e+08   1.012696e+00
9.224970e-03   6.596794e+08   1.012691e+00
9.310413e-03   6.595358e+08   1.012683e+00
9.396648e-03   6.593914e+08   1.012674e+00
9.483682e-03   6.592464e+08   1.012664e+00
9.571522e-03   6.591006e+08   1.012652e+00
9.660175e-03   6.589542e+08   1.012641e+00
9.749649e-03   6.588072e+08   1.012629e+00
9.839952e-03   6.586596e+08   1.012618e+00
9.931092e-03   6.585114e+08   1.012607e+00
1.002308e-02   6.583628e+08   1.012598e+00
1.011591e-02   6.582136e+08   1.012587e+00
1.020961e-02   6.580640e+08   1.012575e+00
1.030417e-02   6.579137e+08   1.012563e+00
1.039961e-02   6.577629e+08   1.012550e+00
1.049593e-02   6.576114e+08   1.012537e+00
1.059315e-02   6.574593e+08   1.012526e+00
1.069126e-02   6.573065e+08   1.012515e+00
1.079029e-02   6.571530e+08   1.012507e+00
1.089023e-02   6.569987e+08   1.012502e+00
1.099110e-02   6.568437e+08   1.012500e+00
1.109290e-02   6.566878e+08   1.012500e+00
1.119564e-02   6.565311e+08   1.012500e+00
1.129934e-02   6.563737e+08   1.012500e+00
1.140400e-02   6.562155e+08   1.012500e+00
1.150962e-02   6.560567e+08   1.012500e+00
1.161623e-02   6.558972e+08   1.012500e+00
1.172382e-02   6.557370e+08   1.012500e+00
1.183241e-02   6.555763e+08   1.012500e+00
1.194200e-02   6.554150e+08   1.012500e+00
1.205261e-02   6.552531e+08   1.012499e+00
1.216424e-02   6.550907e+08   1.012492e+00
1.227691e-02   6.549278e+08   1.012480e+00
1.239062e-02   6.547641e+08   1.012465e+00
1.250539e-02   6.545998e+08   1.012448e+00
1.262121e-02   6.544348e+08   1.012431e+00
1.273811e-02   6.542690e+08   1.012416e+00
1.285610e-02   6.541023e+08   1.012405e+00
1.297517e-02   6.539348e+08   1.012400e+00
1.309535e-02   6.537664e+08   1.012400e+00
1.321664e-02   6.535971e+08   1.012400e+00
1.333906e-02   6.534269e+08   1.012400e+00
1.346261e-02   6.532558e+08   1.012400e+00
1.358730e-02   6.530838e+08   1.012400e+00
1.371315e-02   6.529110e+08   1.012400e+00
1.384016e-02   6.527374e+08   1.012400e+00
1.396835e-02   6.525629e+08   1.012400e+00
1.409773e-02   6.523877e+08   1.012400e+00
1.422830e-02   6.522117e+08   1.012400e+00
1.436009e-02   6.520350e+08   1.012400e+00
1.449310e-02   6.518575e+08   1.012400e+00
1.462733e-02   6.516794e+08   1.012400e+00
1.476281e-02   6.515006e+08   1.012400e+00
1.489955e-02   6.513211e+08   1.012400e+00
1.503755e-02   6.511411e+08   1.012400e+00
1.517683e-02   6.509605e+08   1.012393e+00
1.531740e-02   6.507792e+08   1.012380e+00
1.545928e-02   6.505971e+08   1.012363e+00
1.560246e-02   6.504142e+08   1.012344e+00
1.574698e-02   6.502303e+08   1.012325e+00
1.589283e-02   6.500455e+08   1.012309e+00
1.604003e-02   6.498595e+08   1.012297e+00
1.618860e-02   6.496724e+08   1.012286e+00
1.633854e-02   6.494841e+08   1.012276e+00
1.648987e-02   6.492948e+08   1.012265e+00
1.664260e-02   6.491045e+08   1.012254e+00
1.679675e-02   6.489132e+08   1.012244e+00
1.695232e-02   6.487209e+08   1.012234e+00
1.710934e-02   6.485278e+08   1.012226e+00
1.726781e-02   6.483337e+08   1.012218e+00
1.742775e-02   6.481388e+08   1.012211e+00
1.758917e-02   6.479432e+08   1.012206e+00
1.775208e-02   6.477468e+08   1.012202e+00
1.791650e-02   6.475497e+08   1.012200e+00
1.808245e-02   6.473519e+08   1.012200e+00
1.824993e-02   6.471534e+08   1.012200e+00
1.841897e-02   6.469543e+08   1.012200e+00
1.858957e-02   6.467544e+08   1.012200e+00
1.876175e-02   6.465538e+08   1.012200e+00
1.893552e-02   6.463524e+08   1.012200e+00
1.911091e-02   6.461502e+08   1.012200e+00
1.928792e-02   6.459472e+08   1.012200e+00
1.946656e-02   6.457432e+08   1.012200e+00
1.964687e-02   6.455384e+08   1.012200e+00
1.982884e-02   6.453327e+08   1.012200e+00
2.001250e-02   6.451260e+08   1.012200e+00
2.019786e-02   6.449183e+08   1.012199e+00
2.038493e-02   6.447096e+08   1.012197e+00
2.057374e-02   6.444999e+08   1.012193e+00
2.076430e-02   6.442893e+08   1.012188e+00
2.095662e-02   6.440777e+08   1.012183e+00
2.115073e-02   6.438651e+08   1.012176e+00
2.134663e-02   6.436515e+08   1.012168e+00
2.154435e-02   6.434369e+08   1.012159e+00
2.174389e-02   6.432214e+08   1.012150e+00
2.194529e-02   6.430048e+08   1.012140e+00
2.214855e-02   6.427873e+08   1.012130e+00
2.235370e-02   6.425689e+08   1.012119e+00
2.256074e-02   6.423494e+08   1.012108e+00
2.276970e-02   6.421290e+08   1.012097e+00
2.298060e-02   6.419076e+08   1.012086e+00
2.319345e-02   6.416852e+08   1.012075e+00
2.340827e-02   6.414618e+08   1.012064e+00
2.362508e-02   6.412375e+08   1.012053e+00
2.384390e-02   6.410122e+08   1.012043e+00
2.406475e-02   6.407860e+08   1.012033e+00
2.428764e-02   6.405587e+08   1.012024e+00
2.451260e-02   6.403305e+08   1.012015e+00
2.473964e-02   6.401014e+08   1.012008e+00
2.496878e-02   6.398713e+08   1.012001e+00
2.520005e-02   6.396402e+08   1.011995e+00
2.543346e-02   6.394081e+08   1.011989e+00
2.566903e-02   6.391751e+08   1.011983e+00
2.590678e-02   6.389410e+08   1.011978e+00
2.614673e-02   6.387060e+08   1.011973e+00
2.638891e-02   6.384700e+08   1.011968e+00
2.663333e-02   6.382330e+08   1.011963e+00
2.688001e-02   6.379950e+08   1.011958e+00
2.712898e-02   6.377560e+08   1.011953e+00
2.738025e-02   6.375159e+08   1.011949e+00
2.763385e-02   6.372748e+08   1.011944e+00
2.788980e-02   6.370327e+08   1.011939e+00
2.814812e-02   6.367895e+08   1.011935e+00
2.840884e-02   6.365453e+08   1.011930e+00
2.867196e-02   6.363000e+08   1.011925e+00
2.893753e-02   6.360537e+08   1.011920e+00
2.920556e-02   6.358063e+08   1.011915e+00
2.947606e-02   6.355578e+08   1.011910e+00
2.974908e-02   6.353083e+08   1.011905e+00
3.002462e-02   6.350577e+08   1.011900e+00
3.030271e-02   6.348059e+08   1.011894e+00
3.058338e-02   6.345531e+08   1.011888e+00
3.086665e-02   6.342992e+08   1.011882e+00
3.115254e-02   6.340442e+08   1.011876e+00
3.144108e-02   6.337880e+08   1.011869e+00
3.173230e-02   6.335308e+08   1.011863e+00
3.202621e-02   6.332725e+08   1.011856e+00
3.232284e-02   6.330130e+08   1.011850e+00
3.262222e-02   6.327525e+08   1.011843e+00
3.292437e-02   6.324908e+08   1.011836e+00
3.322933e-02   6.322280e+08   1.011829e+00
3.353710e-02   6.319641e+08   1.011822e+00
3.384773e-02   6.316990e+08   1.011815e+00
3.416123e-02   6.314328e+08   1.011808e+00
3.447764e-02   6.311655e+08   1.011801e+00
3.479698e-02   6.308971e+08   1.011794e+00
3.511928e-02   6.306275e+08   1.011787e+00
3.544456e-02   6.303568e+08   1.011780e+00
3.577285e-02   6.300849e+08   1.011773e+00
3.610419e-02   6.298119e+08   1.011767e+00
3.643859e-02   6.295378e+08   1.011760e+00
3.677609e-02   6.292625e+08   1.011753e+00
3.711672e-02   6.289861e+08   1.011747e+00
3.746050e-02   6.287085e+08   1.011741e+00
3.780747e-02   6.284297e+08   1.011734e+00
3.815765e-02   6.281498e+08   1.011728e+00
3.851107e-02   6.278687e+08   1.011722e+00
3.886777e-02   6.275865e+08   1.011717e+00
3.922777e-02   6.273031e+08   1.011711e+00
3.959110e-02   6.270185e+08   1.011706e+00
3.995780e-02   6.267328e+08   1.011701e+00
4.032790e-02   6.264459e+08   1.011696e+00
4.070142e-02   6.261578e+08   1.011691e+00
4.107841e-02   6.258685e+08   1.011686e+00
4.145888e-02   6.255780e+08   1.011682e+00
4.184289e-02   6.252864e+08   1.011678e+00
4.223044e-02   6.249935e+08   1.011673e+00
4.262159e-02   6.246994e+08   1.011669e+00
4.301636e-02   6.244042e+08   1.011665e+00
4.341478e-02   6.241077e+08   1.011661e+00
4.381690e-02   6.238099e+08   1.011657e+00
4.422274e-02   6.235110e+08   1.011653e+00
4.463234e-02   6.232108e+08   1.011650e+00
4.504573e-02   6.229094e+08   1.011646e+00
4.546295e-02   6.226067e+08   1.011642e+00
4.588404e-02   6.223028e+08   1.011638e+00
4.630903e-02   6.219976e+08   1.011634e+00
4.673795e-02   6.216912e+08   1.011630e+00
4.717085e-02   6.213835e+08   1.011627e+00
4.760775e-02   6.210746e+08   1.011623e+00
4.804870e-02   6.207643e+08   1.011619e+00
4.849374e-02   6.204528e+08   1.011614e+00
4.894290e-02   6.201400e+08   1.011610e+00
4.939622e-02   6.198259e+08   1.011606e+00
4.985373e-02   6.195105e+08   1.011601e+00
5.031549e-02   6.191938e+08   1.011597e+00
5.078152e-02   6.188758e+08   1.011592e+00
5.125187e-02   6.185565e+08   1.011586e+00
5.172657e-02   6.182359e+08   1.011580e+00
5.220568e-02   6.179140e+08   1.011573e+00
5.268921e-02   6.175908e+08   1.011567e+00
5.317723e-02   6.172664e+08   1.011560e+00
5.366977e-02   6.169406e+08   1.011553e+00
5.416687e-02   6.166136e+08   1.011547e+00
5.466857e-02   6.162852e+08   1.011540e+00
5.517492e-02   6.159556e+08   1.011534e+00
5.568596e-02   6.156247e+08   1.011528e+00
5.620174e-02   6.152926e+08   1.011522e+00
5.672229e-02   6.149591e+08   1.011517e+00
5.724766e-02   6.146244e+08   1.011512e+00
5.777790e-02   6.142884e+08   1.011508e+00
5.831305e-02   6.139512e+08   1.011505e+00
5.885316e-02   6.136127e+08   1.011502e+00
5.939827e-02   6.132729e+08   1.011501e+00
5.994843e-02   6.129319e+08   1.011500e+00
6.050368e-02   6.125896e+08   1.011500e+00
6.106408e-02   6.122460e+08   1.011500e+00
6.162966e-02   6.119012e+08   1.011500e+00
6.220049e-02   6.115551e+08   1.011500e+00
6.277660e-02   6.112076e+08   1.011500e+00
6.335805e-02   6.108589e+08   1.011500e+00
6.394488e-02   6.105088e+08   1.011500e+00
6.453715e-02   6.101573e+08   1.011500e+00
6.513491e-02   6.098045e+08   1.011500e+00
6.573820e-02   6.094504e+08   1.011500e+00
6.634708e-02   6.090948e+08   1.011500e+00
6.696160e-02   6.087379e+08   1.011500e+00
6.758181e-02   6.083796e+08   1.011500e+00
6.820777e-02   6.080198e+08   1.011500e+00
6.883952e-02   6.076586e+08   1.011500e+00
6.947713e-02   6.072960e+08   1.011500e+00
7.012064e-02   6.069319e+08   1.011500e+00
7.077011e-02   6.065663e+08   1.011500e+00
7.142559e-02   6.061993e+08   1.011500e+00
7.208715e-02   6.058309e+08   1.011500e+00
7.275484e-02   6.054610e+08   1.011500e+00
7.342870e-02   6.050896e+08   1.011500e+00
7.410882e-02   6.047169e+08   1.011500e+00
7.479523e-02   6.043427e+08   1.011500e+00
7.548799e-02   6.039671e+08   1.011500e+00
7.618718e-02   6.035901e+08   1.011500e+00
7.689284e-02   6.032117e+08   1.011500e+00
7.760503e-02   6.028319e+08   1.011500e+00
7.832383e-02   6.024507e+08   1.011500e+00
7.904928e-02   6.020681e+08   1.011500e+00
7.978145e-02   6.016842e+08   1.011500e+00
8.052040e-02   6.012989e+08   1.011499e+00
8.126619e-02   6.009122e+08   1.011495e+00
8.201889e-02   6.005242e+08   1.011488e+00
8.277857e-02   6.001348e+08   1.011480e+00
8.354528e-02   5.997440e+08   1.011469e+00
8.431909e-02   5.993519e+08   1.011458e+00
8.510007e-02   5.989584e+08   1.011446e+00
8.588829e-02   5.985636e+08   1.011435e+00
8.668380e-02   5.981674e+08   1.011424e+00
8.748668e-02   5.977698e+08   1.011415e+00
8.829700e-02   5.973709e+08   1.011407e+00
8.911482e-02   5.969706e+08   1.011402e+00
8.994022e-02   5.965690e+08   1.011400e+00
9.077327e-02   5.961660e+08   1.011400e+00
9.161402e-02   5.957616e+08   1.011400e+00
9.246257e-02   5.953559e+08   1.011400e+00
9.331898e-02   5.949487e+08   1.011400e+00
9.418332e-02   5.945402e+08   1.011400e+00
9.505566e-02   5.941303e+08   1.011400e+00
9.593608e-02   5.937189e+08   1.011400e+00
9.682466e-02   5.933061e+08   1.011400e+00
9.772147e-02   5.928919e+08   1.011400e+00
9.862658e-02   5.924762e+08   1.011400e+00
9.954008e-02   5.920591e+08   1.011400e+00
1.004620e-01   5.916405e+08   1.011401e+00
1.013925e-01   5.912205e+08   1.011406e+00
1.023317e-01   5.907990e+08   1.011415e+00
1.032795e-01   5.903762e+08   1.011427e+00
1.042361e-01   5.899520e+08   1.011440e+00
1.052015e-01   5.895265e+08   1.011455e+00
1.061759e-01   5.890996e+08   1.011469e+00
1.071593e-01   5.886715e+08   1.011482e+00
1.081519e-01   5.882422e+08   1.011492e+00
1.091536e-01   5.878116e+08   1.011498e+00
1.101646e-01   5.873799e+08   1.011500e+00
1.111850e-01   5.869470e+08   1.011500e+00
1.122148e-01   5.865129e+08   1.011500e+00
1.132541e-01   5.860774e+08   1.011500e+00
1.143031e-01   5.856406e+08   1.011500e+00
1.153618e-01   5.852022e+08   1.011500e+00
1.164303e-01   5.847624e+08   1.011500e+00
1.175087e-01   5.843209e+08   1.011500e+00
1.185971e-01   5.838778e+08   1.011500e+00
1.196956e-01   5.834329e+08   1.011500e+00
1.208042e-01   5.829862e+08   1.011500e+00
1.219231e-01   5.825377e+08   1.011500e+00
1.230524e-01   5.820876e+08   1.011500e+00
1.241921e-01   5.816360e+08   1.011500e+00
1.253424e-01   5.811831e+08   1.011500e+00
1.265034e-01   5.807290e+08   1.011500e+00
1.276751e-01   5.802737e+08   1.011500e+00
1.288576e-01   5.798175e+08   1.011500e+00
1.300511e-01   5.793605e+08   1.011500e+00
1.312557e-01   5.789027e+08   1.011500e+00
1.324714e-01   5.784441e+08   1.011500e+00
1.336984e-01   5.779846e+08   1.011500e+00
1.349367e-01   5.775239e+08   1.011500e+00
1.361865e-01   5.770621e+08   1.011500e+00
1.374479e-01   5.765988e+08   1.011500e+00
1.387210e-01   5.761342e+08   1.011500e+00
1.400058e-01   5.756679e+08   1.011500e+00
1.413026e-01   5.751999e+08   1.011500e+00
1.426114e-01   5.747303e+08   1.011500e+00
1.439323e-01   5.742590e+08   1.011500e+00
1.452654e-01   5.737862e+08   1.011500e+00
1.466109e-01   5.733119e+08   1.011500e+00
1.479688e-01   5.728361e+08   1.011500e+00
1.493393e-01   5.723590e+08   1.011500e+00
1.507225e-01   5.718804e+08   1.011500e+00
1.521186e-01   5.714006e+08   1.011500e+00
1.535275e-01   5.709195e+08   1.011500e+00
1.549495e-01   5.704371e+08   1.011500e+00
1.563847e-01   5.699536e+08   1.011500e+00
1.578331e-01   5.694689e+08   1.011500e+00
1.592950e-01   5.689831e+08   1.011500e+00
1.607704e-01   5.684962e+08   1.011500e+00
1.622595e-01   5.680082e+08   1.011504e+00
1.637624e-01   5.675192e+08   1.011510e+00
1.652792e-01   5.670290e+08   1.011519e+00
1.668101e-01   5.665378e+08   1.011529e+00
1.683551e-01   5.660455e+08   1.011540e+00
1.699144e-01   5.655520e+08   1.011552e+00
1.714882e-01   5.650574e+08   1.011563e+00
1.730766e-01   5.645617e+08   1.011574e+00
1.746796e-01   5.640649e+08   1.011584e+00
1.762975e-01   5.635669e+08   1.011592e+00
1.779304e-01   5.630677e+08   1.011597e+00
1.795785e-01   5.625674e+08   1.011600e+00
1.812418e-01   5.620659e+08   1.011600e+00
1.829205e-01   5.615633e+08   1.011600e+00
1.846147e-01   5.610595e+08   1.011600e+00
1.863246e-01   5.605546e+08   1.011600e+00
1.880504e-01   5.600485e+08   1.011600e+00
1.897922e-01   5.595414e+08   1.011600e+00
1.915501e-01   5.590332e+08   1.011600e+00
1.933242e-01   5.585240e+08   1.011600e+00
1.951148e-01   5.580137e+08   1.011600e+00
1.969220e-01   5.575024e+08   1.011600e+00
1.987460e-01   5.569901e+08   1.011600e+00
2.005868e-01   5.564768e+08   1.011600e+00
2.024447e-01   5.559626e+08   1.011601e+00
2.043197e-01   5.554474e+08   1.011604e+00
2.062122e-01   5.549313e+08   1.011608e+00
2.081222e-01   5.544142e+08   1.011613e+00
2.100498e-01   5.538963e+08   1.011619e+00
2.119953e-01   5.533775e+08   1.011626e+00
2.139589e-01   5.528579e+08   1.011634e+00
2.159406e-01   5.523374e+08   1.011643e+00
2.179407e-01   5.518161e+08   1.011652e+00
2.199593e-01   5.512939e+08   1.011662e+00
2.219966e-01   5.507710e+08   1.011673e+00
2.240528e-01   5.502473e+08   1.011684e+00
2.261280e-01   5.497229e+08   1.011695e+00
2.282224e-01   5.491977e+08   1.011706e+00
2.303363e-01   5.486718e+08   1.011717e+00
2.324697e-01   5.481452e+08   1.011728e+00
2.346229e-01   5.476179e+08   1.011739e+00
2.367960e-01   5.470900e+08   1.011749e+00
2.389893e-01   5.465614e+08   1.011759e+00
2.412028e-01   5.460321e+08   1.011769e+00
2.434369e-01   5.455023e+08   1.011778e+00
2.456916e-01   5.449718e+08   1.011787e+00
2.479673e-01   5.444407e+08   1.011794e+00
2.502640e-01   5.439091e+08   1.011801e+00
2.525820e-01   5.433769e+08   1.011807e+00
2.549215e-01   5.428442e+08   1.011812e+00
2.572826e-01   5.423110e+08   1.011817e+00
2.596656e-01   5.417774e+08   1.011822e+00
2.620707e-01   5.412433e+08   1.011827e+00
2.644980e-01   5.407087e+08   1.011832e+00
2.669478e-01   5.401738e+08   1.011836e+00
2.694204e-01   5.396386e+08   1.011840e+00
2.719158e-01   5.391030e+08   1.011844e+00
2.744343e-01   5.385671e+08   1.011849e+00
2.769762e-01   5.380310e+08   1.011853e+00
2.795416e-01   5.374946e+08   1.011857e+00
2.821308e-01   5.369580e+08   1.011862e+00
2.847439e-01   5.364212e+08   1.011867e+00
2.873813e-01   5.358842e+08   1.011872e+00
2.900430e-01   5.353471e+08   1.011877e+00
2.927295e-01   5.348099e+08   1.011883e+00
2.954408e-01   5.342726e+08   1.011889e+00
2.981772e-01   5.337352e+08   1.011895e+00
3.009390e-01   5.331978e+08   1.011902e+00
3.037264e-01   5.326605e+08   1.011911e+00
3.065395e-01   5.321231e+08   1.011919e+00
3.093788e-01   5.315859e+08   1.011929e+00
3.122443e-01   5.310488e+08   1.011940e+00
3.151363e-01   5.305120e+08   1.011951e+00
3.180552e-01   5.299753e+08   1.011963e+00
3.210011e-01   5.294390e+08   1.011975e+00
3.239743e-01   5.289030e+08   1.011988e+00
3.269750e-01   5.283673e+08   1.012001e+00
3.300035e-01   5.278321e+08   1.012014e+00
3.330600e-01   5.272974e+08   1.012028e+00
3.361449e-01   5.267632e+08   1.012041e+00
3.392583e-01   5.262295e+08   1.012055e+00
3.424006e-01   5.256965e+08   1.012069e+00
3.455720e-01   5.251641e+08   1.012082e+00
3.487727e-01   5.246324e+08   1.012095e+00
3.520031e-01   5.241014e+08   1.012108e+00
3.552635e-01   5.235713e+08   1.012121e+00
3.585540e-01   5.230419e+08   1.012134e+00
3.618750e-01   5.225135e+08   1.012147e+00
3.652267e-01   5.219860e+08   1.012161e+00
3.686095e-01   5.214594e+08   1.012174e+00
3.720237e-01   5.209338e+08   1.012188e+00
3.754694e-01   5.204093e+08   1.012202e+00
3.789471e-01   5.198858e+08   1.012216e+00
3.824570e-01   5.193635e+08   1.012230e+00
3.859994e-01   5.188423e+08   1.012244e+00
3.895746e-01   5.183224e+08   1.012258e+00
3.931829e-01   5.178036e+08   1.012273e+00
3.968246e-01   5.172862e+08   1.012287e+00
4.005001e-01   5.167701e+08   1.012302e+00
4.042096e-01   5.162554e+08   1.012317e+00
4.079535e-01   5.157422e+08   1.012332e+00
4.117320e-01   5.152304e+08   1.012347e+00
4.155455e-01   5.147203e+08   1.012362e+00
4.193944e-01   5.142118e+08   1.012378e+00
4.232789e-01   5.137051e+08   1.012393e+00
4.271994e-01   5.132002e+08   1.012409e+00
4.311562e-01   5.126972e+08   1.012425e+00
4.351497e-01   5.121961e+08   1.012441e+00
4.391801e-01   5.116971e+08   1.012457e+00
4.432479e-01   5.112001e+08   1.012473e+00
4.473533e-01   5.107054e+08   1.012489e+00
4.514968e-01   5.102129e+08   1.012506e+00
4.556786e-01   5.097227e+08   1.012522e+00
4.598992e-01   5.092349e+08   1.012539e+00
4.641589e-01   5.087495e+08   1.012555e+00
4.684580e-01   5.082666e+08   1.012572e+00
4.727970e-01   5.077863e+08   1.012589e+00
4.771761e-01   5.073085e+08   1.012606e+00
4.815958e-01   5.068335e+08   1.012623e+00
4.860564e-01   5.063612e+08   1.012641e+00
4.905584e-01   5.058917e+08   1.012660e+00
4.951020e-01   5.054250e+08   1.012679e+00
4.996877e-01   5.049613e+08   1.012699e+00
5.043159e-01   5.045006e+08   1.012719e+00
5.089870e-01   5.040429e+08   1.012740e+00
5.137014e-01   5.035883e+08   1.012762e+00
5.184594e-01   5.031370e+08   1.012784e+00
5.232614e-01   5.026889e+08   1.012807e+00
5.281080e-01   5.022443e+08   1.012830e+00
5.329994e-01   5.018031e+08   1.012854e+00
5.379362e-01   5.013654e+08   1.012878e+00
5.429186e-01   5.009314e+08   1.012903e+00
5.479472e-01   5.005011e+08   1.012928e+00
5.530224e-01   5.000746e+08   1.012953e+00
5.581446e-01   4.996519e+08   1.012980e+00
5.633143e-01   4.992332e+08   1.013006e+00
5.685318e-01   4.988185e+08   1.013033e+00
5.737976e-01   4.984079e+08   1.013061e+00
5.791123e-01   4.980015e+08   1.013089e+00
5.844761e-01   4.975994e+08   1.013117e+00
5.898896e-01   4.972016e+08   1.013146e+00
5.953533e-01   4.968082e+08   1.013175e+00
6.008676e-01   4.964194e+08   1.013205e+00
6.064329e-01   4.960351e+08   1.013235e+00
6.120498e-01   4.956554e+08   1.013267e+00
6.177188e-01   4.952805e+08   1.013299e+00
6.234402e-01   4.949103e+08   1.013333e+00
6.292146e-01   4.945449e+08   1.013367e+00
6.350425e-01   4.941844e+08   1.013402e+00
6.409244e-01   4.938288e+08   1.013438e+00
6.468608e-01   4.934783e+08   1.013474e+00
6.528521e-01   4.931328e+08   1.013511e+00
6.588990e-01   4.927924e+08   1.013549e+00
6.650018e-01   4.924572e+08   1.013586e+00
6.711612e-01   4.921273e+08   1.013624e+00
6.773776e-01   4.918027e+08   1.013663e+00
6.836516e-01   4.914834e+08   1.013701e+00
6.899837e-01   4.911696e+08   1.013740e+00
6.963745e-01   4.908612e+08   1.013778e+00
7.028244e-01   4.905584e+08   1.013817e+00
7.093341e-01   4.902613e+08   1.013856e+00
7.159041e-01   4.899698e+08   1.013895e+00
7.225349e-01   4.896841e+08   1.013935e+00
7.292272e-01   4.894043e+08   1.013975e+00
7.359814e-01   4.891305e+08   1.014016e+00
7.427982e-01   4.888628e+08   1.014057e+00
7.496782e-01   4.886012e+08   1.014098e+00
7.566219e-01   4.883459e+08   1.014140e+00
7.636298e-01   4.880969e+08   1.014182e+00
7.707027e-01   4.878543e+08   1.014224e+00
7.778411e-01   4.876182e+08   1.014267e+00
7.850456e-01   4.873887e+08   1.014310e+00
7.923169e-01   4.871659e+08   1.014354e+00
7.996555e-01   4.869499e+08   1.014398e+00
8.070620e-01   4.867408e+08   1.014442e+00
8.145372e-01   4.865385e+08   1.014487e+00
8.220816e-01   4.863432e+08   1.014532e+00
8.296959e-01   4.861549e+08   1.014578e+00
8.373807e-01   4.859735e+08   1.014624e+00
8.451366e-01   4.857992e+08   1.014671e+00
8.529644e-01   4.856319e+08   1.014718e+00
8.608648e-01   4.854718e+08   1.014765e+00
8.688383e-01   4.853187e+08   1.014813e+00
8.768856e-01   4.851728e+08   1.014861e+00
8.850075e-01   4.850341e+08   1.014910e+00
8.932046e-01   4.849026e+08   1.014959e+00
9.014776e-01   4.847784e+08   1.015009e+00
9.098273e-01   4.846615e+08   1.015059e+00
9.182543e-01   4.845520e+08   1.015110e+00
9.267593e-01   4.844498e+08   1.015162e+00
9.353432e-01   4.843552e+08   1.015214e+00
9.440065e-01   4.842682e+08   1.015267e+00
9.527500e-01   4.841888e+08   1.015320e+00
9.615746e-01   4.841171e+08   1.015373e+00
9.704809e-01   4.840532e+08   1.015427e+00
9.794697e-01   4.839971e+08   1.015480e+00
9.885417e-01   4.839489e+08   1.015534e+00
9.976978e-01   4.839088e+08   1.015587e+00
1.006939e+00   4.838767e+08   1.015640e+00
1.016265e+00   4.838527e+08   1.015693e+00
1.025678e+00   4.838368e+08   1.015747e+00
1.035178e+00   4.838292e+08   1.015800e+00
1.044766e+00   4.838297e+08   1.015854e+00
1.054443e+00   4.838385e+08   1.015908e+00
1.064209e+00   4.838556e+08   1.015962e+00
1.074066e+00   4.838810e+08   1.016017e+00
1.084014e+00   4.839148e+08   1.016071e+00
1.094055e+00   4.839570e+08   1.016125e+00
1.104188e+00   4.840076e+08   1.016180e+00
1.114415e+00   4.840667e+08   1.016234e+00
1.124737e+00   4.841343e+08   1.016288e+00
1.135155e+00   4.842105e+08   1.016342e+00
1.145669e+00   4.842953e+08   1.016397e+00
1.156280e+00   4.843887e+08   1.016451e+00
1.166990e+00   4.844909e+08   1.016505e+00
1.177799e+00   4.846017e+08   1.016558e+00
1.188708e+00   4.847214e+08   1.016612e+00
1.199718e+00   4.848498e+08   1.016665e+00
1.210830e+00   4.849871e+08   1.016718e+00
1.222045e+00   4.851333e+08   1.016771e+00
1.233363e+00   4.852885e+08   1.016824e+00
1.244787e+00   4.854526e+08   1.016876e+00
1.256317e+00   4.856258e+08   1.016928e+00
1.267953e+00   4.858081e+08   1.016980e+00
1.279697e+00   4.859995e+08   1.017031e+00
1.291550e+00   4.862001e+08   1.017082e+00
1.303512e+00   4.864099e+08   1.017133e+00
1.315586e+00   4.866290e+08   1.017183e+00
1.327771e+00   4.868574e+08   1.017233e+00
1.340069e+00   4.870952e+08   1.017283e+00
1.352481e+00   4.873424e+08   1.017333e+00
1.365008e+00   4.875990e+08   1.017383e+00
1.377651e+00   4.878652e+08   1.017432e+00
1.390411e+00   4.881409e+08   1.017482e+00
1.403289e+00   4.884263e+08   1.017532e+00
1.416287e+00   4.887213e+08   1.017582e+00
1.429405e+00   4.890261e+08   1.017632e+00
1.442644e+00   4.893406e+08   1.017683e+00
1.456006e+00   4.896649e+08   1.017734e+00
1.469492e+00   4.899992e+08   1.017785e+00
1.483103e+00   4.903434e+08   1.017836e+00
1.496839e+00   4.906976e+08   1.017888e+00
1.510703e+00   4.910618e+08   1.017941e+00
1.524696e+00   4.914361e+08   1.017994e+00
1.538818e+00   4.918206e+08   1.018049e+00
1.553071e+00   4.922152e+08   1.018104e+00
1.567455e+00   4.926200e+08   1.018160e+00
1.581973e+00   4.930351e+08   1.018216e+00
1.596626e+00   4.934604e+08   1.018272e+00
1.611414e+00   4.938960e+08   1.018328e+00
1.626340e+00   4.943420e+08   1.018385e+00
1.641403e+00   4.947984e+08   1.018440e+00
1.656606e+00   4.952652e+08   1.018495e+00
1.671950e+00   4.957425e+08   1.018549e+00
1.687436e+00   4.962303e+08   1.018603e+00
1.703065e+00   4.967286e+08   1.018655e+00
1.718839e+00   4.972376e+08   1.018706e+00
1.734759e+00   4.977572e+08   1.018755e+00
1.750827e+00   4.982874e+08   1.018802e+00
1.767044e+00   4.988284e+08   1.018848e+00
1.783410e+00   4.993802e+08   1.018893e+00
1.799929e+00   4.999428e+08   1.018937e+00
1.816600e+00   5.005163e+08   1.018981e+00
1.833425e+00   5.011007e+08   1.019023e+00
1.850407e+00   5.016961e+08   1.019064e+00
1.867546e+00   5.023025e+08   1.019105e+00
1.884843e+00   5.029200e+08   1.019146e+00
1.902301e+00   5.035486e+08   1.019186e+00
1.919921e+00   5.041884e+08   1.019226e+00
1.937703e+00   5.048394e+08   1.019265e+00
1.955651e+00   5.055017e+08   1.019304e+00
1.973764e+00   5.061753e+08   1.019344e+00
1.992046e+00   5.068604e+08   1.019383e+00
2.010496e+00   5.075569e+08   1.019423e+00
2.029118e+00   5.082648e+08   1.019463e+00
2.047912e+00   5.089843e+08   1.019504e+00
2.066880e+00   5.097153e+08   1.019545e+00
2.086024e+00   5.104579e+08   1.019588e+00
2.105345e+00   5.112119e+08   1.019630e+00
2.124845e+00   5.119776e+08   1.019673e+00
2.144526e+00   5.127548e+08   1.019715e+00
2.164389e+00   5.135436e+08   1.019758e+00
2.184436e+00   5.143440e+08   1.019800e+00
2.204669e+00   5.151561e+08   1.019842e+00
2.225089e+00   5.159798e+08   1.019883e+00
2.245698e+00   5.168152e+08   1.019924e+00
2.266498e+00   5.176622e+08   1.019963e+00
2.287491e+00   5.185210e+08   1.020002e+00
2.308678e+00   5.193915e+08   1.020040e+00
2.330061e+00   5.202737e+08   1.020077e+00
2.351643e+00   5.211677e+08   1.020112e+00
2.373424e+00   5.220736e+08   1.020145e+00
2.395407e+00   5.229912e+08   1.020177e+00
2.417594e+00   5.239207e+08   1.020208e+00
2.439986e+00   5.248620e+08   1.020236e+00
2.462586e+00   5.258153e+08   1.020262e+00
2.485395e+00   5.267804e+08   1.020286e+00
2.508415e+00   5.277575e+08   1.020308e+00
2.531648e+00   5.287466e+08   1.020328e+00
2.555097e+00   5.297475e+08   1.020347e+00
2.578763e+00   5.307603e+08   1.020366e+00
2.602648e+00   5.317848e+08   1.020384e+00
2.626754e+00   5.328212e+08   1.020401e+00
2.651084e+00   5.338692e+08   1.020417e+00
2.675638e+00   5.349289e+08   1.020433e+00
2.700421e+00   5.360001e+08   1.020448e+00
2.725433e+00   5.370829e+08   1.020462e+00
2.750676e+00   5.381773e+08   1.020476e+00
2.776153e+00   5.392830e+08   1.020490e+00
2.801867e+00   5.404002e+08   1.020503e+00
2.827818e+00   5.415287e+08   1.020517e+00
2.854010e+00   5.426686e+08   1.020530e+00
2.880444e+00   5.438196e+08   1.020543e+00
2.907123e+00   5.449819e+08   1.020556e+00
2.934050e+00   5.461553e+08   1.020568e+00
2.961225e+00   5.473398e+08   1.020581e+00
2.988653e+00   5.485354e+08   1.020595e+00
3.016334e+00   5.497419e+08   1.020608e+00
3.044272e+00   5.509594e+08   1.020622e+00
3.072469e+00   5.521877e+08   1.020638e+00
3.100927e+00   5.534267e+08   1.020653e+00
3.129648e+00   5.546762e+08   1.020669e+00
3.158635e+00   5.559363e+08   1.020685e+00
3.187891e+00   5.572068e+08   1.020701e+00
3.217418e+00   5.584876e+08   1.020716e+00
3.247218e+00   5.597786e+08   1.020731e+00
3.277295e+00   5.610796e+08   1.020745e+00
3.307650e+00   5.623907e+08   1.020758e+00
3.338286e+00   5.637115e+08   1.020770e+00
3.369206e+00   5.650422e+08   1.020780e+00
3.400412e+00   5.663825e+08   1.020788e+00
3.431907e+00   5.677323e+08   1.020794e+00
3.463694e+00   5.690915e+08   1.020798e+00
3.495776e+00   5.704600e+08   1.020800e+00
3.528154e+00   5.718378e+08   1.020800e+00
3.560833e+00   5.732245e+08   1.020800e+00
3.593814e+00   5.746201e+08   1.020800e+00
3.627100e+00   5.760244e+08   1.020800e+00
3.660695e+00   5.774372e+08   1.020800e+00
3.694601e+00   5.788583e+08   1.020800e+00
3.728821e+00   5.802876e+08   1.020800e+00
3.763358e+00   5.817249e+08   1.020800e+00
3.798215e+00   5.831700e+08   1.020800e+00
3.833395e+00   5.846228e+08   1.020800e+00
3.868901e+00   5.860830e+08   1.020800e+00
3.904735e+00   5.875504e+08   1.020800e+00
3.940902e+00   5.890250e+08   1.020800e+00
3.977403e+00   5.905064e+08   1.020800e+00
4.014242e+00   5.919945e+08   1.020800e+00
4.051423e+00   5.934891e+08   1.020799e+00
4.088948e+00   5.949899e+08   1.020796e+00
4.126821e+00   5.964969e+08   1.020793e+00
4.165044e+00   5.980096e+08   1.020789e+00
4.203622e+00   5.995279e+08   1.020783e+00
4.242556e+00   6.010516e+08   1.020777e+00
4.281852e+00   6.025805e+08   1.020770e+00
4.321511e+00   6.041142e+08   1.020762e+00
4.361538e+00   6.056526e+08   1.020753e+00
4.401935e+00   6.071954e+08   1.020744e+00
4.442707e+00   6.087423e+08   1.020735e+00
4.483856e+00   6.102932e+08   1.020725e+00
4.525386e+00   6.118478e+08   1.020714e+00
4.567301e+00   6.134059e+08   1.020704e+00
4.609604e+00   6.149670e+08   1.020693e+00
4.652300e+00   6.165312e+08   1.020682e+00
4.695390e+00   6.180979e+08   1.020671e+00
4.738880e+00   6.196671e+08   1.020660e+00
4.782772e+00   6.212384e+08   1.020649e+00
4.827071e+00   6.228116e+08   1.020638e+00
4.871780e+00   6.243864e+08   1.020628e+00
4.916904e+00   6.259625e+08   1.020617e+00
4.962445e+00   6.275397e+08   1.020608e+00
5.008408e+00   6.291176e+08   1.020598e+00
5.054797e+00   6.306961e+08   1.020589e+00
5.101615e+00   6.322747e+08   1.020580e+00
5.148867e+00   6.338533e+08   1.020570e+00
5.196557e+00   6.354315e+08   1.020561e+00
5.244689e+00   6.370091e+08   1.020551e+00
5.293266e+00   6.385858e+08   1.020542e+00
5.342293e+00   6.401613e+08   1.020532e+00
5.391775e+00   6.417352e+08   1.020522e+00
5.441714e+00   6.433073e+08   1.020512e+00
5.492116e+00   6.448773e+08   1.020502e+00
5.542986e+00   6.464448e+08   1.020491e+00
5.594326e+00   6.480097e+08   1.020481e+00
5.646141e+00   6.495714e+08   1.020471e+00
5.698437e+00   6.511299e+08   1.020460e+00
5.751217e+00   6.526846e+08   1.020450e+00
5.804486e+00   6.542354e+08   1.020439e+00
5.858248e+00   6.557819e+08   1.020428e+00
5.912508e+00   6.573238e+08   1.020417e+00
5.967271e+00   6.588607e+08   1.020407e+00
6.022541e+00   6.603923e+08   1.020395e+00
6.078323e+00   6.619183e+08   1.020383e+00
6.134622e+00   6.634385e+08   1.020369e+00
6.191442e+00   6.649525e+08   1.020355e+00
6.248788e+00   6.664601e+08   1.020339e+00
6.306666e+00   6.679609e+08   1.020324e+00
6.365079e+00   6.694547e+08   1.020308e+00
6.424034e+00   6.709412e+08   1.020292e+00
6.483534e+00   6.724201e+08   1.020276e+00
6.543586e+00   6.738911e+08   1.020262e+00
6.604194e+00   6.753539e+08   1.020248e+00
6.665363e+00   6.768081e+08   1.020235e+00
6.727099e+00   6.782536e+08   1.020224e+00
6.789407e+00   6.796900e+08   1.020215e+00
6.852292e+00   6.811169e+08   1.020207e+00
6.915759e+00   6.825341e+08   1.020202e+00
6.979814e+00   6.839413e+08   1.020200e+00
7.044462e+00   6.853382e+08   1.020200e+00
7.109709e+00   6.867244e+08   1.020200e+00
7.175561e+00   6.880998e+08   1.020200e+00
7.242022e+00   6.894640e+08   1.020200e+00
7.309099e+00   6.908168e+08   1.020200e+00
7.376798e+00   6.921580e+08   1.020200e+00
7.445123e+00   6.934871e+08   1.020200e+00
7.514081e+00   6.948041e+08   1.020200e+00
7.583678e+00   6.961085e+08   1.020200e+00
7.653919e+00   6.974002e+08   1.020200e+00
7.724811e+00   6.986789e+08   1.020200e+00
7.796360e+00   6.999442e+08   1.020200e+00
7.868572e+00   7.011960e+08   1.020200e+00
7.941452e+00   7.024338e+08   1.020200e+00
8.015007e+00   7.036576e+08   1.020200e+00
8.089243e+00   7.048670e+08   1.020200e+00
8.164168e+00   7.060617e+08   1.020200e+00
8.239786e+00   7.072416e+08   1.020200e+00
8.316104e+00   7.084064e+08   1.020200e+00
8.393129e+00   7.095559e+08   1.020200e+00
8.470868e+00   7.106899e+08   1.020200e+00
8.549327e+00   7.118081e+08   1.020200e+00
8.628513e+00   7.129103e+08   1.020200e+00
8.708431e+00   7.139964e+08   1.020200e+00
8.789091e+00   7.150660e+08   1.020200e+00
8.870497e+00   7.161189e+08   1.020200e+00
8.952657e+00   7.171550e+08   1.020200e+00
9.035578e+00   7.181739e+08   1.020200e+00
9.119268e+00   7.191756e+08   1.020200e+00
9.203732e+00   7.201597e+08   1.020200e+00
9.288979e+00   7.211260e+08   1.020200e+00
9.375015e+00   7.220743e+08   1.020200e+00
9.461848e+00   7.230044e+08   1.020200e+00
9.549486e+00   7.239160e+08   1.020200e+00
9.637935e+00   7.248090e+08   1.020200e+00
9.727203e+00   7.256831e+08   1.020200e+00
9.817298e+00   7.265381e+08   1.020200e+00
9.908228e+00   7.273738e+08   1.020200e+00
1.000000e+01   7.281900e+08   1.020200e+00
