# C13 + t > N16 + g   [C13_t__N16_g]   ref=TALYS2, Koning et al. 2023
# detailed balance: alpha=3.028e+10 beta=1.5 gamma=-143.793  Q=12.3911
# T9                 rate                error
1.000000e-03   1.000000e-35   1.000000e+02
1.009262e-03   1.003906e-35   1.000000e+02
1.018610e-03   1.007327e-35   1.000000e+02
1.028045e-03   1.010264e-35   1.000000e+02
1.037567e-03   1.012724e-35   1.000000e+02
1.047177e-03   1.014711e-35   1.000000e+02
1.056876e-03   1.016231e-35   1.000000e+02
1.066665e-03   1.017291e-35   1.000000e+02
1.076545e-03   1.017898e-35   1.000000e+02
1.086516e-03   1.018059e-35   1.000000e+02
1.096579e-03   1.017784e-35   1.000000e+02
1.106736e-03   1.017082e-35   1.000000e+02
1.116987e-03   1.015961e-35   1.000000e+02
1.127333e-03   1.014432e-35   1.000000e+02
1.137774e-03   1.012506e-35   1.000000e+02
1.148312e-03   1.010194e-35   1.000000e+02
1.158948e-03   1.007506e-35   1.000000e+02
1.169683e-03   1.004455e-35   1.000000e+02
1.180517e-03   1.001053e-35   1.000000e+02
1.191451e-03   9.973108e-36   1.000000e+02
1.202486e-03   9.932418e-36   1.000000e+02
1.213624e-03   9.888584e-36   1.000000e+02
1.224865e-03   9.841733e-36   1.000000e+02
1.236210e-03   9.791995e-36   1.000000e+02
1.247660e-03   9.739498e-36   1.000000e+02
1.259216e-03   9.684374e-36   1.000000e+02
1.270879e-03   9.626751e-36   1.000000e+02
1.282650e-03   9.566762e-36   1.000000e+02
1.294530e-03   9.504535e-36   1.000000e+02
1.306520e-03   9.440200e-36   1.000000e+02
1.318621e-03   9.373886e-36   1.000000e+02
1.330835e-03   9.305721e-36   1.000000e+02
1.343161e-03   9.235831e-36   1.000000e+02
1.355602e-03   9.164341e-36   1.000000e+02
1.368158e-03   9.091375e-36   1.000000e+02
1.380830e-03   9.017053e-36   1.000000e+02
1.393619e-03   8.941496e-36   1.000000e+02
1.406527e-03   8.864820e-36   1.000000e+02
1.419555e-03   8.787141e-36   1.000000e+02
1.432703e-03   8.708571e-36   1.000000e+02
1.445973e-03   8.629221e-36   1.000000e+02
1.459366e-03   8.549198e-36   1.000000e+02
1.472883e-03   8.468607e-36   1.000000e+02
1.486525e-03   8.387550e-36   1.000000e+02
1.500293e-03   8.306126e-36   1.000000e+02
1.514189e-03   8.224431e-36   1.000000e+02
1.528214e-03   8.142560e-36   1.000000e+02
1.542369e-03   8.060601e-36   1.000000e+02
1.556654e-03   7.978644e-36   1.000000e+02
1.571072e-03   7.896771e-36   1.000000e+02
1.585624e-03   7.815066e-36   1.000000e+02
1.600310e-03   7.733606e-36   1.000000e+02
1.615133e-03   7.652467e-36   1.000000e+02
1.630092e-03   7.571722e-36   1.000000e+02
1.645191e-03   7.491440e-36   1.000000e+02
1.660429e-03   7.411689e-36   1.000000e+02
1.675808e-03   7.332531e-36   1.000000e+02
1.691330e-03   7.254030e-36   1.000000e+02
1.706995e-03   7.176243e-36   1.000000e+02
1.722805e-03   7.099225e-36   1.000000e+02
1.738762e-03   7.023032e-36   1.000000e+02
1.754867e-03   6.947712e-36   1.000000e+02
1.771121e-03   6.873315e-36   1.000000e+02
1.787526e-03   6.799887e-36   1.000000e+02
1.804082e-03   6.727470e-36   1.000000e+02
1.820792e-03   6.656107e-36   1.000000e+02
1.837656e-03   6.585837e-36   1.000000e+02
1.854677e-03   6.516696e-36   1.000000e+02
1.871855e-03   6.448721e-36   1.000000e+02
1.889193e-03   6.381944e-36   1.000000e+02
1.906691e-03   6.316397e-36   1.000000e+02
1.924351e-03   6.252109e-36   1.000000e+02
1.942175e-03   6.189110e-36   1.000000e+02
1.960163e-03   6.127425e-36   1.000000e+02
1.978319e-03   6.067081e-36   1.000000e+02
1.996642e-03   6.008100e-36   1.000000e+02
2.015136e-03   5.950506e-36   1.000000e+02
2.033800e-03   5.894320e-36   1.000000e+02
2.052638e-03   5.839562e-36   1.000000e+02
2.071650e-03   5.786253e-36   1.000000e+02
2.090838e-03   5.734411e-36   1.000000e+02
2.110203e-03   5.684053e-36   1.000000e+02
2.129749e-03   5.635198e-36   1.000000e+02
2.149475e-03   5.587861e-36   1.000000e+02
2.169384e-03   5.542059e-36   1.000000e+02
2.189477e-03   5.497808e-36   1.000000e+02
2.209756e-03   5.455123e-36   1.000000e+02
2.230223e-03   5.414020e-36   1.000000e+02
2.250880e-03   5.374513e-36   1.000000e+02
2.271728e-03   5.336619e-36   1.000000e+02
2.292769e-03   5.300351e-36   1.000000e+02
2.314005e-03   5.265727e-36   1.000000e+02
2.335438e-03   5.232761e-36   1.000000e+02
2.357069e-03   5.201471e-36   1.000000e+02
2.378901e-03   5.171871e-36   1.000000e+02
2.400935e-03   5.143981e-36   1.000000e+02
2.423173e-03   5.117817e-36   1.000000e+02
2.445617e-03   5.093399e-36   1.000000e+02
2.468268e-03   5.070747e-36   1.000000e+02
2.491130e-03   5.049880e-36   1.000000e+02
2.514203e-03   5.030821e-36   1.000000e+02
2.537490e-03   5.013593e-36   1.000000e+02
2.560993e-03   4.998221e-36   1.000000e+02
2.584714e-03   4.984730e-36   1.000000e+02
2.608654e-03   4.973148e-36   1.000000e+02
2.632815e-03   4.963504e-36   1.000000e+02
2.657201e-03   4.955831e-36   1.000000e+02
2.681813e-03   4.950160e-36   1.000000e+02
2.706652e-03   4.946528e-36   1.000000e+02
2.731722e-03   4.944973e-36   1.000000e+02
2.757023e-03   4.945534e-36   1.000000e+02
2.782559e-03   4.948256e-36   1.000000e+02
2.808332e-03   4.953183e-36   1.000000e+02
2.834343e-03   4.960366e-36   1.000000e+02
2.860596e-03   4.969857e-36   1.000000e+02
2.887091e-03   4.981711e-36   1.000000e+02
2.913832e-03   4.995988e-36   1.000000e+02
2.940820e-03   5.012752e-36   1.000000e+02
2.968059e-03   5.032070e-36   1.000000e+02
2.995549e-03   5.054015e-36   1.000000e+02
3.023295e-03   5.078638e-36   1.000000e+02
3.051297e-03   5.105819e-36   1.000000e+02
3.079559e-03   5.135367e-36   1.000000e+02
3.108082e-03   5.167090e-36   1.000000e+02
3.136870e-03   5.200794e-36   1.000000e+02
3.165924e-03   5.236281e-36   1.000000e+02
3.195248e-03   5.273348e-36   1.000000e+02
3.224842e-03   5.311786e-36   1.000000e+02
3.254712e-03   5.351383e-36   1.000000e+02
3.284857e-03   5.391920e-36   1.000000e+02
3.315282e-03   5.433168e-36   1.000000e+02
3.345989e-03   5.474896e-36   1.000000e+02
3.376980e-03   5.516861e-36   1.000000e+02
3.408259e-03   5.558816e-36   1.000000e+02
3.439826e-03   5.600506e-36   1.000000e+02
3.471687e-03   5.641665e-36   1.000000e+02
3.503842e-03   5.682025e-36   1.000000e+02
3.536296e-03   5.721307e-36   1.000000e+02
3.569049e-03   5.759228e-36   1.000000e+02
3.602107e-03   5.795496e-36   1.000000e+02
3.635470e-03   5.829818e-36   1.000000e+02
3.669142e-03   5.861892e-36   1.000000e+02
3.703127e-03   5.891417e-36   1.000000e+02
3.737426e-03   5.918086e-36   1.000000e+02
3.772042e-03   5.941595e-36   1.000000e+02
3.806980e-03   5.961637e-36   1.000000e+02
3.842241e-03   5.977909e-36   1.000000e+02
3.877828e-03   5.990112e-36   1.000000e+02
3.913746e-03   5.997952e-36   1.000000e+02
3.949995e-03   6.001143e-36   1.000000e+02
3.986581e-03   5.999409e-36   1.000000e+02
4.023506e-03   5.992584e-36   1.000000e+02
4.060772e-03   5.981786e-36   1.000000e+02
4.098384e-03   5.969026e-36   1.000000e+02
4.136344e-03   5.956319e-36   1.000000e+02
4.174655e-03   5.945663e-36   1.000000e+02
4.213322e-03   5.939043e-36   1.000000e+02
4.252346e-03   5.938444e-36   1.000000e+02
4.291732e-03   5.945861e-36   1.000000e+02
4.331483e-03   5.963330e-36   1.000000e+02
4.371602e-03   5.992954e-36   1.000000e+02
4.412093e-03   6.036943e-36   1.000000e+02
4.452959e-03   6.097662e-36   1.000000e+02
4.494203e-03   6.177683e-36   1.000000e+02
4.535829e-03   6.279862e-36   1.000000e+02
4.577841e-03   6.407412e-36   1.000000e+02
4.620241e-03   6.564013e-36   1.000000e+02
4.663035e-03   6.753928e-36   1.000000e+02
4.706225e-03   6.982157e-36   1.000000e+02
4.749815e-03   7.254628e-36   1.000000e+02
4.793808e-03   7.578424e-36   1.000000e+02
4.838210e-03   7.962088e-36   1.000000e+02
4.883022e-03   8.415994e-36   1.000000e+02
4.928250e-03   8.952828e-36   1.000000e+02
4.973896e-03   9.588209e-36   1.000000e+02
5.019965e-03   1.034140e-35   1.000000e+02
5.066461e-03   1.123308e-35   1.000000e+02
5.113388e-03   1.228447e-35   1.000000e+02
5.160749e-03   1.352083e-35   1.000000e+02
5.208549e-03   1.497238e-35   1.000000e+02
5.256791e-03   1.667513e-35   1.000000e+02
5.305481e-03   1.867198e-35   1.000000e+02
5.354621e-03   2.101382e-35   1.000000e+02
5.404216e-03   2.376098e-35   1.000000e+02
5.454271e-03   2.698482e-35   1.000000e+02
5.504790e-03   3.076958e-35   1.000000e+02
5.555776e-03   3.521451e-35   1.000000e+02
5.607235e-03   4.043624e-35   1.000000e+02
5.659170e-03   4.657148e-35   1.000000e+02
5.711586e-03   5.377998e-35   1.000000e+02
5.764488e-03   6.224774e-35   1.000000e+02
5.817880e-03   7.219051e-35   1.000000e+02
5.871766e-03   8.385736e-35   1.000000e+02
5.926152e-03   9.753443e-35   1.000000e+02
5.981041e-03   1.135485e-34   1.000000e+02
6.036439e-03   1.322739e-34   1.000000e+02
6.092349e-03   1.541817e-34   1.000000e+02
6.148778e-03   1.798636e-34   1.000000e+02
6.205729e-03   2.100360e-34   1.000000e+02
6.263207e-03   2.455679e-34   1.000000e+02
6.321218e-03   2.875176e-34   1.000000e+02
6.379767e-03   3.371786e-34   1.000000e+02
6.438857e-03   3.961377e-34   1.000000e+02
6.498495e-03   4.663483e-34   1.000000e+02
6.558686e-03   5.502252e-34   1.000000e+02
6.619433e-03   6.507647e-34   1.000000e+02
6.680744e-03   7.717004e-34   1.000000e+02
6.742622e-03   9.177034e-34   1.000000e+02
6.805074e-03   1.094643e-33   1.000000e+02
6.868104e-03   1.309926e-33   1.000000e+02
6.931717e-03   1.572944e-33   1.000000e+02
6.995920e-03   1.895654e-33   1.000000e+02
7.060718e-03   2.293253e-33   1.000000e+02
7.126115e-03   2.784590e-33   1.000000e+02
7.192119e-03   3.393334e-33   1.000000e+02
7.258734e-03   4.149425e-33   1.000000e+02
7.325965e-03   5.090787e-33   1.000000e+02
7.393820e-03   6.265522e-33   1.000000e+02
7.462303e-03   7.734724e-33   1.000000e+02
7.531420e-03   9.576070e-33   1.000000e+02
7.601178e-03   1.188843e-32   1.000000e+02
7.671581e-03   1.479777e-32   1.000000e+02
7.742637e-03   1.846469e-32   1.000000e+02
7.814351e-03   2.309414e-32   1.000000e+02
7.886729e-03   2.894778e-32   1.000000e+02
7.959777e-03   3.635987e-32   1.000000e+02
8.033502e-03   4.575818e-32   1.000000e+02
8.107910e-03   5.771389e-32   1.000000e+02
8.183007e-03   7.301059e-32   1.000000e+02
8.258799e-03   9.270964e-32   1.000000e+02
8.335294e-03   1.182598e-31   1.000000e+02
8.412497e-03   1.516569e-31   1.000000e+02
8.490415e-03   1.956770e-31   1.000000e+02
8.569055e-03   2.542199e-31   1.000000e+02
8.648423e-03   3.328213e-31   1.000000e+02
8.728527e-03   4.394242e-31   1.000000e+02
8.809372e-03   5.855554e-31   1.000000e+02
8.890966e-03   7.881388e-31   1.000000e+02
8.973316e-03   1.072328e-30   1.000000e+02
9.056428e-03   1.475698e-30   1.000000e+02
9.140311e-03   2.050757e-30   1.000000e+02
9.224970e-03   2.869350e-30   1.000000e+02
9.310413e-03   4.029976e-30   1.000000e+02
9.396648e-03   5.664582e-30   1.000000e+02
9.483682e-03   7.944683e-30   1.000000e+02
9.571522e-03   1.108474e-29   1.000000e+02
9.660175e-03   1.533949e-29   1.000000e+02
9.749649e-03   2.099087e-29   1.000000e+02
9.839952e-03   2.831917e-29   1.000000e+02
9.931092e-03   3.755416e-29   1.000000e+02
1.002308e-02   4.880525e-29   1.000000e+02
1.011591e-02   6.209006e-29   1.000000e+02
1.020961e-02   7.752090e-29   1.000000e+02
1.030417e-02   9.526471e-29   1.000000e+02
1.039961e-02   1.155679e-28   1.000000e+02
1.049593e-02   1.388066e-28   1.000000e+02
1.059315e-02   1.655486e-28   1.000000e+02
1.069126e-02   1.966343e-28   1.000000e+02
1.079029e-02   2.332849e-28   1.000000e+02
1.089023e-02   2.772574e-28   1.000000e+02
1.099110e-02   3.310733e-28   1.000000e+02
1.109290e-02   3.981753e-28   1.000000e+02
1.119564e-02   4.822807e-28   1.000000e+02
1.129934e-02   5.877741e-28   1.000000e+02
1.140400e-02   7.201374e-28   1.000000e+02
1.150962e-02   8.861843e-28   1.000000e+02
1.161623e-02   1.094324e-27   1.000000e+02
1.172382e-02   1.354847e-27   1.000000e+02
1.183241e-02   1.680221e-27   1.000000e+02
1.194200e-02   2.085373e-27   1.000000e+02
1.205261e-02   2.587981e-27   1.000000e+02
1.216424e-02   3.210344e-27   1.000000e+02
1.227691e-02   3.981630e-27   1.000000e+02
1.239062e-02   4.938630e-27   1.000000e+02
1.250539e-02   6.127819e-27   1.000000e+02
1.262121e-02   7.608109e-27   1.000000e+02
1.273811e-02   9.454453e-27   1.000000e+02
1.285610e-02   1.176258e-26   1.000000e+02
1.297517e-02   1.465524e-26   1.000000e+02
1.309535e-02   1.828993e-26   1.000000e+02
1.321664e-02   2.286478e-26   1.000000e+02
1.333906e-02   2.862995e-26   1.000000e+02
1.346261e-02   3.590339e-26   1.000000e+02
1.358730e-02   4.508934e-26   1.000000e+02
1.371315e-02   5.670199e-26   1.000000e+02
1.384016e-02   7.139557e-26   1.000000e+02
1.396835e-02   9.000262e-26   1.000000e+02
1.409773e-02   1.135836e-25   1.000000e+02
1.422830e-02   1.434979e-25   1.000000e+02
1.436009e-02   1.814896e-25   1.000000e+02
1.449310e-02   2.297953e-25   1.000000e+02
1.462733e-02   2.912865e-25   1.000000e+02
1.476281e-02   3.696550e-25   1.000000e+02
1.489955e-02   4.696525e-25   1.000000e+02
1.503755e-02   5.974028e-25   1.000000e+02
1.517683e-02   7.608012e-25   1.000000e+02
1.531740e-02   9.700266e-25   1.000000e+02
1.545928e-02   1.238224e-24   1.000000e+02
1.560246e-02   1.582384e-24   1.000000e+02
1.574698e-02   2.024493e-24   1.000000e+02
1.589283e-02   2.593026e-24   1.000000e+02
1.604003e-02   3.324896e-24   1.000000e+02
1.618860e-02   4.267984e-24   1.000000e+02
1.633854e-02   5.484437e-24   1.000000e+02
1.648987e-02   7.054990e-24   1.000000e+02
1.664260e-02   9.084612e-24   1.000000e+02
1.679675e-02   1.170989e-23   1.000000e+02
1.695232e-02   1.510865e-23   1.000000e+02
1.710934e-02   1.951265e-23   1.000000e+02
1.726781e-02   2.522405e-23   1.000000e+02
1.742775e-02   3.263714e-23   1.000000e+02
1.758917e-02   4.226671e-23   1.000000e+02
1.775208e-02   5.478538e-23   1.000000e+02
1.791650e-02   7.107245e-23   1.000000e+02
1.808245e-02   9.227820e-23   1.000000e+02
1.824993e-02   1.199095e-22   1.000000e+02
1.841897e-02   1.559427e-22   1.000000e+02
1.858957e-02   2.029710e-22   1.000000e+02
1.876175e-02   2.643995e-22   1.000000e+02
1.893552e-02   3.447034e-22   1.000000e+02
1.911091e-02   4.497689e-22   1.000000e+02
1.928792e-02   5.873438e-22   1.000000e+02
1.946656e-02   7.676357e-22   1.000000e+02
1.964687e-02   1.004102e-21   1.000000e+02
1.982884e-02   1.314503e-21   1.000000e+02
2.001250e-02   1.722289e-21   1.000000e+02
2.019786e-02   2.258425e-21   1.000000e+02
2.038493e-02   2.963686e-21   1.000000e+02
2.057374e-02   3.891827e-21   1.000000e+02
2.076430e-02   5.113726e-21   1.000000e+02
2.095662e-02   6.722823e-21   1.000000e+02
2.115073e-02   8.842274e-21   1.000000e+02
2.134663e-02   1.163435e-20   1.000000e+02
2.154435e-02   1.531277e-20   1.000000e+02
2.174389e-02   2.015889e-20   1.000000e+02
2.194529e-02   2.654291e-20   1.000000e+02
2.214855e-02   3.495161e-20   1.000000e+02
2.235370e-02   4.602463e-20   1.000000e+02
2.256074e-02   6.060184e-20   1.000000e+02
2.276970e-02   7.978501e-20   1.000000e+02
2.298060e-02   1.050182e-19   1.000000e+02
2.319345e-02   1.381921e-19   1.000000e+02
2.340827e-02   1.817796e-19   1.000000e+02
2.362508e-02   2.390111e-19   1.000000e+02
2.384390e-02   3.141013e-19   1.000000e+02
2.406475e-02   4.125417e-19   1.000000e+02
2.428764e-02   5.414773e-19   1.000000e+02
2.451260e-02   7.101900e-19   1.000000e+02
2.473964e-02   9.307190e-19   1.000000e+02
2.496878e-02   1.218653e-18   1.000000e+02
2.520005e-02   1.594166e-18   1.000000e+02
2.543346e-02   2.083502e-18   1.000000e+02
2.566903e-02   2.720767e-18   1.000000e+02
2.590678e-02   3.550228e-18   1.000000e+02
2.614673e-02   4.629336e-18   1.000000e+02
2.638891e-02   6.032662e-18   1.000000e+02
2.663333e-02   7.857009e-18   1.000000e+02
2.688001e-02   1.022807e-17   1.000000e+02
2.712898e-02   1.330910e-17   1.000000e+02
2.738025e-02   1.731220e-17   1.000000e+02
2.763385e-02   2.251306e-17   1.000000e+02
2.788980e-02   2.927022e-17   1.000000e+02
2.814812e-02   3.805018e-17   1.000000e+02
2.840884e-02   4.946032e-17   1.000000e+02
2.867196e-02   6.429198e-17   1.000000e+02
2.893753e-02   8.357696e-17   1.000000e+02
2.920556e-02   1.086617e-16   1.000000e+02
2.947606e-02   1.413047e-16   1.000000e+02
2.974908e-02   1.838051e-16   1.000000e+02
3.002462e-02   2.391712e-16   1.000000e+02
3.030271e-02   3.113113e-16   1.000000e+02
3.058338e-02   4.051875e-16   1.000000e+02
3.086665e-02   5.271161e-16   1.000000e+02
3.115254e-02   6.851083e-16   1.000000e+02
3.144108e-02   8.892593e-16   1.000000e+02
3.173230e-02   1.152199e-15   1.000000e+02
3.202621e-02   1.489602e-15   1.000000e+02
3.232284e-02   1.920748e-15   1.000000e+02
3.262222e-02   2.469115e-15   1.000000e+02
3.292437e-02   3.162983e-15   1.000000e+02
3.322933e-02   4.035996e-15   1.000000e+02
3.353710e-02   5.127626e-15   1.000000e+02
3.384773e-02   6.483470e-15   1.000000e+02
3.416123e-02   8.155261e-15   1.000000e+02
3.447764e-02   1.020049e-14   1.000000e+02
3.479698e-02   1.268150e-14   1.000000e+02
3.511928e-02   1.566393e-14   1.000000e+02
3.544456e-02   1.921429e-14   1.000000e+02
3.577285e-02   2.339674e-14   1.000000e+02
3.610419e-02   2.826881e-14   1.000000e+02
3.643859e-02   3.387619e-14   1.000000e+02
3.677609e-02   4.024667e-14   1.000000e+02
3.711672e-02   4.738353e-14   1.000000e+02
3.746050e-02   5.525868e-14   1.000000e+02
3.780747e-02   6.380623e-14   1.000000e+02
3.815765e-02   7.291697e-14   1.000000e+02
3.851107e-02   8.243486e-14   1.000000e+02
3.886777e-02   9.215597e-14   1.000000e+02
3.922777e-02   1.018310e-13   1.000000e+02
3.959110e-02   1.111717e-13   1.000000e+02
3.995780e-02   1.198615e-13   1.000000e+02
4.032790e-02   1.275945e-13   1.000000e+02
4.070142e-02   1.342173e-13   1.000000e+02
4.107841e-02   1.396785e-13   1.000000e+02
4.145888e-02   1.439844e-13   1.000000e+02
4.184289e-02   1.471927e-13   1.000000e+02
4.223044e-02   1.494039e-13   1.000000e+02
4.262159e-02   1.507520e-13   1.000000e+02
4.301636e-02   1.513943e-13   1.000000e+02
4.341478e-02   1.515032e-13   1.000000e+02
4.381690e-02   1.512586e-13   1.000000e+02
4.422274e-02   1.508427e-13   1.000000e+02
4.463234e-02   1.504371e-13   1.000000e+02
4.504573e-02   1.502216e-13   1.000000e+02
4.546295e-02   1.503752e-13   1.000000e+02
4.588404e-02   1.510801e-13   1.000000e+02
4.630903e-02   1.525265e-13   1.000000e+02
4.673795e-02   1.549212e-13   1.000000e+02
4.717085e-02   1.584980e-13   1.000000e+02
4.760775e-02   1.635327e-13   1.000000e+02
4.804870e-02   1.703623e-13   1.000000e+02
4.849374e-02   1.794116e-13   1.000000e+02
4.894290e-02   1.912299e-13   1.000000e+02
4.939622e-02   2.065427e-13   1.000000e+02
4.985373e-02   2.263251e-13   1.000000e+02
5.031549e-02   2.518790e-13   1.000000e+02
5.078152e-02   2.846280e-13   1.000000e+02
5.125187e-02   3.262283e-13   1.000000e+02
5.172657e-02   3.788359e-13   1.000000e+02
5.220568e-02   4.452386e-13   1.000000e+02
5.268921e-02   5.290220e-13   1.000000e+02
5.317723e-02   6.347765e-13   1.000000e+02
5.366977e-02   7.683532e-13   1.000000e+02
5.416687e-02   9.371756e-13   1.000000e+02
5.466857e-02   1.150609e-12   1.000000e+02
5.517492e-02   1.420393e-12   1.000000e+02
5.568596e-02   1.761124e-12   1.000000e+02
5.620174e-02   2.190780e-12   1.000000e+02
5.672229e-02   2.731255e-12   1.000000e+02
5.724766e-02   3.408844e-12   1.000000e+02
5.777790e-02   4.254616e-12   1.000000e+02
5.831305e-02   5.304553e-12   1.000000e+02
5.885316e-02   6.599323e-12   1.000000e+02
5.939827e-02   8.183498e-12   1.000000e+02
5.994843e-02   1.010403e-11   1.000000e+02
6.050368e-02   1.240983e-11   1.000000e+02
6.106408e-02   1.516129e-11   1.000000e+02
6.162966e-02   1.842966e-11   1.000000e+02
6.220049e-02   2.229564e-11   1.000000e+02
6.277660e-02   2.685066e-11   1.000000e+02
6.335805e-02   3.219836e-11   1.000000e+02
6.394488e-02   3.845627e-11   1.000000e+02
6.453715e-02   4.575791e-11   1.000000e+02
6.513491e-02   5.425528e-11   1.000000e+02
6.573820e-02   6.412177e-11   1.000000e+02
6.634708e-02   7.555581e-11   1.000000e+02
6.696160e-02   8.878509e-11   1.000000e+02
6.758181e-02   1.040718e-10   1.000000e+02
6.820777e-02   1.217189e-10   1.000000e+02
6.883952e-02   1.420777e-10   1.000000e+02
6.947713e-02   1.655572e-10   1.000000e+02
7.012064e-02   1.926348e-10   1.000000e+02
7.077011e-02   2.238500e-10   1.000000e+02
7.142559e-02   2.597719e-10   1.000000e+02
7.208715e-02   3.010263e-10   1.000000e+02
7.275484e-02   3.483034e-10   1.000000e+02
7.342870e-02   4.023614e-10   1.000000e+02
7.410882e-02   4.640282e-10   1.000000e+02
7.479523e-02   5.342028e-10   1.000000e+02
7.548799e-02   6.138549e-10   1.000000e+02
7.618718e-02   7.040238e-10   1.000000e+02
7.689284e-02   8.058146e-10   1.000000e+02
7.760503e-02   9.203928e-10   1.000000e+02
7.832383e-02   1.048977e-09   1.000000e+02
7.904928e-02   1.192826e-09   1.000000e+02
7.978145e-02   1.353229e-09   1.000000e+02
8.052040e-02   1.531425e-09   1.000000e+02
8.126619e-02   1.727938e-09   1.000000e+02
8.201889e-02   1.942436e-09   1.000000e+02
8.277857e-02   2.173845e-09   1.000000e+02
8.354528e-02   2.420197e-09   1.000000e+02
8.431909e-02   2.678491e-09   1.000000e+02
8.510007e-02   2.944583e-09   1.000000e+02
8.588829e-02   3.213132e-09   1.000000e+02
8.668380e-02   3.477616e-09   1.000000e+02
8.748668e-02   3.730439e-09   1.000000e+02
8.829700e-02   3.963150e-09   1.000000e+02
8.911482e-02   4.166778e-09   1.000000e+02
8.994022e-02   4.332280e-09   1.000000e+02
9.077327e-02   4.453086e-09   1.000000e+02
9.161402e-02   4.533953e-09   1.000000e+02
9.246257e-02   4.584664e-09   1.000000e+02
9.331898e-02   4.616323e-09   1.000000e+02
9.418332e-02   4.640734e-09   1.000000e+02
9.505566e-02   4.670061e-09   1.000000e+02
9.593608e-02   4.716797e-09   1.000000e+02
9.682466e-02   4.794068e-09   1.000000e+02
9.772147e-02   4.916286e-09   1.000000e+02
9.862658e-02   5.100228e-09   1.000000e+02
9.954008e-02   5.366673e-09   1.000000e+02
1.004620e-01   5.742259e-09   1.000000e+02
1.013925e-01   6.248839e-09   1.000000e+02
1.023317e-01   6.900958e-09   1.000000e+02
1.032795e-01   7.716548e-09   1.000000e+02
1.042361e-01   8.716666e-09   1.000000e+02
1.052015e-01   9.924337e-09   1.000000e+02
1.061759e-01   1.136283e-08   1.000000e+02
1.071593e-01   1.305315e-08   1.000000e+02
1.081519e-01   1.501061e-08   1.000000e+02
1.091536e-01   1.724033e-08   1.000000e+02
1.101646e-01   1.973185e-08   1.000000e+02
1.111850e-01   2.247010e-08   1.000000e+02
1.122148e-01   2.546909e-08   1.000000e+02
1.132541e-01   2.875236e-08   1.000000e+02
1.143031e-01   3.234940e-08   1.000000e+02
1.153618e-01   3.629711e-08   1.000000e+02
1.164303e-01   4.064170e-08   1.000000e+02
1.175087e-01   4.544083e-08   1.000000e+02
1.185971e-01   5.076636e-08   1.000000e+02
1.196956e-01   5.670766e-08   1.000000e+02
1.208042e-01   6.337250e-08   1.000000e+02
1.219231e-01   7.085792e-08   1.000000e+02
1.230524e-01   7.925323e-08   1.000000e+02
1.241921e-01   8.865389e-08   1.000000e+02
1.253424e-01   9.916129e-08   1.000000e+02
1.265034e-01   1.108821e-07   1.000000e+02
1.276751e-01   1.239272e-07   1.000000e+02
1.288576e-01   1.384105e-07   1.000000e+02
1.300511e-01   1.544472e-07   1.000000e+02
1.312557e-01   1.721520e-07   1.000000e+02
1.324714e-01   1.916385e-07   1.000000e+02
1.336984e-01   2.130152e-07   1.000000e+02
1.349367e-01   2.363818e-07   1.000000e+02
1.361865e-01   2.618253e-07   1.000000e+02
1.374479e-01   2.894156e-07   1.000000e+02
1.387210e-01   3.192002e-07   1.000000e+02
1.400058e-01   3.511997e-07   1.000000e+02
1.413026e-01   3.854622e-07   1.000000e+02
1.426114e-01   4.222828e-07   1.000000e+02
1.439323e-01   4.621076e-07   1.000000e+02
1.452654e-01   5.055045e-07   1.000000e+02
1.466109e-01   5.531884e-07   1.000000e+02
1.479688e-01   6.060540e-07   1.000000e+02
1.493393e-01   6.652178e-07   1.000000e+02
1.507225e-01   7.320516e-07   1.000000e+02
1.521186e-01   8.077599e-07   1.000000e+02
1.535275e-01   8.932327e-07   1.000000e+02
1.549495e-01   9.893670e-07   1.000000e+02
1.563847e-01   1.097058e-06   1.000000e+02
1.578331e-01   1.217165e-06   1.000000e+02
1.592950e-01   1.350474e-06   1.000000e+02
1.607704e-01   1.497663e-06   1.000000e+02
1.622595e-01   1.659671e-06   1.000000e+02
1.637624e-01   1.837840e-06   1.000000e+02
1.652792e-01   2.033636e-06   1.000000e+02
1.668101e-01   2.248642e-06   1.000000e+02
1.683551e-01   2.484569e-06   1.000000e+02
1.699144e-01   2.743263e-06   1.000000e+02
1.714882e-01   3.026715e-06   1.000000e+02
1.730766e-01   3.337069e-06   1.000000e+02
1.746796e-01   3.676633e-06   1.000000e+02
1.762975e-01   4.047892e-06   1.000000e+02
1.779304e-01   4.453517e-06   1.000000e+02
1.795785e-01   4.896375e-06   1.000000e+02
1.812418e-01   5.379565e-06   1.000000e+02
1.829205e-01   5.906602e-06   1.000000e+02
1.846147e-01   6.481419e-06   1.000000e+02
1.863246e-01   7.108347e-06   1.000000e+02
1.880504e-01   7.792150e-06   1.000000e+02
1.897922e-01   8.538081e-06   1.000000e+02
1.915501e-01   9.351936e-06   1.000000e+02
1.933242e-01   1.024012e-05   1.000000e+02
1.951148e-01   1.120974e-05   1.000000e+02
1.969220e-01   1.226863e-05   1.000000e+02
1.987460e-01   1.342554e-05   1.000000e+02
2.005868e-01   1.469014e-05   1.000000e+02
2.024447e-01   1.607281e-05   1.000000e+02
2.043197e-01   1.758432e-05   1.000000e+02
2.062122e-01   1.923628e-05   1.000000e+02
2.081222e-01   2.104130e-05   1.000000e+02
2.100498e-01   2.301307e-05   1.000000e+02
2.119953e-01   2.516640e-05   1.000000e+02
2.139589e-01   2.751733e-05   1.000000e+02
2.159406e-01   3.008324e-05   1.000000e+02
2.179407e-01   3.288291e-05   1.000000e+02
2.199593e-01   3.593664e-05   1.000000e+02
2.219966e-01   3.926633e-05   1.000000e+02
2.240528e-01   4.289565e-05   1.000000e+02
2.261280e-01   4.685008e-05   1.000000e+02
2.282224e-01   5.115709e-05   1.000000e+02
2.303363e-01   5.584626e-05   1.000000e+02
2.324697e-01   6.094937e-05   1.000000e+02
2.346229e-01   6.650060e-05   1.000000e+02
2.367960e-01   7.253661e-05   1.000000e+02
2.389893e-01   7.909675e-05   1.000000e+02
2.412028e-01   8.622314e-05   1.000000e+02
2.434369e-01   9.396089e-05   1.000000e+02
2.456916e-01   1.023582e-04   1.000000e+02
2.479673e-01   1.114667e-04   1.000000e+02
2.502640e-01   1.213411e-04   1.000000e+02
2.525820e-01   1.320408e-04   1.000000e+02
2.549215e-01   1.436308e-04   1.000000e+02
2.572826e-01   1.561816e-04   1.000000e+02
2.596656e-01   1.697689e-04   1.000000e+02
2.620707e-01   1.844743e-04   1.000000e+02
2.644980e-01   2.003854e-04   1.000000e+02
2.669478e-01   2.175968e-04   1.000000e+02
2.694204e-01   2.362098e-04   1.000000e+02
2.719158e-01   2.563340e-04   1.000000e+02
2.744343e-01   2.780867e-04   1.000000e+02
2.769762e-01   3.015946e-04   1.000000e+02
2.795416e-01   3.269938e-04   1.000000e+02
2.821308e-01   3.544307e-04   1.000000e+02
2.847439e-01   3.840629e-04   1.000000e+02
2.873813e-01   4.160599e-04   1.000000e+02
2.900430e-01   4.506042e-04   1.000000e+02
2.927295e-01   4.878920e-04   1.000000e+02
2.954408e-01   5.281346e-04   1.000000e+02
2.981772e-01   5.715594e-04   1.000000e+02
3.009390e-01   6.184109e-04   1.000000e+02
3.037264e-01   6.689488e-04   1.000000e+02
3.065395e-01   7.234453e-04   1.000000e+02
3.093788e-01   7.821904e-04   1.000000e+02
3.122443e-01   8.454932e-04   1.000000e+02
3.151363e-01   9.136829e-04   1.000000e+02
3.180552e-01   9.871099e-04   1.000000e+02
3.210011e-01   1.066147e-03   1.000000e+02
3.239743e-01   1.151190e-03   1.000000e+02
3.269750e-01   1.242659e-03   1.000000e+02
3.300035e-01   1.341001e-03   1.000000e+02
3.330600e-01   1.446689e-03   1.000000e+02
3.361449e-01   1.560225e-03   1.000000e+02
3.392583e-01   1.682140e-03   1.000000e+02
3.424006e-01   1.812995e-03   1.000000e+02
3.455720e-01   1.953383e-03   1.000000e+02
3.487727e-01   2.103932e-03   1.000000e+02
3.520031e-01   2.265304e-03   1.000000e+02
3.552635e-01   2.438228e-03   1.000000e+02
3.585540e-01   2.623502e-03   1.000000e+02
3.618750e-01   2.821978e-03   1.000000e+02
3.652267e-01   3.034571e-03   1.000000e+02
3.686095e-01   3.262261e-03   1.000000e+02
3.720237e-01   3.506097e-03   1.000000e+02
3.754694e-01   3.767206e-03   1.000000e+02
3.789471e-01   4.046793e-03   1.000000e+02
3.824570e-01   4.346155e-03   1.000000e+02
3.859994e-01   4.666680e-03   1.000000e+02
3.895746e-01   5.009862e-03   1.000000e+02
3.931829e-01   5.377304e-03   1.000000e+02
3.968246e-01   5.770729e-03   1.000000e+02
4.005001e-01   6.191990e-03   1.000000e+02
4.042096e-01   6.643022e-03   1.000000e+02
4.079535e-01   7.125734e-03   1.000000e+02
4.117320e-01   7.642097e-03   1.000000e+02
4.155455e-01   8.194179e-03   1.000000e+02
4.193944e-01   8.784135e-03   1.000000e+02
4.232789e-01   9.414212e-03   1.000000e+02
4.271994e-01   1.008675e-02   1.000000e+02
4.311562e-01   1.080417e-02   1.000000e+02
4.351497e-01   1.156898e-02   1.000000e+02
4.391801e-01   1.238379e-02   1.000000e+02
4.432479e-01   1.325126e-02   1.000000e+02
4.473533e-01   1.417415e-02   1.000000e+02
4.514968e-01   1.515527e-02   1.000000e+02
4.556786e-01   1.619777e-02   1.000000e+02
4.598992e-01   1.730535e-02   1.000000e+02
4.641589e-01   1.848196e-02   1.000000e+02
4.684580e-01   1.973183e-02   1.000000e+02
4.727970e-01   2.105948e-02   1.000000e+02
4.771761e-01   2.246974e-02   1.000000e+02
4.815958e-01   2.396777e-02   1.000000e+02
4.860564e-01   2.555912e-02   1.000000e+02
4.905584e-01   2.724969e-02   1.000000e+02
4.951020e-01   2.904586e-02   1.000000e+02
4.996877e-01   3.095443e-02   1.000000e+02
5.043159e-01   3.298262e-02   1.000000e+02
5.089870e-01   3.513754e-02   1.000000e+02
5.137014e-01   3.742652e-02   1.000000e+02
5.184594e-01   3.985727e-02   1.000000e+02
5.232614e-01   4.243785e-02   1.000000e+02
5.281080e-01   4.517678e-02   1.000000e+02
5.329994e-01   4.808293e-02   1.000000e+02
5.379362e-01   5.116564e-02   1.000000e+02
5.429186e-01   5.443469e-02   1.000000e+02
5.479472e-01   5.790032e-02   1.000000e+02
5.530224e-01   6.157324e-02   1.000000e+02
5.581446e-01   6.546465e-02   1.000000e+02
5.633143e-01   6.958625e-02   1.000000e+02
5.685318e-01   7.395029e-02   1.000000e+02
5.737976e-01   7.856951e-02   1.000000e+02
5.791123e-01   8.345723e-02   1.000000e+02
5.844761e-01   8.862733e-02   1.000000e+02
5.898896e-01   9.409425e-02   1.000000e+02
5.953533e-01   9.987303e-02   1.000000e+02
6.008676e-01   1.059793e-01   1.000000e+02
6.064329e-01   1.124295e-01   1.000000e+02
6.120498e-01   1.192413e-01   1.000000e+02
6.177188e-01   1.264333e-01   1.000000e+02
6.234402e-01   1.340247e-01   1.000000e+02
6.292146e-01   1.420360e-01   1.000000e+02
6.350425e-01   1.504884e-01   1.000000e+02
6.409244e-01   1.594041e-01   1.000000e+02
6.468608e-01   1.688063e-01   1.000000e+02
6.528521e-01   1.787195e-01   1.000000e+02
6.588990e-01   1.891689e-01   1.000000e+02
6.650018e-01   2.001813e-01   1.000000e+02
6.711612e-01   2.117844e-01   1.000000e+02
6.773776e-01   2.240073e-01   1.000000e+02
6.836516e-01   2.368802e-01   1.000000e+02
6.899837e-01   2.504351e-01   1.000000e+02
6.963745e-01   2.647050e-01   1.000000e+02
7.028244e-01   2.797245e-01   1.000000e+02
7.093341e-01   2.955295e-01   1.000000e+02
7.159041e-01   3.121570e-01   1.000000e+02
7.225349e-01   3.296454e-01   1.000000e+02
7.292272e-01   3.480347e-01   1.000000e+02
7.359814e-01   3.673665e-01   1.000000e+02
7.427982e-01   3.876840e-01   1.000000e+02
7.496782e-01   4.090321e-01   1.000000e+02
7.566219e-01   4.314575e-01   1.000000e+02
7.636298e-01   4.550085e-01   1.000000e+02
7.707027e-01   4.797354e-01   1.000000e+02
7.778411e-01   5.056904e-01   1.000000e+02
7.850456e-01   5.329275e-01   1.000000e+02
7.923169e-01   5.615028e-01   1.000000e+02
7.996555e-01   5.914745e-01   1.000000e+02
8.070620e-01   6.229027e-01   1.000000e+02
8.145372e-01   6.558506e-01   1.000000e+02
8.220816e-01   6.903833e-01   1.000000e+02
8.296959e-01   7.265688e-01   1.000000e+02
8.373807e-01   7.644773e-01   1.000000e+02
8.451366e-01   8.041816e-01   1.000000e+02
8.529644e-01   8.457571e-01   1.000000e+02
8.608648e-01   8.892822e-01   1.000000e+02
8.688383e-01   9.348376e-01   1.000000e+02
8.768856e-01   9.825072e-01   1.000000e+02
8.850075e-01   1.032378e+00   1.000000e+02
8.932046e-01   1.084539e+00   1.000000e+02
9.014776e-01   1.139084e+00   1.000000e+02
9.098273e-01   1.196108e+00   1.000000e+02
9.182543e-01   1.255709e+00   1.000000e+02
9.267593e-01   1.317988e+00   1.000000e+02
9.353432e-01   1.383050e+00   1.000000e+02
9.440065e-01   1.451000e+00   1.000000e+02
9.527500e-01   1.521950e+00   1.000000e+02
9.615746e-01   1.596014e+00   1.000000e+02
9.704809e-01   1.673308e+00   1.000000e+02
9.794697e-01   1.753952e+00   1.000000e+02
9.885417e-01   1.838071e+00   1.000000e+02
9.976978e-01   1.925792e+00   1.000000e+02
1.006939e+00   2.017245e+00   1.000000e+02
1.016265e+00   2.112566e+00   1.000000e+02
1.025678e+00   2.211896e+00   1.000000e+02
1.035178e+00   2.315378e+00   1.000000e+02
1.044766e+00   2.423160e+00   1.000000e+02
1.054443e+00   2.535396e+00   1.000000e+02
1.064209e+00   2.652240e+00   1.000000e+02
1.074066e+00   2.773854e+00   1.000000e+02
1.084014e+00   2.900404e+00   1.000000e+02
1.094055e+00   3.032058e+00   1.000000e+02
1.104188e+00   3.168990e+00   1.000000e+02
1.114415e+00   3.311379e+00   1.000000e+02
1.124737e+00   3.459409e+00   1.000000e+02
1.135155e+00   3.613266e+00   1.000000e+02
1.145669e+00   3.773143e+00   1.000000e+02
1.156280e+00   3.939238e+00   1.000000e+02
1.166990e+00   4.111752e+00   1.000000e+02
1.177799e+00   4.290892e+00   1.000000e+02
1.188708e+00   4.476870e+00   1.000000e+02
1.199718e+00   4.669903e+00   1.000000e+02
1.210830e+00   4.870212e+00   1.000000e+02
1.222045e+00   5.078025e+00   1.000000e+02
1.233363e+00   5.293573e+00   1.000000e+02
1.244787e+00   5.517093e+00   1.000000e+02
1.256317e+00   5.748828e+00   1.000000e+02
1.267953e+00   5.989038e+00   1.000000e+02
1.279697e+00   6.238003e+00   1.000000e+02
1.291550e+00   6.496008e+00   1.000000e+02
1.303512e+00   6.763354e+00   1.000000e+02
1.315586e+00   7.040348e+00   1.000000e+02
1.327771e+00   7.327310e+00   1.000000e+02
1.340069e+00   7.624568e+00   1.000000e+02
1.352481e+00   7.932466e+00   1.000000e+02
1.365008e+00   8.251357e+00   1.000000e+02
1.377651e+00   8.581606e+00   1.000000e+02
1.390411e+00   8.923595e+00   1.000000e+02
1.403289e+00   9.277717e+00   1.000000e+02
1.416287e+00   9.644379e+00   1.000000e+02
1.429405e+00   1.002400e+01   1.000000e+02
1.442644e+00   1.041703e+01   1.000000e+02
1.456006e+00   1.082392e+01   1.000000e+02
1.469492e+00   1.124513e+01   1.000000e+02
1.483103e+00   1.168116e+01   1.000000e+02
1.496839e+00   1.213252e+01   1.000000e+02
1.510703e+00   1.259972e+01   1.000000e+02
1.524696e+00   1.308315e+01   1.000000e+02
1.538818e+00   1.358311e+01   1.000000e+02
1.553071e+00   1.409990e+01   1.000000e+02
1.567455e+00   1.463379e+01   1.000000e+02
1.581973e+00   1.518504e+01   1.000000e+02
1.596626e+00   1.575388e+01   1.000000e+02
1.611414e+00   1.634052e+01   1.000000e+02
1.626340e+00   1.694514e+01   1.000000e+02
1.641403e+00   1.756790e+01   1.000000e+02
1.656606e+00   1.820890e+01   1.000000e+02
1.671950e+00   1.886823e+01   1.000000e+02
1.687436e+00   1.954594e+01   1.000000e+02
1.703065e+00   2.024203e+01   1.000000e+02
1.718839e+00   2.095646e+01   1.000000e+02
1.734759e+00   2.168913e+01   1.000000e+02
1.750827e+00   2.243991e+01   1.000000e+02
1.767044e+00   2.320875e+01   1.000000e+02
1.783410e+00   2.399604e+01   1.000000e+02
1.799929e+00   2.480232e+01   1.000000e+02
1.816600e+00   2.562816e+01   1.000000e+02
1.833425e+00   2.647418e+01   1.000000e+02
1.850407e+00   2.734106e+01   1.000000e+02
1.867546e+00   2.822952e+01   1.000000e+02
1.884843e+00   2.914032e+01   1.000000e+02
1.902301e+00   3.007431e+01   1.000000e+02
1.919921e+00   3.103238e+01   1.000000e+02
1.937703e+00   3.201549e+01   1.000000e+02
1.955651e+00   3.302466e+01   1.000000e+02
1.973764e+00   3.406101e+01   1.000000e+02
1.992046e+00   3.512570e+01   1.000000e+02
2.010496e+00   3.621999e+01   1.000000e+02
2.029118e+00   3.734477e+01   1.000000e+02
2.047912e+00   3.850063e+01   1.000000e+02
2.066880e+00   3.968814e+01   1.000000e+02
2.086024e+00   4.090785e+01   1.000000e+02
2.105345e+00   4.216032e+01   1.000000e+02
2.124845e+00   4.344609e+01   1.000000e+02
2.144526e+00   4.476569e+01   1.000000e+02
2.164389e+00   4.611964e+01   1.000000e+02
2.184436e+00   4.750845e+01   1.000000e+02
2.204669e+00   4.893261e+01   1.000000e+02
2.225089e+00   5.039259e+01   1.000000e+02
2.245698e+00   5.188884e+01   1.000000e+02
2.266498e+00   5.342181e+01   1.000000e+02
2.287491e+00   5.499190e+01   1.000000e+02
2.308678e+00   5.659950e+01   1.000000e+02
2.330061e+00   5.824498e+01   1.000000e+02
2.351643e+00   5.992868e+01   1.000000e+02
2.373424e+00   6.165091e+01   1.000000e+02
2.395407e+00   6.341193e+01   1.000000e+02
2.417594e+00   6.521199e+01   1.000000e+02
2.439986e+00   6.705130e+01   1.000000e+02
2.462586e+00   6.893003e+01   1.000000e+02
2.485395e+00   7.084831e+01   1.000000e+02
2.508415e+00   7.280622e+01   1.000000e+02
2.531648e+00   7.480402e+01   1.000000e+02
2.555097e+00   7.684219e+01   1.000000e+02
2.578763e+00   7.892124e+01   1.000000e+02
2.602648e+00   8.104171e+01   1.000000e+02
2.626754e+00   8.320413e+01   1.000000e+02
2.651084e+00   8.540903e+01   1.000000e+02
2.675638e+00   8.765696e+01   1.000000e+02
2.700421e+00   8.994847e+01   1.000000e+02
2.725433e+00   9.228413e+01   1.000000e+02
2.750676e+00   9.466451e+01   1.000000e+02
2.776153e+00   9.709020e+01   1.000000e+02
2.801867e+00   9.956178e+01   1.000000e+02
2.827818e+00   1.020799e+02   1.000000e+02
2.854010e+00   1.046451e+02   1.000000e+02
2.880444e+00   1.072580e+02   1.000000e+02
2.907123e+00   1.099193e+02   1.000000e+02
2.934050e+00   1.126296e+02   1.000000e+02
2.961225e+00   1.153897e+02   1.000000e+02
2.988653e+00   1.182001e+02   1.000000e+02
3.016334e+00   1.210615e+02   1.000000e+02
3.044272e+00   1.239746e+02   1.000000e+02
3.072469e+00   1.269397e+02   1.000000e+02
3.100927e+00   1.299572e+02   1.000000e+02
3.129648e+00   1.330276e+02   1.000000e+02
3.158635e+00   1.361511e+02   1.000000e+02
3.187891e+00   1.393283e+02   1.000000e+02
3.217418e+00   1.425593e+02   1.000000e+02
3.247218e+00   1.458447e+02   1.000000e+02
3.277295e+00   1.491846e+02   1.000000e+02
3.307650e+00   1.525795e+02   1.000000e+02
3.338286e+00   1.560295e+02   1.000000e+02
3.369206e+00   1.595351e+02   1.000000e+02
3.400412e+00   1.630964e+02   1.000000e+02
3.431907e+00   1.667137e+02   1.000000e+02
3.463694e+00   1.703872e+02   1.000000e+02
3.495776e+00   1.741172e+02   1.000000e+02
3.528154e+00   1.779039e+02   1.000000e+02
3.560833e+00   1.817475e+02   1.000000e+02
3.593814e+00   1.856483e+02   1.000000e+02
3.627100e+00   1.896068e+02   1.000000e+02
3.660695e+00   1.936232e+02   1.000000e+02
3.694601e+00   1.976978e+02   1.000000e+02
3.728821e+00   2.018308e+02   1.000000e+02
3.763358e+00   2.060227e+02   1.000000e+02
3.798215e+00   2.102736e+02   1.000000e+02
3.833395e+00   2.145839e+02   1.000000e+02
3.868901e+00   2.189538e+02   1.000000e+02
3.904735e+00   2.233836e+02   1.000000e+02
3.940902e+00   2.278735e+02   1.000000e+02
3.977403e+00   2.324238e+02   1.000000e+02
4.014242e+00   2.370348e+02   1.000000e+02
4.051423e+00   2.417067e+02   1.000000e+02
4.088948e+00   2.464396e+02   1.000000e+02
4.126821e+00   2.512337e+02   1.000000e+02
4.165044e+00   2.560892e+02   1.000000e+02
4.203622e+00   2.610062e+02   1.000000e+02
4.242556e+00   2.659848e+02   1.000000e+02
4.281852e+00   2.710252e+02   1.000000e+02
4.321511e+00   2.761274e+02   1.000000e+02
4.361538e+00   2.812916e+02   1.000000e+02
4.401935e+00   2.865179e+02   1.000000e+02
4.442707e+00   2.918063e+02   1.000000e+02
4.483856e+00   2.971568e+02   1.000000e+02
4.525386e+00   3.025697e+02   1.000000e+02
4.567301e+00   3.080448e+02   1.000000e+02
4.609604e+00   3.135823e+02   1.000000e+02
4.652300e+00   3.191821e+02   1.000000e+02
4.695390e+00   3.248443e+02   1.000000e+02
4.738880e+00   3.305690e+02   1.000000e+02
4.782772e+00   3.363560e+02   1.000000e+02
4.827071e+00   3.422053e+02   1.000000e+02
4.871780e+00   3.481171e+02   1.000000e+02
4.916904e+00   3.540911e+02   1.000000e+02
4.962445e+00   3.601275e+02   1.000000e+02
5.008408e+00   3.662260e+02   1.000000e+02
5.054797e+00   3.723868e+02   1.000000e+02
5.101615e+00   3.786096e+02   1.000000e+02
5.148867e+00   3.848943e+02   1.000000e+02
5.196557e+00   3.912408e+02   1.000000e+02
5.244689e+00   3.976491e+02   1.000000e+02
5.293266e+00   4.041189e+02   1.000000e+02
5.342293e+00   4.106500e+02   1.000000e+02
5.391775e+00   4.172424e+02   1.000000e+02
5.441714e+00   4.238958e+02   1.000000e+02
5.492116e+00   4.306101e+02   1.000000e+02
5.542986e+00   4.373850e+02   1.000000e+02
5.594326e+00   4.442203e+02   1.000000e+02
5.646141e+00   4.511159e+02   1.000000e+02
5.698437e+00   4.580714e+02   1.000000e+02
5.751217e+00   4.650867e+02   1.000000e+02
5.804486e+00   4.721615e+02   1.000000e+02
5.858248e+00   4.792955e+02   1.000000e+02
5.912508e+00   4.864885e+02   1.000000e+02
5.967271e+00   4.937401e+02   1.000000e+02
6.022541e+00   5.010502e+02   1.000000e+02
6.078323e+00   5.084184e+02   1.000000e+02
6.134622e+00   5.158442e+02   1.000000e+02
6.191442e+00   5.233274e+02   1.000000e+02
6.248788e+00   5.308675e+02   1.000000e+02
6.306666e+00   5.384641e+02   1.000000e+02
6.365079e+00   5.461167e+02   1.000000e+02
6.424034e+00   5.538250e+02   1.000000e+02
6.483534e+00   5.615885e+02   1.000000e+02
6.543586e+00   5.694067e+02   1.000000e+02
6.604194e+00   5.772791e+02   1.000000e+02
6.665363e+00   5.852053e+02   1.000000e+02
6.727099e+00   5.931848e+02   1.000000e+02
6.789407e+00   6.012170e+02   1.000000e+02
6.852292e+00   6.093015e+02   1.000000e+02
6.915759e+00   6.174376e+02   1.000000e+02
6.979814e+00   6.256250e+02   1.000000e+02
7.044462e+00   6.338630e+02   1.000000e+02
7.109709e+00   6.421509e+02   1.000000e+02
7.175561e+00   6.504882e+02   1.000000e+02
7.242022e+00   6.588740e+02   1.000000e+02
7.309099e+00   6.673077e+02   1.000000e+02
7.376798e+00   6.757885e+02   1.000000e+02
7.445123e+00   6.843156e+02   1.000000e+02
7.514081e+00   6.928884e+02   1.000000e+02
7.583678e+00   7.015059e+02   1.000000e+02
7.653919e+00   7.101675e+02   1.000000e+02
7.724811e+00   7.188722e+02   1.000000e+02
7.796360e+00   7.276192e+02   1.000000e+02
7.868572e+00   7.364078e+02   1.000000e+02
7.941452e+00   7.452370e+02   1.000000e+02
8.015007e+00   7.541060e+02   1.000000e+02
8.089243e+00   7.630138e+02   1.000000e+02
8.164168e+00   7.719593e+02   1.000000e+02
8.239786e+00   7.809412e+02   1.000000e+02
8.316104e+00   7.899583e+02   1.000000e+02
8.393129e+00   7.990093e+02   1.000000e+02
8.470868e+00   8.080931e+02   1.000000e+02
8.549327e+00   8.172082e+02   1.000000e+02
8.628513e+00   8.263534e+02   1.000000e+02
8.708431e+00   8.355273e+02   1.000000e+02
8.789091e+00   8.447284e+02   1.000000e+02
8.870497e+00   8.539555e+02   1.000000e+02
8.952657e+00   8.632071e+02   1.000000e+02
9.035578e+00   8.724816e+02   1.000000e+02
9.119268e+00   8.817777e+02   1.000000e+02
9.203732e+00   8.910938e+02   1.000000e+02
9.288979e+00   9.004284e+02   1.000000e+02
9.375015e+00   9.097799e+02   1.000000e+02
9.461848e+00   9.191469e+02   1.000000e+02
9.549486e+00   9.285275e+02   1.000000e+02
9.637935e+00   9.379204e+02   1.000000e+02
9.727203e+00   9.473237e+02   1.000000e+02
9.817298e+00   9.567359e+02   1.000000e+02
9.908228e+00   9.661552e+02   1.000000e+02
1.000000e+01   9.755800e+02   1.000000e+02
