# Li9 + t > Be11 + n   [Li9_t__Be11_n]   ref=TALYS2, Koning et al. 2023
# detailed balance: alpha=7.6647 beta=0 gamma=-135.294  Q=11.6588
# T9                 rate                error
1.000000e-03   1.000000e-35   1.000000e+02
1.009262e-03   1.046196e-35   1.000000e+02
1.018610e-03   1.096171e-35   1.000000e+02
1.028045e-03   1.150264e-35   1.000000e+02
1.037567e-03   1.208851e-35   1.000000e+02
1.047177e-03   1.272350e-35   1.000000e+02
1.056876e-03   1.341223e-35   1.000000e+02
1.066665e-03   1.415983e-35   1.000000e+02
1.076545e-03   1.497202e-35   1.000000e+02
1.086516e-03   1.585514e-35   1.000000e+02
1.096579e-03   1.681624e-35   1.000000e+02
1.106736e-03   1.786322e-35   1.000000e+02
1.116987e-03   1.900484e-35   1.000000e+02
1.127333e-03   2.025092e-35   1.000000e+02
1.137774e-03   2.161243e-35   1.000000e+02
1.148312e-03   2.310164e-35   1.000000e+02
1.158948e-03   2.473231e-35   1.000000e+02
1.169683e-03   2.651988e-35   1.000000e+02
1.180517e-03   2.848167e-35   1.000000e+02
1.191451e-03   3.063717e-35   1.000000e+02
1.202486e-03   3.300830e-35   1.000000e+02
1.213624e-03   3.561980e-35   1.000000e+02
1.224865e-03   3.849956e-35   1.000000e+02
1.236210e-03   4.167907e-35   1.000000e+02
1.247660e-03   4.519398e-35   1.000000e+02
1.259216e-03   4.908464e-35   1.000000e+02
1.270879e-03   5.339681e-35   1.000000e+02
1.282650e-03   5.818245e-35   1.000000e+02
1.294530e-03   6.350058e-35   1.000000e+02
1.306520e-03   6.941842e-35   1.000000e+02
1.318621e-03   7.601254e-35   1.000000e+02
1.330835e-03   8.337033e-35   1.000000e+02
1.343161e-03   9.159160e-35   1.000000e+02
1.355602e-03   1.007906e-34   1.000000e+02
1.368158e-03   1.110981e-34   1.000000e+02
1.380830e-03   1.226641e-34   1.000000e+02
1.393619e-03   1.356611e-34   1.000000e+02
1.406527e-03   1.502872e-34   1.000000e+02
1.419555e-03   1.667708e-34   1.000000e+02
1.432703e-03   1.853750e-34   1.000000e+02
1.445973e-03   2.064039e-34   1.000000e+02
1.459366e-03   2.302090e-34   1.000000e+02
1.472883e-03   2.571975e-34   1.000000e+02
1.486525e-03   2.878414e-34   1.000000e+02
1.500293e-03   3.226889e-34   1.000000e+02
1.514189e-03   3.623777e-34   1.000000e+02
1.528214e-03   4.076501e-34   1.000000e+02
1.542369e-03   4.593721e-34   1.000000e+02
1.556654e-03   5.185551e-34   1.000000e+02
1.571072e-03   5.863818e-34   1.000000e+02
1.585624e-03   6.642379e-34   1.000000e+02
1.600310e-03   7.537487e-34   1.000000e+02
1.615133e-03   8.568236e-34   1.000000e+02
1.630092e-03   9.757093e-34   1.000000e+02
1.645191e-03   1.113053e-33   1.000000e+02
1.660429e-03   1.271979e-33   1.000000e+02
1.675808e-03   1.456178e-33   1.000000e+02
1.691330e-03   1.670022e-33   1.000000e+02
1.706995e-03   1.918692e-33   1.000000e+02
1.722805e-03   2.208337e-33   1.000000e+02
1.738762e-03   2.546275e-33   1.000000e+02
1.754867e-03   2.941216e-33   1.000000e+02
1.771121e-03   3.403553e-33   1.000000e+02
1.787526e-03   3.945703e-33   1.000000e+02
1.804082e-03   4.582522e-33   1.000000e+02
1.820792e-03   5.331819e-33   1.000000e+02
1.837656e-03   6.214970e-33   1.000000e+02
1.854677e-03   7.257677e-33   1.000000e+02
1.871855e-03   8.490894e-33   1.000000e+02
1.889193e-03   9.951961e-33   1.000000e+02
1.906691e-03   1.168599e-32   1.000000e+02
1.924351e-03   1.374758e-32   1.000000e+02
1.942175e-03   1.620290e-32   1.000000e+02
1.960163e-03   1.913232e-32   1.000000e+02
1.978319e-03   2.263356e-32   1.000000e+02
1.996642e-03   2.682569e-32   1.000000e+02
2.015136e-03   3.185397e-32   1.000000e+02
2.033800e-03   3.789600e-32   1.000000e+02
2.052638e-03   4.516920e-32   1.000000e+02
2.071650e-03   5.394023e-32   1.000000e+02
2.090838e-03   6.453672e-32   1.000000e+02
2.110203e-03   7.736184e-32   1.000000e+02
2.129749e-03   9.291263e-32   1.000000e+02
2.149475e-03   1.118029e-31   1.000000e+02
2.169384e-03   1.347918e-31   1.000000e+02
2.189477e-03   1.628204e-31   1.000000e+02
2.209756e-03   1.970566e-31   1.000000e+02
2.230223e-03   2.389529e-31   1.000000e+02
2.250880e-03   2.903185e-31   1.000000e+02
2.271728e-03   3.534115e-31   1.000000e+02
2.292769e-03   4.310545e-31   1.000000e+02
2.314005e-03   5.267829e-31   1.000000e+02
2.335438e-03   6.450319e-31   1.000000e+02
2.357069e-03   7.913761e-31   1.000000e+02
2.378901e-03   9.728350e-31   1.000000e+02
2.400935e-03   1.198263e-30   1.000000e+02
2.423173e-03   1.478849e-30   1.000000e+02
2.445617e-03   1.828761e-30   1.000000e+02
2.468268e-03   2.265964e-30   1.000000e+02
2.491130e-03   2.813291e-30   1.000000e+02
2.514203e-03   3.499807e-30   1.000000e+02
2.537490e-03   4.362579e-30   1.000000e+02
2.560993e-03   5.448973e-30   1.000000e+02
2.584714e-03   6.819622e-30   1.000000e+02
2.608654e-03   8.552290e-30   1.000000e+02
2.632815e-03   1.074690e-29   1.000000e+02
2.657201e-03   1.353209e-29   1.000000e+02
2.681813e-03   1.707379e-29   1.000000e+02
2.706652e-03   2.158639e-29   1.000000e+02
2.731722e-03   2.734751e-29   1.000000e+02
2.757023e-03   3.471724e-29   1.000000e+02
2.782559e-03   4.416360e-29   1.000000e+02
2.808332e-03   5.629605e-29   1.000000e+02
2.834343e-03   7.190973e-29   1.000000e+02
2.860596e-03   9.204410e-29   1.000000e+02
2.887091e-03   1.180606e-28   1.000000e+02
2.913832e-03   1.517459e-28   1.000000e+02
2.940820e-03   1.954493e-28   1.000000e+02
2.968059e-03   2.522658e-28   1.000000e+02
2.995549e-03   3.262815e-28   1.000000e+02
3.023295e-03   4.229151e-28   1.000000e+02
3.051297e-03   5.494861e-28   1.000000e+02
3.079559e-03   7.159100e-28   1.000000e+02
3.108082e-03   9.356510e-28   1.000000e+02
3.136870e-03   1.227096e-27   1.000000e+02
3.165924e-03   1.615505e-27   1.000000e+02
3.195248e-03   2.135790e-27   1.000000e+02
3.224842e-03   2.836512e-27   1.000000e+02
3.254712e-03   3.785667e-27   1.000000e+02
3.284857e-03   5.079106e-27   1.000000e+02
3.315282e-03   6.852909e-27   1.000000e+02
3.345989e-03   9.301670e-27   1.000000e+02
3.376980e-03   1.270576e-26   1.000000e+02
3.408259e-03   1.747230e-26   1.000000e+02
3.439826e-03   2.419715e-26   1.000000e+02
3.471687e-03   3.375974e-26   1.000000e+02
3.503842e-03   4.746901e-26   1.000000e+02
3.536296e-03   6.729036e-26   1.000000e+02
3.569049e-03   9.620172e-26   1.000000e+02
3.602107e-03   1.387572e-25   1.000000e+02
3.635470e-03   2.019886e-25   1.000000e+02
3.669142e-03   2.968604e-25   1.000000e+02
3.703127e-03   4.406431e-25   1.000000e+02
3.737426e-03   6.608258e-25   1.000000e+02
3.772042e-03   1.001631e-24   1.000000e+02
3.806980e-03   1.534986e-24   1.000000e+02
3.842241e-03   2.379213e-24   1.000000e+02
3.877828e-03   3.731207e-24   1.000000e+02
3.913746e-03   5.922547e-24   1.000000e+02
3.949995e-03   9.518448e-24   1.000000e+02
3.986581e-03   1.549451e-23   1.000000e+02
4.023506e-03   2.555434e-23   1.000000e+02
4.060772e-03   4.266736e-23   1.000000e+02
4.098384e-03   7.201513e-23   1.000000e+02
4.136344e-03   1.226859e-22   1.000000e+02
4.174655e-03   2.106467e-22   1.000000e+02
4.213322e-03   3.639568e-22   1.000000e+02
4.252346e-03   6.318677e-22   1.000000e+02
4.291732e-03   1.100601e-21   1.000000e+02
4.331483e-03   1.920467e-21   1.000000e+02
4.371602e-03   3.351995e-21   1.000000e+02
4.412093e-03   5.843398e-21   1.000000e+02
4.452959e-03   1.015872e-20   1.000000e+02
4.494203e-03   1.758614e-20   1.000000e+02
4.535829e-03   3.026954e-20   1.000000e+02
4.577841e-03   5.172387e-20   1.000000e+02
4.620241e-03   8.761373e-20   1.000000e+02
4.663035e-03   1.468910e-19   1.000000e+02
4.706225e-03   2.433922e-19   1.000000e+02
4.749815e-03   3.979717e-19   1.000000e+02
4.793808e-03   6.411772e-19   1.000000e+02
4.838210e-03   1.016320e-18   1.000000e+02
4.883022e-03   1.582541e-18   1.000000e+02
4.928250e-03   2.417121e-18   1.000000e+02
4.973896e-03   3.615816e-18   1.000000e+02
5.019965e-03   5.289841e-18   1.000000e+02
5.066461e-03   7.567318e-18   1.000000e+02
5.113388e-03   1.060036e-17   1.000000e+02
5.160749e-03   1.456247e-17   1.000000e+02
5.208549e-03   1.964903e-17   1.000000e+02
5.256791e-03   2.607926e-17   1.000000e+02
5.305481e-03   3.409994e-17   1.000000e+02
5.354621e-03   4.399188e-17   1.000000e+02
5.404216e-03   5.608001e-17   1.000000e+02
5.454271e-03   7.074841e-17   1.000000e+02
5.504790e-03   8.846152e-17   1.000000e+02
5.555776e-03   1.097937e-16   1.000000e+02
5.607235e-03   1.354698e-16   1.000000e+02
5.659170e-03   1.664198e-16   1.000000e+02
5.711586e-03   2.038552e-16   1.000000e+02
5.764488e-03   2.493727e-16   1.000000e+02
5.817880e-03   3.051002e-16   1.000000e+02
5.871766e-03   3.739031e-16   1.000000e+02
5.926152e-03   4.596788e-16   1.000000e+02
5.981041e-03   5.677867e-16   1.000000e+02
6.036439e-03   7.056089e-16   1.000000e+02
6.092349e-03   8.824313e-16   1.000000e+02
6.148778e-03   1.109888e-15   1.000000e+02
6.205729e-03   1.403124e-15   1.000000e+02
6.263207e-03   1.781841e-15   1.000000e+02
6.321218e-03   2.271616e-15   1.000000e+02
6.379767e-03   2.905569e-15   1.000000e+02
6.438857e-03   3.726450e-15   1.000000e+02
6.498495e-03   4.789213e-15   1.000000e+02
6.558686e-03   6.164177e-15   1.000000e+02
6.619433e-03   7.940821e-15   1.000000e+02
6.680744e-03   1.023228e-14   1.000000e+02
6.742622e-03   1.318054e-14   1.000000e+02
6.805074e-03   1.696230e-14   1.000000e+02
6.868104e-03   2.179541e-14   1.000000e+02
6.931717e-03   2.794542e-14   1.000000e+02
6.995920e-03   3.573214e-14   1.000000e+02
7.060718e-03   4.553997e-14   1.000000e+02
7.126115e-03   5.785126e-14   1.000000e+02
7.192119e-03   7.326333e-14   1.000000e+02
7.258734e-03   9.250843e-14   1.000000e+02
7.325965e-03   1.164834e-13   1.000000e+02
7.393820e-03   1.462859e-13   1.000000e+02
7.462303e-03   1.832582e-13   1.000000e+02
7.531420e-03   2.290415e-13   1.000000e+02
7.601178e-03   2.856422e-13   1.000000e+02
7.671581e-03   3.555124e-13   1.000000e+02
7.742637e-03   4.416507e-13   1.000000e+02
7.814351e-03   5.477243e-13   1.000000e+02
7.886729e-03   6.782211e-13   1.000000e+02
7.959777e-03   8.386370e-13   1.000000e+02
8.033502e-03   1.035698e-12   1.000000e+02
8.107910e-03   1.277273e-12   1.000000e+02
8.183007e-03   1.572234e-12   1.000000e+02
8.258799e-03   1.930713e-12   1.000000e+02
8.335294e-03   2.364113e-12   1.000000e+02
8.412497e-03   2.885046e-12   1.000000e+02
8.490415e-03   3.507153e-12   1.000000e+02
8.569055e-03   4.244807e-12   1.000000e+02
8.648423e-03   5.112649e-12   1.000000e+02
8.728527e-03   6.124948e-12   1.000000e+02
8.809372e-03   7.294759e-12   1.000000e+02
8.890966e-03   8.632869e-12   1.000000e+02
8.973316e-03   1.014656e-11   1.000000e+02
9.056428e-03   1.183927e-11   1.000000e+02
9.140311e-03   1.372271e-11   1.000000e+02
9.224970e-03   1.582000e-11   1.000000e+02
9.310413e-03   1.816237e-11   1.000000e+02
9.396648e-03   2.079148e-11   1.000000e+02
9.483682e-03   2.376253e-11   1.000000e+02
9.571522e-03   2.714824e-11   1.000000e+02
9.660175e-03   3.104415e-11   1.000000e+02
9.749649e-03   3.557579e-11   1.000000e+02
9.839952e-03   4.090850e-11   1.000000e+02
9.931092e-03   4.726114e-11   1.000000e+02
1.002308e-02   5.492519e-11   1.000000e+02
1.011591e-02   6.425230e-11   1.000000e+02
1.020961e-02   7.561354e-11   1.000000e+02
1.030417e-02   8.945149e-11   1.000000e+02
1.039961e-02   1.063006e-10   1.000000e+02
1.049593e-02   1.268025e-10   1.000000e+02
1.059315e-02   1.517214e-10   1.000000e+02
1.069126e-02   1.819600e-10   1.000000e+02
1.079029e-02   2.185740e-10   1.000000e+02
1.089023e-02   2.627834e-10   1.000000e+02
1.099110e-02   3.159784e-10   1.000000e+02
1.109290e-02   3.797628e-10   1.000000e+02
1.119564e-02   4.562148e-10   1.000000e+02
1.129934e-02   5.479274e-10   1.000000e+02
1.140400e-02   6.580641e-10   1.000000e+02
1.150962e-02   7.904960e-10   1.000000e+02
1.161623e-02   9.499750e-10   1.000000e+02
1.172382e-02   1.142353e-09   1.000000e+02
1.183241e-02   1.374862e-09   1.000000e+02
1.194200e-02   1.656469e-09   1.000000e+02
1.205261e-02   1.998320e-09   1.000000e+02
1.216424e-02   2.414006e-09   1.000000e+02
1.227691e-02   2.919937e-09   1.000000e+02
1.239062e-02   3.536209e-09   1.000000e+02
1.250539e-02   4.287451e-09   1.000000e+02
1.262121e-02   5.203851e-09   1.000000e+02
1.273811e-02   6.322406e-09   1.000000e+02
1.285610e-02   7.688457e-09   1.000000e+02
1.297517e-02   9.357563e-09   1.000000e+02
1.309535e-02   1.139787e-08   1.000000e+02
1.321664e-02   1.389362e-08   1.000000e+02
1.333906e-02   1.694892e-08   1.000000e+02
1.346261e-02   2.069226e-08   1.000000e+02
1.358730e-02   2.528233e-08   1.000000e+02
1.371315e-02   3.091531e-08   1.000000e+02
1.384016e-02   3.783396e-08   1.000000e+02
1.396835e-02   4.633889e-08   1.000000e+02
1.409773e-02   5.680262e-08   1.000000e+02
1.422830e-02   6.968588e-08   1.000000e+02
1.436009e-02   8.555892e-08   1.000000e+02
1.449310e-02   1.051285e-07   1.000000e+02
1.462733e-02   1.292708e-07   1.000000e+02
1.476281e-02   1.590728e-07   1.000000e+02
1.489955e-02   1.958832e-07   1.000000e+02
1.503755e-02   2.413764e-07   1.000000e+02
1.517683e-02   2.976328e-07   1.000000e+02
1.531740e-02   3.672402e-07   1.000000e+02
1.545928e-02   4.534178e-07   1.000000e+02
1.560246e-02   5.601717e-07   1.000000e+02
1.574698e-02   6.924899e-07   1.000000e+02
1.589283e-02   8.565856e-07   1.000000e+02
1.604003e-02   1.060202e-06   1.000000e+02
1.618860e-02   1.312981e-06   1.000000e+02
1.633854e-02   1.626920e-06   1.000000e+02
1.648987e-02   2.016955e-06   1.000000e+02
1.664260e-02   2.501688e-06   1.000000e+02
1.679675e-02   3.104285e-06   1.000000e+02
1.695232e-02   3.853598e-06   1.000000e+02
1.710934e-02   4.785552e-06   1.000000e+02
1.726781e-02   5.944883e-06   1.000000e+02
1.742775e-02   7.387285e-06   1.000000e+02
1.758917e-02   9.182083e-06   1.000000e+02
1.775208e-02   1.141556e-05   1.000000e+02
1.791650e-02   1.419506e-05   1.000000e+02
1.808245e-02   1.765415e-05   1.000000e+02
1.824993e-02   2.195928e-05   1.000000e+02
1.841897e-02   2.731820e-05   1.000000e+02
1.858957e-02   3.398990e-05   1.000000e+02
1.876175e-02   4.229727e-05   1.000000e+02
1.893552e-02   5.264299e-05   1.000000e+02
1.911091e-02   6.552931e-05   1.000000e+02
1.928792e-02   8.158276e-05   1.000000e+02
1.946656e-02   1.015851e-04   1.000000e+02
1.964687e-02   1.265120e-04   1.000000e+02
1.982884e-02   1.575811e-04   1.000000e+02
2.001250e-02   1.963127e-04   1.000000e+02
2.019786e-02   2.445998e-04   1.000000e+02
2.038493e-02   3.047802e-04   1.000000e+02
2.057374e-02   3.797465e-04   1.000000e+02
2.076430e-02   4.730757e-04   1.000000e+02
2.095662e-02   5.891835e-04   1.000000e+02
2.115073e-02   7.335115e-04   1.000000e+02
2.134663e-02   9.127526e-04   1.000000e+02
2.154435e-02   1.135121e-03   1.000000e+02
2.174389e-02   1.410678e-03   1.000000e+02
2.194529e-02   1.751715e-03   1.000000e+02
2.214855e-02   2.173212e-03   1.000000e+02
2.235370e-02   2.693377e-03   1.000000e+02
2.256074e-02   3.334280e-03   1.000000e+02
2.276970e-02   4.122590e-03   1.000000e+02
2.298060e-02   5.090433e-03   1.000000e+02
2.319345e-02   6.276379e-03   1.000000e+02
2.340827e-02   7.726570e-03   1.000000e+02
2.362508e-02   9.496003e-03   1.000000e+02
2.384390e-02   1.164997e-02   1.000000e+02
2.406475e-02   1.426567e-02   1.000000e+02
2.428764e-02   1.743395e-02   1.000000e+02
2.451260e-02   2.126128e-02   1.000000e+02
2.473964e-02   2.587178e-02   1.000000e+02
2.496878e-02   3.140941e-02   1.000000e+02
2.520005e-02   3.804117e-02   1.000000e+02
2.543346e-02   4.596615e-02   1.000000e+02
2.566903e-02   5.541997e-02   1.000000e+02
2.590678e-02   6.667944e-02   1.000000e+02
2.614673e-02   8.006984e-02   1.000000e+02
2.638891e-02   9.597344e-02   1.000000e+02
2.663333e-02   1.148397e-01   1.000000e+02
2.688001e-02   1.371973e-01   1.000000e+02
2.712898e-02   1.636687e-01   1.000000e+02
2.738025e-02   1.949870e-01   1.000000e+02
2.763385e-02   2.320169e-01   1.000000e+02
2.788980e-02   2.757790e-01   1.000000e+02
2.814812e-02   3.274796e-01   1.000000e+02
2.840884e-02   3.885459e-01   1.000000e+02
2.867196e-02   4.606695e-01   1.000000e+02
2.893753e-02   5.458574e-01   1.000000e+02
2.920556e-02   6.464954e-01   1.000000e+02
2.947606e-02   7.654236e-01   1.000000e+02
2.974908e-02   9.060292e-01   1.000000e+02
3.002462e-02   1.072359e+00   1.000000e+02
3.030271e-02   1.269053e+00   1.000000e+02
3.058338e-02   1.500825e+00   1.000000e+02
3.086665e-02   1.772636e+00   1.000000e+02
3.115254e-02   2.089664e+00   1.000000e+02
3.144108e-02   2.457135e+00   1.000000e+02
3.173230e-02   2.880088e+00   1.000000e+02
3.202621e-02   3.363061e+00   1.000000e+02
3.232284e-02   3.909709e+00   1.000000e+02
3.262222e-02   4.522339e+00   1.000000e+02
3.292437e-02   5.201386e+00   1.000000e+02
3.322933e-02   5.944845e+00   1.000000e+02
3.353710e-02   6.747703e+00   1.000000e+02
3.384773e-02   7.601399e+00   1.000000e+02
3.416123e-02   8.493400e+00   1.000000e+02
3.447764e-02   9.406942e+00   1.000000e+02
3.479698e-02   1.032102e+01   1.000000e+02
3.511928e-02   1.121068e+01   1.000000e+02
3.544456e-02   1.204772e+01   1.000000e+02
3.577285e-02   1.280177e+01   1.000000e+02
3.610419e-02   1.344174e+01   1.000000e+02
3.643859e-02   1.393766e+01   1.000000e+02
3.677609e-02   1.426267e+01   1.000000e+02
3.711672e-02   1.439518e+01   1.000000e+02
3.746050e-02   1.432079e+01   1.000000e+02
3.780747e-02   1.403392e+01   1.000000e+02
3.815765e-02   1.353882e+01   1.000000e+02
3.851107e-02   1.284994e+01   1.000000e+02
3.886777e-02   1.199136e+01   1.000000e+02
3.922777e-02   1.099539e+01   1.000000e+02
3.959110e-02   9.900485e+00   1.000000e+02
3.995780e-02   8.748505e+00   1.000000e+02
4.032790e-02   7.584034e+00   1.000000e+02
4.070142e-02   6.458655e+00   1.000000e+02
4.107841e-02   5.413795e+00   1.000000e+02
4.145888e-02   4.475300e+00   1.000000e+02
4.184289e-02   3.655491e+00   1.000000e+02
4.223044e-02   2.956075e+00   1.000000e+02
4.262159e-02   2.371232e+00   1.000000e+02
4.301636e-02   1.890445e+00   1.000000e+02
4.341478e-02   1.500819e+00   1.000000e+02
4.381690e-02   1.188802e+00   1.000000e+02
4.422274e-02   9.413481e-01   1.000000e+02
4.463234e-02   7.466095e-01   1.000000e+02
4.504573e-02   5.942674e-01   1.000000e+02
4.546295e-02   4.756179e-01   1.000000e+02
4.588404e-02   3.834997e-01   1.000000e+02
4.630903e-02   3.121370e-01   1.000000e+02
4.673795e-02   2.569457e-01   1.000000e+02
4.717085e-02   2.143366e-01   1.000000e+02
4.760775e-02   1.815318e-01   1.000000e+02
4.804870e-02   1.564060e-01   1.000000e+02
4.849374e-02   1.373539e-01   1.000000e+02
4.894290e-02   1.231851e-01   1.000000e+02
4.939622e-02   1.130441e-01   1.000000e+02
4.985373e-02   1.063537e-01   1.000000e+02
5.031549e-02   1.027611e-01   1.000000e+02
5.078152e-02   1.019256e-01   1.000000e+02
5.125187e-02   1.035943e-01   1.000000e+02
5.172657e-02   1.076953e-01   1.000000e+02
5.220568e-02   1.143080e-01   1.000000e+02
5.268921e-02   1.236479e-01   1.000000e+02
5.317723e-02   1.360622e-01   1.000000e+02
5.366977e-02   1.520335e-01   1.000000e+02
5.416687e-02   1.721882e-01   1.000000e+02
5.466857e-02   1.973059e-01   1.000000e+02
5.517492e-02   2.283284e-01   1.000000e+02
5.568596e-02   2.663631e-01   1.000000e+02
5.620174e-02   3.126749e-01   1.000000e+02
5.672229e-02   3.686612e-01   1.000000e+02
5.724766e-02   4.358007e-01   1.000000e+02
5.777790e-02   5.155673e-01   1.000000e+02
5.831305e-02   6.092989e-01   1.000000e+02
5.885316e-02   7.180152e-01   1.000000e+02
5.939827e-02   8.421819e-01   1.000000e+02
5.994843e-02   9.814265e-01   1.000000e+02
6.050368e-02   1.134561e+00   1.000000e+02
6.106408e-02   1.301166e+00   1.000000e+02
6.162966e-02   1.481194e+00   1.000000e+02
6.220049e-02   1.674579e+00   1.000000e+02
6.277660e-02   1.881282e+00   1.000000e+02
6.335805e-02   2.101343e+00   1.000000e+02
6.394488e-02   2.334935e+00   1.000000e+02
6.453715e-02   2.582423e+00   1.000000e+02
6.513491e-02   2.844428e+00   1.000000e+02
6.573820e-02   3.121889e+00   1.000000e+02
6.634708e-02   3.416135e+00   1.000000e+02
6.696160e-02   3.728960e+00   1.000000e+02
6.758181e-02   4.062708e+00   1.000000e+02
6.820777e-02   4.420371e+00   1.000000e+02
6.883952e-02   4.805706e+00   1.000000e+02
6.947713e-02   5.223372e+00   1.000000e+02
7.012064e-02   5.679106e+00   1.000000e+02
7.077011e-02   6.178687e+00   1.000000e+02
7.142559e-02   6.725885e+00   1.000000e+02
7.208715e-02   7.324207e+00   1.000000e+02
7.275484e-02   7.977204e+00   1.000000e+02
7.342870e-02   8.688417e+00   1.000000e+02
7.410882e-02   9.461317e+00   1.000000e+02
7.479523e-02   1.029922e+01   1.000000e+02
7.548799e-02   1.120521e+01   1.000000e+02
7.618718e-02   1.218203e+01   1.000000e+02
7.689284e-02   1.323196e+01   1.000000e+02
7.760503e-02   1.435670e+01   1.000000e+02
7.832383e-02   1.555722e+01   1.000000e+02
7.904928e-02   1.683360e+01   1.000000e+02
7.978145e-02   1.818491e+01   1.000000e+02
8.052040e-02   1.960873e+01   1.000000e+02
8.126619e-02   2.109859e+01   1.000000e+02
8.201889e-02   2.264392e+01   1.000000e+02
8.277857e-02   2.423106e+01   1.000000e+02
8.354528e-02   2.584310e+01   1.000000e+02
8.431909e-02   2.745973e+01   1.000000e+02
8.510007e-02   2.905736e+01   1.000000e+02
8.588829e-02   3.060925e+01   1.000000e+02
8.668380e-02   3.208590e+01   1.000000e+02
8.748668e-02   3.345564e+01   1.000000e+02
8.829700e-02   3.468539e+01   1.000000e+02
8.911482e-02   3.574162e+01   1.000000e+02
8.994022e-02   3.659156e+01   1.000000e+02
9.077327e-02   3.721401e+01   1.000000e+02
9.161402e-02   3.763966e+01   1.000000e+02
9.246257e-02   3.791967e+01   1.000000e+02
9.331898e-02   3.810918e+01   1.000000e+02
9.418332e-02   3.826548e+01   1.000000e+02
9.505566e-02   3.844709e+01   1.000000e+02
9.593608e-02   3.871374e+01   1.000000e+02
9.682466e-02   3.912716e+01   1.000000e+02
9.772147e-02   3.975295e+01   1.000000e+02
9.862658e-02   4.066350e+01   1.000000e+02
9.954008e-02   4.194217e+01   1.000000e+02
1.004620e-01   4.368657e+01   1.000000e+02
1.013925e-01   4.595571e+01   1.000000e+02
1.023317e-01   4.876087e+01   1.000000e+02
1.032795e-01   5.211518e+01   1.000000e+02
1.042361e-01   5.603226e+01   1.000000e+02
1.052015e-01   6.052199e+01   1.000000e+02
1.061759e-01   6.558581e+01   1.000000e+02
1.071593e-01   7.121119e+01   1.000000e+02
1.081519e-01   7.736573e+01   1.000000e+02
1.091536e-01   8.399071e+01   1.000000e+02
1.101646e-01   9.099485e+01   1.000000e+02
1.111850e-01   9.829212e+01   1.000000e+02
1.122148e-01   1.058835e+02   1.000000e+02
1.132541e-01   1.137913e+02   1.000000e+02
1.143031e-01   1.220467e+02   1.000000e+02
1.153618e-01   1.306901e+02   1.000000e+02
1.164303e-01   1.397731e+02   1.000000e+02
1.175087e-01   1.493594e+02   1.000000e+02
1.185971e-01   1.595269e+02   1.000000e+02
1.196956e-01   1.703696e+02   1.000000e+02
1.208042e-01   1.819940e+02   1.000000e+02
1.219231e-01   1.944685e+02   1.000000e+02
1.230524e-01   2.078345e+02   1.000000e+02
1.241921e-01   2.221315e+02   1.000000e+02
1.253424e-01   2.373965e+02   1.000000e+02
1.265034e-01   2.536637e+02   1.000000e+02
1.276751e-01   2.709630e+02   1.000000e+02
1.288576e-01   2.893193e+02   1.000000e+02
1.300511e-01   3.087508e+02   1.000000e+02
1.312557e-01   3.292690e+02   1.000000e+02
1.324714e-01   3.508778e+02   1.000000e+02
1.336984e-01   3.735717e+02   1.000000e+02
1.349367e-01   3.973339e+02   1.000000e+02
1.361865e-01   4.221355e+02   1.000000e+02
1.374479e-01   4.479331e+02   1.000000e+02
1.387210e-01   4.746685e+02   1.000000e+02
1.400058e-01   5.022666e+02   1.000000e+02
1.413026e-01   5.306851e+02   1.000000e+02
1.426114e-01   5.600837e+02   1.000000e+02
1.439323e-01   5.907144e+02   1.000000e+02
1.452654e-01   6.228821e+02   1.000000e+02
1.466109e-01   6.569509e+02   1.000000e+02
1.479688e-01   6.933518e+02   1.000000e+02
1.493393e-01   7.325939e+02   1.000000e+02
1.507225e-01   7.752627e+02   1.000000e+02
1.521186e-01   8.217373e+02   1.000000e+02
1.535275e-01   8.721322e+02   1.000000e+02
1.549495e-01   9.265256e+02   1.000000e+02
1.563847e-01   9.849608e+02   1.000000e+02
1.578331e-01   1.047436e+03   1.000000e+02
1.592950e-01   1.113893e+03   1.000000e+02
1.607704e-01   1.184216e+03   1.000000e+02
1.622595e-01   1.258412e+03   1.000000e+02
1.637624e-01   1.336652e+03   1.000000e+02
1.652792e-01   1.419119e+03   1.000000e+02
1.668101e-01   1.506001e+03   1.000000e+02
1.683551e-01   1.597495e+03   1.000000e+02
1.699144e-01   1.693802e+03   1.000000e+02
1.714882e-01   1.795130e+03   1.000000e+02
1.730766e-01   1.901696e+03   1.000000e+02
1.746796e-01   2.013720e+03   1.000000e+02
1.762975e-01   2.131433e+03   1.000000e+02
1.779304e-01   2.255071e+03   1.000000e+02
1.795785e-01   2.384876e+03   1.000000e+02
1.812418e-01   2.521105e+03   1.000000e+02
1.829205e-01   2.664070e+03   1.000000e+02
1.846147e-01   2.814131e+03   1.000000e+02
1.863246e-01   2.971675e+03   1.000000e+02
1.880504e-01   3.137119e+03   1.000000e+02
1.897922e-01   3.310912e+03   1.000000e+02
1.915501e-01   3.493539e+03   1.000000e+02
1.933242e-01   3.685525e+03   1.000000e+02
1.951148e-01   3.887435e+03   1.000000e+02
1.969220e-01   4.099881e+03   1.000000e+02
1.987460e-01   4.323527e+03   1.000000e+02
2.005868e-01   4.559089e+03   1.000000e+02
2.024447e-01   4.807273e+03   1.000000e+02
2.043197e-01   5.068714e+03   1.000000e+02
2.062122e-01   5.344065e+03   1.000000e+02
2.081222e-01   5.634003e+03   1.000000e+02
2.100498e-01   5.939233e+03   1.000000e+02
2.119953e-01   6.260487e+03   1.000000e+02
2.139589e-01   6.598526e+03   1.000000e+02
2.159406e-01   6.954139e+03   1.000000e+02
2.179407e-01   7.328144e+03   1.000000e+02
2.199593e-01   7.721385e+03   1.000000e+02
2.219966e-01   8.134741e+03   1.000000e+02
2.240528e-01   8.569116e+03   1.000000e+02
2.261280e-01   9.025444e+03   1.000000e+02
2.282224e-01   9.504692e+03   1.000000e+02
2.303363e-01   1.000785e+04   1.000000e+02
2.324697e-01   1.053595e+04   1.000000e+02
2.346229e-01   1.109004e+04   1.000000e+02
2.367960e-01   1.167120e+04   1.000000e+02
2.389893e-01   1.228054e+04   1.000000e+02
2.412028e-01   1.291920e+04   1.000000e+02
2.434369e-01   1.358834e+04   1.000000e+02
2.456916e-01   1.428916e+04   1.000000e+02
2.479673e-01   1.502285e+04   1.000000e+02
2.502640e-01   1.579067e+04   1.000000e+02
2.525820e-01   1.659392e+04   1.000000e+02
2.549215e-01   1.743407e+04   1.000000e+02
2.572826e-01   1.831268e+04   1.000000e+02
2.596656e-01   1.923139e+04   1.000000e+02
2.620707e-01   2.019188e+04   1.000000e+02
2.644980e-01   2.119592e+04   1.000000e+02
2.669478e-01   2.224535e+04   1.000000e+02
2.694204e-01   2.334209e+04   1.000000e+02
2.719158e-01   2.448812e+04   1.000000e+02
2.744343e-01   2.568553e+04   1.000000e+02
2.769762e-01   2.693649e+04   1.000000e+02
2.795416e-01   2.824326e+04   1.000000e+02
2.821308e-01   2.960820e+04   1.000000e+02
2.847439e-01   3.103376e+04   1.000000e+02
2.873813e-01   3.252252e+04   1.000000e+02
2.900430e-01   3.407714e+04   1.000000e+02
2.927295e-01   3.570043e+04   1.000000e+02
2.954408e-01   3.739530e+04   1.000000e+02
2.981772e-01   3.916480e+04   1.000000e+02
3.009390e-01   4.101209e+04   1.000000e+02
3.037264e-01   4.294035e+04   1.000000e+02
3.065395e-01   4.495266e+04   1.000000e+02
3.093788e-01   4.705214e+04   1.000000e+02
3.122443e-01   4.924201e+04   1.000000e+02
3.151363e-01   5.152554e+04   1.000000e+02
3.180552e-01   5.390612e+04   1.000000e+02
3.210011e-01   5.638717e+04   1.000000e+02
3.239743e-01   5.897221e+04   1.000000e+02
3.269750e-01   6.166485e+04   1.000000e+02
3.300035e-01   6.446872e+04   1.000000e+02
3.330600e-01   6.738758e+04   1.000000e+02
3.361449e-01   7.042521e+04   1.000000e+02
3.392583e-01   7.358547e+04   1.000000e+02
3.424006e-01   7.687228e+04   1.000000e+02
3.455720e-01   8.028961e+04   1.000000e+02
3.487727e-01   8.384150e+04   1.000000e+02
3.520031e-01   8.753207e+04   1.000000e+02
3.552635e-01   9.136613e+04   1.000000e+02
3.585540e-01   9.534917e+04   1.000000e+02
3.618750e-01   9.948693e+04   1.000000e+02
3.652267e-01   1.037854e+05   1.000000e+02
3.686095e-01   1.082509e+05   1.000000e+02
3.720237e-01   1.128901e+05   1.000000e+02
3.754694e-01   1.177098e+05   1.000000e+02
3.789471e-01   1.227172e+05   1.000000e+02
3.824570e-01   1.279201e+05   1.000000e+02
3.859994e-01   1.333263e+05   1.000000e+02
3.895746e-01   1.389444e+05   1.000000e+02
3.931829e-01   1.447829e+05   1.000000e+02
3.968246e-01   1.508513e+05   1.000000e+02
4.005001e-01   1.571592e+05   1.000000e+02
4.042096e-01   1.637161e+05   1.000000e+02
4.079535e-01   1.705293e+05   1.000000e+02
4.117320e-01   1.776058e+05   1.000000e+02
4.155455e-01   1.849527e+05   1.000000e+02
4.193944e-01   1.925767e+05   1.000000e+02
4.232789e-01   2.004846e+05   1.000000e+02
4.271994e-01   2.086830e+05   1.000000e+02
4.311562e-01   2.171783e+05   1.000000e+02
4.351497e-01   2.259765e+05   1.000000e+02
4.391801e-01   2.350837e+05   1.000000e+02
4.432479e-01   2.445055e+05   1.000000e+02
4.473533e-01   2.542471e+05   1.000000e+02
4.514968e-01   2.643134e+05   1.000000e+02
4.556786e-01   2.747116e+05   1.000000e+02
4.598992e-01   2.854531e+05   1.000000e+02
4.641589e-01   2.965500e+05   1.000000e+02
4.684580e-01   3.080149e+05   1.000000e+02
4.727970e-01   3.198615e+05   1.000000e+02
4.771761e-01   3.321040e+05   1.000000e+02
4.815958e-01   3.447574e+05   1.000000e+02
4.860564e-01   3.578376e+05   1.000000e+02
4.905584e-01   3.713614e+05   1.000000e+02
4.951020e-01   3.853466e+05   1.000000e+02
4.996877e-01   3.998120e+05   1.000000e+02
5.043159e-01   4.147765e+05   1.000000e+02
5.089870e-01   4.302558e+05   1.000000e+02
5.137014e-01   4.462645e+05   1.000000e+02
5.184594e-01   4.628177e+05   1.000000e+02
5.232614e-01   4.799303e+05   1.000000e+02
5.281080e-01   4.976180e+05   1.000000e+02
5.329994e-01   5.158961e+05   1.000000e+02
5.379362e-01   5.347807e+05   1.000000e+02
5.429186e-01   5.542876e+05   1.000000e+02
5.479472e-01   5.744332e+05   1.000000e+02
5.530224e-01   5.952337e+05   1.000000e+02
5.581446e-01   6.167057e+05   1.000000e+02
5.633143e-01   6.388660e+05   1.000000e+02
5.685318e-01   6.617314e+05   1.000000e+02
5.737976e-01   6.853189e+05   1.000000e+02
5.791123e-01   7.096454e+05   1.000000e+02
5.844761e-01   7.347283e+05   1.000000e+02
5.898896e-01   7.605847e+05   1.000000e+02
5.953533e-01   7.872318e+05   1.000000e+02
6.008676e-01   8.146870e+05   1.000000e+02
6.064329e-01   8.429685e+05   1.000000e+02
6.120498e-01   8.720967e+05   1.000000e+02
6.177188e-01   9.020930e+05   1.000000e+02
6.234402e-01   9.329792e+05   1.000000e+02
6.292146e-01   9.647774e+05   1.000000e+02
6.350425e-01   9.975104e+05   1.000000e+02
6.409244e-01   1.031201e+06   1.000000e+02
6.468608e-01   1.065874e+06   1.000000e+02
6.528521e-01   1.101552e+06   1.000000e+02
6.588990e-01   1.138261e+06   1.000000e+02
6.650018e-01   1.176025e+06   1.000000e+02
6.711612e-01   1.214870e+06   1.000000e+02
6.773776e-01   1.254824e+06   1.000000e+02
6.836516e-01   1.295911e+06   1.000000e+02
6.899837e-01   1.338160e+06   1.000000e+02
6.963745e-01   1.381599e+06   1.000000e+02
7.028244e-01   1.426256e+06   1.000000e+02
7.093341e-01   1.472160e+06   1.000000e+02
7.159041e-01   1.519338e+06   1.000000e+02
7.225349e-01   1.567817e+06   1.000000e+02
7.292272e-01   1.617627e+06   1.000000e+02
7.359814e-01   1.668796e+06   1.000000e+02
7.427982e-01   1.721352e+06   1.000000e+02
7.496782e-01   1.775325e+06   1.000000e+02
7.566219e-01   1.830745e+06   1.000000e+02
7.636298e-01   1.887641e+06   1.000000e+02
7.707027e-01   1.946043e+06   1.000000e+02
7.778411e-01   2.005983e+06   1.000000e+02
7.850456e-01   2.067491e+06   1.000000e+02
7.923169e-01   2.130598e+06   1.000000e+02
7.996555e-01   2.195335e+06   1.000000e+02
8.070620e-01   2.261734e+06   1.000000e+02
8.145372e-01   2.329829e+06   1.000000e+02
8.220816e-01   2.399652e+06   1.000000e+02
8.296959e-01   2.471238e+06   1.000000e+02
8.373807e-01   2.544620e+06   1.000000e+02
8.451366e-01   2.619834e+06   1.000000e+02
8.529644e-01   2.696914e+06   1.000000e+02
8.608648e-01   2.775896e+06   1.000000e+02
8.688383e-01   2.856815e+06   1.000000e+02
8.768856e-01   2.939708e+06   1.000000e+02
8.850075e-01   3.024612e+06   1.000000e+02
8.932046e-01   3.111562e+06   1.000000e+02
9.014776e-01   3.200596e+06   1.000000e+02
9.098273e-01   3.291752e+06   1.000000e+02
9.182543e-01   3.385066e+06   1.000000e+02
9.267593e-01   3.480575e+06   1.000000e+02
9.353432e-01   3.578315e+06   1.000000e+02
9.440065e-01   3.678324e+06   1.000000e+02
9.527500e-01   3.780639e+06   1.000000e+02
9.615746e-01   3.885296e+06   1.000000e+02
9.704809e-01   3.992334e+06   1.000000e+02
9.794697e-01   4.101790e+06   1.000000e+02
9.885417e-01   4.213701e+06   1.000000e+02
9.976978e-01   4.328105e+06   1.000000e+02
1.006939e+00   4.445040e+06   1.000000e+02
1.016265e+00   4.564544e+06   1.000000e+02
1.025678e+00   4.686656e+06   1.000000e+02
1.035178e+00   4.811415e+06   1.000000e+02
1.044766e+00   4.938861e+06   1.000000e+02
1.054443e+00   5.069032e+06   1.000000e+02
1.064209e+00   5.201969e+06   1.000000e+02
1.074066e+00   5.337711e+06   1.000000e+02
1.084014e+00   5.476297e+06   1.000000e+02
1.094055e+00   5.617767e+06   1.000000e+02
1.104188e+00   5.762160e+06   1.000000e+02
1.114415e+00   5.909516e+06   1.000000e+02
1.124737e+00   6.059875e+06   1.000000e+02
1.135155e+00   6.213275e+06   1.000000e+02
1.145669e+00   6.369758e+06   1.000000e+02
1.156280e+00   6.529362e+06   1.000000e+02
1.166990e+00   6.692126e+06   1.000000e+02
1.177799e+00   6.858090e+06   1.000000e+02
1.188708e+00   7.027293e+06   1.000000e+02
1.199718e+00   7.199775e+06   1.000000e+02
1.210830e+00   7.375573e+06   1.000000e+02
1.222045e+00   7.554728e+06   1.000000e+02
1.233363e+00   7.737276e+06   1.000000e+02
1.244787e+00   7.923258e+06   1.000000e+02
1.256317e+00   8.112711e+06   1.000000e+02
1.267953e+00   8.305685e+06   1.000000e+02
1.279697e+00   8.502238e+06   1.000000e+02
1.291550e+00   8.702431e+06   1.000000e+02
1.303512e+00   8.906326e+06   1.000000e+02
1.315586e+00   9.113988e+06   1.000000e+02
1.327771e+00   9.325484e+06   1.000000e+02
1.340069e+00   9.540881e+06   1.000000e+02
1.352481e+00   9.760249e+06   1.000000e+02
1.365008e+00   9.983662e+06   1.000000e+02
1.377651e+00   1.021119e+07   1.000000e+02
1.390411e+00   1.044292e+07   1.000000e+02
1.403289e+00   1.067893e+07   1.000000e+02
1.416287e+00   1.091929e+07   1.000000e+02
1.429405e+00   1.116409e+07   1.000000e+02
1.442644e+00   1.141342e+07   1.000000e+02
1.456006e+00   1.166738e+07   1.000000e+02
1.469492e+00   1.192604e+07   1.000000e+02
1.483103e+00   1.218951e+07   1.000000e+02
1.496839e+00   1.245790e+07   1.000000e+02
1.510703e+00   1.273128e+07   1.000000e+02
1.524696e+00   1.300967e+07   1.000000e+02
1.538818e+00   1.329304e+07   1.000000e+02
1.553071e+00   1.358133e+07   1.000000e+02
1.567455e+00   1.387450e+07   1.000000e+02
1.581973e+00   1.417248e+07   1.000000e+02
1.596626e+00   1.447520e+07   1.000000e+02
1.611414e+00   1.478256e+07   1.000000e+02
1.626340e+00   1.509449e+07   1.000000e+02
1.641403e+00   1.541086e+07   1.000000e+02
1.656606e+00   1.573157e+07   1.000000e+02
1.671950e+00   1.605648e+07   1.000000e+02
1.687436e+00   1.638546e+07   1.000000e+02
1.703065e+00   1.671834e+07   1.000000e+02
1.718839e+00   1.705496e+07   1.000000e+02
1.734759e+00   1.739514e+07   1.000000e+02
1.750827e+00   1.773868e+07   1.000000e+02
1.767044e+00   1.808545e+07   1.000000e+02
1.783410e+00   1.843550e+07   1.000000e+02
1.799929e+00   1.878896e+07   1.000000e+02
1.816600e+00   1.914595e+07   1.000000e+02
1.833425e+00   1.950662e+07   1.000000e+02
1.850407e+00   1.987114e+07   1.000000e+02
1.867546e+00   2.023965e+07   1.000000e+02
1.884843e+00   2.061236e+07   1.000000e+02
1.902301e+00   2.098944e+07   1.000000e+02
1.919921e+00   2.137110e+07   1.000000e+02
1.937703e+00   2.175758e+07   1.000000e+02
1.955651e+00   2.214910e+07   1.000000e+02
1.973764e+00   2.254591e+07   1.000000e+02
1.992046e+00   2.294829e+07   1.000000e+02
2.010496e+00   2.335649e+07   1.000000e+02
2.029118e+00   2.377067e+07   1.000000e+02
2.047912e+00   2.419081e+07   1.000000e+02
2.066880e+00   2.461693e+07   1.000000e+02
2.086024e+00   2.504902e+07   1.000000e+02
2.105345e+00   2.548706e+07   1.000000e+02
2.124845e+00   2.593104e+07   1.000000e+02
2.144526e+00   2.638095e+07   1.000000e+02
2.164389e+00   2.683677e+07   1.000000e+02
2.184436e+00   2.729845e+07   1.000000e+02
2.204669e+00   2.776598e+07   1.000000e+02
2.225089e+00   2.823930e+07   1.000000e+02
2.245698e+00   2.871839e+07   1.000000e+02
2.266498e+00   2.920318e+07   1.000000e+02
2.287491e+00   2.969362e+07   1.000000e+02
2.308678e+00   3.018965e+07   1.000000e+02
2.330061e+00   3.069121e+07   1.000000e+02
2.351643e+00   3.119822e+07   1.000000e+02
2.373424e+00   3.171059e+07   1.000000e+02
2.395407e+00   3.222825e+07   1.000000e+02
2.417594e+00   3.275110e+07   1.000000e+02
2.439986e+00   3.327904e+07   1.000000e+02
2.462586e+00   3.381196e+07   1.000000e+02
2.485395e+00   3.434975e+07   1.000000e+02
2.508415e+00   3.489229e+07   1.000000e+02
2.531648e+00   3.543950e+07   1.000000e+02
2.555097e+00   3.599138e+07   1.000000e+02
2.578763e+00   3.654793e+07   1.000000e+02
2.602648e+00   3.710914e+07   1.000000e+02
2.626754e+00   3.767503e+07   1.000000e+02
2.651084e+00   3.824560e+07   1.000000e+02
2.675638e+00   3.882084e+07   1.000000e+02
2.700421e+00   3.940077e+07   1.000000e+02
2.725433e+00   3.998539e+07   1.000000e+02
2.750676e+00   4.057471e+07   1.000000e+02
2.776153e+00   4.116874e+07   1.000000e+02
2.801867e+00   4.176748e+07   1.000000e+02
2.827818e+00   4.237095e+07   1.000000e+02
2.854010e+00   4.297915e+07   1.000000e+02
2.880444e+00   4.359211e+07   1.000000e+02
2.907123e+00   4.420984e+07   1.000000e+02
2.934050e+00   4.483234e+07   1.000000e+02
2.961225e+00   4.545965e+07   1.000000e+02
2.988653e+00   4.609177e+07   1.000000e+02
3.016334e+00   4.672874e+07   1.000000e+02
3.044272e+00   4.737052e+07   1.000000e+02
3.072469e+00   4.801709e+07   1.000000e+02
3.100927e+00   4.866841e+07   1.000000e+02
3.129648e+00   4.932442e+07   1.000000e+02
3.158635e+00   4.998509e+07   1.000000e+02
3.187891e+00   5.065036e+07   1.000000e+02
3.217418e+00   5.132019e+07   1.000000e+02
3.247218e+00   5.199453e+07   1.000000e+02
3.277295e+00   5.267333e+07   1.000000e+02
3.307650e+00   5.335652e+07   1.000000e+02
3.338286e+00   5.404407e+07   1.000000e+02
3.369206e+00   5.473590e+07   1.000000e+02
3.400412e+00   5.543196e+07   1.000000e+02
3.431907e+00   5.613219e+07   1.000000e+02
3.463694e+00   5.683653e+07   1.000000e+02
3.495776e+00   5.754491e+07   1.000000e+02
3.528154e+00   5.825727e+07   1.000000e+02
3.560833e+00   5.897356e+07   1.000000e+02
3.593814e+00   5.969373e+07   1.000000e+02
3.627100e+00   6.041774e+07   1.000000e+02
3.660695e+00   6.114554e+07   1.000000e+02
3.694601e+00   6.187708e+07   1.000000e+02
3.728821e+00   6.261233e+07   1.000000e+02
3.763358e+00   6.335122e+07   1.000000e+02
3.798215e+00   6.409372e+07   1.000000e+02
3.833395e+00   6.483977e+07   1.000000e+02
3.868901e+00   6.558932e+07   1.000000e+02
3.904735e+00   6.634232e+07   1.000000e+02
3.940902e+00   6.709873e+07   1.000000e+02
3.977403e+00   6.785850e+07   1.000000e+02
4.014242e+00   6.862156e+07   1.000000e+02
4.051423e+00   6.938788e+07   1.000000e+02
4.088948e+00   7.015738e+07   1.000000e+02
4.126821e+00   7.093000e+07   1.000000e+02
4.165044e+00   7.170569e+07   1.000000e+02
4.203622e+00   7.248438e+07   1.000000e+02
4.242556e+00   7.326600e+07   1.000000e+02
4.281852e+00   7.405048e+07   1.000000e+02
4.321511e+00   7.483778e+07   1.000000e+02
4.361538e+00   7.562781e+07   1.000000e+02
4.401935e+00   7.642051e+07   1.000000e+02
4.442707e+00   7.721581e+07   1.000000e+02
4.483856e+00   7.801365e+07   1.000000e+02
4.525386e+00   7.881396e+07   1.000000e+02
4.567301e+00   7.961666e+07   1.000000e+02
4.609604e+00   8.042169e+07   1.000000e+02
4.652300e+00   8.122899e+07   1.000000e+02
4.695390e+00   8.203846e+07   1.000000e+02
4.738880e+00   8.285006e+07   1.000000e+02
4.782772e+00   8.366370e+07   1.000000e+02
4.827071e+00   8.447932e+07   1.000000e+02
4.871780e+00   8.529684e+07   1.000000e+02
4.916904e+00   8.611618e+07   1.000000e+02
4.962445e+00   8.693728e+07   1.000000e+02
5.008408e+00   8.776007e+07   1.000000e+02
5.054797e+00   8.858446e+07   1.000000e+02
5.101615e+00   8.941036e+07   1.000000e+02
5.148867e+00   9.023770e+07   1.000000e+02
5.196557e+00   9.106637e+07   1.000000e+02
5.244689e+00   9.189629e+07   1.000000e+02
5.293266e+00   9.272736e+07   1.000000e+02
5.342293e+00   9.355950e+07   1.000000e+02
5.391775e+00   9.439260e+07   1.000000e+02
5.441714e+00   9.522658e+07   1.000000e+02
5.492116e+00   9.606134e+07   1.000000e+02
5.542986e+00   9.689678e+07   1.000000e+02
5.594326e+00   9.773281e+07   1.000000e+02
5.646141e+00   9.856933e+07   1.000000e+02
5.698437e+00   9.940625e+07   1.000000e+02
5.751217e+00   1.002435e+08   1.000000e+02
5.804486e+00   1.010809e+08   1.000000e+02
5.858248e+00   1.019184e+08   1.000000e+02
5.912508e+00   1.027559e+08   1.000000e+02
5.967271e+00   1.035933e+08   1.000000e+02
6.022541e+00   1.044305e+08   1.000000e+02
6.078323e+00   1.052674e+08   1.000000e+02
6.134622e+00   1.061039e+08   1.000000e+02
6.191442e+00   1.069399e+08   1.000000e+02
6.248788e+00   1.077752e+08   1.000000e+02
6.306666e+00   1.086099e+08   1.000000e+02
6.365079e+00   1.094437e+08   1.000000e+02
6.424034e+00   1.102766e+08   1.000000e+02
6.483534e+00   1.111085e+08   1.000000e+02
6.543586e+00   1.119392e+08   1.000000e+02
6.604194e+00   1.127687e+08   1.000000e+02
6.665363e+00   1.135969e+08   1.000000e+02
6.727099e+00   1.144235e+08   1.000000e+02
6.789407e+00   1.152487e+08   1.000000e+02
6.852292e+00   1.160721e+08   1.000000e+02
6.915759e+00   1.168938e+08   1.000000e+02
6.979814e+00   1.177136e+08   1.000000e+02
7.044462e+00   1.185314e+08   1.000000e+02
7.109709e+00   1.193471e+08   1.000000e+02
7.175561e+00   1.201605e+08   1.000000e+02
7.242022e+00   1.209715e+08   1.000000e+02
7.309099e+00   1.217799e+08   1.000000e+02
7.376798e+00   1.225855e+08   1.000000e+02
7.445123e+00   1.233883e+08   1.000000e+02
7.514081e+00   1.241880e+08   1.000000e+02
7.583678e+00   1.249845e+08   1.000000e+02
7.653919e+00   1.257776e+08   1.000000e+02
7.724811e+00   1.265672e+08   1.000000e+02
7.796360e+00   1.273531e+08   1.000000e+02
7.868572e+00   1.281351e+08   1.000000e+02
7.941452e+00   1.289131e+08   1.000000e+02
8.015007e+00   1.296870e+08   1.000000e+02
8.089243e+00   1.304564e+08   1.000000e+02
8.164168e+00   1.312214e+08   1.000000e+02
8.239786e+00   1.319817e+08   1.000000e+02
8.316104e+00   1.327372e+08   1.000000e+02
8.393129e+00   1.334876e+08   1.000000e+02
8.470868e+00   1.342329e+08   1.000000e+02
8.549327e+00   1.349728e+08   1.000000e+02
8.628513e+00   1.357072e+08   1.000000e+02
8.708431e+00   1.364359e+08   1.000000e+02
8.789091e+00   1.371588e+08   1.000000e+02
8.870497e+00   1.378756e+08   1.000000e+02
8.952657e+00   1.385863e+08   1.000000e+02
9.035578e+00   1.392906e+08   1.000000e+02
9.119268e+00   1.399884e+08   1.000000e+02
9.203732e+00   1.406795e+08   1.000000e+02
9.288979e+00   1.413637e+08   1.000000e+02
9.375015e+00   1.420408e+08   1.000000e+02
9.461848e+00   1.427108e+08   1.000000e+02
9.549486e+00   1.433734e+08   1.000000e+02
9.637935e+00   1.440285e+08   1.000000e+02
9.727203e+00   1.446758e+08   1.000000e+02
9.817298e+00   1.453153e+08   1.000000e+02
9.908228e+00   1.459468e+08   1.000000e+02
1.000000e+01   1.465700e+08   1.000000e+02
