# Ne18 + n > F18 + p   [Ne18_n__F18_p]   ref=TALYS2, Koning et al. 2023
# detailed balance: alpha=0.33388 beta=0 gamma=-60.643  Q=5.2258
# T9                 rate                error
1.000000e-03   3.363000e+08   1.000000e+02
1.009262e-03   3.362189e+08   1.000000e+02
1.018610e-03   3.361385e+08   1.000000e+02
1.028045e-03   3.360588e+08   1.000000e+02
1.037567e-03   3.359798e+08   1.000000e+02
1.047177e-03   3.359016e+08   1.000000e+02
1.056876e-03   3.358241e+08   1.000000e+02
1.066665e-03   3.357474e+08   1.000000e+02
1.076545e-03   3.356714e+08   1.000000e+02
1.086516e-03   3.355961e+08   1.000000e+02
1.096579e-03   3.355216e+08   1.000000e+02
1.106736e-03   3.354479e+08   1.000000e+02
1.116987e-03   3.353749e+08   1.000000e+02
1.127333e-03   3.353026e+08   1.000000e+02
1.137774e-03   3.352311e+08   1.000000e+02
1.148312e-03   3.351604e+08   1.000000e+02
1.158948e-03   3.350904e+08   1.000000e+02
1.169683e-03   3.350212e+08   1.000000e+02
1.180517e-03   3.349528e+08   1.000000e+02
1.191451e-03   3.348851e+08   1.000000e+02
1.202486e-03   3.348182e+08   1.000000e+02
1.213624e-03   3.347521e+08   1.000000e+02
1.224865e-03   3.346868e+08   1.000000e+02
1.236210e-03   3.346222e+08   1.000000e+02
1.247660e-03   3.345584e+08   1.000000e+02
1.259216e-03   3.344955e+08   1.000000e+02
1.270879e-03   3.344333e+08   1.000000e+02
1.282650e-03   3.343719e+08   1.000000e+02
1.294530e-03   3.343113e+08   1.000000e+02
1.306520e-03   3.342515e+08   1.000000e+02
1.318621e-03   3.341925e+08   1.000000e+02
1.330835e-03   3.341343e+08   1.000000e+02
1.343161e-03   3.340769e+08   1.000000e+02
1.355602e-03   3.340203e+08   1.000000e+02
1.368158e-03   3.339645e+08   1.000000e+02
1.380830e-03   3.339096e+08   1.000000e+02
1.393619e-03   3.338555e+08   1.000000e+02
1.406527e-03   3.338022e+08   1.000000e+02
1.419555e-03   3.337497e+08   1.000000e+02
1.432703e-03   3.336980e+08   1.000000e+02
1.445973e-03   3.336472e+08   1.000000e+02
1.459366e-03   3.335972e+08   1.000000e+02
1.472883e-03   3.335480e+08   1.000000e+02
1.486525e-03   3.334997e+08   1.000000e+02
1.500293e-03   3.334522e+08   1.000000e+02
1.514189e-03   3.334056e+08   1.000000e+02
1.528214e-03   3.333598e+08   1.000000e+02
1.542369e-03   3.333149e+08   1.000000e+02
1.556654e-03   3.332708e+08   1.000000e+02
1.571072e-03   3.332276e+08   1.000000e+02
1.585624e-03   3.331852e+08   1.000000e+02
1.600310e-03   3.331437e+08   1.000000e+02
1.615133e-03   3.331030e+08   1.000000e+02
1.630092e-03   3.330633e+08   1.000000e+02
1.645191e-03   3.330244e+08   1.000000e+02
1.660429e-03   3.329863e+08   1.000000e+02
1.675808e-03   3.329492e+08   1.000000e+02
1.691330e-03   3.329129e+08   1.000000e+02
1.706995e-03   3.328775e+08   1.000000e+02
1.722805e-03   3.328430e+08   1.000000e+02
1.738762e-03   3.328094e+08   1.000000e+02
1.754867e-03   3.327766e+08   1.000000e+02
1.771121e-03   3.327448e+08   1.000000e+02
1.787526e-03   3.327138e+08   1.000000e+02
1.804082e-03   3.326838e+08   1.000000e+02
1.820792e-03   3.326547e+08   1.000000e+02
1.837656e-03   3.326264e+08   1.000000e+02
1.854677e-03   3.325991e+08   1.000000e+02
1.871855e-03   3.325727e+08   1.000000e+02
1.889193e-03   3.325472e+08   1.000000e+02
1.906691e-03   3.325226e+08   1.000000e+02
1.924351e-03   3.324989e+08   1.000000e+02
1.942175e-03   3.324762e+08   1.000000e+02
1.960163e-03   3.324544e+08   1.000000e+02
1.978319e-03   3.324335e+08   1.000000e+02
1.996642e-03   3.324135e+08   1.000000e+02
2.015136e-03   3.323945e+08   1.000000e+02
2.033800e-03   3.323764e+08   1.000000e+02
2.052638e-03   3.323593e+08   1.000000e+02
2.071650e-03   3.323431e+08   1.000000e+02
2.090838e-03   3.323279e+08   1.000000e+02
2.110203e-03   3.323136e+08   1.000000e+02
2.129749e-03   3.323002e+08   1.000000e+02
2.149475e-03   3.322878e+08   1.000000e+02
2.169384e-03   3.322764e+08   1.000000e+02
2.189477e-03   3.322660e+08   1.000000e+02
2.209756e-03   3.322565e+08   1.000000e+02
2.230223e-03   3.322479e+08   1.000000e+02
2.250880e-03   3.322404e+08   1.000000e+02
2.271728e-03   3.322338e+08   1.000000e+02
2.292769e-03   3.322282e+08   1.000000e+02
2.314005e-03   3.322236e+08   1.000000e+02
2.335438e-03   3.322200e+08   1.000000e+02
2.357069e-03   3.322173e+08   1.000000e+02
2.378901e-03   3.322157e+08   1.000000e+02
2.400935e-03   3.322150e+08   1.000000e+02
2.423173e-03   3.322153e+08   1.000000e+02
2.445617e-03   3.322167e+08   1.000000e+02
2.468268e-03   3.322190e+08   1.000000e+02
2.491130e-03   3.322224e+08   1.000000e+02
2.514203e-03   3.322267e+08   1.000000e+02
2.537490e-03   3.322321e+08   1.000000e+02
2.560993e-03   3.322385e+08   1.000000e+02
2.584714e-03   3.322459e+08   1.000000e+02
2.608654e-03   3.322544e+08   1.000000e+02
2.632815e-03   3.322638e+08   1.000000e+02
2.657201e-03   3.322743e+08   1.000000e+02
2.681813e-03   3.322858e+08   1.000000e+02
2.706652e-03   3.322984e+08   1.000000e+02
2.731722e-03   3.323120e+08   1.000000e+02
2.757023e-03   3.323267e+08   1.000000e+02
2.782559e-03   3.323424e+08   1.000000e+02
2.808332e-03   3.323591e+08   1.000000e+02
2.834343e-03   3.323769e+08   1.000000e+02
2.860596e-03   3.323958e+08   1.000000e+02
2.887091e-03   3.324157e+08   1.000000e+02
2.913832e-03   3.324367e+08   1.000000e+02
2.940820e-03   3.324587e+08   1.000000e+02
2.968059e-03   3.324818e+08   1.000000e+02
2.995549e-03   3.325060e+08   1.000000e+02
3.023295e-03   3.325313e+08   1.000000e+02
3.051297e-03   3.325582e+08   1.000000e+02
3.079559e-03   3.325871e+08   1.000000e+02
3.108082e-03   3.326187e+08   1.000000e+02
3.136870e-03   3.326534e+08   1.000000e+02
3.165924e-03   3.326919e+08   1.000000e+02
3.195248e-03   3.327346e+08   1.000000e+02
3.224842e-03   3.327822e+08   1.000000e+02
3.254712e-03   3.328351e+08   1.000000e+02
3.284857e-03   3.328940e+08   1.000000e+02
3.315282e-03   3.329593e+08   1.000000e+02
3.345989e-03   3.330316e+08   1.000000e+02
3.376980e-03   3.331115e+08   1.000000e+02
3.408259e-03   3.331995e+08   1.000000e+02
3.439826e-03   3.332962e+08   1.000000e+02
3.471687e-03   3.334021e+08   1.000000e+02
3.503842e-03   3.335178e+08   1.000000e+02
3.536296e-03   3.336439e+08   1.000000e+02
3.569049e-03   3.337808e+08   1.000000e+02
3.602107e-03   3.339292e+08   1.000000e+02
3.635470e-03   3.340897e+08   1.000000e+02
3.669142e-03   3.342627e+08   1.000000e+02
3.703127e-03   3.344489e+08   1.000000e+02
3.737426e-03   3.346488e+08   1.000000e+02
3.772042e-03   3.348631e+08   1.000000e+02
3.806980e-03   3.350922e+08   1.000000e+02
3.842241e-03   3.353368e+08   1.000000e+02
3.877828e-03   3.355974e+08   1.000000e+02
3.913746e-03   3.358747e+08   1.000000e+02
3.949995e-03   3.361693e+08   1.000000e+02
3.986581e-03   3.364816e+08   1.000000e+02
4.023506e-03   3.368123e+08   1.000000e+02
4.060772e-03   3.371602e+08   1.000000e+02
4.098384e-03   3.375233e+08   1.000000e+02
4.136344e-03   3.378994e+08   1.000000e+02
4.174655e-03   3.382864e+08   1.000000e+02
4.213322e-03   3.386821e+08   1.000000e+02
4.252346e-03   3.390843e+08   1.000000e+02
4.291732e-03   3.394908e+08   1.000000e+02
4.331483e-03   3.398995e+08   1.000000e+02
4.371602e-03   3.403081e+08   1.000000e+02
4.412093e-03   3.407145e+08   1.000000e+02
4.452959e-03   3.411164e+08   1.000000e+02
4.494203e-03   3.415116e+08   1.000000e+02
4.535829e-03   3.418978e+08   1.000000e+02
4.577841e-03   3.422728e+08   1.000000e+02
4.620241e-03   3.426343e+08   1.000000e+02
4.663035e-03   3.429801e+08   1.000000e+02
4.706225e-03   3.433078e+08   1.000000e+02
4.749815e-03   3.436152e+08   1.000000e+02
4.793808e-03   3.439001e+08   1.000000e+02
4.838210e-03   3.441600e+08   1.000000e+02
4.883022e-03   3.443928e+08   1.000000e+02
4.928250e-03   3.445961e+08   1.000000e+02
4.973896e-03   3.447676e+08   1.000000e+02
5.019965e-03   3.449052e+08   1.000000e+02
5.066461e-03   3.450084e+08   1.000000e+02
5.113388e-03   3.450794e+08   1.000000e+02
5.160749e-03   3.451203e+08   1.000000e+02
5.208549e-03   3.451333e+08   1.000000e+02
5.256791e-03   3.451206e+08   1.000000e+02
5.305481e-03   3.450843e+08   1.000000e+02
5.354621e-03   3.450266e+08   1.000000e+02
5.404216e-03   3.449498e+08   1.000000e+02
5.454271e-03   3.448560e+08   1.000000e+02
5.504790e-03   3.447474e+08   1.000000e+02
5.555776e-03   3.446263e+08   1.000000e+02
5.607235e-03   3.444948e+08   1.000000e+02
5.659170e-03   3.443551e+08   1.000000e+02
5.711586e-03   3.442094e+08   1.000000e+02
5.764488e-03   3.440600e+08   1.000000e+02
5.817880e-03   3.439088e+08   1.000000e+02
5.871766e-03   3.437583e+08   1.000000e+02
5.926152e-03   3.436105e+08   1.000000e+02
5.981041e-03   3.434675e+08   1.000000e+02
6.036439e-03   3.433315e+08   1.000000e+02
6.092349e-03   3.432028e+08   1.000000e+02
6.148778e-03   3.430804e+08   1.000000e+02
6.205729e-03   3.429635e+08   1.000000e+02
6.263207e-03   3.428514e+08   1.000000e+02
6.321218e-03   3.427430e+08   1.000000e+02
6.379767e-03   3.426375e+08   1.000000e+02
6.438857e-03   3.425342e+08   1.000000e+02
6.498495e-03   3.424321e+08   1.000000e+02
6.558686e-03   3.423304e+08   1.000000e+02
6.619433e-03   3.422283e+08   1.000000e+02
6.680744e-03   3.421248e+08   1.000000e+02
6.742622e-03   3.420191e+08   1.000000e+02
6.805074e-03   3.419105e+08   1.000000e+02
6.868104e-03   3.417980e+08   1.000000e+02
6.931717e-03   3.416807e+08   1.000000e+02
6.995920e-03   3.415580e+08   1.000000e+02
7.060718e-03   3.414290e+08   1.000000e+02
7.126115e-03   3.412939e+08   1.000000e+02
7.192119e-03   3.411531e+08   1.000000e+02
7.258734e-03   3.410070e+08   1.000000e+02
7.325965e-03   3.408559e+08   1.000000e+02
7.393820e-03   3.407003e+08   1.000000e+02
7.462303e-03   3.405406e+08   1.000000e+02
7.531420e-03   3.403770e+08   1.000000e+02
7.601178e-03   3.402101e+08   1.000000e+02
7.671581e-03   3.400402e+08   1.000000e+02
7.742637e-03   3.398676e+08   1.000000e+02
7.814351e-03   3.396928e+08   1.000000e+02
7.886729e-03   3.395161e+08   1.000000e+02
7.959777e-03   3.393379e+08   1.000000e+02
8.033502e-03   3.391586e+08   1.000000e+02
8.107910e-03   3.389779e+08   1.000000e+02
8.183007e-03   3.387947e+08   1.000000e+02
8.258799e-03   3.386080e+08   1.000000e+02
8.335294e-03   3.384168e+08   1.000000e+02
8.412497e-03   3.382200e+08   1.000000e+02
8.490415e-03   3.380165e+08   1.000000e+02
8.569055e-03   3.378054e+08   1.000000e+02
8.648423e-03   3.375856e+08   1.000000e+02
8.728527e-03   3.373560e+08   1.000000e+02
8.809372e-03   3.371156e+08   1.000000e+02
8.890966e-03   3.368633e+08   1.000000e+02
8.973316e-03   3.365983e+08   1.000000e+02
9.056428e-03   3.363196e+08   1.000000e+02
9.140311e-03   3.360293e+08   1.000000e+02
9.224970e-03   3.357312e+08   1.000000e+02
9.310413e-03   3.354290e+08   1.000000e+02
9.396648e-03   3.351265e+08   1.000000e+02
9.483682e-03   3.348274e+08   1.000000e+02
9.571522e-03   3.345354e+08   1.000000e+02
9.660175e-03   3.342543e+08   1.000000e+02
9.749649e-03   3.339878e+08   1.000000e+02
9.839952e-03   3.337395e+08   1.000000e+02
9.931092e-03   3.335131e+08   1.000000e+02
1.002308e-02   3.333124e+08   1.000000e+02
1.011591e-02   3.331386e+08   1.000000e+02
1.020961e-02   3.329887e+08   1.000000e+02
1.030417e-02   3.328591e+08   1.000000e+02
1.039961e-02   3.327461e+08   1.000000e+02
1.049593e-02   3.326462e+08   1.000000e+02
1.059315e-02   3.325558e+08   1.000000e+02
1.069126e-02   3.324714e+08   1.000000e+02
1.079029e-02   3.323893e+08   1.000000e+02
1.089023e-02   3.323061e+08   1.000000e+02
1.099110e-02   3.322181e+08   1.000000e+02
1.109290e-02   3.321224e+08   1.000000e+02
1.119564e-02   3.320191e+08   1.000000e+02
1.129934e-02   3.319093e+08   1.000000e+02
1.140400e-02   3.317941e+08   1.000000e+02
1.150962e-02   3.316746e+08   1.000000e+02
1.161623e-02   3.315519e+08   1.000000e+02
1.172382e-02   3.314271e+08   1.000000e+02
1.183241e-02   3.313013e+08   1.000000e+02
1.194200e-02   3.311756e+08   1.000000e+02
1.205261e-02   3.310511e+08   1.000000e+02
1.216424e-02   3.309282e+08   1.000000e+02
1.227691e-02   3.308065e+08   1.000000e+02
1.239062e-02   3.306858e+08   1.000000e+02
1.250539e-02   3.305657e+08   1.000000e+02
1.262121e-02   3.304459e+08   1.000000e+02
1.273811e-02   3.303261e+08   1.000000e+02
1.285610e-02   3.302060e+08   1.000000e+02
1.297517e-02   3.300852e+08   1.000000e+02
1.309535e-02   3.299634e+08   1.000000e+02
1.321664e-02   3.298406e+08   1.000000e+02
1.333906e-02   3.297170e+08   1.000000e+02
1.346261e-02   3.295927e+08   1.000000e+02
1.358730e-02   3.294678e+08   1.000000e+02
1.371315e-02   3.293425e+08   1.000000e+02
1.384016e-02   3.292168e+08   1.000000e+02
1.396835e-02   3.290909e+08   1.000000e+02
1.409773e-02   3.289649e+08   1.000000e+02
1.422830e-02   3.288388e+08   1.000000e+02
1.436009e-02   3.287125e+08   1.000000e+02
1.449310e-02   3.285859e+08   1.000000e+02
1.462733e-02   3.284590e+08   1.000000e+02
1.476281e-02   3.283316e+08   1.000000e+02
1.489955e-02   3.282036e+08   1.000000e+02
1.503755e-02   3.280751e+08   1.000000e+02
1.517683e-02   3.279459e+08   1.000000e+02
1.531740e-02   3.278162e+08   1.000000e+02
1.545928e-02   3.276861e+08   1.000000e+02
1.560246e-02   3.275557e+08   1.000000e+02
1.574698e-02   3.274253e+08   1.000000e+02
1.589283e-02   3.272949e+08   1.000000e+02
1.604003e-02   3.271647e+08   1.000000e+02
1.618860e-02   3.270348e+08   1.000000e+02
1.633854e-02   3.269051e+08   1.000000e+02
1.648987e-02   3.267756e+08   1.000000e+02
1.664260e-02   3.266462e+08   1.000000e+02
1.679675e-02   3.265171e+08   1.000000e+02
1.695232e-02   3.263880e+08   1.000000e+02
1.710934e-02   3.262591e+08   1.000000e+02
1.726781e-02   3.261302e+08   1.000000e+02
1.742775e-02   3.260014e+08   1.000000e+02
1.758917e-02   3.258726e+08   1.000000e+02
1.775208e-02   3.257438e+08   1.000000e+02
1.791650e-02   3.256150e+08   1.000000e+02
1.808245e-02   3.254861e+08   1.000000e+02
1.824993e-02   3.253572e+08   1.000000e+02
1.841897e-02   3.252282e+08   1.000000e+02
1.858957e-02   3.250992e+08   1.000000e+02
1.876175e-02   3.249703e+08   1.000000e+02
1.893552e-02   3.248414e+08   1.000000e+02
1.911091e-02   3.247127e+08   1.000000e+02
1.928792e-02   3.245840e+08   1.000000e+02
1.946656e-02   3.244555e+08   1.000000e+02
1.964687e-02   3.243272e+08   1.000000e+02
1.982884e-02   3.241992e+08   1.000000e+02
2.001250e-02   3.240713e+08   1.000000e+02
2.019786e-02   3.239438e+08   1.000000e+02
2.038493e-02   3.238166e+08   1.000000e+02
2.057374e-02   3.236899e+08   1.000000e+02
2.076430e-02   3.235637e+08   1.000000e+02
2.095662e-02   3.234380e+08   1.000000e+02
2.115073e-02   3.233131e+08   1.000000e+02
2.134663e-02   3.231888e+08   1.000000e+02
2.154435e-02   3.230654e+08   1.000000e+02
2.174389e-02   3.229429e+08   1.000000e+02
2.194529e-02   3.228214e+08   1.000000e+02
2.214855e-02   3.227009e+08   1.000000e+02
2.235370e-02   3.225815e+08   1.000000e+02
2.256074e-02   3.224633e+08   1.000000e+02
2.276970e-02   3.223463e+08   1.000000e+02
2.298060e-02   3.222308e+08   1.000000e+02
2.319345e-02   3.221166e+08   1.000000e+02
2.340827e-02   3.220039e+08   1.000000e+02
2.362508e-02   3.218928e+08   1.000000e+02
2.384390e-02   3.217834e+08   1.000000e+02
2.406475e-02   3.216757e+08   1.000000e+02
2.428764e-02   3.215697e+08   1.000000e+02
2.451260e-02   3.214656e+08   1.000000e+02
2.473964e-02   3.213635e+08   1.000000e+02
2.496878e-02   3.212634e+08   1.000000e+02
2.520005e-02   3.211654e+08   1.000000e+02
2.543346e-02   3.210693e+08   1.000000e+02
2.566903e-02   3.209752e+08   1.000000e+02
2.590678e-02   3.208830e+08   1.000000e+02
2.614673e-02   3.207924e+08   1.000000e+02
2.638891e-02   3.207034e+08   1.000000e+02
2.663333e-02   3.206160e+08   1.000000e+02
2.688001e-02   3.205300e+08   1.000000e+02
2.712898e-02   3.204453e+08   1.000000e+02
2.738025e-02   3.203619e+08   1.000000e+02
2.763385e-02   3.202795e+08   1.000000e+02
2.788980e-02   3.201982e+08   1.000000e+02
2.814812e-02   3.201179e+08   1.000000e+02
2.840884e-02   3.200383e+08   1.000000e+02
2.867196e-02   3.199595e+08   1.000000e+02
2.893753e-02   3.198814e+08   1.000000e+02
2.920556e-02   3.198038e+08   1.000000e+02
2.947606e-02   3.197266e+08   1.000000e+02
2.974908e-02   3.196498e+08   1.000000e+02
3.002462e-02   3.195732e+08   1.000000e+02
3.030271e-02   3.194969e+08   1.000000e+02
3.058338e-02   3.194213e+08   1.000000e+02
3.086665e-02   3.193468e+08   1.000000e+02
3.115254e-02   3.192739e+08   1.000000e+02
3.144108e-02   3.192031e+08   1.000000e+02
3.173230e-02   3.191349e+08   1.000000e+02
3.202621e-02   3.190696e+08   1.000000e+02
3.232284e-02   3.190078e+08   1.000000e+02
3.262222e-02   3.189500e+08   1.000000e+02
3.292437e-02   3.188966e+08   1.000000e+02
3.322933e-02   3.188481e+08   1.000000e+02
3.353710e-02   3.188049e+08   1.000000e+02
3.384773e-02   3.187675e+08   1.000000e+02
3.416123e-02   3.187364e+08   1.000000e+02
3.447764e-02   3.187120e+08   1.000000e+02
3.479698e-02   3.186949e+08   1.000000e+02
3.511928e-02   3.186854e+08   1.000000e+02
3.544456e-02   3.186841e+08   1.000000e+02
3.577285e-02   3.186914e+08   1.000000e+02
3.610419e-02   3.187077e+08   1.000000e+02
3.643859e-02   3.187336e+08   1.000000e+02
3.677609e-02   3.187696e+08   1.000000e+02
3.711672e-02   3.188160e+08   1.000000e+02
3.746050e-02   3.188734e+08   1.000000e+02
3.780747e-02   3.189422e+08   1.000000e+02
3.815765e-02   3.190229e+08   1.000000e+02
3.851107e-02   3.191161e+08   1.000000e+02
3.886777e-02   3.192221e+08   1.000000e+02
3.922777e-02   3.193414e+08   1.000000e+02
3.959110e-02   3.194746e+08   1.000000e+02
3.995780e-02   3.196222e+08   1.000000e+02
4.032790e-02   3.197843e+08   1.000000e+02
4.070142e-02   3.199600e+08   1.000000e+02
4.107841e-02   3.201478e+08   1.000000e+02
4.145888e-02   3.203462e+08   1.000000e+02
4.184289e-02   3.205538e+08   1.000000e+02
4.223044e-02   3.207691e+08   1.000000e+02
4.262159e-02   3.209906e+08   1.000000e+02
4.301636e-02   3.212168e+08   1.000000e+02
4.341478e-02   3.214463e+08   1.000000e+02
4.381690e-02   3.216775e+08   1.000000e+02
4.422274e-02   3.219089e+08   1.000000e+02
4.463234e-02   3.221391e+08   1.000000e+02
4.504573e-02   3.223666e+08   1.000000e+02
4.546295e-02   3.225898e+08   1.000000e+02
4.588404e-02   3.228072e+08   1.000000e+02
4.630903e-02   3.230174e+08   1.000000e+02
4.673795e-02   3.232187e+08   1.000000e+02
4.717085e-02   3.234097e+08   1.000000e+02
4.760775e-02   3.235889e+08   1.000000e+02
4.804870e-02   3.237547e+08   1.000000e+02
4.849374e-02   3.239056e+08   1.000000e+02
4.894290e-02   3.240400e+08   1.000000e+02
4.939622e-02   3.241565e+08   1.000000e+02
4.985373e-02   3.242535e+08   1.000000e+02
5.031549e-02   3.243296e+08   1.000000e+02
5.078152e-02   3.243852e+08   1.000000e+02
5.125187e-02   3.244217e+08   1.000000e+02
5.172657e-02   3.244405e+08   1.000000e+02
5.220568e-02   3.244431e+08   1.000000e+02
5.268921e-02   3.244308e+08   1.000000e+02
5.317723e-02   3.244051e+08   1.000000e+02
5.366977e-02   3.243675e+08   1.000000e+02
5.416687e-02   3.243193e+08   1.000000e+02
5.466857e-02   3.242621e+08   1.000000e+02
5.517492e-02   3.241972e+08   1.000000e+02
5.568596e-02   3.241261e+08   1.000000e+02
5.620174e-02   3.240503e+08   1.000000e+02
5.672229e-02   3.239711e+08   1.000000e+02
5.724766e-02   3.238900e+08   1.000000e+02
5.777790e-02   3.238085e+08   1.000000e+02
5.831305e-02   3.237279e+08   1.000000e+02
5.885316e-02   3.236497e+08   1.000000e+02
5.939827e-02   3.235753e+08   1.000000e+02
5.994843e-02   3.235061e+08   1.000000e+02
6.050368e-02   3.234434e+08   1.000000e+02
6.106408e-02   3.233871e+08   1.000000e+02
6.162966e-02   3.233367e+08   1.000000e+02
6.220049e-02   3.232918e+08   1.000000e+02
6.277660e-02   3.232518e+08   1.000000e+02
6.335805e-02   3.232165e+08   1.000000e+02
6.394488e-02   3.231852e+08   1.000000e+02
6.453715e-02   3.231576e+08   1.000000e+02
6.513491e-02   3.231331e+08   1.000000e+02
6.573820e-02   3.231113e+08   1.000000e+02
6.634708e-02   3.230919e+08   1.000000e+02
6.696160e-02   3.230742e+08   1.000000e+02
6.758181e-02   3.230579e+08   1.000000e+02
6.820777e-02   3.230425e+08   1.000000e+02
6.883952e-02   3.230275e+08   1.000000e+02
6.947713e-02   3.230125e+08   1.000000e+02
7.012064e-02   3.229971e+08   1.000000e+02
7.077011e-02   3.229808e+08   1.000000e+02
7.142559e-02   3.229640e+08   1.000000e+02
7.208715e-02   3.229467e+08   1.000000e+02
7.275484e-02   3.229290e+08   1.000000e+02
7.342870e-02   3.229113e+08   1.000000e+02
7.410882e-02   3.228936e+08   1.000000e+02
7.479523e-02   3.228760e+08   1.000000e+02
7.548799e-02   3.228589e+08   1.000000e+02
7.618718e-02   3.228422e+08   1.000000e+02
7.689284e-02   3.228263e+08   1.000000e+02
7.760503e-02   3.228113e+08   1.000000e+02
7.832383e-02   3.227973e+08   1.000000e+02
7.904928e-02   3.227845e+08   1.000000e+02
7.978145e-02   3.227731e+08   1.000000e+02
8.052040e-02   3.227632e+08   1.000000e+02
8.126619e-02   3.227551e+08   1.000000e+02
8.201889e-02   3.227487e+08   1.000000e+02
8.277857e-02   3.227444e+08   1.000000e+02
8.354528e-02   3.227422e+08   1.000000e+02
8.431909e-02   3.227422e+08   1.000000e+02
8.510007e-02   3.227447e+08   1.000000e+02
8.588829e-02   3.227498e+08   1.000000e+02
8.668380e-02   3.227575e+08   1.000000e+02
8.748668e-02   3.227681e+08   1.000000e+02
8.829700e-02   3.227817e+08   1.000000e+02
8.911482e-02   3.227984e+08   1.000000e+02
8.994022e-02   3.228184e+08   1.000000e+02
9.077327e-02   3.228418e+08   1.000000e+02
9.161402e-02   3.228680e+08   1.000000e+02
9.246257e-02   3.228964e+08   1.000000e+02
9.331898e-02   3.229264e+08   1.000000e+02
9.418332e-02   3.229575e+08   1.000000e+02
9.505566e-02   3.229888e+08   1.000000e+02
9.593608e-02   3.230200e+08   1.000000e+02
9.682466e-02   3.230502e+08   1.000000e+02
9.772147e-02   3.230789e+08   1.000000e+02
9.862658e-02   3.231055e+08   1.000000e+02
9.954008e-02   3.231293e+08   1.000000e+02
1.004620e-01   3.231498e+08   1.000000e+02
1.013925e-01   3.231668e+08   1.000000e+02
1.023317e-01   3.231811e+08   1.000000e+02
1.032795e-01   3.231930e+08   1.000000e+02
1.042361e-01   3.232033e+08   1.000000e+02
1.052015e-01   3.232125e+08   1.000000e+02
1.061759e-01   3.232211e+08   1.000000e+02
1.071593e-01   3.232299e+08   1.000000e+02
1.081519e-01   3.232392e+08   1.000000e+02
1.091536e-01   3.232498e+08   1.000000e+02
1.101646e-01   3.232622e+08   1.000000e+02
1.111850e-01   3.232767e+08   1.000000e+02
1.122148e-01   3.232934e+08   1.000000e+02
1.132541e-01   3.233122e+08   1.000000e+02
1.143031e-01   3.233329e+08   1.000000e+02
1.153618e-01   3.233554e+08   1.000000e+02
1.164303e-01   3.233797e+08   1.000000e+02
1.175087e-01   3.234056e+08   1.000000e+02
1.185971e-01   3.234330e+08   1.000000e+02
1.196956e-01   3.234618e+08   1.000000e+02
1.208042e-01   3.234920e+08   1.000000e+02
1.219231e-01   3.235234e+08   1.000000e+02
1.230524e-01   3.235561e+08   1.000000e+02
1.241921e-01   3.235902e+08   1.000000e+02
1.253424e-01   3.236256e+08   1.000000e+02
1.265034e-01   3.236625e+08   1.000000e+02
1.276751e-01   3.237008e+08   1.000000e+02
1.288576e-01   3.237406e+08   1.000000e+02
1.300511e-01   3.237818e+08   1.000000e+02
1.312557e-01   3.238245e+08   1.000000e+02
1.324714e-01   3.238689e+08   1.000000e+02
1.336984e-01   3.239148e+08   1.000000e+02
1.349367e-01   3.239624e+08   1.000000e+02
1.361865e-01   3.240117e+08   1.000000e+02
1.374479e-01   3.240627e+08   1.000000e+02
1.387210e-01   3.241156e+08   1.000000e+02
1.400058e-01   3.241703e+08   1.000000e+02
1.413026e-01   3.242269e+08   1.000000e+02
1.426114e-01   3.242855e+08   1.000000e+02
1.439323e-01   3.243464e+08   1.000000e+02
1.452654e-01   3.244096e+08   1.000000e+02
1.466109e-01   3.244753e+08   1.000000e+02
1.479688e-01   3.245437e+08   1.000000e+02
1.493393e-01   3.246149e+08   1.000000e+02
1.507225e-01   3.246890e+08   1.000000e+02
1.521186e-01   3.247661e+08   1.000000e+02
1.535275e-01   3.248458e+08   1.000000e+02
1.549495e-01   3.249280e+08   1.000000e+02
1.563847e-01   3.250124e+08   1.000000e+02
1.578331e-01   3.250989e+08   1.000000e+02
1.592950e-01   3.251872e+08   1.000000e+02
1.607704e-01   3.252770e+08   1.000000e+02
1.622595e-01   3.253684e+08   1.000000e+02
1.637624e-01   3.254614e+08   1.000000e+02
1.652792e-01   3.255562e+08   1.000000e+02
1.668101e-01   3.256529e+08   1.000000e+02
1.683551e-01   3.257516e+08   1.000000e+02
1.699144e-01   3.258525e+08   1.000000e+02
1.714882e-01   3.259557e+08   1.000000e+02
1.730766e-01   3.260612e+08   1.000000e+02
1.746796e-01   3.261693e+08   1.000000e+02
1.762975e-01   3.262800e+08   1.000000e+02
1.779304e-01   3.263935e+08   1.000000e+02
1.795785e-01   3.265099e+08   1.000000e+02
1.812418e-01   3.266293e+08   1.000000e+02
1.829205e-01   3.267518e+08   1.000000e+02
1.846147e-01   3.268772e+08   1.000000e+02
1.863246e-01   3.270054e+08   1.000000e+02
1.880504e-01   3.271365e+08   1.000000e+02
1.897922e-01   3.272703e+08   1.000000e+02
1.915501e-01   3.274069e+08   1.000000e+02
1.933242e-01   3.275460e+08   1.000000e+02
1.951148e-01   3.276877e+08   1.000000e+02
1.969220e-01   3.278320e+08   1.000000e+02
1.987460e-01   3.279786e+08   1.000000e+02
2.005868e-01   3.281276e+08   1.000000e+02
2.024447e-01   3.282789e+08   1.000000e+02
2.043197e-01   3.284326e+08   1.000000e+02
2.062122e-01   3.285885e+08   1.000000e+02
2.081222e-01   3.287468e+08   1.000000e+02
2.100498e-01   3.289074e+08   1.000000e+02
2.119953e-01   3.290703e+08   1.000000e+02
2.139589e-01   3.292355e+08   1.000000e+02
2.159406e-01   3.294029e+08   1.000000e+02
2.179407e-01   3.295727e+08   1.000000e+02
2.199593e-01   3.297448e+08   1.000000e+02
2.219966e-01   3.299192e+08   1.000000e+02
2.240528e-01   3.300958e+08   1.000000e+02
2.261280e-01   3.302748e+08   1.000000e+02
2.282224e-01   3.304560e+08   1.000000e+02
2.303363e-01   3.306395e+08   1.000000e+02
2.324697e-01   3.308253e+08   1.000000e+02
2.346229e-01   3.310134e+08   1.000000e+02
2.367960e-01   3.312037e+08   1.000000e+02
2.389893e-01   3.313964e+08   1.000000e+02
2.412028e-01   3.315913e+08   1.000000e+02
2.434369e-01   3.317884e+08   1.000000e+02
2.456916e-01   3.319878e+08   1.000000e+02
2.479673e-01   3.321895e+08   1.000000e+02
2.502640e-01   3.323935e+08   1.000000e+02
2.525820e-01   3.325997e+08   1.000000e+02
2.549215e-01   3.328081e+08   1.000000e+02
2.572826e-01   3.330187e+08   1.000000e+02
2.596656e-01   3.332314e+08   1.000000e+02
2.620707e-01   3.334462e+08   1.000000e+02
2.644980e-01   3.336631e+08   1.000000e+02
2.669478e-01   3.338819e+08   1.000000e+02
2.694204e-01   3.341028e+08   1.000000e+02
2.719158e-01   3.343256e+08   1.000000e+02
2.744343e-01   3.345502e+08   1.000000e+02
2.769762e-01   3.347768e+08   1.000000e+02
2.795416e-01   3.350051e+08   1.000000e+02
2.821308e-01   3.352352e+08   1.000000e+02
2.847439e-01   3.354670e+08   1.000000e+02
2.873813e-01   3.357005e+08   1.000000e+02
2.900430e-01   3.359357e+08   1.000000e+02
2.927295e-01   3.361725e+08   1.000000e+02
2.954408e-01   3.364108e+08   1.000000e+02
2.981772e-01   3.366506e+08   1.000000e+02
3.009390e-01   3.368920e+08   1.000000e+02
3.037264e-01   3.371348e+08   1.000000e+02
3.065395e-01   3.373790e+08   1.000000e+02
3.093788e-01   3.376249e+08   1.000000e+02
3.122443e-01   3.378723e+08   1.000000e+02
3.151363e-01   3.381213e+08   1.000000e+02
3.180552e-01   3.383719e+08   1.000000e+02
3.210011e-01   3.386243e+08   1.000000e+02
3.239743e-01   3.388783e+08   1.000000e+02
3.269750e-01   3.391341e+08   1.000000e+02
3.300035e-01   3.393917e+08   1.000000e+02
3.330600e-01   3.396511e+08   1.000000e+02
3.361449e-01   3.399124e+08   1.000000e+02
3.392583e-01   3.401756e+08   1.000000e+02
3.424006e-01   3.404407e+08   1.000000e+02
3.455720e-01   3.407078e+08   1.000000e+02
3.487727e-01   3.409769e+08   1.000000e+02
3.520031e-01   3.412481e+08   1.000000e+02
3.552635e-01   3.415213e+08   1.000000e+02
3.585540e-01   3.417966e+08   1.000000e+02
3.618750e-01   3.420738e+08   1.000000e+02
3.652267e-01   3.423531e+08   1.000000e+02
3.686095e-01   3.426343e+08   1.000000e+02
3.720237e-01   3.429175e+08   1.000000e+02
3.754694e-01   3.432026e+08   1.000000e+02
3.789471e-01   3.434896e+08   1.000000e+02
3.824570e-01   3.437785e+08   1.000000e+02
3.859994e-01   3.440693e+08   1.000000e+02
3.895746e-01   3.443619e+08   1.000000e+02
3.931829e-01   3.446563e+08   1.000000e+02
3.968246e-01   3.449525e+08   1.000000e+02
4.005001e-01   3.452505e+08   1.000000e+02
4.042096e-01   3.455502e+08   1.000000e+02
4.079535e-01   3.458518e+08   1.000000e+02
4.117320e-01   3.461553e+08   1.000000e+02
4.155455e-01   3.464607e+08   1.000000e+02
4.193944e-01   3.467682e+08   1.000000e+02
4.232789e-01   3.470777e+08   1.000000e+02
4.271994e-01   3.473893e+08   1.000000e+02
4.311562e-01   3.477032e+08   1.000000e+02
4.351497e-01   3.480193e+08   1.000000e+02
4.391801e-01   3.483377e+08   1.000000e+02
4.432479e-01   3.486586e+08   1.000000e+02
4.473533e-01   3.489818e+08   1.000000e+02
4.514968e-01   3.493076e+08   1.000000e+02
4.556786e-01   3.496360e+08   1.000000e+02
4.598992e-01   3.499670e+08   1.000000e+02
4.641589e-01   3.503008e+08   1.000000e+02
4.684580e-01   3.506373e+08   1.000000e+02
4.727970e-01   3.509766e+08   1.000000e+02
4.771761e-01   3.513188e+08   1.000000e+02
4.815958e-01   3.516640e+08   1.000000e+02
4.860564e-01   3.520122e+08   1.000000e+02
4.905584e-01   3.523635e+08   1.000000e+02
4.951020e-01   3.527180e+08   1.000000e+02
4.996877e-01   3.530756e+08   1.000000e+02
5.043159e-01   3.534366e+08   1.000000e+02
5.089870e-01   3.538009e+08   1.000000e+02
5.137014e-01   3.541686e+08   1.000000e+02
5.184594e-01   3.545397e+08   1.000000e+02
5.232614e-01   3.549143e+08   1.000000e+02
5.281080e-01   3.552924e+08   1.000000e+02
5.329994e-01   3.556741e+08   1.000000e+02
5.379362e-01   3.560595e+08   1.000000e+02
5.429186e-01   3.564486e+08   1.000000e+02
5.479472e-01   3.568414e+08   1.000000e+02
5.530224e-01   3.572381e+08   1.000000e+02
5.581446e-01   3.576386e+08   1.000000e+02
5.633143e-01   3.580430e+08   1.000000e+02
5.685318e-01   3.584514e+08   1.000000e+02
5.737976e-01   3.588638e+08   1.000000e+02
5.791123e-01   3.592803e+08   1.000000e+02
5.844761e-01   3.597009e+08   1.000000e+02
5.898896e-01   3.601258e+08   1.000000e+02
5.953533e-01   3.605548e+08   1.000000e+02
6.008676e-01   3.609882e+08   1.000000e+02
6.064329e-01   3.614259e+08   1.000000e+02
6.120498e-01   3.618681e+08   1.000000e+02
6.177188e-01   3.623148e+08   1.000000e+02
6.234402e-01   3.627661e+08   1.000000e+02
6.292146e-01   3.632221e+08   1.000000e+02
6.350425e-01   3.636828e+08   1.000000e+02
6.409244e-01   3.641483e+08   1.000000e+02
6.468608e-01   3.646188e+08   1.000000e+02
6.528521e-01   3.650942e+08   1.000000e+02
6.588990e-01   3.655748e+08   1.000000e+02
6.650018e-01   3.660604e+08   1.000000e+02
6.711612e-01   3.665513e+08   1.000000e+02
6.773776e-01   3.670475e+08   1.000000e+02
6.836516e-01   3.675491e+08   1.000000e+02
6.899837e-01   3.680562e+08   1.000000e+02
6.963745e-01   3.685688e+08   1.000000e+02
7.028244e-01   3.690871e+08   1.000000e+02
7.093341e-01   3.696111e+08   1.000000e+02
7.159041e-01   3.701408e+08   1.000000e+02
7.225349e-01   3.706764e+08   1.000000e+02
7.292272e-01   3.712180e+08   1.000000e+02
7.359814e-01   3.717654e+08   1.000000e+02
7.427982e-01   3.723189e+08   1.000000e+02
7.496782e-01   3.728785e+08   1.000000e+02
7.566219e-01   3.734443e+08   1.000000e+02
7.636298e-01   3.740163e+08   1.000000e+02
7.707027e-01   3.745945e+08   1.000000e+02
7.778411e-01   3.751791e+08   1.000000e+02
7.850456e-01   3.757701e+08   1.000000e+02
7.923169e-01   3.763676e+08   1.000000e+02
7.996555e-01   3.769716e+08   1.000000e+02
8.070620e-01   3.775823e+08   1.000000e+02
8.145372e-01   3.781996e+08   1.000000e+02
8.220816e-01   3.788236e+08   1.000000e+02
8.296959e-01   3.794544e+08   1.000000e+02
8.373807e-01   3.800919e+08   1.000000e+02
8.451366e-01   3.807364e+08   1.000000e+02
8.529644e-01   3.813878e+08   1.000000e+02
8.608648e-01   3.820461e+08   1.000000e+02
8.688383e-01   3.827114e+08   1.000000e+02
8.768856e-01   3.833838e+08   1.000000e+02
8.850075e-01   3.840634e+08   1.000000e+02
8.932046e-01   3.847501e+08   1.000000e+02
9.014776e-01   3.854440e+08   1.000000e+02
9.098273e-01   3.861452e+08   1.000000e+02
9.182543e-01   3.868538e+08   1.000000e+02
9.267593e-01   3.875698e+08   1.000000e+02
9.353432e-01   3.882933e+08   1.000000e+02
9.440065e-01   3.890244e+08   1.000000e+02
9.527500e-01   3.897631e+08   1.000000e+02
9.615746e-01   3.905096e+08   1.000000e+02
9.704809e-01   3.912638e+08   1.000000e+02
9.794697e-01   3.920260e+08   1.000000e+02
9.885417e-01   3.927961e+08   1.000000e+02
9.976978e-01   3.935742e+08   1.000000e+02
1.006939e+00   3.943604e+08   1.000000e+02
1.016265e+00   3.951548e+08   1.000000e+02
1.025678e+00   3.959575e+08   1.000000e+02
1.035178e+00   3.967684e+08   1.000000e+02
1.044766e+00   3.975876e+08   1.000000e+02
1.054443e+00   3.984152e+08   1.000000e+02
1.064209e+00   3.992513e+08   1.000000e+02
1.074066e+00   4.000958e+08   1.000000e+02
1.084014e+00   4.009489e+08   1.000000e+02
1.094055e+00   4.018105e+08   1.000000e+02
1.104188e+00   4.026808e+08   1.000000e+02
1.114415e+00   4.035599e+08   1.000000e+02
1.124737e+00   4.044477e+08   1.000000e+02
1.135155e+00   4.053443e+08   1.000000e+02
1.145669e+00   4.062498e+08   1.000000e+02
1.156280e+00   4.071642e+08   1.000000e+02
1.166990e+00   4.080877e+08   1.000000e+02
1.177799e+00   4.090202e+08   1.000000e+02
1.188708e+00   4.099618e+08   1.000000e+02
1.199718e+00   4.109126e+08   1.000000e+02
1.210830e+00   4.118727e+08   1.000000e+02
1.222045e+00   4.128420e+08   1.000000e+02
1.233363e+00   4.138208e+08   1.000000e+02
1.244787e+00   4.148090e+08   1.000000e+02
1.256317e+00   4.158066e+08   1.000000e+02
1.267953e+00   4.168139e+08   1.000000e+02
1.279697e+00   4.178307e+08   1.000000e+02
1.291550e+00   4.188571e+08   1.000000e+02
1.303512e+00   4.198931e+08   1.000000e+02
1.315586e+00   4.209388e+08   1.000000e+02
1.327771e+00   4.219941e+08   1.000000e+02
1.340069e+00   4.230592e+08   1.000000e+02
1.352481e+00   4.241340e+08   1.000000e+02
1.365008e+00   4.252186e+08   1.000000e+02
1.377651e+00   4.263130e+08   1.000000e+02
1.390411e+00   4.274171e+08   1.000000e+02
1.403289e+00   4.285312e+08   1.000000e+02
1.416287e+00   4.296551e+08   1.000000e+02
1.429405e+00   4.307889e+08   1.000000e+02
1.442644e+00   4.319327e+08   1.000000e+02
1.456006e+00   4.330864e+08   1.000000e+02
1.469492e+00   4.342501e+08   1.000000e+02
1.483103e+00   4.354239e+08   1.000000e+02
1.496839e+00   4.366077e+08   1.000000e+02
1.510703e+00   4.378017e+08   1.000000e+02
1.524696e+00   4.390057e+08   1.000000e+02
1.538818e+00   4.402200e+08   1.000000e+02
1.553071e+00   4.414446e+08   1.000000e+02
1.567455e+00   4.426795e+08   1.000000e+02
1.581973e+00   4.439248e+08   1.000000e+02
1.596626e+00   4.451806e+08   1.000000e+02
1.611414e+00   4.464470e+08   1.000000e+02
1.626340e+00   4.477240e+08   1.000000e+02
1.641403e+00   4.490116e+08   1.000000e+02
1.656606e+00   4.503100e+08   1.000000e+02
1.671950e+00   4.516192e+08   1.000000e+02
1.687436e+00   4.529394e+08   1.000000e+02
1.703065e+00   4.542704e+08   1.000000e+02
1.718839e+00   4.556126e+08   1.000000e+02
1.734759e+00   4.569658e+08   1.000000e+02
1.750827e+00   4.583302e+08   1.000000e+02
1.767044e+00   4.597058e+08   1.000000e+02
1.783410e+00   4.610927e+08   1.000000e+02
1.799929e+00   4.624907e+08   1.000000e+02
1.816600e+00   4.638998e+08   1.000000e+02
1.833425e+00   4.653200e+08   1.000000e+02
1.850407e+00   4.667512e+08   1.000000e+02
1.867546e+00   4.681934e+08   1.000000e+02
1.884843e+00   4.696464e+08   1.000000e+02
1.902301e+00   4.711103e+08   1.000000e+02
1.919921e+00   4.725851e+08   1.000000e+02
1.937703e+00   4.740705e+08   1.000000e+02
1.955651e+00   4.755667e+08   1.000000e+02
1.973764e+00   4.770735e+08   1.000000e+02
1.992046e+00   4.785909e+08   1.000000e+02
2.010496e+00   4.801188e+08   1.000000e+02
2.029118e+00   4.816571e+08   1.000000e+02
2.047912e+00   4.832060e+08   1.000000e+02
2.066880e+00   4.847653e+08   1.000000e+02
2.086024e+00   4.863349e+08   1.000000e+02
2.105345e+00   4.879150e+08   1.000000e+02
2.124845e+00   4.895054e+08   1.000000e+02
2.144526e+00   4.911061e+08   1.000000e+02
2.164389e+00   4.927171e+08   1.000000e+02
2.184436e+00   4.943384e+08   1.000000e+02
2.204669e+00   4.959699e+08   1.000000e+02
2.225089e+00   4.976116e+08   1.000000e+02
2.245698e+00   4.992635e+08   1.000000e+02
2.266498e+00   5.009256e+08   1.000000e+02
2.287491e+00   5.025977e+08   1.000000e+02
2.308678e+00   5.042799e+08   1.000000e+02
2.330061e+00   5.059721e+08   1.000000e+02
2.351643e+00   5.076743e+08   1.000000e+02
2.373424e+00   5.093865e+08   1.000000e+02
2.395407e+00   5.111086e+08   1.000000e+02
2.417594e+00   5.128406e+08   1.000000e+02
2.439986e+00   5.145825e+08   1.000000e+02
2.462586e+00   5.163341e+08   1.000000e+02
2.485395e+00   5.180955e+08   1.000000e+02
2.508415e+00   5.198667e+08   1.000000e+02
2.531648e+00   5.216475e+08   1.000000e+02
2.555097e+00   5.234378e+08   1.000000e+02
2.578763e+00   5.252376e+08   1.000000e+02
2.602648e+00   5.270468e+08   1.000000e+02
2.626754e+00   5.288652e+08   1.000000e+02
2.651084e+00   5.306927e+08   1.000000e+02
2.675638e+00   5.325293e+08   1.000000e+02
2.700421e+00   5.343749e+08   1.000000e+02
2.725433e+00   5.362292e+08   1.000000e+02
2.750676e+00   5.380923e+08   1.000000e+02
2.776153e+00   5.399640e+08   1.000000e+02
2.801867e+00   5.418441e+08   1.000000e+02
2.827818e+00   5.437326e+08   1.000000e+02
2.854010e+00   5.456293e+08   1.000000e+02
2.880444e+00   5.475341e+08   1.000000e+02
2.907123e+00   5.494470e+08   1.000000e+02
2.934050e+00   5.513676e+08   1.000000e+02
2.961225e+00   5.532960e+08   1.000000e+02
2.988653e+00   5.552321e+08   1.000000e+02
3.016334e+00   5.571755e+08   1.000000e+02
3.044272e+00   5.591263e+08   1.000000e+02
3.072469e+00   5.610842e+08   1.000000e+02
3.100927e+00   5.630491e+08   1.000000e+02
3.129648e+00   5.650206e+08   1.000000e+02
3.158635e+00   5.669988e+08   1.000000e+02
3.187891e+00   5.689833e+08   1.000000e+02
3.217418e+00   5.709739e+08   1.000000e+02
3.247218e+00   5.729705e+08   1.000000e+02
3.277295e+00   5.749729e+08   1.000000e+02
3.307650e+00   5.769808e+08   1.000000e+02
3.338286e+00   5.789941e+08   1.000000e+02
3.369206e+00   5.810125e+08   1.000000e+02
3.400412e+00   5.830358e+08   1.000000e+02
3.431907e+00   5.850637e+08   1.000000e+02
3.463694e+00   5.870962e+08   1.000000e+02
3.495776e+00   5.891329e+08   1.000000e+02
3.528154e+00   5.911736e+08   1.000000e+02
3.560833e+00   5.932181e+08   1.000000e+02
3.593814e+00   5.952659e+08   1.000000e+02
3.627100e+00   5.973170e+08   1.000000e+02
3.660695e+00   5.993708e+08   1.000000e+02
3.694601e+00   6.014272e+08   1.000000e+02
3.728821e+00   6.034858e+08   1.000000e+02
3.763358e+00   6.055463e+08   1.000000e+02
3.798215e+00   6.076084e+08   1.000000e+02
3.833395e+00   6.096718e+08   1.000000e+02
3.868901e+00   6.117361e+08   1.000000e+02
3.904735e+00   6.138010e+08   1.000000e+02
3.940902e+00   6.158661e+08   1.000000e+02
3.977403e+00   6.179312e+08   1.000000e+02
4.014242e+00   6.199959e+08   1.000000e+02
4.051423e+00   6.220597e+08   1.000000e+02
4.088948e+00   6.241222e+08   1.000000e+02
4.126821e+00   6.261828e+08   1.000000e+02
4.165044e+00   6.282408e+08   1.000000e+02
4.203622e+00   6.302959e+08   1.000000e+02
4.242556e+00   6.323474e+08   1.000000e+02
4.281852e+00   6.343947e+08   1.000000e+02
4.321511e+00   6.364373e+08   1.000000e+02
4.361538e+00   6.384746e+08   1.000000e+02
4.401935e+00   6.405060e+08   1.000000e+02
4.442707e+00   6.425309e+08   1.000000e+02
4.483856e+00   6.445487e+08   1.000000e+02
4.525386e+00   6.465588e+08   1.000000e+02
4.567301e+00   6.485606e+08   1.000000e+02
4.609604e+00   6.505535e+08   1.000000e+02
4.652300e+00   6.525368e+08   1.000000e+02
4.695390e+00   6.545099e+08   1.000000e+02
4.738880e+00   6.564722e+08   1.000000e+02
4.782772e+00   6.584230e+08   1.000000e+02
4.827071e+00   6.603617e+08   1.000000e+02
4.871780e+00   6.622876e+08   1.000000e+02
4.916904e+00   6.642001e+08   1.000000e+02
4.962445e+00   6.660985e+08   1.000000e+02
5.008408e+00   6.679821e+08   1.000000e+02
5.054797e+00   6.698503e+08   1.000000e+02
5.101615e+00   6.717020e+08   1.000000e+02
5.148867e+00   6.735365e+08   1.000000e+02
5.196557e+00   6.753527e+08   1.000000e+02
5.244689e+00   6.771497e+08   1.000000e+02
5.293266e+00   6.789266e+08   1.000000e+02
5.342293e+00   6.806825e+08   1.000000e+02
5.391775e+00   6.824164e+08   1.000000e+02
5.441714e+00   6.841273e+08   1.000000e+02
5.492116e+00   6.858142e+08   1.000000e+02
5.542986e+00   6.874763e+08   1.000000e+02
5.594326e+00   6.891125e+08   1.000000e+02
5.646141e+00   6.907219e+08   1.000000e+02
5.698437e+00   6.923034e+08   1.000000e+02
5.751217e+00   6.938561e+08   1.000000e+02
5.804486e+00   6.953790e+08   1.000000e+02
5.858248e+00   6.968711e+08   1.000000e+02
5.912508e+00   6.983314e+08   1.000000e+02
5.967271e+00   6.997590e+08   1.000000e+02
6.022541e+00   7.011527e+08   1.000000e+02
6.078323e+00   7.025117e+08   1.000000e+02
6.134622e+00   7.038348e+08   1.000000e+02
6.191442e+00   7.051211e+08   1.000000e+02
6.248788e+00   7.063695e+08   1.000000e+02
6.306666e+00   7.075791e+08   1.000000e+02
6.365079e+00   7.087487e+08   1.000000e+02
6.424034e+00   7.098774e+08   1.000000e+02
6.483534e+00   7.109641e+08   1.000000e+02
6.543586e+00   7.120079e+08   1.000000e+02
6.604194e+00   7.130077e+08   1.000000e+02
6.665363e+00   7.139625e+08   1.000000e+02
6.727099e+00   7.148713e+08   1.000000e+02
6.789407e+00   7.157331e+08   1.000000e+02
6.852292e+00   7.165469e+08   1.000000e+02
6.915759e+00   7.173117e+08   1.000000e+02
6.979814e+00   7.180265e+08   1.000000e+02
7.044462e+00   7.186904e+08   1.000000e+02
7.109709e+00   7.193025e+08   1.000000e+02
7.175561e+00   7.198618e+08   1.000000e+02
7.242022e+00   7.203677e+08   1.000000e+02
7.309099e+00   7.208193e+08   1.000000e+02
7.376798e+00   7.212158e+08   1.000000e+02
7.445123e+00   7.215564e+08   1.000000e+02
7.514081e+00   7.218403e+08   1.000000e+02
7.583678e+00   7.220668e+08   1.000000e+02
7.653919e+00   7.222350e+08   1.000000e+02
7.724811e+00   7.223443e+08   1.000000e+02
7.796360e+00   7.223940e+08   1.000000e+02
7.868572e+00   7.223832e+08   1.000000e+02
7.941452e+00   7.223114e+08   1.000000e+02
8.015007e+00   7.221778e+08   1.000000e+02
8.089243e+00   7.219818e+08   1.000000e+02
8.164168e+00   7.217231e+08   1.000000e+02
8.239786e+00   7.214012e+08   1.000000e+02
8.316104e+00   7.210157e+08   1.000000e+02
8.393129e+00   7.205664e+08   1.000000e+02
8.470868e+00   7.200529e+08   1.000000e+02
8.549327e+00   7.194748e+08   1.000000e+02
8.628513e+00   7.188320e+08   1.000000e+02
8.708431e+00   7.181240e+08   1.000000e+02
8.789091e+00   7.173507e+08   1.000000e+02
8.870497e+00   7.165118e+08   1.000000e+02
8.952657e+00   7.156072e+08   1.000000e+02
9.035578e+00   7.146365e+08   1.000000e+02
9.119268e+00   7.135997e+08   1.000000e+02
9.203732e+00   7.124966e+08   1.000000e+02
9.288979e+00   7.113271e+08   1.000000e+02
9.375015e+00   7.100909e+08   1.000000e+02
9.461848e+00   7.087882e+08   1.000000e+02
9.549486e+00   7.074187e+08   1.000000e+02
9.637935e+00   7.059825e+08   1.000000e+02
9.727203e+00   7.044795e+08   1.000000e+02
9.817298e+00   7.029097e+08   1.000000e+02
9.908228e+00   7.012732e+08   1.000000e+02
1.000000e+01   6.995700e+08   1.000000e+02
