# O17 + p > F18 + g   [O17_p__F18_g]   ref=Iliadis et al. 2010
# detailed balance: alpha=3.6651e+10 beta=1.5 gamma=-65.0602  Q=5.6065
# T9                 rate                error
1.000000e-03   1.000000e-35   1.000000e+00
1.009262e-03   1.001703e-35   1.000000e+00
1.018610e-03   1.003333e-35   1.000000e+00
1.028045e-03   1.004894e-35   1.000000e+00
1.037567e-03   1.006384e-35   1.000000e+00
1.047177e-03   1.007805e-35   1.000000e+00
1.056876e-03   1.009157e-35   1.000000e+00
1.066665e-03   1.010443e-35   1.000000e+00
1.076545e-03   1.011662e-35   1.000000e+00
1.086516e-03   1.012815e-35   1.000000e+00
1.096579e-03   1.013904e-35   1.000000e+00
1.106736e-03   1.014930e-35   1.000000e+00
1.116987e-03   1.015892e-35   1.000000e+00
1.127333e-03   1.016794e-35   1.000000e+00
1.137774e-03   1.017634e-35   1.000000e+00
1.148312e-03   1.018415e-35   1.000000e+00
1.158948e-03   1.019138e-35   1.000000e+00
1.169683e-03   1.019803e-35   1.000000e+00
1.180517e-03   1.020412e-35   1.000000e+00
1.191451e-03   1.020966e-35   1.000000e+00
1.202486e-03   1.021465e-35   1.000000e+00
1.213624e-03   1.021912e-35   1.000000e+00
1.224865e-03   1.022306e-35   1.000000e+00
1.236210e-03   1.022650e-35   1.000000e+00
1.247660e-03   1.022944e-35   1.000000e+00
1.259216e-03   1.023190e-35   1.000000e+00
1.270879e-03   1.023388e-35   1.000000e+00
1.282650e-03   1.023540e-35   1.000000e+00
1.294530e-03   1.023647e-35   1.000000e+00
1.306520e-03   1.023710e-35   1.000000e+00
1.318621e-03   1.023731e-35   1.000000e+00
1.330835e-03   1.023710e-35   1.000000e+00
1.343161e-03   1.023649e-35   1.000000e+00
1.355602e-03   1.023549e-35   1.000000e+00
1.368158e-03   1.023411e-35   1.000000e+00
1.380830e-03   1.023236e-35   1.000000e+00
1.393619e-03   1.023026e-35   1.000000e+00
1.406527e-03   1.022781e-35   1.000000e+00
1.419555e-03   1.022504e-35   1.000000e+00
1.432703e-03   1.022195e-35   1.000000e+00
1.445973e-03   1.021855e-35   1.000000e+00
1.459366e-03   1.021486e-35   1.000000e+00
1.472883e-03   1.021088e-35   1.000000e+00
1.486525e-03   1.020664e-35   1.000000e+00
1.500293e-03   1.020214e-35   1.000000e+00
1.514189e-03   1.019740e-35   1.000000e+00
1.528214e-03   1.019242e-35   1.000000e+00
1.542369e-03   1.018722e-35   1.000000e+00
1.556654e-03   1.018182e-35   1.000000e+00
1.571072e-03   1.017622e-35   1.000000e+00
1.585624e-03   1.017043e-35   1.000000e+00
1.600310e-03   1.016447e-35   1.000000e+00
1.615133e-03   1.015836e-35   1.000000e+00
1.630092e-03   1.015209e-35   1.000000e+00
1.645191e-03   1.014570e-35   1.000000e+00
1.660429e-03   1.013917e-35   1.000000e+00
1.675808e-03   1.013254e-35   1.000000e+00
1.691330e-03   1.012581e-35   1.000000e+00
1.706995e-03   1.011899e-35   1.000000e+00
1.722805e-03   1.011209e-35   1.000000e+00
1.738762e-03   1.010513e-35   1.000000e+00
1.754867e-03   1.009812e-35   1.000000e+00
1.771121e-03   1.009107e-35   1.000000e+00
1.787526e-03   1.008400e-35   1.000000e+00
1.804082e-03   1.007690e-35   1.000000e+00
1.820792e-03   1.006981e-35   1.000000e+00
1.837656e-03   1.006272e-35   1.000000e+00
1.854677e-03   1.005565e-35   1.000000e+00
1.871855e-03   1.004861e-35   1.000000e+00
1.889193e-03   1.004161e-35   1.000000e+00
1.906691e-03   1.003467e-35   1.000000e+00
1.924351e-03   1.002779e-35   1.000000e+00
1.942175e-03   1.002099e-35   1.000000e+00
1.960163e-03   1.001428e-35   1.000000e+00
1.978319e-03   1.000767e-35   1.000000e+00
1.996642e-03   1.000117e-35   1.000000e+00
2.015136e-03   9.994796e-36   1.000000e+00
2.033800e-03   9.988554e-36   1.000000e+00
2.052638e-03   9.982459e-36   1.000000e+00
2.071650e-03   9.976521e-36   1.000000e+00
2.090838e-03   9.970752e-36   1.000000e+00
2.110203e-03   9.965162e-36   1.000000e+00
2.129749e-03   9.959764e-36   1.000000e+00
2.149475e-03   9.954568e-36   1.000000e+00
2.169384e-03   9.949586e-36   1.000000e+00
2.189477e-03   9.944829e-36   1.000000e+00
2.209756e-03   9.940309e-36   1.000000e+00
2.230223e-03   9.936035e-36   1.000000e+00
2.250880e-03   9.932021e-36   1.000000e+00
2.271728e-03   9.928277e-36   1.000000e+00
2.292769e-03   9.924814e-36   1.000000e+00
2.314005e-03   9.921643e-36   1.000000e+00
2.335438e-03   9.918777e-36   1.000000e+00
2.357069e-03   9.916225e-36   1.000000e+00
2.378901e-03   9.914000e-36   1.000000e+00
2.400935e-03   9.912113e-36   1.000000e+00
2.423173e-03   9.910574e-36   1.000000e+00
2.445617e-03   9.909397e-36   1.000000e+00
2.468268e-03   9.908591e-36   1.000000e+00
2.491130e-03   9.908168e-36   1.000000e+00
2.514203e-03   9.908140e-36   1.000000e+00
2.537490e-03   9.908518e-36   1.000000e+00
2.560993e-03   9.909315e-36   1.000000e+00
2.584714e-03   9.910541e-36   1.000000e+00
2.608654e-03   9.912208e-36   1.000000e+00
2.632815e-03   9.914328e-36   1.000000e+00
2.657201e-03   9.916913e-36   1.000000e+00
2.681813e-03   9.919975e-36   1.000000e+00
2.706652e-03   9.923525e-36   1.000000e+00
2.731722e-03   9.927577e-36   1.000000e+00
2.757023e-03   9.932141e-36   1.000000e+00
2.782559e-03   9.937231e-36   1.000000e+00
2.808332e-03   9.942858e-36   1.000000e+00
2.834343e-03   9.949036e-36   1.000000e+00
2.860596e-03   9.955776e-36   1.000000e+00
2.887091e-03   9.963092e-36   1.000000e+00
2.913832e-03   9.970996e-36   1.000000e+00
2.940820e-03   9.979502e-36   1.000000e+00
2.968059e-03   9.988622e-36   1.000000e+00
2.995549e-03   9.998371e-36   1.000000e+00
3.023295e-03   1.000875e-35   1.000000e+00
3.051297e-03   1.001966e-35   1.000000e+00
3.079559e-03   1.003100e-35   1.000000e+00
3.108082e-03   1.004263e-35   1.000000e+00
3.136870e-03   1.005444e-35   1.000000e+00
3.165924e-03   1.006630e-35   1.000000e+00
3.195248e-03   1.007808e-35   1.000000e+00
3.224842e-03   1.008966e-35   1.000000e+00
3.254712e-03   1.010091e-35   1.000000e+00
3.284857e-03   1.011172e-35   1.000000e+00
3.315282e-03   1.012194e-35   1.000000e+00
3.345989e-03   1.013147e-35   1.000000e+00
3.376980e-03   1.014016e-35   1.000000e+00
3.408259e-03   1.014788e-35   1.000000e+00
3.439826e-03   1.015453e-35   1.000000e+00
3.471687e-03   1.015995e-35   1.000000e+00
3.503842e-03   1.016404e-35   1.000000e+00
3.536296e-03   1.016665e-35   1.000000e+00
3.569049e-03   1.016767e-35   1.000000e+00
3.602107e-03   1.016697e-35   1.000000e+00
3.635470e-03   1.016441e-35   1.000000e+00
3.669142e-03   1.015989e-35   1.000000e+00
3.703127e-03   1.015327e-35   1.000000e+00
3.737426e-03   1.014443e-35   1.000000e+00
3.772042e-03   1.013326e-35   1.000000e+00
3.806980e-03   1.011964e-35   1.000000e+00
3.842241e-03   1.010345e-35   1.000000e+00
3.877828e-03   1.008458e-35   1.000000e+00
3.913746e-03   1.006292e-35   1.000000e+00
3.949995e-03   1.003836e-35   1.000000e+00
3.986581e-03   1.001081e-35   1.000000e+00
4.023506e-03   9.980195e-36   1.000000e+00
4.060772e-03   9.946925e-36   1.000000e+00
4.098384e-03   9.911722e-36   1.000000e+00
4.136344e-03   9.875306e-36   1.000000e+00
4.174655e-03   9.838390e-36   1.000000e+00
4.213322e-03   9.801675e-36   1.000000e+00
4.252346e-03   9.765852e-36   1.000000e+00
4.291732e-03   9.731601e-36   1.000000e+00
4.331483e-03   9.699595e-36   1.000000e+00
4.371602e-03   9.670498e-36   1.000000e+00
4.412093e-03   9.644968e-36   1.000000e+00
4.452959e-03   9.623660e-36   1.000000e+00
4.494203e-03   9.607226e-36   1.000000e+00
4.535829e-03   9.596322e-36   1.000000e+00
4.577841e-03   9.591610e-36   1.000000e+00
4.620241e-03   9.593759e-36   1.000000e+00
4.663035e-03   9.603456e-36   1.000000e+00
4.706225e-03   9.621406e-36   1.000000e+00
4.749815e-03   9.648338e-36   1.000000e+00
4.793808e-03   9.685014e-36   1.000000e+00
4.838210e-03   9.732235e-36   1.000000e+00
4.883022e-03   9.790848e-36   1.000000e+00
4.928250e-03   9.861754e-36   1.000000e+00
4.973896e-03   9.945919e-36   1.000000e+00
5.019965e-03   1.004433e-35   1.000000e+00
5.066461e-03   1.015612e-35   1.000000e+00
5.113388e-03   1.027812e-35   1.000000e+00
5.160749e-03   1.040688e-35   1.000000e+00
5.208549e-03   1.053877e-35   1.000000e+00
5.256791e-03   1.066999e-35   1.000000e+00
5.305481e-03   1.079654e-35   1.000000e+00
5.354621e-03   1.091424e-35   1.000000e+00
5.404216e-03   1.101877e-35   1.000000e+00
5.454271e-03   1.110567e-35   1.000000e+00
5.504790e-03   1.117046e-35   1.000000e+00
5.555776e-03   1.120866e-35   1.000000e+00
5.607235e-03   1.121590e-35   1.000000e+00
5.659170e-03   1.118807e-35   1.000000e+00
5.711586e-03   1.112136e-35   1.000000e+00
5.764488e-03   1.101247e-35   1.000000e+00
5.817880e-03   1.085870e-35   1.000000e+00
5.871766e-03   1.065807e-35   1.000000e+00
5.926152e-03   1.040948e-35   1.000000e+00
5.981041e-03   1.011280e-35   1.000000e+00
6.036439e-03   9.769921e-36   1.000000e+00
6.092349e-03   9.395058e-36   1.000000e+00
6.148778e-03   9.008582e-36   1.000000e+00
6.205729e-03   8.628356e-36   1.000000e+00
6.263207e-03   8.269521e-36   1.000000e+00
6.321218e-03   7.944733e-36   1.000000e+00
6.379767e-03   7.664627e-36   1.000000e+00
6.438857e-03   7.438434e-36   1.000000e+00
6.498495e-03   7.274730e-36   1.000000e+00
6.558686e-03   7.182293e-36   1.000000e+00
6.619433e-03   7.171108e-36   1.000000e+00
6.680744e-03   7.253579e-36   1.000000e+00
6.742622e-03   7.446077e-36   1.000000e+00
6.805074e-03   7.771014e-36   1.000000e+00
6.868104e-03   8.259789e-36   1.000000e+00
6.931717e-03   8.957099e-36   1.000000e+00
6.995920e-03   9.927479e-36   1.000000e+00
7.060718e-03   1.125008e-35   1.000000e+00
7.126115e-03   1.295436e-35   1.000000e+00
7.192119e-03   1.503313e-35   1.000000e+00
7.258734e-03   1.743758e-35   1.000000e+00
7.325965e-03   2.005196e-35   1.000000e+00
7.393820e-03   2.267205e-35   1.000000e+00
7.462303e-03   2.499876e-35   1.000000e+00
7.531420e-03   2.666058e-35   1.000000e+00
7.601178e-03   2.727560e-35   1.000000e+00
7.671581e-03   2.654989e-35   1.000000e+00
7.742637e-03   2.438735e-35   1.000000e+00
7.814351e-03   2.096575e-35   1.000000e+00
7.886729e-03   1.673130e-35   1.000000e+00
7.959777e-03   1.229285e-35   1.000000e+00
8.033502e-03   8.253074e-36   1.000000e+00
8.107910e-03   5.128910e-36   1.000000e+00
8.183007e-03   3.058491e-36   1.000000e+00
8.258799e-03   1.816463e-36   1.000000e+00
8.335294e-03   1.115186e-36   1.000000e+00
8.412497e-03   7.345702e-37   1.000000e+00
8.490415e-03   5.388266e-37   1.000000e+00
8.569055e-03   4.568342e-37   1.000000e+00
8.648423e-03   4.646502e-37   1.000000e+00
8.728527e-03   5.884586e-37   1.000000e+00
8.809372e-03   9.631456e-37   1.000000e+00
8.890966e-03   2.114553e-36   1.000000e+00
8.973316e-03   6.463383e-36   1.000000e+00
9.056428e-03   2.839401e-35   1.002043e+00
9.140311e-03   1.742052e-34   1.011814e+00
9.224970e-03   1.396563e-33   1.028377e+00
9.310413e-03   1.367951e-32   1.050359e+00
9.396648e-03   1.530863e-31   1.076353e+00
9.483682e-03   1.830219e-30   1.104841e+00
9.571522e-03   2.185828e-29   1.134149e+00
9.660175e-03   2.438488e-28   1.162420e+00
9.749649e-03   2.376086e-27   1.187614e+00
9.839952e-03   1.890975e-26   1.207547e+00
9.931092e-03   1.149309e-25   1.219962e+00
1.002308e-02   4.989889e-25   1.223000e+00
1.011591e-02   1.500929e-24   1.223000e+00
1.020961e-02   3.254784e-24   1.223000e+00
1.030417e-02   5.337835e-24   1.223000e+00
1.039961e-02   6.945090e-24   1.223000e+00
1.049593e-02   7.520540e-24   1.223000e+00
1.059315e-02   7.109961e-24   1.223000e+00
1.069126e-02   6.156319e-24   1.223000e+00
1.079029e-02   5.121524e-24   1.223000e+00
1.089023e-02   4.294280e-24   1.223000e+00
1.099110e-02   3.807001e-24   1.223000e+00
1.109290e-02   3.713867e-24   1.223209e+00
1.119564e-02   3.981472e-24   1.223850e+00
1.129934e-02   4.622073e-24   1.224810e+00
1.140400e-02   5.725384e-24   1.225978e+00
1.150962e-02   7.456689e-24   1.227239e+00
1.161623e-02   1.006144e-23   1.228479e+00
1.172382e-02   1.385942e-23   1.229584e+00
1.183241e-02   1.920439e-23   1.230439e+00
1.194200e-02   2.637698e-23   1.230928e+00
1.205261e-02   3.539701e-23   1.230948e+00
1.216424e-02   4.615838e-23   1.230539e+00
1.227691e-02   5.872818e-23   1.229813e+00
1.239062e-02   7.323638e-23   1.228883e+00
1.250539e-02   8.992153e-23   1.227858e+00
1.262121e-02   1.092017e-22   1.226848e+00
1.273811e-02   1.317637e-22   1.225964e+00
1.285610e-02   1.586850e-22   1.225315e+00
1.297517e-02   1.916113e-22   1.225010e+00
1.309535e-02   2.329212e-22   1.225060e+00
1.321664e-02   2.851217e-22   1.225284e+00
1.333906e-02   3.509708e-22   1.225638e+00
1.346261e-02   4.338241e-22   1.226079e+00
1.358730e-02   5.377006e-22   1.226569e+00
1.371315e-02   6.673200e-22   1.227066e+00
1.384016e-02   8.280886e-22   1.227530e+00
1.396835e-02   1.026009e-21   1.227920e+00
1.409773e-02   1.267645e-21   1.228247e+00
1.422830e-02   1.561566e-21   1.228598e+00
1.436009e-02   1.918838e-21   1.228955e+00
1.449310e-02   2.353058e-21   1.229295e+00
1.462733e-02   2.881007e-21   1.229593e+00
1.476281e-02   3.523504e-21   1.229825e+00
1.489955e-02   4.306505e-21   1.229967e+00
1.503755e-02   5.262538e-21   1.229993e+00
1.517683e-02   6.431356e-21   1.229865e+00
1.531740e-02   7.859795e-21   1.229608e+00
1.545928e-02   9.604376e-21   1.229267e+00
1.560246e-02   1.173341e-20   1.228886e+00
1.574698e-02   1.432929e-20   1.228510e+00
1.589283e-02   1.749113e-20   1.228182e+00
1.604003e-02   2.133793e-20   1.227945e+00
1.618860e-02   2.601319e-20   1.227758e+00
1.633854e-02   3.169122e-20   1.227594e+00
1.648987e-02   3.858242e-20   1.227449e+00
1.664260e-02   4.694033e-20   1.227316e+00
1.679675e-02   5.707024e-20   1.227192e+00
1.695232e-02   6.933957e-20   1.227071e+00
1.710934e-02   8.419018e-20   1.226947e+00
1.726781e-02   1.021531e-19   1.226817e+00
1.742775e-02   1.238660e-19   1.226673e+00
1.758917e-02   1.500944e-19   1.226513e+00
1.775208e-02   1.817561e-19   1.226329e+00
1.791650e-02   2.199517e-19   1.226118e+00
1.808245e-02   2.659991e-19   1.225872e+00
1.824993e-02   3.214836e-19   1.225574e+00
1.841897e-02   3.883152e-19   1.225221e+00
1.858957e-02   4.687897e-19   1.224817e+00
1.876175e-02   5.656675e-19   1.224363e+00
1.893552e-02   6.822684e-19   1.223861e+00
1.911091e-02   8.225865e-19   1.223313e+00
1.928792e-02   9.914288e-19   1.222721e+00
1.946656e-02   1.194583e-18   1.222086e+00
1.964687e-02   1.439023e-18   1.221412e+00
1.982884e-02   1.733153e-18   1.220698e+00
2.001250e-02   2.087109e-18   1.219948e+00
2.019786e-02   2.513118e-18   1.219058e+00
2.038493e-02   3.025918e-18   1.217961e+00
2.057374e-02   3.643294e-18   1.216675e+00
2.076430e-02   4.386725e-18   1.215216e+00
2.095662e-02   5.282166e-18   1.213603e+00
2.115073e-02   6.361003e-18   1.211853e+00
2.134663e-02   7.661208e-18   1.209982e+00
2.154435e-02   9.228762e-18   1.208009e+00
2.174389e-02   1.111938e-17   1.205951e+00
2.194529e-02   1.340061e-17   1.203824e+00
2.214855e-02   1.615445e-17   1.201645e+00
2.235370e-02   1.948047e-17   1.199432e+00
2.256074e-02   2.349974e-17   1.197202e+00
2.276970e-02   2.835954e-17   1.194970e+00
2.298060e-02   3.423923e-17   1.192754e+00
2.319345e-02   4.135746e-17   1.190569e+00
2.340827e-02   4.998104e-17   1.188433e+00
2.362508e-02   6.043584e-17   1.186360e+00
2.384390e-02   7.312029e-17   1.184368e+00
2.406475e-02   8.852211e-17   1.182473e+00
2.428764e-02   1.072389e-16   1.180689e+00
2.451260e-02   1.300038e-16   1.179034e+00
2.473964e-02   1.577173e-16   1.177522e+00
2.496878e-02   1.914865e-16   1.176170e+00
2.520005e-02   2.326717e-16   1.174911e+00
2.543346e-02   2.829252e-16   1.173622e+00
2.566903e-02   3.442592e-16   1.172312e+00
2.590678e-02   4.191300e-16   1.170992e+00
2.614673e-02   5.105339e-16   1.169671e+00
2.638891e-02   6.221231e-16   1.168362e+00
2.663333e-02   7.583458e-16   1.167074e+00
2.688001e-02   9.246148e-16   1.165818e+00
2.712898e-02   1.127510e-15   1.164604e+00
2.738025e-02   1.375020e-15   1.163443e+00
2.763385e-02   1.676834e-15   1.162345e+00
2.788980e-02   2.044689e-15   1.161320e+00
2.814812e-02   2.492777e-15   1.160379e+00
2.840884e-02   3.038241e-15   1.159532e+00
2.867196e-02   3.701748e-15   1.158789e+00
2.893753e-02   4.508174e-15   1.158161e+00
2.920556e-02   5.487404e-15   1.157658e+00
2.947606e-02   6.675273e-15   1.157290e+00
2.974908e-02   8.114659e-15   1.157067e+00
3.002462e-02   9.856755e-15   1.157000e+00
3.030271e-02   1.196271e-14   1.157032e+00
3.058338e-02   1.450590e-14   1.157115e+00
3.086665e-02   1.757402e-14   1.157246e+00
3.115254e-02   2.127160e-14   1.157422e+00
3.144108e-02   2.572309e-14   1.157638e+00
3.173230e-02   3.107646e-14   1.157891e+00
3.202621e-02   3.750740e-14   1.158179e+00
3.232284e-02   4.522418e-14   1.158496e+00
3.262222e-02   5.447336e-14   1.158840e+00
3.292437e-02   6.554641e-14   1.159208e+00
3.322933e-02   7.878730e-14   1.159595e+00
3.353710e-02   9.460142e-14   1.159998e+00
3.384773e-02   1.134657e-13   1.160414e+00
3.416123e-02   1.359404e-13   1.160839e+00
3.447764e-02   1.626825e-13   1.161270e+00
3.479698e-02   1.944612e-13   1.161702e+00
3.511928e-02   2.321754e-13   1.162133e+00
3.544456e-02   2.768741e-13   1.162559e+00
3.577285e-02   3.297786e-13   1.162976e+00
3.610419e-02   3.923090e-13   1.163381e+00
3.643859e-02   4.661128e-13   1.163770e+00
3.677609e-02   5.530982e-13   1.164139e+00
3.711672e-02   6.554707e-13   1.164486e+00
3.746050e-02   7.757748e-13   1.164806e+00
3.780747e-02   9.169398e-13   1.165096e+00
3.815765e-02   1.082331e-12   1.165352e+00
3.851107e-02   1.275807e-12   1.165570e+00
3.886777e-02   1.501782e-12   1.165748e+00
3.922777e-02   1.765296e-12   1.165881e+00
3.959110e-02   2.072087e-12   1.165966e+00
3.995780e-02   2.428676e-12   1.166000e+00
4.032790e-02   2.842471e-12   1.165996e+00
4.070142e-02   3.321927e-12   1.165983e+00
4.107841e-02   3.876668e-12   1.165960e+00
4.145888e-02   4.517605e-12   1.165928e+00
4.184289e-02   5.257094e-12   1.165888e+00
4.223044e-02   6.109108e-12   1.165840e+00
4.262159e-02   7.089426e-12   1.165784e+00
4.301636e-02   8.215845e-12   1.165721e+00
4.341478e-02   9.508414e-12   1.165651e+00
4.381690e-02   1.098969e-11   1.165574e+00
4.422274e-02   1.268500e-11   1.165492e+00
4.463234e-02   1.462279e-11   1.165403e+00
4.504573e-02   1.683494e-11   1.165309e+00
4.546295e-02   1.935714e-11   1.165211e+00
4.588404e-02   2.222928e-11   1.165108e+00
4.630903e-02   2.549595e-11   1.165000e+00
4.673795e-02   2.920688e-11   1.164889e+00
4.717085e-02   3.341751e-11   1.164775e+00
4.760775e-02   3.818955e-11   1.164657e+00
4.804870e-02   4.359165e-11   1.164538e+00
4.849374e-02   4.970008e-11   1.164415e+00
4.894290e-02   5.659950e-11   1.164292e+00
4.939622e-02   6.438378e-11   1.164166e+00
4.985373e-02   7.315693e-11   1.164040e+00
5.031549e-02   8.303403e-11   1.163910e+00
5.078152e-02   9.414210e-11   1.163765e+00
5.125187e-02   1.066211e-10   1.163604e+00
5.172657e-02   1.206255e-10   1.163429e+00
5.220568e-02   1.363252e-10   1.163240e+00
5.268921e-02   1.539071e-10   1.163037e+00
5.317723e-02   1.735767e-10   1.162821e+00
5.366977e-02   1.955597e-10   1.162593e+00
5.416687e-02   2.201034e-10   1.162352e+00
5.466857e-02   2.474791e-10   1.162099e+00
5.517492e-02   2.779836e-10   1.161835e+00
5.568596e-02   3.119416e-10   1.161560e+00
5.620174e-02   3.497081e-10   1.161275e+00
5.672229e-02   3.916705e-10   1.160981e+00
5.724766e-02   4.382517e-10   1.160676e+00
5.777790e-02   4.899124e-10   1.160363e+00
5.831305e-02   5.471546e-10   1.160042e+00
5.885316e-02   6.105246e-10   1.159713e+00
5.939827e-02   6.806162e-10   1.159376e+00
5.994843e-02   7.580750e-10   1.159032e+00
6.050368e-02   8.436027e-10   1.158668e+00
6.106408e-02   9.379678e-10   1.158267e+00
6.162966e-02   1.042009e-09   1.157830e+00
6.220049e-02   1.156637e-09   1.157362e+00
6.277660e-02   1.282847e-09   1.156865e+00
6.335805e-02   1.421719e-09   1.156344e+00
6.394488e-02   1.574429e-09   1.155801e+00
6.453715e-02   1.742254e-09   1.155240e+00
6.513491e-02   1.926588e-09   1.154663e+00
6.573820e-02   2.128943e-09   1.154075e+00
6.634708e-02   2.350966e-09   1.153477e+00
6.696160e-02   2.594449e-09   1.152875e+00
6.758181e-02   2.861340e-09   1.152270e+00
6.820777e-02   3.153760e-09   1.151666e+00
6.883952e-02   3.474016e-09   1.151066e+00
6.947713e-02   3.824619e-09   1.150474e+00
7.012064e-02   4.208304e-09   1.149890e+00
7.077011e-02   4.628047e-09   1.149250e+00
7.142559e-02   5.087091e-09   1.148535e+00
7.208715e-02   5.588969e-09   1.147762e+00
7.275484e-02   6.137533e-09   1.146953e+00
7.342870e-02   6.736980e-09   1.146126e+00
7.410882e-02   7.391887e-09   1.145299e+00
7.479523e-02   8.107248e-09   1.144493e+00
7.548799e-02   8.888511e-09   1.143726e+00
7.618718e-02   9.741626e-09   1.143017e+00
7.689284e-02   1.067309e-08   1.142386e+00
7.760503e-02   1.169000e-08   1.141850e+00
7.832383e-02   1.280011e-08   1.141429e+00
7.904928e-02   1.401191e-08   1.141142e+00
7.978145e-02   1.533468e-08   1.141008e+00
8.052040e-02   1.677859e-08   1.141032e+00
8.126619e-02   1.835483e-08   1.141180e+00
8.201889e-02   2.007573e-08   1.141437e+00
8.277857e-02   2.195484e-08   1.141789e+00
8.354528e-02   2.400703e-08   1.142223e+00
8.431909e-02   2.624871e-08   1.142723e+00
8.510007e-02   2.869793e-08   1.143278e+00
8.588829e-02   3.137459e-08   1.143872e+00
8.668380e-02   3.430062e-08   1.144492e+00
8.748668e-02   3.750026e-08   1.145125e+00
8.829700e-02   4.100027e-08   1.145757e+00
8.911482e-02   4.483024e-08   1.146373e+00
8.994022e-02   4.902289e-08   1.146959e+00
9.077327e-02   5.361440e-08   1.147533e+00
9.161402e-02   5.864428e-08   1.148129e+00
9.246257e-02   6.415601e-08   1.148748e+00
9.331898e-02   7.019762e-08   1.149389e+00
9.418332e-02   7.682219e-08   1.150055e+00
9.505566e-02   8.408839e-08   1.150745e+00
9.593608e-02   9.206113e-08   1.151460e+00
9.682466e-02   1.008123e-07   1.152201e+00
9.772147e-02   1.104213e-07   1.152967e+00
9.862658e-02   1.209765e-07   1.153760e+00
9.954008e-02   1.325756e-07   1.154580e+00
1.004620e-01   1.453269e-07   1.155432e+00
1.013925e-01   1.593497e-07   1.156341e+00
1.023317e-01   1.747751e-07   1.157305e+00
1.032795e-01   1.917476e-07   1.158317e+00
1.042361e-01   2.104277e-07   1.159370e+00
1.052015e-01   2.309924e-07   1.160459e+00
1.061759e-01   2.536381e-07   1.161576e+00
1.071593e-01   2.785818e-07   1.162714e+00
1.081519e-01   3.060641e-07   1.163866e+00
1.091536e-01   3.363512e-07   1.165027e+00
1.101646e-01   3.697384e-07   1.166189e+00
1.111850e-01   4.065530e-07   1.167365e+00
1.122148e-01   4.471590e-07   1.168566e+00
1.132541e-01   4.919603e-07   1.169791e+00
1.143031e-01   5.414059e-07   1.171039e+00
1.153618e-01   5.959939e-07   1.172311e+00
1.164303e-01   6.562780e-07   1.173605e+00
1.175087e-01   7.228738e-07   1.174922e+00
1.185971e-01   7.964653e-07   1.176261e+00
1.196956e-01   8.778136e-07   1.177621e+00
1.208042e-01   9.677620e-07   1.178989e+00
1.219231e-01   1.067212e-06   1.180336e+00
1.230524e-01   1.177133e-06   1.181684e+00
1.241921e-01   1.298583e-06   1.183055e+00
1.253424e-01   1.432717e-06   1.184474e+00
1.265034e-01   1.580790e-06   1.185962e+00
1.276751e-01   1.744166e-06   1.187544e+00
1.288576e-01   1.924325e-06   1.189242e+00
1.300511e-01   2.122865e-06   1.191082e+00
1.312557e-01   2.341556e-06   1.193219e+00
1.324714e-01   2.582479e-06   1.195702e+00
1.336984e-01   2.847979e-06   1.198428e+00
1.349367e-01   3.140672e-06   1.201291e+00
1.361865e-01   3.463472e-06   1.204188e+00
1.374479e-01   3.819638e-06   1.207012e+00
1.387210e-01   4.212810e-06   1.209655e+00
1.400058e-01   4.647063e-06   1.212010e+00
1.413026e-01   5.126827e-06   1.214095e+00
1.426114e-01   5.656437e-06   1.216029e+00
1.439323e-01   6.240383e-06   1.217859e+00
1.452654e-01   6.883403e-06   1.219631e+00
1.466109e-01   7.590470e-06   1.221390e+00
1.479688e-01   8.366759e-06   1.223184e+00
1.493393e-01   9.217618e-06   1.225059e+00
1.507225e-01   1.014857e-05   1.227067e+00
1.521186e-01   1.116624e-05   1.229231e+00
1.535275e-01   1.227877e-05   1.231490e+00
1.549495e-01   1.349522e-05   1.233779e+00
1.563847e-01   1.482563e-05   1.236028e+00
1.578331e-01   1.628116e-05   1.238172e+00
1.592950e-01   1.787425e-05   1.240140e+00
1.607704e-01   1.961871e-05   1.241912e+00
1.622595e-01   2.152896e-05   1.243700e+00
1.637624e-01   2.361974e-05   1.245515e+00
1.652792e-01   2.590692e-05   1.247329e+00
1.668101e-01   2.840756e-05   1.249114e+00
1.683551e-01   3.114001e-05   1.250841e+00
1.699144e-01   3.412393e-05   1.252483e+00
1.714882e-01   3.738040e-05   1.254010e+00
1.730766e-01   4.093194e-05   1.255393e+00
1.746796e-01   4.480261e-05   1.256604e+00
1.762975e-01   4.901804e-05   1.257613e+00
1.779304e-01   5.360548e-05   1.258392e+00
1.795785e-01   5.859384e-05   1.258912e+00
1.812418e-01   6.401389e-05   1.259224e+00
1.829205e-01   6.989937e-05   1.259510e+00
1.846147e-01   7.628697e-05   1.259777e+00
1.863246e-01   8.321596e-05   1.260023e+00
1.880504e-01   9.072844e-05   1.260246e+00
1.897922e-01   9.886943e-05   1.260444e+00
1.915501e-01   1.076871e-04   1.260615e+00
1.933242e-01   1.172329e-04   1.260758e+00
1.951148e-01   1.275619e-04   1.260869e+00
1.969220e-01   1.387328e-04   1.260948e+00
1.987460e-01   1.508083e-04   1.260991e+00
2.005868e-01   1.638554e-04   1.260997e+00
2.024447e-01   1.779459e-04   1.260944e+00
2.043197e-01   1.931573e-04   1.260828e+00
2.062122e-01   2.095726e-04   1.260652e+00
2.081222e-01   2.272809e-04   1.260418e+00
2.100498e-01   2.463771e-04   1.260127e+00
2.119953e-01   2.669633e-04   1.259783e+00
2.139589e-01   2.891484e-04   1.259387e+00
2.159406e-01   3.130491e-04   1.258941e+00
2.179407e-01   3.387903e-04   1.258448e+00
2.199593e-01   3.665058e-04   1.257910e+00
2.219966e-01   3.963386e-04   1.257329e+00
2.240528e-01   4.284421e-04   1.256708e+00
2.261280e-01   4.629801e-04   1.256048e+00
2.282224e-01   5.001285e-04   1.255352e+00
2.303363e-01   5.400752e-04   1.254622e+00
2.324697e-01   5.830216e-04   1.253861e+00
2.346229e-01   6.291835e-04   1.253070e+00
2.367960e-01   6.787919e-04   1.252252e+00
2.389893e-01   7.320943e-04   1.251408e+00
2.412028e-01   7.893559e-04   1.250542e+00
2.434369e-01   8.508610e-04   1.249655e+00
2.456916e-01   9.169142e-04   1.248750e+00
2.479673e-01   9.878421e-04   1.247828e+00
2.502640e-01   1.063995e-03   1.246891e+00
2.525820e-01   1.145756e-03   1.245813e+00
2.549215e-01   1.233565e-03   1.244522e+00
2.572826e-01   1.327906e-03   1.243032e+00
2.596656e-01   1.429308e-03   1.241359e+00
2.620707e-01   1.538352e-03   1.239515e+00
2.644980e-01   1.655675e-03   1.237516e+00
2.669478e-01   1.781976e-03   1.235376e+00
2.694204e-01   1.918026e-03   1.233108e+00
2.719158e-01   2.064670e-03   1.230728e+00
2.744343e-01   2.222842e-03   1.228250e+00
2.769762e-01   2.393571e-03   1.225687e+00
2.795416e-01   2.577995e-03   1.223053e+00
2.821308e-01   2.777369e-03   1.220363e+00
2.847439e-01   2.993087e-03   1.217630e+00
2.873813e-01   3.226688e-03   1.214868e+00
2.900430e-01   3.479885e-03   1.212090e+00
2.927295e-01   3.754576e-03   1.209309e+00
2.954408e-01   4.052876e-03   1.206540e+00
2.981772e-01   4.377136e-03   1.203795e+00
3.009390e-01   4.729979e-03   1.201068e+00
3.037264e-01   5.114308e-03   1.198133e+00
3.065395e-01   5.533328e-03   1.194957e+00
3.093788e-01   5.990608e-03   1.191581e+00
3.122443e-01   6.490130e-03   1.188048e+00
3.151363e-01   7.036343e-03   1.184397e+00
3.180552e-01   7.634220e-03   1.180670e+00
3.210011e-01   8.289333e-03   1.176907e+00
3.239743e-01   9.007926e-03   1.173148e+00
3.269750e-01   9.797005e-03   1.169431e+00
3.300035e-01   1.066445e-02   1.165796e+00
3.330600e-01   1.161911e-02   1.162280e+00
3.361449e-01   1.267097e-02   1.158923e+00
3.392583e-01   1.383128e-02   1.155760e+00
3.424006e-01   1.511275e-02   1.152829e+00
3.455720e-01   1.652976e-02   1.150167e+00
3.487727e-01   1.809858e-02   1.147810e+00
3.520031e-01   1.983758e-02   1.145715e+00
3.552635e-01   2.176664e-02   1.143605e+00
3.585540e-01   2.390725e-02   1.141478e+00
3.618750e-01   2.628334e-02   1.139365e+00
3.652267e-01   2.892151e-02   1.137293e+00
3.686095e-01   3.185136e-02   1.135290e+00
3.720237e-01   3.510579e-02   1.133386e+00
3.754694e-01   3.872130e-02   1.131606e+00
3.789471e-01   4.273845e-02   1.129981e+00
3.824570e-01   4.720219e-02   1.128537e+00
3.859994e-01   5.216235e-02   1.127301e+00
3.895746e-01   5.767408e-02   1.126303e+00
3.931829e-01   6.379839e-02   1.125568e+00
3.968246e-01   7.060271e-02   1.125126e+00
4.005001e-01   7.816143e-02   1.125001e+00
4.042096e-01   8.655661e-02   1.125055e+00
4.079535e-01   9.587862e-02   1.125189e+00
4.117320e-01   1.062268e-01   1.125392e+00
4.155455e-01   1.177104e-01   1.125654e+00
4.193944e-01   1.304490e-01   1.125967e+00
4.232789e-01   1.445737e-01   1.126320e+00
4.271994e-01   1.602277e-01   1.126705e+00
4.311562e-01   1.775672e-01   1.127111e+00
4.351497e-01   1.967624e-01   1.127529e+00
4.391801e-01   2.179982e-01   1.127950e+00
4.432479e-01   2.414749e-01   1.128363e+00
4.473533e-01   2.674096e-01   1.128759e+00
4.514968e-01   2.960363e-01   1.129136e+00
4.556786e-01   3.276107e-01   1.129548e+00
4.598992e-01   3.624144e-01   1.130004e+00
4.641589e-01   4.007528e-01   1.130491e+00
4.684580e-01   4.429565e-01   1.130996e+00
4.727970e-01   4.893827e-01   1.131506e+00
4.771761e-01   5.404167e-01   1.132010e+00
4.815958e-01   5.964733e-01   1.132494e+00
4.860564e-01   6.579989e-01   1.132946e+00
4.905584e-01   7.254720e-01   1.133354e+00
4.951020e-01   7.994054e-01   1.133704e+00
4.996877e-01   8.803476e-01   1.133984e+00
5.043159e-01   9.688855e-01   1.134219e+00
5.089870e-01   1.065658e+00   1.134451e+00
5.137014e-01   1.171351e+00   1.134679e+00
5.184594e-01   1.286702e+00   1.134903e+00
5.232614e-01   1.412498e+00   1.135121e+00
5.281080e-01   1.549579e+00   1.135332e+00
5.329994e-01   1.698841e+00   1.135536e+00
5.379362e-01   1.861241e+00   1.135730e+00
5.429186e-01   2.037793e+00   1.135915e+00
5.479472e-01   2.229579e+00   1.136089e+00
5.530224e-01   2.437744e+00   1.136251e+00
5.581446e-01   2.663503e+00   1.136400e+00
5.633143e-01   2.908138e+00   1.136535e+00
5.685318e-01   3.173009e+00   1.136655e+00
5.737976e-01   3.459546e+00   1.136759e+00
5.791123e-01   3.769256e+00   1.136846e+00
5.844761e-01   4.103726e+00   1.136914e+00
5.898896e-01   4.464620e+00   1.136963e+00
5.953533e-01   4.853681e+00   1.136992e+00
6.008676e-01   5.272735e+00   1.137000e+00
6.064329e-01   5.723703e+00   1.137000e+00
6.120498e-01   6.208641e+00   1.137000e+00
6.177188e-01   6.729712e+00   1.137000e+00
6.234402e-01   7.289188e+00   1.137000e+00
6.292146e-01   7.889451e+00   1.137000e+00
6.350425e-01   8.532999e+00   1.137000e+00
6.409244e-01   9.222445e+00   1.137000e+00
6.468608e-01   9.960525e+00   1.137000e+00
6.528521e-01   1.075010e+01   1.137000e+00
6.588990e-01   1.159414e+01   1.137000e+00
6.650018e-01   1.249578e+01   1.137000e+00
6.711612e-01   1.345827e+01   1.137000e+00
6.773776e-01   1.448497e+01   1.137000e+00
6.836516e-01   1.557943e+01   1.137000e+00
6.899837e-01   1.674529e+01   1.137000e+00
6.963745e-01   1.798638e+01   1.137000e+00
7.028244e-01   1.930664e+01   1.136995e+00
7.093341e-01   2.071016e+01   1.136949e+00
7.159041e-01   2.220112e+01   1.136859e+00
7.225349e-01   2.378385e+01   1.136729e+00
7.292272e-01   2.546281e+01   1.136564e+00
7.359814e-01   2.724260e+01   1.136368e+00
7.427982e-01   2.912795e+01   1.136147e+00
7.496782e-01   3.112371e+01   1.135904e+00
7.566219e-01   3.323487e+01   1.135645e+00
7.636298e-01   3.546655e+01   1.135375e+00
7.707027e-01   3.782399e+01   1.135098e+00
7.778411e-01   4.031253e+01   1.134818e+00
7.850456e-01   4.293766e+01   1.134541e+00
7.923169e-01   4.570494e+01   1.134270e+00
7.996555e-01   4.862008e+01   1.134012e+00
8.070620e-01   5.168887e+01   1.133732e+00
8.145372e-01   5.491727e+01   1.133397e+00
8.220816e-01   5.831139e+01   1.133020e+00
8.296959e-01   6.187742e+01   1.132615e+00
8.373807e-01   6.562169e+01   1.132196e+00
8.451366e-01   6.955060e+01   1.131778e+00
8.529644e-01   7.367064e+01   1.131373e+00
8.608648e-01   7.798842e+01   1.130995e+00
8.688383e-01   8.251061e+01   1.130659e+00
8.768856e-01   8.724396e+01   1.130377e+00
8.850075e-01   9.219530e+01   1.130165e+00
8.932046e-01   9.737150e+01   1.130035e+00
9.014776e-01   1.027795e+02   1.130000e+00
9.098273e-01   1.084264e+02   1.130000e+00
9.182543e-01   1.143193e+02   1.130000e+00
9.267593e-01   1.204655e+02   1.130000e+00
9.353432e-01   1.268722e+02   1.130000e+00
9.440065e-01   1.335469e+02   1.130000e+00
9.527500e-01   1.404970e+02   1.130000e+00
9.615746e-01   1.477298e+02   1.130000e+00
9.704809e-01   1.552530e+02   1.130000e+00
9.794697e-01   1.630741e+02   1.130000e+00
9.885417e-01   1.712007e+02   1.130000e+00
9.976978e-01   1.796403e+02   1.130000e+00
1.006939e+00   1.884006e+02   1.129981e+00
1.016265e+00   1.974890e+02   1.129898e+00
1.025678e+00   2.069128e+02   1.129755e+00
1.035178e+00   2.166792e+02   1.129557e+00
1.044766e+00   2.267953e+02   1.129309e+00
1.054443e+00   2.372681e+02   1.129016e+00
1.064209e+00   2.481047e+02   1.128684e+00
1.074066e+00   2.593118e+02   1.128317e+00
1.084014e+00   2.708964e+02   1.127922e+00
1.094055e+00   2.828649e+02   1.127503e+00
1.104188e+00   2.952239e+02   1.127066e+00
1.114415e+00   3.079798e+02   1.126616e+00
1.124737e+00   3.211389e+02   1.126157e+00
1.135155e+00   3.347071e+02   1.125696e+00
1.145669e+00   3.486906e+02   1.125237e+00
1.156280e+00   3.630949e+02   1.124786e+00
1.166990e+00   3.779256e+02   1.124348e+00
1.177799e+00   3.931883e+02   1.123928e+00
1.188708e+00   4.088879e+02   1.123531e+00
1.199718e+00   4.250296e+02   1.123162e+00
1.210830e+00   4.416180e+02   1.122827e+00
1.222045e+00   4.586579e+02   1.122531e+00
1.233363e+00   4.761534e+02   1.122278e+00
1.244787e+00   4.941088e+02   1.122075e+00
1.256317e+00   5.125278e+02   1.121919e+00
1.267953e+00   5.314139e+02   1.121781e+00
1.279697e+00   5.507697e+02   1.121656e+00
1.291550e+00   5.705978e+02   1.121542e+00
1.303512e+00   5.909002e+02   1.121437e+00
1.315586e+00   6.116788e+02   1.121340e+00
1.327771e+00   6.329348e+02   1.121250e+00
1.340069e+00   6.546694e+02   1.121166e+00
1.352481e+00   6.768831e+02   1.121085e+00
1.365008e+00   6.995763e+02   1.121006e+00
1.377651e+00   7.227489e+02   1.120928e+00
1.390411e+00   7.464004e+02   1.120850e+00
1.403289e+00   7.705299e+02   1.120770e+00
1.416287e+00   7.951361e+02   1.120686e+00
1.429405e+00   8.202173e+02   1.120598e+00
1.442644e+00   8.457716e+02   1.120503e+00
1.456006e+00   8.717963e+02   1.120401e+00
1.469492e+00   8.982887e+02   1.120289e+00
1.483103e+00   9.252454e+02   1.120167e+00
1.496839e+00   9.526628e+02   1.120033e+00
1.510703e+00   9.805368e+02   1.119882e+00
1.524696e+00   1.008864e+03   1.119708e+00
1.538818e+00   1.037642e+03   1.119514e+00
1.553071e+00   1.066867e+03   1.119302e+00
1.567455e+00   1.096537e+03   1.119074e+00
1.581973e+00   1.126646e+03   1.118832e+00
1.596626e+00   1.157192e+03   1.118580e+00
1.611414e+00   1.188172e+03   1.118319e+00
1.626340e+00   1.219580e+03   1.118052e+00
1.641403e+00   1.251413e+03   1.117781e+00
1.656606e+00   1.283668e+03   1.117509e+00
1.671950e+00   1.316338e+03   1.117239e+00
1.687436e+00   1.349421e+03   1.116972e+00
1.703065e+00   1.382912e+03   1.116711e+00
1.718839e+00   1.416806e+03   1.116459e+00
1.734759e+00   1.451099e+03   1.116217e+00
1.750827e+00   1.485787e+03   1.115989e+00
1.767044e+00   1.520864e+03   1.115763e+00
1.783410e+00   1.556318e+03   1.115532e+00
1.799929e+00   1.592138e+03   1.115297e+00
1.816600e+00   1.628311e+03   1.115061e+00
1.833425e+00   1.664823e+03   1.114826e+00
1.850407e+00   1.701660e+03   1.114592e+00
1.867546e+00   1.738807e+03   1.114363e+00
1.884843e+00   1.776250e+03   1.114141e+00
1.902301e+00   1.813971e+03   1.113927e+00
1.919921e+00   1.851954e+03   1.113724e+00
1.937703e+00   1.890181e+03   1.113533e+00
1.955651e+00   1.928636e+03   1.113356e+00
1.973764e+00   1.967300e+03   1.113196e+00
1.992046e+00   2.006152e+03   1.113055e+00
2.010496e+00   2.045175e+03   1.112932e+00
2.029118e+00   2.084353e+03   1.112819e+00
2.047912e+00   2.123673e+03   1.112715e+00
2.066880e+00   2.163125e+03   1.112618e+00
2.086024e+00   2.202696e+03   1.112528e+00
2.105345e+00   2.242376e+03   1.112444e+00
2.124845e+00   2.282153e+03   1.112365e+00
2.144526e+00   2.322017e+03   1.112291e+00
2.164389e+00   2.361956e+03   1.112221e+00
2.184436e+00   2.401960e+03   1.112153e+00
2.204669e+00   2.442019e+03   1.112088e+00
2.225089e+00   2.482123e+03   1.112023e+00
2.245698e+00   2.522262e+03   1.111960e+00
2.266498e+00   2.562426e+03   1.111896e+00
2.287491e+00   2.602607e+03   1.111831e+00
2.308678e+00   2.642795e+03   1.111765e+00
2.330061e+00   2.682983e+03   1.111695e+00
2.351643e+00   2.723161e+03   1.111623e+00
2.373424e+00   2.763322e+03   1.111546e+00
2.395407e+00   2.803459e+03   1.111465e+00
2.417594e+00   2.843564e+03   1.111377e+00
2.439986e+00   2.883631e+03   1.111284e+00
2.462586e+00   2.923654e+03   1.111183e+00
2.485395e+00   2.963626e+03   1.111074e+00
2.508415e+00   3.003542e+03   1.110955e+00
2.531648e+00   3.043391e+03   1.110818e+00
2.555097e+00   3.083155e+03   1.110661e+00
2.578763e+00   3.122813e+03   1.110487e+00
2.602648e+00   3.162345e+03   1.110298e+00
2.626754e+00   3.201731e+03   1.110096e+00
2.651084e+00   3.240949e+03   1.109882e+00
2.675638e+00   3.279980e+03   1.109660e+00
2.700421e+00   3.318801e+03   1.109431e+00
2.725433e+00   3.357391e+03   1.109198e+00
2.750676e+00   3.395728e+03   1.108961e+00
2.776153e+00   3.433791e+03   1.108725e+00
2.801867e+00   3.471557e+03   1.108489e+00
2.827818e+00   3.509004e+03   1.108258e+00
2.854010e+00   3.546110e+03   1.108032e+00
2.880444e+00   3.582852e+03   1.107814e+00
2.907123e+00   3.619207e+03   1.107606e+00
2.934050e+00   3.655153e+03   1.107411e+00
2.961225e+00   3.690667e+03   1.107229e+00
2.988653e+00   3.725727e+03   1.107063e+00
3.016334e+00   3.760309e+03   1.106913e+00
3.044272e+00   3.794399e+03   1.106767e+00
3.072469e+00   3.827989e+03   1.106624e+00
3.100927e+00   3.861072e+03   1.106485e+00
3.129648e+00   3.893641e+03   1.106350e+00
3.158635e+00   3.925690e+03   1.106217e+00
3.187891e+00   3.957212e+03   1.106089e+00
3.217418e+00   3.988203e+03   1.105964e+00
3.247218e+00   4.018658e+03   1.105842e+00
3.277295e+00   4.048573e+03   1.105725e+00
3.307650e+00   4.077945e+03   1.105611e+00
3.338286e+00   4.106769e+03   1.105501e+00
3.369206e+00   4.135045e+03   1.105395e+00
3.400412e+00   4.162770e+03   1.105293e+00
3.431907e+00   4.189942e+03   1.105195e+00
3.463694e+00   4.216561e+03   1.105101e+00
3.495776e+00   4.242627e+03   1.105011e+00
3.528154e+00   4.268138e+03   1.104927e+00
3.560833e+00   4.293090e+03   1.104851e+00
3.593814e+00   4.317479e+03   1.104780e+00
3.627100e+00   4.341298e+03   1.104715e+00
3.660695e+00   4.364544e+03   1.104653e+00
3.694601e+00   4.387210e+03   1.104593e+00
3.728821e+00   4.409294e+03   1.104535e+00
3.763358e+00   4.430791e+03   1.104476e+00
3.798215e+00   4.451699e+03   1.104417e+00
3.833395e+00   4.472013e+03   1.104354e+00
3.868901e+00   4.491731e+03   1.104289e+00
3.904735e+00   4.510851e+03   1.104218e+00
3.940902e+00   4.529371e+03   1.104141e+00
3.977403e+00   4.547289e+03   1.104056e+00
4.014242e+00   4.564603e+03   1.103962e+00
4.051423e+00   4.581309e+03   1.103846e+00
4.088948e+00   4.597397e+03   1.103708e+00
4.126821e+00   4.612856e+03   1.103551e+00
4.165044e+00   4.627676e+03   1.103376e+00
4.203622e+00   4.641848e+03   1.103187e+00
4.242556e+00   4.655363e+03   1.102985e+00
4.281852e+00   4.668211e+03   1.102773e+00
4.321511e+00   4.680383e+03   1.102554e+00
4.361538e+00   4.691870e+03   1.102330e+00
4.401935e+00   4.702665e+03   1.102103e+00
4.442707e+00   4.712759e+03   1.101875e+00
4.483856e+00   4.722143e+03   1.101650e+00
4.525386e+00   4.730811e+03   1.101430e+00
4.567301e+00   4.738755e+03   1.101217e+00
4.609604e+00   4.745968e+03   1.101013e+00
4.652300e+00   4.752444e+03   1.100821e+00
4.695390e+00   4.758176e+03   1.100643e+00
4.738880e+00   4.763158e+03   1.100482e+00
4.782772e+00   4.767384e+03   1.100340e+00
4.827071e+00   4.770850e+03   1.100219e+00
4.871780e+00   4.773550e+03   1.100123e+00
4.916904e+00   4.775479e+03   1.100052e+00
4.962445e+00   4.776634e+03   1.100011e+00
5.008408e+00   4.777010e+03   1.100000e+00
5.054797e+00   4.776612e+03   1.100007e+00
5.101615e+00   4.775460e+03   1.100022e+00
5.148867e+00   4.773577e+03   1.100046e+00
5.196557e+00   4.770988e+03   1.100077e+00
5.244689e+00   4.767717e+03   1.100115e+00
5.293266e+00   4.763788e+03   1.100159e+00
5.342293e+00   4.759226e+03   1.100209e+00
5.391775e+00   4.754055e+03   1.100263e+00
5.441714e+00   4.748301e+03   1.100321e+00
5.492116e+00   4.741989e+03   1.100383e+00
5.542986e+00   4.735143e+03   1.100447e+00
5.594326e+00   4.727790e+03   1.100513e+00
5.646141e+00   4.719953e+03   1.100580e+00
5.698437e+00   4.711659e+03   1.100647e+00
5.751217e+00   4.702932e+03   1.100714e+00
5.804486e+00   4.693798e+03   1.100781e+00
5.858248e+00   4.684282e+03   1.100845e+00
5.912508e+00   4.674408e+03   1.100908e+00
5.967271e+00   4.664202e+03   1.100967e+00
6.022541e+00   4.653688e+03   1.101023e+00
6.078323e+00   4.642879e+03   1.101085e+00
6.134622e+00   4.631773e+03   1.101153e+00
6.191442e+00   4.620368e+03   1.101226e+00
6.248788e+00   4.608661e+03   1.101303e+00
6.306666e+00   4.596650e+03   1.101382e+00
6.365079e+00   4.584332e+03   1.101462e+00
6.424034e+00   4.571707e+03   1.101541e+00
6.483534e+00   4.558771e+03   1.101618e+00
6.543586e+00   4.545523e+03   1.101692e+00
6.604194e+00   4.531961e+03   1.101761e+00
6.665363e+00   4.518083e+03   1.101824e+00
6.727099e+00   4.503889e+03   1.101880e+00
6.789407e+00   4.489376e+03   1.101927e+00
6.852292e+00   4.474543e+03   1.101963e+00
6.915759e+00   4.459389e+03   1.101988e+00
6.979814e+00   4.443914e+03   1.101999e+00
7.044462e+00   4.428116e+03   1.101996e+00
7.109709e+00   4.412004e+03   1.101975e+00
7.175561e+00   4.395588e+03   1.101939e+00
7.242022e+00   4.378881e+03   1.101890e+00
7.309099e+00   4.361893e+03   1.101829e+00
7.376798e+00   4.344637e+03   1.101758e+00
7.445123e+00   4.327123e+03   1.101679e+00
7.514081e+00   4.309364e+03   1.101595e+00
7.583678e+00   4.291370e+03   1.101505e+00
7.653919e+00   4.273151e+03   1.101414e+00
7.724811e+00   4.254721e+03   1.101322e+00
7.796360e+00   4.236089e+03   1.101231e+00
7.868572e+00   4.217265e+03   1.101144e+00
7.941452e+00   4.198262e+03   1.101061e+00
8.015007e+00   4.179089e+03   1.100985e+00
8.089243e+00   4.159756e+03   1.100911e+00
8.164168e+00   4.140268e+03   1.100836e+00
8.239786e+00   4.120629e+03   1.100761e+00
8.316104e+00   4.100845e+03   1.100684e+00
8.393129e+00   4.080921e+03   1.100607e+00
8.470868e+00   4.060861e+03   1.100529e+00
8.549327e+00   4.040671e+03   1.100451e+00
8.628513e+00   4.020355e+03   1.100371e+00
8.708431e+00   3.999918e+03   1.100291e+00
8.789091e+00   3.979365e+03   1.100211e+00
8.870497e+00   3.958700e+03   1.100129e+00
8.952657e+00   3.937929e+03   1.100047e+00
9.035578e+00   3.917055e+03   1.099965e+00
9.119268e+00   3.896084e+03   1.099881e+00
9.203732e+00   3.875020e+03   1.099797e+00
9.288979e+00   3.853868e+03   1.099711e+00
9.375015e+00   3.832632e+03   1.099625e+00
9.461848e+00   3.811317e+03   1.099538e+00
9.549486e+00   3.789926e+03   1.099450e+00
9.637935e+00   3.768465e+03   1.099362e+00
9.727203e+00   3.746937e+03   1.099272e+00
9.817298e+00   3.725348e+03   1.099182e+00
9.908228e+00   3.703701e+03   1.099092e+00
1.000000e+01   3.682000e+03   1.099000e+00
