# Be7 + t > Be9 + p   [Be7_t__Be9_p]   ref=Coc et al. 2012
# detailed balance: alpha=3.5568 beta=0 gamma=-140.22  Q=12.0833
# T9                 rate                error
1.000000e-03   2.300000e-47   3.162300e+00
1.009262e-03   3.481847e-47   3.162300e+00
1.018610e-03   5.264327e-47   3.162300e+00
1.028045e-03   7.949298e-47   3.162300e+00
1.037567e-03   1.198861e-46   3.162300e+00
1.047177e-03   1.805777e-46   3.162300e+00
1.056876e-03   2.716541e-46   3.162300e+00
1.066665e-03   4.081563e-46   3.162300e+00
1.076545e-03   6.124861e-46   3.162300e+00
1.086516e-03   9.179662e-46   3.162300e+00
1.096579e-03   1.374103e-45   3.162300e+00
1.106736e-03   2.054355e-45   3.162300e+00
1.116987e-03   3.067584e-45   3.162300e+00
1.127333e-03   4.574920e-45   3.162300e+00
1.137774e-03   6.814566e-45   3.162300e+00
1.148312e-03   1.013822e-44   3.162300e+00
1.158948e-03   1.506453e-44   3.162300e+00
1.169683e-03   2.235738e-44   3.162300e+00
1.180517e-03   3.314051e-44   3.162300e+00
1.191451e-03   4.906498e-44   3.162300e+00
1.202486e-03   7.255374e-44   3.162300e+00
1.213624e-03   1.071581e-43   3.162300e+00
1.224865e-03   1.580769e-43   3.162300e+00
1.236210e-03   2.329117e-43   3.162300e+00
1.247660e-03   3.427642e-43   3.162300e+00
1.259216e-03   5.038274e-43   3.162300e+00
1.270879e-03   7.396937e-43   3.162300e+00
1.282650e-03   1.084694e-42   3.162300e+00
1.294530e-03   1.588724e-42   3.162300e+00
1.306520e-03   2.324223e-42   3.162300e+00
1.318621e-03   3.396223e-42   3.162300e+00
1.330835e-03   4.956841e-42   3.162300e+00
1.343161e-03   7.226126e-42   3.162300e+00
1.355602e-03   1.052202e-41   3.162300e+00
1.368158e-03   1.530338e-41   3.162300e+00
1.380830e-03   2.223163e-41   3.162300e+00
1.393619e-03   3.225911e-41   3.162300e+00
1.406527e-03   4.675543e-41   3.162300e+00
1.419555e-03   6.768799e-41   3.162300e+00
1.432703e-03   9.787962e-41   3.162300e+00
1.445973e-03   1.413760e-40   3.162300e+00
1.459366e-03   2.039683e-40   3.162300e+00
1.472883e-03   2.939376e-40   3.162300e+00
1.486525e-03   4.231108e-40   3.162300e+00
1.500293e-03   6.083606e-40   3.162300e+00
1.514189e-03   8.737300e-40   3.162300e+00
1.528214e-03   1.253442e-39   3.162300e+00
1.542369e-03   1.796152e-39   3.162300e+00
1.556654e-03   2.570959e-39   3.162300e+00
1.571072e-03   3.675886e-39   3.162300e+00
1.585624e-03   5.249825e-39   3.162300e+00
1.600310e-03   7.489367e-39   3.162300e+00
1.615133e-03   1.067245e-38   3.162300e+00
1.630092e-03   1.519158e-38   3.162300e+00
1.645191e-03   2.160048e-38   3.162300e+00
1.660429e-03   3.067939e-38   3.162300e+00
1.675808e-03   4.352652e-38   3.162300e+00
1.691330e-03   6.168601e-38   3.162300e+00
1.706995e-03   8.732654e-38   3.162300e+00
1.722805e-03   1.234906e-37   3.162300e+00
1.738762e-03   1.744420e-37   3.162300e+00
1.754867e-03   2.461496e-37   3.162300e+00
1.771121e-03   3.469599e-37   3.162300e+00
1.787526e-03   4.885320e-37   3.162300e+00
1.804082e-03   6.871344e-37   3.162300e+00
1.820792e-03   9.654427e-37   3.162300e+00
1.837656e-03   1.355030e-36   3.162300e+00
1.854677e-03   1.899810e-36   3.162300e+00
1.871855e-03   2.660798e-36   3.162300e+00
1.889193e-03   3.722675e-36   3.162300e+00
1.906691e-03   5.202850e-36   3.162300e+00
1.924351e-03   7.263932e-36   3.162300e+00
1.942175e-03   1.013090e-35   3.162300e+00
1.960163e-03   1.411468e-35   3.162300e+00
1.978319e-03   1.964457e-35   3.162300e+00
1.996642e-03   2.731265e-35   3.162300e+00
2.015136e-03   3.793465e-35   3.162300e+00
2.033800e-03   5.263331e-35   3.162300e+00
2.052638e-03   7.295231e-35   3.162300e+00
2.071650e-03   1.010119e-34   3.162300e+00
2.090838e-03   1.397212e-34   3.162300e+00
2.110203e-03   1.930679e-34   3.162300e+00
2.129749e-03   2.665121e-34   3.162300e+00
2.149475e-03   3.675227e-34   3.162300e+00
2.169384e-03   5.063062e-34   3.162300e+00
2.189477e-03   6.967958e-34   3.162300e+00
2.209756e-03   9.579929e-34   3.162300e+00
2.230223e-03   1.315785e-33   3.162300e+00
2.250880e-03   1.805406e-33   3.162300e+00
2.271728e-03   2.474761e-33   3.162300e+00
2.292769e-03   3.388921e-33   3.162300e+00
2.314005e-03   4.636188e-33   3.162300e+00
2.335438e-03   6.336263e-33   3.162300e+00
2.357069e-03   8.651258e-33   3.162300e+00
2.378901e-03   1.180051e-32   3.162300e+00
2.400935e-03   1.608047e-32   3.162300e+00
2.423173e-03   2.189146e-32   3.162300e+00
2.445617e-03   2.977351e-32   3.162300e+00
2.468268e-03   4.045443e-32   3.162300e+00
2.491130e-03   5.491413e-32   3.162300e+00
2.514203e-03   7.447071e-32   3.162300e+00
2.537490e-03   1.008955e-31   3.162300e+00
2.560993e-03   1.365664e-31   3.162300e+00
2.584714e-03   1.846730e-31   3.162300e+00
2.608654e-03   2.494892e-31   3.162300e+00
2.632815e-03   3.367366e-31   3.162300e+00
2.657201e-03   4.540673e-31   3.162300e+00
2.681813e-03   6.117063e-31   3.162300e+00
2.706652e-03   8.233033e-31   3.162300e+00
2.731722e-03   1.107063e-30   3.162300e+00
2.757023e-03   1.487241e-30   3.162300e+00
2.782559e-03   1.996130e-30   3.162300e+00
2.808332e-03   2.676676e-30   3.162300e+00
2.834343e-03   3.585945e-30   3.162300e+00
2.860596e-03   4.799696e-30   3.162300e+00
2.887091e-03   6.418409e-30   3.162300e+00
2.913832e-03   8.575233e-30   3.162300e+00
2.940820e-03   1.144645e-29   3.162300e+00
2.968059e-03   1.526523e-29   3.162300e+00
2.995549e-03   2.033970e-29   3.162300e+00
3.023295e-03   2.707674e-29   3.162300e+00
3.051297e-03   3.601301e-29   3.162300e+00
3.079559e-03   4.785585e-29   3.162300e+00
3.108082e-03   6.353663e-29   3.162300e+00
3.136870e-03   8.428064e-29   3.162300e+00
3.165924e-03   1.116984e-28   3.162300e+00
3.195248e-03   1.479051e-28   3.162300e+00
3.224842e-03   1.956757e-28   3.162300e+00
3.254712e-03   2.586481e-28   3.162300e+00
3.284857e-03   3.415872e-28   3.162300e+00
3.315282e-03   4.507284e-28   3.162300e+00
3.345989e-03   5.942238e-28   3.162300e+00
3.376980e-03   7.827233e-28   3.162300e+00
3.408259e-03   1.030126e-27   3.162300e+00
3.439826e-03   1.354559e-27   3.162300e+00
3.471687e-03   1.779636e-27   3.162300e+00
3.503842e-03   2.336103e-27   3.162300e+00
3.536296e-03   3.063945e-27   3.162300e+00
3.569049e-03   4.015127e-27   3.162300e+00
3.602107e-03   5.257121e-27   3.162300e+00
3.635470e-03   6.877459e-27   3.162300e+00
3.669142e-03   8.989605e-27   3.162300e+00
3.703127e-03   1.174050e-26   3.162300e+00
3.737426e-03   1.532030e-26   3.162300e+00
3.772042e-03   1.997486e-26   3.162300e+00
3.806980e-03   2.602176e-26   3.162300e+00
3.842241e-03   3.387096e-26   3.162300e+00
3.877828e-03   4.405113e-26   3.162300e+00
3.913746e-03   5.724354e-26   3.162300e+00
3.949995e-03   7.432532e-26   3.162300e+00
3.986581e-03   9.642487e-26   3.162300e+00
4.023506e-03   1.249926e-25   3.162300e+00
4.060772e-03   1.618914e-25   3.162300e+00
4.098384e-03   2.095117e-25   3.162300e+00
4.136344e-03   2.709189e-25   3.162300e+00
4.174655e-03   3.500400e-25   3.162300e+00
4.213322e-03   4.519024e-25   3.162300e+00
4.252346e-03   5.829364e-25   3.162300e+00
4.291732e-03   7.513608e-25   3.162300e+00
4.331483e-03   9.676711e-25   3.162300e+00
4.371602e-03   1.245260e-24   3.162300e+00
4.412093e-03   1.601203e-24   3.162300e+00
4.452959e-03   2.057254e-24   3.162300e+00
4.494203e-03   2.641105e-24   3.162300e+00
4.535829e-03   3.387981e-24   3.162300e+00
4.577841e-03   4.342650e-24   3.162300e+00
4.620241e-03   5.561966e-24   3.162300e+00
4.663035e-03   7.118076e-24   3.162300e+00
4.706225e-03   9.102461e-24   3.162300e+00
4.749815e-03   1.163102e-23   3.162300e+00
4.793808e-03   1.485051e-23   3.162300e+00
4.838210e-03   1.894653e-23   3.162300e+00
4.883022e-03   2.415375e-23   3.162300e+00
4.928250e-03   3.076853e-23   3.162300e+00
4.973896e-03   3.916495e-23   3.162300e+00
5.019965e-03   4.981476e-23   3.162300e+00
5.066461e-03   6.331250e-23   3.162300e+00
5.113388e-03   8.040693e-23   3.162300e+00
5.160749e-03   1.020403e-22   3.162300e+00
5.208549e-03   1.293974e-22   3.162300e+00
5.256791e-03   1.639671e-22   3.162300e+00
5.305481e-03   2.076189e-22   3.162300e+00
5.354621e-03   2.626985e-22   3.162300e+00
5.404216e-03   3.321470e-22   3.162300e+00
5.454271e-03   4.196495e-22   3.162300e+00
5.504790e-03   5.298200e-22   3.162300e+00
5.555776e-03   6.684314e-22   3.162300e+00
5.607235e-03   8.427015e-22   3.162300e+00
5.659170e-03   1.061648e-21   3.162300e+00
5.711586e-03   1.336532e-21   3.162300e+00
5.764488e-03   1.681400e-21   3.162300e+00
5.817880e-03   2.113769e-21   3.162300e+00
5.871766e-03   2.655464e-21   3.162300e+00
5.926152e-03   3.333659e-21   3.162300e+00
5.981041e-03   4.182169e-21   3.162300e+00
6.036439e-03   5.243038e-21   3.162300e+00
6.092349e-03   6.568490e-21   3.162300e+00
6.148778e-03   8.223348e-21   3.162300e+00
6.205729e-03   1.028802e-20   3.162300e+00
6.263207e-03   1.286215e-20   3.162300e+00
6.321218e-03   1.606920e-20   3.162300e+00
6.379767e-03   2.006192e-20   3.162300e+00
6.438857e-03   2.502926e-20   3.162300e+00
6.498495e-03   3.120469e-20   3.162300e+00
6.558686e-03   3.887652e-20   3.162300e+00
6.619433e-03   4.840050e-20   3.162300e+00
6.680744e-03   6.021528e-20   3.162300e+00
6.742622e-03   7.486128e-20   3.162300e+00
6.805074e-03   9.300380e-20   3.162300e+00
6.868104e-03   1.154613e-19   3.162300e+00
6.931717e-03   1.432398e-19   3.162300e+00
6.995920e-03   1.775750e-19   3.162300e+00
7.060718e-03   2.199838e-19   3.162300e+00
7.126115e-03   2.723275e-19   3.162300e+00
7.192119e-03   3.368888e-19   3.162300e+00
7.258734e-03   4.164643e-19   3.162300e+00
7.325965e-03   5.144787e-19   3.162300e+00
7.393820e-03   6.351223e-19   3.162300e+00
7.462303e-03   7.835196e-19   3.162300e+00
7.531420e-03   9.659326e-19   3.162300e+00
7.601178e-03   1.190010e-18   3.162300e+00
7.671581e-03   1.465085e-18   3.162300e+00
7.742637e-03   1.802544e-18   3.162300e+00
7.814351e-03   2.216265e-18   3.162300e+00
7.886729e-03   2.723156e-18   3.162300e+00
7.959777e-03   3.343800e-18   3.162300e+00
8.033502e-03   4.103242e-18   3.162300e+00
8.107910e-03   5.031930e-18   3.162300e+00
8.183007e-03   6.166851e-18   3.162300e+00
8.258799e-03   7.552918e-18   3.162300e+00
8.335294e-03   9.244626e-18   3.162300e+00
8.412497e-03   1.130806e-17   3.162300e+00
8.490415e-03   1.382331e-17   3.162300e+00
8.569055e-03   1.688736e-17   3.162300e+00
8.648423e-03   2.061762e-17   3.162300e+00
8.728527e-03   2.515609e-17   3.162300e+00
8.809372e-03   3.067441e-17   3.162300e+00
8.890966e-03   3.737998e-17   3.162300e+00
8.973316e-03   4.552314e-17   3.162300e+00
9.056428e-03   5.540601e-17   3.162300e+00
9.140311e-03   6.739301e-17   3.162300e+00
9.224970e-03   8.192349e-17   3.162300e+00
9.310413e-03   9.952680e-17   3.162300e+00
9.396648e-03   1.208404e-16   3.162300e+00
9.483682e-03   1.466313e-16   3.162300e+00
9.571522e-03   1.778225e-16   3.162300e+00
9.660175e-03   2.155232e-16   3.162300e+00
9.749649e-03   2.610666e-16   3.162300e+00
9.839952e-03   3.160537e-16   3.162300e+00
9.931092e-03   3.824063e-16   3.162300e+00
1.002308e-02   4.624302e-16   3.162300e+00
1.011591e-02   5.588870e-16   3.162300e+00
1.020961e-02   6.750762e-16   3.162300e+00
1.030417e-02   8.149416e-16   3.162300e+00
1.039961e-02   9.831932e-16   3.162300e+00
1.049593e-02   1.185451e-15   3.162300e+00
1.059315e-02   1.428416e-15   3.162300e+00
1.069126e-02   1.720070e-15   3.162300e+00
1.079029e-02   2.069909e-15   3.162300e+00
1.089023e-02   2.489225e-15   3.162300e+00
1.099110e-02   2.991428e-15   3.162300e+00
1.109290e-02   3.592450e-15   3.162300e+00
1.119564e-02   4.311315e-15   3.162300e+00
1.129934e-02   5.170695e-15   3.162300e+00
1.140400e-02   6.197569e-15   3.162300e+00
1.150962e-02   7.424040e-15   3.162300e+00
1.161623e-02   8.888305e-15   3.162300e+00
1.172382e-02   1.063581e-14   3.162300e+00
1.183241e-02   1.272062e-14   3.162300e+00
1.194200e-02   1.520707e-14   3.162300e+00
1.205261e-02   1.817167e-14   3.162300e+00
1.216424e-02   2.170496e-14   3.162300e+00
1.227691e-02   2.591376e-14   3.162300e+00
1.239062e-02   3.092436e-14   3.162300e+00
1.250539e-02   3.688597e-14   3.162300e+00
1.262121e-02   4.397477e-14   3.162300e+00
1.273811e-02   5.239858e-14   3.162300e+00
1.285610e-02   6.240230e-14   3.162300e+00
1.297517e-02   7.427425e-14   3.162300e+00
1.309535e-02   8.835365e-14   3.162300e+00
1.321664e-02   1.050393e-13   3.162300e+00
1.333906e-02   1.247999e-13   3.162300e+00
1.346261e-02   1.481852e-13   3.162300e+00
1.358730e-02   1.758398e-13   3.162300e+00
1.371315e-02   2.085185e-13   3.162300e+00
1.384016e-02   2.471045e-13   3.162300e+00
1.396835e-02   2.926300e-13   3.162300e+00
1.409773e-02   3.463017e-13   3.162300e+00
1.422830e-02   4.095461e-13   3.162300e+00
1.436009e-02   4.840473e-13   3.162300e+00
1.449310e-02   5.717868e-13   3.162300e+00
1.462733e-02   6.750970e-13   3.162300e+00
1.476281e-02   7.967251e-13   3.162300e+00
1.489955e-02   9.399083e-13   3.162300e+00
1.503755e-02   1.108464e-12   3.162300e+00
1.517683e-02   1.306852e-12   3.162300e+00
1.531740e-02   1.540224e-12   3.162300e+00
1.545928e-02   1.814572e-12   3.162300e+00
1.560246e-02   2.136872e-12   3.162300e+00
1.574698e-02   2.515227e-12   3.162300e+00
1.589283e-02   2.959042e-12   3.162300e+00
1.604003e-02   3.479211e-12   3.162300e+00
1.618860e-02   4.088406e-12   3.162300e+00
1.633854e-02   4.801435e-12   3.162300e+00
1.648987e-02   5.635513e-12   3.162300e+00
1.664260e-02   6.610629e-12   3.162300e+00
1.679675e-02   7.749983e-12   3.162300e+00
1.695232e-02   9.080482e-12   3.162300e+00
1.710934e-02   1.063332e-11   3.162300e+00
1.726781e-02   1.244464e-11   3.162300e+00
1.742775e-02   1.455629e-11   3.162300e+00
1.758917e-02   1.701672e-11   3.162300e+00
1.775208e-02   1.988196e-11   3.162300e+00
1.791650e-02   2.321681e-11   3.162300e+00
1.808245e-02   2.709614e-11   3.162300e+00
1.824993e-02   3.160655e-11   3.162300e+00
1.841897e-02   3.684825e-11   3.162300e+00
1.858957e-02   4.293700e-11   3.162300e+00
1.876175e-02   5.000655e-11   3.162300e+00
1.893552e-02   5.821133e-11   3.162300e+00
1.911091e-02   6.772963e-11   3.162300e+00
1.928792e-02   7.876724e-11   3.162300e+00
1.946656e-02   9.156161e-11   3.162300e+00
1.964687e-02   1.063867e-10   3.162300e+00
1.982884e-02   1.235584e-10   3.162300e+00
2.001250e-02   1.434411e-10   3.162300e+00
2.019786e-02   1.664543e-10   3.162300e+00
2.038493e-02   1.930796e-10   3.162300e+00
2.057374e-02   2.238702e-10   3.162300e+00
2.076430e-02   2.594622e-10   3.162300e+00
2.095662e-02   3.005856e-10   3.162300e+00
2.115073e-02   3.480788e-10   3.162300e+00
2.134663e-02   4.029037e-10   3.162300e+00
2.154435e-02   4.661630e-10   3.162300e+00
2.174389e-02   5.391211e-10   3.162300e+00
2.194529e-02   6.232260e-10   3.162300e+00
2.214855e-02   7.201357e-10   3.162300e+00
2.235370e-02   8.317477e-10   3.162300e+00
2.256074e-02   9.602319e-10   3.162300e+00
2.276970e-02   1.108069e-09   3.162300e+00
2.298060e-02   1.278093e-09   3.162300e+00
2.319345e-02   1.473540e-09   3.162300e+00
2.340827e-02   1.698104e-09   3.162300e+00
2.362508e-02   1.955997e-09   3.162300e+00
2.384390e-02   2.252021e-09   3.162300e+00
2.406475e-02   2.591648e-09   3.162300e+00
2.428764e-02   2.981108e-09   3.162300e+00
2.451260e-02   3.427491e-09   3.162300e+00
2.473964e-02   3.938863e-09   3.162300e+00
2.496878e-02   4.524391e-09   3.162300e+00
2.520005e-02   5.194493e-09   3.162300e+00
2.543346e-02   5.961025e-09   3.162300e+00
2.566903e-02   6.837462e-09   3.162300e+00
2.590678e-02   7.839107e-09   3.162300e+00
2.614673e-02   8.983332e-09   3.162300e+00
2.638891e-02   1.028985e-08   3.162300e+00
2.663333e-02   1.178101e-08   3.162300e+00
2.688001e-02   1.348218e-08   3.162300e+00
2.712898e-02   1.542206e-08   3.162300e+00
2.738025e-02   1.763322e-08   3.162300e+00
2.763385e-02   2.015250e-08   3.162300e+00
2.788980e-02   2.302162e-08   3.162300e+00
2.814812e-02   2.628779e-08   3.162300e+00
2.840884e-02   3.000439e-08   3.162300e+00
2.867196e-02   3.423180e-08   3.162300e+00
2.893753e-02   3.903824e-08   3.162300e+00
2.920556e-02   4.450080e-08   3.162300e+00
2.947606e-02   5.070655e-08   3.162300e+00
2.974908e-02   5.775378e-08   3.162300e+00
3.002462e-02   6.575342e-08   3.162300e+00
3.030271e-02   7.483059e-08   3.162300e+00
3.058338e-02   8.512622e-08   3.162300e+00
3.086665e-02   9.679910e-08   3.162300e+00
3.115254e-02   1.100280e-07   3.162300e+00
3.144108e-02   1.250144e-07   3.162300e+00
3.173230e-02   1.419847e-07   3.162300e+00
3.202621e-02   1.611938e-07   3.162300e+00
3.232284e-02   1.829282e-07   3.162300e+00
3.262222e-02   2.075100e-07   3.162300e+00
3.292437e-02   2.353010e-07   3.162300e+00
3.322933e-02   2.667076e-07   3.162300e+00
3.353710e-02   3.021858e-07   3.162300e+00
3.384773e-02   3.422475e-07   3.162300e+00
3.416123e-02   3.874667e-07   3.162300e+00
3.447764e-02   4.384871e-07   3.162300e+00
3.479698e-02   4.960299e-07   3.162300e+00
3.511928e-02   5.609032e-07   3.162300e+00
3.544456e-02   6.340120e-07   3.162300e+00
3.577285e-02   7.163689e-07   3.162300e+00
3.610419e-02   8.091075e-07   3.162300e+00
3.643859e-02   9.134951e-07   3.162300e+00
3.677609e-02   1.030949e-06   3.162300e+00
3.711672e-02   1.163052e-06   3.162300e+00
3.746050e-02   1.311575e-06   3.162300e+00
3.780747e-02   1.478492e-06   3.162300e+00
3.815765e-02   1.666009e-06   3.162300e+00
3.851107e-02   1.876587e-06   3.162300e+00
3.886777e-02   2.112968e-06   3.162300e+00
3.922777e-02   2.378213e-06   3.162300e+00
3.959110e-02   2.675732e-06   3.162300e+00
3.995780e-02   3.009323e-06   3.162300e+00
4.032790e-02   3.383215e-06   3.162300e+00
4.070142e-02   3.802117e-06   3.162300e+00
4.107841e-02   4.271268e-06   3.162300e+00
4.145888e-02   4.796494e-06   3.162300e+00
4.184289e-02   5.384275e-06   3.162300e+00
4.223044e-02   6.041810e-06   3.162300e+00
4.262159e-02   6.777100e-06   3.162300e+00
4.301636e-02   7.599027e-06   3.162300e+00
4.341478e-02   8.517454e-06   3.162300e+00
4.381690e-02   9.543323e-06   3.162300e+00
4.422274e-02   1.068877e-05   3.162300e+00
4.463234e-02   1.196727e-05   3.162300e+00
4.504573e-02   1.339372e-05   3.162300e+00
4.546295e-02   1.498467e-05   3.162300e+00
4.588404e-02   1.675841e-05   3.162300e+00
4.630903e-02   1.873523e-05   3.162300e+00
4.673795e-02   2.093754e-05   3.162300e+00
4.717085e-02   2.339018e-05   3.162300e+00
4.760775e-02   2.612058e-05   3.162300e+00
4.804870e-02   2.915908e-05   3.162300e+00
4.849374e-02   3.253921e-05   3.162300e+00
4.894290e-02   3.629801e-05   3.162300e+00
4.939622e-02   4.047636e-05   3.162300e+00
4.985373e-02   4.511942e-05   3.162300e+00
5.031549e-02   5.027699e-05   3.162300e+00
5.078152e-02   5.600408e-05   3.162300e+00
5.125187e-02   6.236142e-05   3.162300e+00
5.172657e-02   6.941599e-05   3.162300e+00
5.220568e-02   7.724166e-05   3.162300e+00
5.268921e-02   8.591984e-05   3.162300e+00
5.317723e-02   9.554024e-05   3.162300e+00
5.366977e-02   1.062017e-04   3.162300e+00
5.416687e-02   1.180131e-04   3.162300e+00
5.466857e-02   1.310944e-04   3.162300e+00
5.517492e-02   1.455774e-04   3.162300e+00
5.568596e-02   1.616074e-04   3.162300e+00
5.620174e-02   1.793441e-04   3.162300e+00
5.672229e-02   1.989634e-04   3.162300e+00
5.724766e-02   2.206584e-04   3.162300e+00
5.777790e-02   2.446415e-04   3.162300e+00
5.831305e-02   2.711463e-04   3.162300e+00
5.885316e-02   3.004294e-04   3.162300e+00
5.939827e-02   3.327725e-04   3.162300e+00
5.994843e-02   3.684853e-04   3.162300e+00
6.050368e-02   4.079072e-04   3.162300e+00
6.106408e-02   4.514091e-04   3.162300e+00
6.162966e-02   4.993966e-04   3.162300e+00
6.220049e-02   5.523134e-04   3.162300e+00
6.277660e-02   6.106452e-04   3.162300e+00
6.335805e-02   6.749229e-04   3.162300e+00
6.394488e-02   7.457270e-04   3.162300e+00
6.453715e-02   8.236913e-04   3.162300e+00
6.513491e-02   9.095082e-04   3.162300e+00
6.573820e-02   1.003933e-03   3.162300e+00
6.634708e-02   1.107790e-03   3.162300e+00
6.696160e-02   1.221978e-03   3.162300e+00
6.758181e-02   1.347476e-03   3.162300e+00
6.820777e-02   1.485350e-03   3.162300e+00
6.883952e-02   1.636761e-03   3.162300e+00
6.947713e-02   1.802973e-03   3.162300e+00
7.012064e-02   1.985358e-03   3.162300e+00
7.077011e-02   2.185415e-03   3.162300e+00
7.142559e-02   2.404784e-03   3.162300e+00
7.208715e-02   2.645256e-03   3.162300e+00
7.275484e-02   2.908778e-03   3.162300e+00
7.342870e-02   3.197474e-03   3.162300e+00
7.410882e-02   3.513656e-03   3.162300e+00
7.479523e-02   3.859838e-03   3.162300e+00
7.548799e-02   4.238761e-03   3.162300e+00
7.618718e-02   4.653404e-03   3.162300e+00
7.689284e-02   5.107010e-03   3.162300e+00
7.760503e-02   5.603107e-03   3.162300e+00
7.832383e-02   6.145533e-03   3.162300e+00
7.904928e-02   6.738460e-03   3.162300e+00
7.978145e-02   7.386428e-03   3.162300e+00
8.052040e-02   8.094367e-03   3.162300e+00
8.126619e-02   8.867621e-03   3.162300e+00
8.201889e-02   9.711978e-03   3.162300e+00
8.277857e-02   1.063372e-02   3.162300e+00
8.354528e-02   1.163966e-02   3.162300e+00
8.431909e-02   1.273719e-02   3.162300e+00
8.510007e-02   1.393431e-02   3.162300e+00
8.588829e-02   1.523971e-02   3.162300e+00
8.668380e-02   1.666279e-02   3.162300e+00
8.748668e-02   1.821375e-02   3.162300e+00
8.829700e-02   1.990361e-02   3.162300e+00
8.911482e-02   2.174433e-02   3.162300e+00
8.994022e-02   2.374885e-02   3.162300e+00
9.077327e-02   2.593114e-02   3.162300e+00
9.161402e-02   2.830630e-02   3.162300e+00
9.246257e-02   3.089063e-02   3.162300e+00
9.331898e-02   3.370173e-02   3.162300e+00
9.418332e-02   3.675860e-02   3.162300e+00
9.505566e-02   4.008175e-02   3.162300e+00
9.593608e-02   4.369332e-02   3.162300e+00
9.682466e-02   4.761717e-02   3.162300e+00
9.772147e-02   5.187905e-02   3.162300e+00
9.862658e-02   5.650670e-02   3.162300e+00
9.954008e-02   6.153001e-02   3.162300e+00
1.004620e-01   6.698116e-02   3.162300e+00
1.013925e-01   7.289472e-02   3.162300e+00
1.023317e-01   7.930772e-02   3.162300e+00
1.032795e-01   8.625993e-02   3.162300e+00
1.042361e-01   9.379407e-02   3.162300e+00
1.052015e-01   1.019559e-01   3.162300e+00
1.061759e-01   1.107947e-01   3.162300e+00
1.071593e-01   1.203629e-01   3.162300e+00
1.081519e-01   1.307171e-01   3.162300e+00
1.091536e-01   1.419175e-01   3.162300e+00
1.101646e-01   1.540289e-01   3.162300e+00
1.111850e-01   1.671211e-01   3.162300e+00
1.122148e-01   1.812716e-01   3.162300e+00
1.132541e-01   1.965644e-01   3.162300e+00
1.143031e-01   2.130903e-01   3.162300e+00
1.153618e-01   2.309476e-01   3.162300e+00
1.164303e-01   2.502428e-01   3.162300e+00
1.175087e-01   2.710910e-01   3.162300e+00
1.185971e-01   2.936171e-01   3.162300e+00
1.196956e-01   3.179563e-01   3.162300e+00
1.208042e-01   3.442543e-01   3.162300e+00
1.219231e-01   3.726582e-01   3.162300e+00
1.230524e-01   4.033185e-01   3.162300e+00
1.241921e-01   4.363938e-01   3.162300e+00
1.253424e-01   4.720507e-01   3.162300e+00
1.265034e-01   5.104640e-01   3.162300e+00
1.276751e-01   5.518164e-01   3.162300e+00
1.288576e-01   5.962988e-01   3.162300e+00
1.300511e-01   6.441097e-01   3.162300e+00
1.312557e-01   6.954651e-01   3.162300e+00
1.324714e-01   7.506306e-01   3.162300e+00
1.336984e-01   8.099032e-01   3.162300e+00
1.349367e-01   8.736079e-01   3.162300e+00
1.361865e-01   9.421006e-01   3.162300e+00
1.374479e-01   1.015771e+00   3.162300e+00
1.387210e-01   1.095048e+00   3.162300e+00
1.400058e-01   1.180400e+00   3.162300e+00
1.413026e-01   1.272328e+00   3.162300e+00
1.426114e-01   1.371292e+00   3.162300e+00
1.439323e-01   1.477760e+00   3.162300e+00
1.452654e-01   1.592219e+00   3.162300e+00
1.466109e-01   1.715175e+00   3.162300e+00
1.479688e-01   1.847151e+00   3.162300e+00
1.493393e-01   1.988687e+00   3.162300e+00
1.507225e-01   2.140342e+00   3.162300e+00
1.521186e-01   2.302759e+00   3.162300e+00
1.535275e-01   2.476691e+00   3.162300e+00
1.549495e-01   2.662949e+00   3.162300e+00
1.563847e-01   2.862405e+00   3.162300e+00
1.578331e-01   3.076002e+00   3.162300e+00
1.592950e-01   3.304752e+00   3.162300e+00
1.607704e-01   3.549748e+00   3.162300e+00
1.622595e-01   3.812121e+00   3.162300e+00
1.637624e-01   4.093035e+00   3.162300e+00
1.652792e-01   4.393727e+00   3.162300e+00
1.668101e-01   4.715507e+00   3.162300e+00
1.683551e-01   5.059766e+00   3.162300e+00
1.699144e-01   5.427980e+00   3.162300e+00
1.714882e-01   5.821713e+00   3.162300e+00
1.730766e-01   6.242624e+00   3.162300e+00
1.746796e-01   6.692469e+00   3.162300e+00
1.762975e-01   7.173108e+00   3.162300e+00
1.779304e-01   7.686509e+00   3.162300e+00
1.795785e-01   8.234757e+00   3.162300e+00
1.812418e-01   8.820056e+00   3.162300e+00
1.829205e-01   9.444750e+00   3.162300e+00
1.846147e-01   1.011132e+01   3.162300e+00
1.863246e-01   1.082241e+01   3.162300e+00
1.880504e-01   1.158080e+01   3.162300e+00
1.897922e-01   1.238942e+01   3.162300e+00
1.915501e-01   1.325140e+01   3.162300e+00
1.933242e-01   1.417004e+01   3.162300e+00
1.951148e-01   1.514880e+01   3.162300e+00
1.969220e-01   1.619136e+01   3.162300e+00
1.987460e-01   1.730161e+01   3.162300e+00
2.005868e-01   1.848364e+01   3.162300e+00
2.024447e-01   1.974180e+01   3.162300e+00
2.043197e-01   2.108067e+01   3.162300e+00
2.062122e-01   2.250511e+01   3.162300e+00
2.081222e-01   2.402026e+01   3.162300e+00
2.100498e-01   2.563152e+01   3.162300e+00
2.119953e-01   2.734461e+01   3.162300e+00
2.139589e-01   2.916556e+01   3.162300e+00
2.159406e-01   3.110075e+01   3.162300e+00
2.179407e-01   3.315688e+01   3.162300e+00
2.199593e-01   3.534104e+01   3.162300e+00
2.219966e-01   3.766070e+01   3.162300e+00
2.240528e-01   4.012374e+01   3.162300e+00
2.261280e-01   4.273847e+01   3.162300e+00
2.282224e-01   4.551364e+01   3.162300e+00
2.303363e-01   4.845847e+01   3.162300e+00
2.324697e-01   5.158268e+01   3.162300e+00
2.346229e-01   5.489652e+01   3.162300e+00
2.367960e-01   5.841076e+01   3.162300e+00
2.389893e-01   6.213676e+01   3.162300e+00
2.412028e-01   6.608649e+01   3.162300e+00
2.434369e-01   7.027251e+01   3.162300e+00
2.456916e-01   7.470809e+01   3.162300e+00
2.479673e-01   7.940716e+01   3.162300e+00
2.502640e-01   8.438439e+01   3.162300e+00
2.525820e-01   8.965521e+01   3.162300e+00
2.549215e-01   9.523588e+01   3.162300e+00
2.572826e-01   1.011435e+02   3.162300e+00
2.596656e-01   1.073961e+02   3.162300e+00
2.620707e-01   1.140125e+02   3.162300e+00
2.644980e-01   1.210127e+02   3.162300e+00
2.669478e-01   1.284175e+02   3.162300e+00
2.694204e-01   1.362490e+02   3.162300e+00
2.719158e-01   1.445303e+02   3.162300e+00
2.744343e-01   1.532857e+02   3.162300e+00
2.769762e-01   1.625406e+02   3.162300e+00
2.795416e-01   1.723220e+02   3.162300e+00
2.821308e-01   1.826580e+02   3.162300e+00
2.847439e-01   1.935781e+02   3.162300e+00
2.873813e-01   2.051136e+02   3.162300e+00
2.900430e-01   2.172970e+02   3.162300e+00
2.927295e-01   2.301627e+02   3.162300e+00
2.954408e-01   2.437466e+02   3.162300e+00
2.981772e-01   2.580865e+02   3.162300e+00
3.009390e-01   2.732222e+02   3.162300e+00
3.037264e-01   2.891946e+02   3.162300e+00
3.065395e-01   3.060460e+02   3.162300e+00
3.093788e-01   3.238201e+02   3.162300e+00
3.122443e-01   3.425626e+02   3.162300e+00
3.151363e-01   3.623210e+02   3.162300e+00
3.180552e-01   3.831448e+02   3.162300e+00
3.210011e-01   4.050854e+02   3.162300e+00
3.239743e-01   4.281963e+02   3.162300e+00
3.269750e-01   4.525332e+02   3.162300e+00
3.300035e-01   4.781536e+02   3.162300e+00
3.330600e-01   5.051174e+02   3.162300e+00
3.361449e-01   5.334867e+02   3.162300e+00
3.392583e-01   5.633258e+02   3.162300e+00
3.424006e-01   5.947013e+02   3.162300e+00
3.455720e-01   6.276821e+02   3.162300e+00
3.487727e-01   6.623394e+02   3.162300e+00
3.520031e-01   6.987473e+02   3.162300e+00
3.552635e-01   7.369881e+02   3.162300e+00
3.585540e-01   7.771524e+02   3.162300e+00
3.618750e-01   8.193360e+02   3.162300e+00
3.652267e-01   8.636397e+02   3.162300e+00
3.686095e-01   9.101702e+02   3.162300e+00
3.720237e-01   9.590401e+02   3.162300e+00
3.754694e-01   1.010368e+03   3.162300e+00
3.789471e-01   1.064280e+03   3.162300e+00
3.824570e-01   1.120910e+03   3.162300e+00
3.859994e-01   1.180397e+03   3.162300e+00
3.895746e-01   1.242890e+03   3.162300e+00
3.931829e-01   1.308549e+03   3.162300e+00
3.968246e-01   1.377538e+03   3.162300e+00
4.005001e-01   1.450037e+03   3.162300e+00
4.042096e-01   1.526223e+03   3.162300e+00
4.079535e-01   1.606258e+03   3.162300e+00
4.117320e-01   1.690303e+03   3.162300e+00
4.155455e-01   1.778523e+03   3.162300e+00
4.193944e-01   1.871085e+03   3.162300e+00
4.232789e-01   1.968161e+03   3.162300e+00
4.271994e-01   2.069922e+03   3.162300e+00
4.311562e-01   2.176545e+03   3.162300e+00
4.351497e-01   2.288207e+03   3.162300e+00
4.391801e-01   2.405083e+03   3.162300e+00
4.432479e-01   2.527354e+03   3.162300e+00
4.473533e-01   2.655198e+03   3.162300e+00
4.514968e-01   2.788791e+03   3.162300e+00
4.556786e-01   2.928341e+03   3.162300e+00
4.598992e-01   3.074101e+03   3.162300e+00
4.641589e-01   3.226343e+03   3.162300e+00
4.684580e-01   3.385351e+03   3.162300e+00
4.727970e-01   3.551422e+03   3.162300e+00
4.771761e-01   3.724873e+03   3.162300e+00
4.815958e-01   3.906034e+03   3.162300e+00
4.860564e-01   4.095253e+03   3.162300e+00
4.905584e-01   4.292899e+03   3.162300e+00
4.951020e-01   4.499359e+03   3.162300e+00
4.996877e-01   4.715041e+03   3.162300e+00
5.043159e-01   4.940371e+03   3.162300e+00
5.089870e-01   5.175754e+03   3.162300e+00
5.137014e-01   5.421602e+03   3.162300e+00
5.184594e-01   5.678341e+03   3.162300e+00
5.232614e-01   5.946412e+03   3.162300e+00
5.281080e-01   6.226273e+03   3.162300e+00
5.329994e-01   6.518397e+03   3.162300e+00
5.379362e-01   6.823274e+03   3.162300e+00
5.429186e-01   7.141413e+03   3.162300e+00
5.479472e-01   7.473338e+03   3.162300e+00
5.530224e-01   7.819594e+03   3.162300e+00
5.581446e-01   8.180742e+03   3.162300e+00
5.633143e-01   8.557365e+03   3.162300e+00
5.685318e-01   8.950064e+03   3.162300e+00
5.737976e-01   9.359461e+03   3.162300e+00
5.791123e-01   9.786199e+03   3.162300e+00
5.844761e-01   1.023094e+04   3.162300e+00
5.898896e-01   1.069438e+04   3.162300e+00
5.953533e-01   1.117722e+04   3.162300e+00
6.008676e-01   1.168019e+04   3.162300e+00
6.064329e-01   1.220405e+04   3.162300e+00
6.120498e-01   1.274957e+04   3.162300e+00
6.177188e-01   1.331755e+04   3.162300e+00
6.234402e-01   1.390880e+04   3.162300e+00
6.292146e-01   1.452418e+04   3.162300e+00
6.350425e-01   1.516455e+04   3.162300e+00
6.409244e-01   1.583079e+04   3.162300e+00
6.468608e-01   1.652385e+04   3.162300e+00
6.528521e-01   1.724465e+04   3.162300e+00
6.588990e-01   1.799418e+04   3.162300e+00
6.650018e-01   1.877343e+04   3.162300e+00
6.711612e-01   1.958344e+04   3.162300e+00
6.773776e-01   2.042525e+04   3.162300e+00
6.836516e-01   2.129994e+04   3.162300e+00
6.899837e-01   2.220864e+04   3.162300e+00
6.963745e-01   2.315249e+04   3.162300e+00
7.028244e-01   2.413264e+04   3.162300e+00
7.093341e-01   2.515032e+04   3.162300e+00
7.159041e-01   2.620679e+04   3.162300e+00
7.225349e-01   2.730335e+04   3.162300e+00
7.292272e-01   2.844135e+04   3.162300e+00
7.359814e-01   2.962215e+04   3.162300e+00
7.427982e-01   3.084717e+04   3.162300e+00
7.496782e-01   3.211786e+04   3.162300e+00
7.566219e-01   3.343572e+04   3.162300e+00
7.636298e-01   3.480228e+04   3.162300e+00
7.707027e-01   3.621912e+04   3.162300e+00
7.778411e-01   3.768785e+04   3.162300e+00
7.850456e-01   3.921012e+04   3.162300e+00
7.923169e-01   4.078766e+04   3.162300e+00
7.996555e-01   4.242220e+04   3.162300e+00
8.070620e-01   4.411558e+04   3.162300e+00
8.145372e-01   4.586982e+04   3.162300e+00
8.220816e-01   4.768707e+04   3.162300e+00
8.296959e-01   4.956957e+04   3.162300e+00
8.373807e-01   5.151966e+04   3.162300e+00
8.451366e-01   5.353976e+04   3.162300e+00
8.529644e-01   5.563239e+04   3.162300e+00
8.608648e-01   5.780020e+04   3.162300e+00
8.688383e-01   6.004592e+04   3.162300e+00
8.768856e-01   6.237242e+04   3.162300e+00
8.850075e-01   6.478268e+04   3.162300e+00
8.932046e-01   6.727983e+04   3.162300e+00
9.014776e-01   6.986710e+04   3.162300e+00
9.098273e-01   7.254764e+04   3.162300e+00
9.182543e-01   7.532406e+04   3.162300e+00
9.267593e-01   7.819891e+04   3.162300e+00
9.353432e-01   8.117472e+04   3.162300e+00
9.440065e-01   8.425404e+04   3.162300e+00
9.527500e-01   8.743938e+04   3.162300e+00
9.615746e-01   9.073326e+04   3.162300e+00
9.704809e-01   9.413815e+04   3.162300e+00
9.794697e-01   9.765650e+04   3.162300e+00
9.885417e-01   1.012907e+05   3.162300e+00
9.976978e-01   1.050431e+05   3.162300e+00
1.006939e+00   1.089162e+05   3.162300e+00
1.016265e+00   1.129129e+05   3.162300e+00
1.025678e+00   1.170367e+05   3.162300e+00
1.035178e+00   1.212913e+05   3.162300e+00
1.044766e+00   1.256802e+05   3.162300e+00
1.054443e+00   1.302074e+05   3.162300e+00
1.064209e+00   1.348766e+05   3.162300e+00
1.074066e+00   1.396920e+05   3.162300e+00
1.084014e+00   1.446576e+05   3.162300e+00
1.094055e+00   1.497777e+05   3.162300e+00
1.104188e+00   1.550566e+05   3.162300e+00
1.114415e+00   1.604988e+05   3.162300e+00
1.124737e+00   1.661091e+05   3.162300e+00
1.135155e+00   1.718921e+05   3.162300e+00
1.145669e+00   1.778528e+05   3.162300e+00
1.156280e+00   1.839962e+05   3.162300e+00
1.166990e+00   1.903276e+05   3.162300e+00
1.177799e+00   1.968523e+05   3.162300e+00
1.188708e+00   2.035759e+05   3.162300e+00
1.199718e+00   2.105041e+05   3.162300e+00
1.210830e+00   2.176428e+05   3.162300e+00
1.222045e+00   2.249981e+05   3.162300e+00
1.233363e+00   2.325762e+05   3.162300e+00
1.244787e+00   2.403837e+05   3.162300e+00
1.256317e+00   2.484272e+05   3.162300e+00
1.267953e+00   2.567132e+05   3.162300e+00
1.279697e+00   2.652477e+05   3.162300e+00
1.291550e+00   2.740369e+05   3.162300e+00
1.303512e+00   2.830873e+05   3.162300e+00
1.315586e+00   2.924053e+05   3.162300e+00
1.327771e+00   3.019973e+05   3.162300e+00
1.340069e+00   3.118701e+05   3.162300e+00
1.352481e+00   3.220303e+05   3.162300e+00
1.365008e+00   3.324848e+05   3.162300e+00
1.377651e+00   3.432406e+05   3.162300e+00
1.390411e+00   3.543047e+05   3.162300e+00
1.403289e+00   3.656843e+05   3.162300e+00
1.416287e+00   3.773864e+05   3.162300e+00
1.429405e+00   3.894186e+05   3.162300e+00
1.442644e+00   4.017881e+05   3.162300e+00
1.456006e+00   4.145025e+05   3.162300e+00
1.469492e+00   4.275694e+05   3.162300e+00
1.483103e+00   4.409964e+05   3.162300e+00
1.496839e+00   4.547913e+05   3.162300e+00
1.510703e+00   4.689620e+05   3.162300e+00
1.524696e+00   4.835167e+05   3.162300e+00
1.538818e+00   4.984640e+05   3.162300e+00
1.553071e+00   5.138127e+05   3.162300e+00
1.567455e+00   5.295717e+05   3.162300e+00
1.581973e+00   5.457500e+05   3.162300e+00
1.596626e+00   5.623567e+05   3.162300e+00
1.611414e+00   5.794012e+05   3.162300e+00
1.626340e+00   5.968929e+05   3.162300e+00
1.641403e+00   6.148414e+05   3.162300e+00
1.656606e+00   6.332565e+05   3.162300e+00
1.671950e+00   6.521481e+05   3.162300e+00
1.687436e+00   6.715263e+05   3.162300e+00
1.703065e+00   6.914013e+05   3.162300e+00
1.718839e+00   7.117834e+05   3.162300e+00
1.734759e+00   7.326831e+05   3.162300e+00
1.750827e+00   7.541111e+05   3.162300e+00
1.767044e+00   7.760786e+05   3.162300e+00
1.783410e+00   7.985974e+05   3.162300e+00
1.799929e+00   8.216802e+05   3.162300e+00
1.816600e+00   8.453397e+05   3.162300e+00
1.833425e+00   8.695890e+05   3.162300e+00
1.850407e+00   8.944417e+05   3.162300e+00
1.867546e+00   9.199116e+05   3.162300e+00
1.884843e+00   9.460126e+05   3.162300e+00
1.902301e+00   9.727595e+05   3.162300e+00
1.919921e+00   1.000167e+06   3.162300e+00
1.937703e+00   1.028250e+06   3.162300e+00
1.955651e+00   1.057025e+06   3.162300e+00
1.973764e+00   1.086508e+06   3.162300e+00
1.992046e+00   1.116715e+06   3.162300e+00
2.010496e+00   1.147663e+06   3.162300e+00
2.029118e+00   1.179367e+06   3.162300e+00
2.047912e+00   1.211841e+06   3.162300e+00
2.066880e+00   1.245100e+06   3.162300e+00
2.086024e+00   1.279157e+06   3.162300e+00
2.105345e+00   1.314026e+06   3.162300e+00
2.124845e+00   1.349721e+06   3.162300e+00
2.144526e+00   1.386256e+06   3.162300e+00
2.164389e+00   1.423646e+06   3.162300e+00
2.184436e+00   1.461905e+06   3.162300e+00
2.204669e+00   1.501046e+06   3.162300e+00
2.225089e+00   1.541084e+06   3.162300e+00
2.245698e+00   1.582032e+06   3.162300e+00
2.266498e+00   1.623905e+06   3.162300e+00
2.287491e+00   1.666716e+06   3.162300e+00
2.308678e+00   1.710480e+06   3.162300e+00
2.330061e+00   1.755209e+06   3.162300e+00
2.351643e+00   1.800918e+06   3.162300e+00
2.373424e+00   1.847620e+06   3.162300e+00
2.395407e+00   1.895329e+06   3.162300e+00
2.417594e+00   1.944057e+06   3.162300e+00
2.439986e+00   1.993817e+06   3.162300e+00
2.462586e+00   2.044622e+06   3.162300e+00
2.485395e+00   2.096485e+06   3.162300e+00
2.508415e+00   2.149418e+06   3.162300e+00
2.531648e+00   2.203436e+06   3.162300e+00
2.555097e+00   2.258560e+06   3.162300e+00
2.578763e+00   2.314811e+06   3.162300e+00
2.602648e+00   2.372209e+06   3.162300e+00
2.626754e+00   2.430778e+06   3.162300e+00
2.651084e+00   2.490539e+06   3.162300e+00
2.675638e+00   2.551517e+06   3.162300e+00
2.700421e+00   2.613735e+06   3.162300e+00
2.725433e+00   2.677218e+06   3.162300e+00
2.750676e+00   2.741992e+06   3.162300e+00
2.776153e+00   2.808082e+06   3.162300e+00
2.801867e+00   2.875516e+06   3.162300e+00
2.827818e+00   2.944322e+06   3.162300e+00
2.854010e+00   3.014527e+06   3.162300e+00
2.880444e+00   3.086162e+06   3.162300e+00
2.907123e+00   3.159257e+06   3.162300e+00
2.934050e+00   3.233843e+06   3.162300e+00
2.961225e+00   3.309952e+06   3.162300e+00
2.988653e+00   3.387617e+06   3.162300e+00
3.016334e+00   3.466873e+06   3.162300e+00
3.044272e+00   3.547745e+06   3.162300e+00
3.072469e+00   3.630252e+06   3.162300e+00
3.100927e+00   3.714411e+06   3.162300e+00
3.129648e+00   3.800240e+06   3.162300e+00
3.158635e+00   3.887755e+06   3.162300e+00
3.187891e+00   3.976974e+06   3.162300e+00
3.217418e+00   4.067910e+06   3.162300e+00
3.247218e+00   4.160580e+06   3.162300e+00
3.277295e+00   4.254997e+06   3.162300e+00
3.307650e+00   4.351175e+06   3.162300e+00
3.338286e+00   4.449126e+06   3.162300e+00
3.369206e+00   4.548862e+06   3.162300e+00
3.400412e+00   4.650393e+06   3.162300e+00
3.431907e+00   4.753730e+06   3.162300e+00
3.463694e+00   4.858880e+06   3.162300e+00
3.495776e+00   4.965852e+06   3.162300e+00
3.528154e+00   5.074654e+06   3.162300e+00
3.560833e+00   5.185305e+06   3.162300e+00
3.593814e+00   5.297827e+06   3.162300e+00
3.627100e+00   5.412246e+06   3.162300e+00
3.660695e+00   5.528584e+06   3.162300e+00
3.694601e+00   5.646866e+06   3.162300e+00
3.728821e+00   5.767116e+06   3.162300e+00
3.763358e+00   5.889359e+06   3.162300e+00
3.798215e+00   6.013621e+06   3.162300e+00
3.833395e+00   6.139928e+06   3.162300e+00
3.868901e+00   6.268304e+06   3.162300e+00
3.904735e+00   6.398777e+06   3.162300e+00
3.940902e+00   6.531374e+06   3.162300e+00
3.977403e+00   6.666121e+06   3.162300e+00
4.014242e+00   6.803047e+06   3.162300e+00
4.051423e+00   6.942181e+06   3.162300e+00
4.088948e+00   7.083556e+06   3.162300e+00
4.126821e+00   7.227203e+06   3.162300e+00
4.165044e+00   7.373157e+06   3.162300e+00
4.203622e+00   7.521453e+06   3.162300e+00
4.242556e+00   7.672125e+06   3.162300e+00
4.281852e+00   7.825210e+06   3.162300e+00
4.321511e+00   7.980745e+06   3.162300e+00
4.361538e+00   8.138768e+06   3.162300e+00
4.401935e+00   8.299318e+06   3.162300e+00
4.442707e+00   8.462435e+06   3.162300e+00
4.483856e+00   8.628161e+06   3.162300e+00
4.525386e+00   8.796536e+06   3.162300e+00
4.567301e+00   8.967606e+06   3.162300e+00
4.609604e+00   9.141413e+06   3.162300e+00
4.652300e+00   9.318003e+06   3.162300e+00
4.695390e+00   9.497423e+06   3.162300e+00
4.738880e+00   9.679722e+06   3.162300e+00
4.782772e+00   9.864948e+06   3.162300e+00
4.827071e+00   1.005315e+07   3.162300e+00
4.871780e+00   1.024439e+07   3.162300e+00
4.916904e+00   1.043870e+07   3.162300e+00
4.962445e+00   1.063616e+07   3.162300e+00
5.008408e+00   1.083681e+07   3.162300e+00
5.054797e+00   1.104069e+07   3.162300e+00
5.101615e+00   1.124782e+07   3.162300e+00
5.148867e+00   1.145817e+07   3.162300e+00
5.196557e+00   1.167176e+07   3.162300e+00
5.244689e+00   1.188855e+07   3.162300e+00
5.293266e+00   1.210854e+07   3.162300e+00
5.342293e+00   1.233171e+07   3.162300e+00
5.391775e+00   1.255804e+07   3.162300e+00
5.441714e+00   1.278749e+07   3.162300e+00
5.492116e+00   1.302005e+07   3.162300e+00
5.542986e+00   1.325567e+07   3.162300e+00
5.594326e+00   1.349432e+07   3.162300e+00
5.646141e+00   1.373595e+07   3.162300e+00
5.698437e+00   1.398052e+07   3.162300e+00
5.751217e+00   1.422798e+07   3.162300e+00
5.804486e+00   1.447827e+07   3.162300e+00
5.858248e+00   1.473133e+07   3.162300e+00
5.912508e+00   1.498709e+07   3.162300e+00
5.967271e+00   1.524549e+07   3.162300e+00
6.022541e+00   1.550644e+07   3.162300e+00
6.078323e+00   1.576994e+07   3.162300e+00
6.134622e+00   1.603607e+07   3.162300e+00
6.191442e+00   1.630492e+07   3.162300e+00
6.248788e+00   1.657658e+07   3.162300e+00
6.306666e+00   1.685115e+07   3.162300e+00
6.365079e+00   1.712876e+07   3.162300e+00
6.424034e+00   1.740951e+07   3.162300e+00
6.483534e+00   1.769352e+07   3.162300e+00
6.543586e+00   1.798093e+07   3.162300e+00
6.604194e+00   1.827186e+07   3.162300e+00
6.665363e+00   1.856648e+07   3.162300e+00
6.727099e+00   1.886491e+07   3.162300e+00
6.789407e+00   1.916734e+07   3.162300e+00
6.852292e+00   1.947392e+07   3.162300e+00
6.915759e+00   1.978482e+07   3.162300e+00
6.979814e+00   2.010024e+07   3.162300e+00
7.044462e+00   2.042035e+07   3.162300e+00
7.109709e+00   2.074521e+07   3.162300e+00
7.175561e+00   2.107479e+07   3.162300e+00
7.242022e+00   2.140905e+07   3.162300e+00
7.309099e+00   2.174794e+07   3.162300e+00
7.376798e+00   2.209141e+07   3.162300e+00
7.445123e+00   2.243942e+07   3.162300e+00
7.514081e+00   2.279190e+07   3.162300e+00
7.583678e+00   2.314878e+07   3.162300e+00
7.653919e+00   2.350998e+07   3.162300e+00
7.724811e+00   2.387544e+07   3.162300e+00
7.796360e+00   2.424505e+07   3.162300e+00
7.868572e+00   2.461873e+07   3.162300e+00
7.941452e+00   2.499637e+07   3.162300e+00
8.015007e+00   2.537785e+07   3.162300e+00
8.089243e+00   2.576311e+07   3.162300e+00
8.164168e+00   2.615214e+07   3.162300e+00
8.239786e+00   2.654497e+07   3.162300e+00
8.316104e+00   2.694160e+07   3.162300e+00
8.393129e+00   2.734204e+07   3.162300e+00
8.470868e+00   2.774633e+07   3.162300e+00
8.549327e+00   2.815447e+07   3.162300e+00
8.628513e+00   2.856648e+07   3.162300e+00
8.708431e+00   2.898238e+07   3.162300e+00
8.789091e+00   2.940218e+07   3.162300e+00
8.870497e+00   2.982591e+07   3.162300e+00
8.952657e+00   3.025357e+07   3.162300e+00
9.035578e+00   3.068519e+07   3.162300e+00
9.119268e+00   3.112079e+07   3.162300e+00
9.203732e+00   3.156039e+07   3.162300e+00
9.288979e+00   3.200400e+07   3.162300e+00
9.375015e+00   3.245165e+07   3.162300e+00
9.461848e+00   3.290335e+07   3.162300e+00
9.549486e+00   3.335913e+07   3.162300e+00
9.637935e+00   3.381902e+07   3.162300e+00
9.727203e+00   3.428302e+07   3.162300e+00
9.817298e+00   3.475117e+07   3.162300e+00
9.908228e+00   3.522349e+07   3.162300e+00
1.000000e+01   3.570000e+07   3.162300e+00
