# C11 + t > N14 + g   [C11_t__N14_g]   ref=TALYS2, Koning et al. 2023
# detailed balance: alpha=9.6119e+10 beta=1.5 gamma=-263.848  Q=22.7367
# T9                 rate                error
1.000000e-03   1.000000e-35   1.000000e+02
1.009262e-03   1.004213e-35   1.000000e+02
1.018610e-03   1.007904e-35   1.000000e+02
1.028045e-03   1.011077e-35   1.000000e+02
1.037567e-03   1.013737e-35   1.000000e+02
1.047177e-03   1.015887e-35   1.000000e+02
1.056876e-03   1.017536e-35   1.000000e+02
1.066665e-03   1.018688e-35   1.000000e+02
1.076545e-03   1.019353e-35   1.000000e+02
1.086516e-03   1.019538e-35   1.000000e+02
1.096579e-03   1.019254e-35   1.000000e+02
1.106736e-03   1.018508e-35   1.000000e+02
1.116987e-03   1.017313e-35   1.000000e+02
1.127333e-03   1.015678e-35   1.000000e+02
1.137774e-03   1.013616e-35   1.000000e+02
1.148312e-03   1.011138e-35   1.000000e+02
1.158948e-03   1.008256e-35   1.000000e+02
1.169683e-03   1.004984e-35   1.000000e+02
1.180517e-03   1.001335e-35   1.000000e+02
1.191451e-03   9.973207e-36   1.000000e+02
1.202486e-03   9.929563e-36   1.000000e+02
1.213624e-03   9.882552e-36   1.000000e+02
1.224865e-03   9.832314e-36   1.000000e+02
1.236210e-03   9.778992e-36   1.000000e+02
1.247660e-03   9.722728e-36   1.000000e+02
1.259216e-03   9.663664e-36   1.000000e+02
1.270879e-03   9.601946e-36   1.000000e+02
1.282650e-03   9.537715e-36   1.000000e+02
1.294530e-03   9.471115e-36   1.000000e+02
1.306520e-03   9.402289e-36   1.000000e+02
1.318621e-03   9.331378e-36   1.000000e+02
1.330835e-03   9.258522e-36   1.000000e+02
1.343161e-03   9.183860e-36   1.000000e+02
1.355602e-03   9.107528e-36   1.000000e+02
1.368158e-03   9.029662e-36   1.000000e+02
1.380830e-03   8.950395e-36   1.000000e+02
1.393619e-03   8.869857e-36   1.000000e+02
1.406527e-03   8.788176e-36   1.000000e+02
1.419555e-03   8.705477e-36   1.000000e+02
1.432703e-03   8.621883e-36   1.000000e+02
1.445973e-03   8.537514e-36   1.000000e+02
1.459366e-03   8.452485e-36   1.000000e+02
1.472883e-03   8.366911e-36   1.000000e+02
1.486525e-03   8.280901e-36   1.000000e+02
1.500293e-03   8.194562e-36   1.000000e+02
1.514189e-03   8.107998e-36   1.000000e+02
1.528214e-03   8.021310e-36   1.000000e+02
1.542369e-03   7.934593e-36   1.000000e+02
1.556654e-03   7.847942e-36   1.000000e+02
1.571072e-03   7.761445e-36   1.000000e+02
1.585624e-03   7.675191e-36   1.000000e+02
1.600310e-03   7.589262e-36   1.000000e+02
1.615133e-03   7.503737e-36   1.000000e+02
1.630092e-03   7.418693e-36   1.000000e+02
1.645191e-03   7.334204e-36   1.000000e+02
1.660429e-03   7.250339e-36   1.000000e+02
1.675808e-03   7.167165e-36   1.000000e+02
1.691330e-03   7.084745e-36   1.000000e+02
1.706995e-03   7.003140e-36   1.000000e+02
1.722805e-03   6.922408e-36   1.000000e+02
1.738762e-03   6.842602e-36   1.000000e+02
1.754867e-03   6.763776e-36   1.000000e+02
1.771121e-03   6.685976e-36   1.000000e+02
1.787526e-03   6.609251e-36   1.000000e+02
1.804082e-03   6.533644e-36   1.000000e+02
1.820792e-03   6.459195e-36   1.000000e+02
1.837656e-03   6.385945e-36   1.000000e+02
1.854677e-03   6.313929e-36   1.000000e+02
1.871855e-03   6.243182e-36   1.000000e+02
1.889193e-03   6.173736e-36   1.000000e+02
1.906691e-03   6.105622e-36   1.000000e+02
1.924351e-03   6.038869e-36   1.000000e+02
1.942175e-03   5.973502e-36   1.000000e+02
1.960163e-03   5.909548e-36   1.000000e+02
1.978319e-03   5.847029e-36   1.000000e+02
1.996642e-03   5.785969e-36   1.000000e+02
2.015136e-03   5.726387e-36   1.000000e+02
2.033800e-03   5.668304e-36   1.000000e+02
2.052638e-03   5.611738e-36   1.000000e+02
2.071650e-03   5.556706e-36   1.000000e+02
2.090838e-03   5.503224e-36   1.000000e+02
2.110203e-03   5.451310e-36   1.000000e+02
2.129749e-03   5.400977e-36   1.000000e+02
2.149475e-03   5.352240e-36   1.000000e+02
2.169384e-03   5.305113e-36   1.000000e+02
2.189477e-03   5.259610e-36   1.000000e+02
2.209756e-03   5.215744e-36   1.000000e+02
2.230223e-03   5.173528e-36   1.000000e+02
2.250880e-03   5.132975e-36   1.000000e+02
2.271728e-03   5.094099e-36   1.000000e+02
2.292769e-03   5.056912e-36   1.000000e+02
2.314005e-03   5.021428e-36   1.000000e+02
2.335438e-03   4.987661e-36   1.000000e+02
2.357069e-03   4.955625e-36   1.000000e+02
2.378901e-03   4.925335e-36   1.000000e+02
2.400935e-03   4.896807e-36   1.000000e+02
2.423173e-03   4.870057e-36   1.000000e+02
2.445617e-03   4.845102e-36   1.000000e+02
2.468268e-03   4.821960e-36   1.000000e+02
2.491130e-03   4.800652e-36   1.000000e+02
2.514203e-03   4.781197e-36   1.000000e+02
2.537490e-03   4.763617e-36   1.000000e+02
2.560993e-03   4.747938e-36   1.000000e+02
2.584714e-03   4.734182e-36   1.000000e+02
2.608654e-03   4.722379e-36   1.000000e+02
2.632815e-03   4.712556e-36   1.000000e+02
2.657201e-03   4.704745e-36   1.000000e+02
2.681813e-03   4.698979e-36   1.000000e+02
2.706652e-03   4.695294e-36   1.000000e+02
2.731722e-03   4.693729e-36   1.000000e+02
2.757023e-03   4.694324e-36   1.000000e+02
2.782559e-03   4.697123e-36   1.000000e+02
2.808332e-03   4.702174e-36   1.000000e+02
2.834343e-03   4.709528e-36   1.000000e+02
2.860596e-03   4.719239e-36   1.000000e+02
2.887091e-03   4.731364e-36   1.000000e+02
2.913832e-03   4.745967e-36   1.000000e+02
2.940820e-03   4.763113e-36   1.000000e+02
2.968059e-03   4.782875e-36   1.000000e+02
2.995549e-03   4.805327e-36   1.000000e+02
3.023295e-03   4.830526e-36   1.000000e+02
3.051297e-03   4.858350e-36   1.000000e+02
3.079559e-03   4.888608e-36   1.000000e+02
3.108082e-03   4.921106e-36   1.000000e+02
3.136870e-03   4.955647e-36   1.000000e+02
3.165924e-03   4.992031e-36   1.000000e+02
3.195248e-03   5.030052e-36   1.000000e+02
3.224842e-03   5.069498e-36   1.000000e+02
3.254712e-03   5.110153e-36   1.000000e+02
3.284857e-03   5.151792e-36   1.000000e+02
3.315282e-03   5.194183e-36   1.000000e+02
3.345989e-03   5.237087e-36   1.000000e+02
3.376980e-03   5.280257e-36   1.000000e+02
3.408259e-03   5.323435e-36   1.000000e+02
3.439826e-03   5.366358e-36   1.000000e+02
3.471687e-03   5.408754e-36   1.000000e+02
3.503842e-03   5.450342e-36   1.000000e+02
3.536296e-03   5.490832e-36   1.000000e+02
3.569049e-03   5.529930e-36   1.000000e+02
3.602107e-03   5.567334e-36   1.000000e+02
3.635470e-03   5.602734e-36   1.000000e+02
3.669142e-03   5.635818e-36   1.000000e+02
3.703127e-03   5.666270e-36   1.000000e+02
3.737426e-03   5.693769e-36   1.000000e+02
3.772042e-03   5.717997e-36   1.000000e+02
3.806980e-03   5.738633e-36   1.000000e+02
3.842241e-03   5.755360e-36   1.000000e+02
3.877828e-03   5.767865e-36   1.000000e+02
3.913746e-03   5.775843e-36   1.000000e+02
3.949995e-03   5.778997e-36   1.000000e+02
3.986581e-03   5.777039e-36   1.000000e+02
4.023506e-03   5.769797e-36   1.000000e+02
4.060772e-03   5.758434e-36   1.000000e+02
4.098384e-03   5.745032e-36   1.000000e+02
4.136344e-03   5.731679e-36   1.000000e+02
4.174655e-03   5.720445e-36   1.000000e+02
4.213322e-03   5.713384e-36   1.000000e+02
4.252346e-03   5.712548e-36   1.000000e+02
4.291732e-03   5.720003e-36   1.000000e+02
4.331483e-03   5.737857e-36   1.000000e+02
4.371602e-03   5.768295e-36   1.000000e+02
4.412093e-03   5.813620e-36   1.000000e+02
4.452959e-03   5.876304e-36   1.000000e+02
4.494203e-03   5.959058e-36   1.000000e+02
4.535829e-03   6.064902e-36   1.000000e+02
4.577841e-03   6.197263e-36   1.000000e+02
4.620241e-03   6.360089e-36   1.000000e+02
4.663035e-03   6.557989e-36   1.000000e+02
4.706225e-03   6.796410e-36   1.000000e+02
4.749815e-03   7.081855e-36   1.000000e+02
4.793808e-03   7.422158e-36   1.000000e+02
4.838210e-03   7.826835e-36   1.000000e+02
4.883022e-03   8.307535e-36   1.000000e+02
4.928250e-03   8.878616e-36   1.000000e+02
4.973896e-03   9.557903e-36   1.000000e+02
5.019965e-03   1.036757e-35   1.000000e+02
5.066461e-03   1.133191e-35   1.000000e+02
5.113388e-03   1.247643e-35   1.000000e+02
5.160749e-03   1.383176e-35   1.000000e+02
5.208549e-03   1.543493e-35   1.000000e+02
5.256791e-03   1.733051e-35   1.000000e+02
5.305481e-03   1.957208e-35   1.000000e+02
5.354621e-03   2.222395e-35   1.000000e+02
5.404216e-03   2.536317e-35   1.000000e+02
5.454271e-03   2.908194e-35   1.000000e+02
5.504790e-03   3.349042e-35   1.000000e+02
5.555776e-03   3.871991e-35   1.000000e+02
5.607235e-03   4.492669e-35   1.000000e+02
5.659170e-03   5.229622e-35   1.000000e+02
5.711586e-03   6.104801e-35   1.000000e+02
5.764488e-03   7.144102e-35   1.000000e+02
5.817880e-03   8.377959e-35   1.000000e+02
5.871766e-03   9.841986e-35   1.000000e+02
5.926152e-03   1.157766e-34   1.000000e+02
5.981041e-03   1.363302e-34   1.000000e+02
6.036439e-03   1.606378e-34   1.000000e+02
6.092349e-03   1.894021e-34   1.000000e+02
6.148778e-03   2.235097e-34   1.000000e+02
6.205729e-03   2.640442e-34   1.000000e+02
6.263207e-03   3.123348e-34   1.000000e+02
6.321218e-03   3.700175e-34   1.000000e+02
6.379767e-03   4.391135e-34   1.000000e+02
6.438857e-03   5.221299e-34   1.000000e+02
6.498495e-03   6.221889e-34   1.000000e+02
6.558686e-03   7.431945e-34   1.000000e+02
6.619433e-03   8.900488e-34   1.000000e+02
6.680744e-03   1.068934e-33   1.000000e+02
6.742622e-03   1.287681e-33   1.000000e+02
6.805074e-03   1.556254e-33   1.000000e+02
6.868104e-03   1.887393e-33   1.000000e+02
6.931717e-03   2.297461e-33   1.000000e+02
6.995920e-03   2.807585e-33   1.000000e+02
7.060718e-03   3.444997e-33   1.000000e+02
7.126115e-03   4.244062e-33   1.000000e+02
7.192119e-03   5.248616e-33   1.000000e+02
7.258734e-03   6.514957e-33   1.000000e+02
7.325965e-03   8.115503e-33   1.000000e+02
7.393820e-03   1.014354e-32   1.000000e+02
7.462303e-03   1.271943e-32   1.000000e+02
7.531420e-03   1.599864e-32   1.000000e+02
7.601178e-03   2.018221e-32   1.000000e+02
7.671581e-03   2.553045e-32   1.000000e+02
7.742637e-03   3.238064e-32   1.000000e+02
7.814351e-03   4.117022e-32   1.000000e+02
7.886729e-03   5.246685e-32   1.000000e+02
7.959777e-03   6.700761e-32   1.000000e+02
8.033502e-03   8.575135e-32   1.000000e+02
8.107910e-03   1.099950e-31   1.000000e+02
8.183007e-03   1.415407e-31   1.000000e+02
8.258799e-03   1.828682e-31   1.000000e+02
8.335294e-03   2.374197e-31   1.000000e+02
8.412497e-03   3.100198e-31   1.000000e+02
8.490415e-03   4.075013e-31   1.000000e+02
8.569055e-03   5.396451e-31   1.000000e+02
8.648423e-03   7.206092e-31   1.000000e+02
8.728527e-03   9.711282e-31   1.000000e+02
8.809372e-03   1.321938e-30   1.000000e+02
8.890966e-03   1.819182e-30   1.000000e+02
8.973316e-03   2.533054e-30   1.000000e+02
9.056428e-03   3.571041e-30   1.000000e+02
9.140311e-03   5.088129e-30   1.000000e+02
9.224970e-03   7.303132e-30   1.000000e+02
9.310413e-03   1.052477e-29   1.000000e+02
9.396648e-03   1.517865e-29   1.000000e+02
9.483682e-03   2.183410e-29   1.000000e+02
9.571522e-03   3.122368e-29   1.000000e+02
9.660175e-03   4.424296e-29   1.000000e+02
9.749649e-03   6.191276e-29   1.000000e+02
9.839952e-03   8.528189e-29   1.000000e+02
9.931092e-03   1.152494e-28   1.000000e+02
1.002308e-02   1.522994e-28   1.000000e+02
1.011591e-02   1.965636e-28   1.000000e+02
1.020961e-02   2.484625e-28   1.000000e+02
1.030417e-02   3.085880e-28   1.000000e+02
1.039961e-02   3.778029e-28   1.000000e+02
1.049593e-02   4.574326e-28   1.000000e+02
1.059315e-02   5.495054e-28   1.000000e+02
1.069126e-02   6.570635e-28   1.000000e+02
1.079029e-02   7.845864e-28   1.000000e+02
1.089023e-02   9.385984e-28   1.000000e+02
1.099110e-02   1.128579e-27   1.000000e+02
1.109290e-02   1.367641e-27   1.000000e+02
1.119564e-02   1.670177e-27   1.000000e+02
1.129934e-02   2.053396e-27   1.000000e+02
1.140400e-02   2.539046e-27   1.000000e+02
1.150962e-02   3.154462e-27   1.000000e+02
1.161623e-02   3.933737e-27   1.000000e+02
1.172382e-02   4.919027e-27   1.000000e+02
1.183241e-02   6.161915e-27   1.000000e+02
1.194200e-02   7.724732e-27   1.000000e+02
1.205261e-02   9.681908e-27   1.000000e+02
1.216424e-02   1.212793e-26   1.000000e+02
1.227691e-02   1.518713e-26   1.000000e+02
1.239062e-02   1.901769e-26   1.000000e+02
1.250539e-02   2.382109e-26   1.000000e+02
1.262121e-02   2.985498e-26   1.000000e+02
1.273811e-02   3.745002e-26   1.000000e+02
1.285610e-02   4.703236e-26   1.000000e+02
1.297517e-02   5.915346e-26   1.000000e+02
1.309535e-02   7.452759e-26   1.000000e+02
1.321664e-02   9.406224e-26   1.000000e+02
1.333906e-02   1.189142e-25   1.000000e+02
1.346261e-02   1.505672e-25   1.000000e+02
1.358730e-02   1.909255e-25   1.000000e+02
1.371315e-02   2.424337e-25   1.000000e+02
1.384016e-02   3.082306e-25   1.000000e+02
1.396835e-02   3.923473e-25   1.000000e+02
1.409773e-02   4.999652e-25   1.000000e+02
1.422830e-02   6.377855e-25   1.000000e+02
1.436009e-02   8.144830e-25   1.000000e+02
1.449310e-02   1.041283e-24   1.000000e+02
1.462733e-02   1.332729e-24   1.000000e+02
1.476281e-02   1.707687e-24   1.000000e+02
1.489955e-02   2.190659e-24   1.000000e+02
1.503755e-02   2.813507e-24   1.000000e+02
1.517683e-02   3.617686e-24   1.000000e+02
1.531740e-02   4.657123e-24   1.000000e+02
1.545928e-02   6.002086e-24   1.000000e+02
1.560246e-02   7.744228e-24   1.000000e+02
1.574698e-02   1.000320e-23   1.000000e+02
1.589283e-02   1.293537e-23   1.000000e+02
1.604003e-02   1.674523e-23   1.000000e+02
1.618860e-02   2.170041e-23   1.000000e+02
1.633854e-02   2.815130e-23   1.000000e+02
1.648987e-02   3.655712e-23   1.000000e+02
1.664260e-02   4.752009e-23   1.000000e+02
1.679675e-02   6.183057e-23   1.000000e+02
1.695232e-02   8.052654e-23   1.000000e+02
1.710934e-02   1.049720e-22   1.000000e+02
1.726781e-02   1.369606e-22   1.000000e+02
1.742775e-02   1.788523e-22   1.000000e+02
1.758917e-02   2.337540e-22   1.000000e+02
1.775208e-02   3.057583e-22   1.000000e+02
1.791650e-02   4.002588e-22   1.000000e+02
1.808245e-02   5.243683e-22   1.000000e+02
1.824993e-02   6.874790e-22   1.000000e+02
1.841897e-02   9.020080e-22   1.000000e+02
1.858957e-02   1.184377e-21   1.000000e+02
1.876175e-02   1.556318e-21   1.000000e+02
1.893552e-02   2.046616e-21   1.000000e+02
1.911091e-02   2.693425e-21   1.000000e+02
1.928792e-02   3.547351e-21   1.000000e+02
1.946656e-02   4.675573e-21   1.000000e+02
1.964687e-02   6.167336e-21   1.000000e+02
1.982884e-02   8.141285e-21   1.000000e+02
2.001250e-02   1.075528e-20   1.000000e+02
2.019786e-02   1.421924e-20   1.000000e+02
2.038493e-02   1.881160e-20   1.000000e+02
2.057374e-02   2.490191e-20   1.000000e+02
2.076430e-02   3.298074e-20   1.000000e+02
2.095662e-02   4.369908e-20   1.000000e+02
2.115073e-02   5.792037e-20   1.000000e+02
2.134663e-02   7.678932e-20   1.000000e+02
2.154435e-02   1.018225e-19   1.000000e+02
2.174389e-02   1.350280e-19   1.000000e+02
2.194529e-02   1.790621e-19   1.000000e+02
2.214855e-02   2.374360e-19   1.000000e+02
2.235370e-02   3.147864e-19   1.000000e+02
2.256074e-02   4.172295e-19   1.000000e+02
2.276970e-02   5.528237e-19   1.000000e+02
2.298060e-02   7.321739e-19   1.000000e+02
2.319345e-02   9.692169e-19   1.000000e+02
2.340827e-02   1.282242e-18   1.000000e+02
2.362508e-02   1.695214e-18   1.000000e+02
2.384390e-02   2.239483e-18   1.000000e+02
2.406475e-02   2.955989e-18   1.000000e+02
2.428764e-02   3.898100e-18   1.000000e+02
2.451260e-02   5.135248e-18   1.000000e+02
2.473964e-02   6.757581e-18   1.000000e+02
2.496878e-02   8.881897e-18   1.000000e+02
2.520005e-02   1.165939e-17   1.000000e+02
2.543346e-02   1.528693e-17   1.000000e+02
2.566903e-02   2.002050e-17   1.000000e+02
2.590678e-02   2.619245e-17   1.000000e+02
2.614673e-02   3.423419e-17   1.000000e+02
2.638891e-02   4.470570e-17   1.000000e+02
2.663333e-02   5.833390e-17   1.000000e+02
2.688001e-02   7.606247e-17   1.000000e+02
2.712898e-02   9.911683e-17   1.000000e+02
2.738025e-02   1.290887e-16   1.000000e+02
2.763385e-02   1.680463e-16   1.000000e+02
2.788980e-02   2.186784e-16   1.000000e+02
2.814812e-02   2.844823e-16   1.000000e+02
2.840884e-02   3.700097e-16   1.000000e+02
2.867196e-02   4.811892e-16   1.000000e+02
2.893753e-02   6.257482e-16   1.000000e+02
2.920556e-02   8.137680e-16   1.000000e+02
2.947606e-02   1.058413e-15   1.000000e+02
2.974908e-02   1.376889e-15   1.000000e+02
3.002462e-02   1.791714e-15   1.000000e+02
3.030271e-02   2.332099e-15   1.000000e+02
3.058338e-02   3.034954e-15   1.000000e+02
3.086665e-02   3.947036e-15   1.000000e+02
3.115254e-02   5.127326e-15   1.000000e+02
3.144108e-02   6.649645e-15   1.000000e+02
3.173230e-02   8.605595e-15   1.000000e+02
3.202621e-02   1.110772e-14   1.000000e+02
3.232284e-02   1.429282e-14   1.000000e+02
3.262222e-02   1.832512e-14   1.000000e+02
3.292437e-02   2.339905e-14   1.000000e+02
3.322933e-02   2.974126e-14   1.000000e+02
3.353710e-02   3.761121e-14   1.000000e+02
3.384773e-02   4.729976e-14   1.000000e+02
3.416123e-02   5.912501e-14   1.000000e+02
3.447764e-02   7.342453e-14   1.000000e+02
3.479698e-02   9.054320e-14   1.000000e+02
3.511928e-02   1.108159e-13   1.000000e+02
3.544456e-02   1.345449e-13   1.000000e+02
3.577285e-02   1.619712e-13   1.000000e+02
3.610419e-02   1.932417e-13   1.000000e+02
3.643859e-02   2.283725e-13   1.000000e+02
3.677609e-02   2.672103e-13   1.000000e+02
3.711672e-02   3.093970e-13   1.000000e+02
3.746050e-02   3.543396e-13   1.000000e+02
3.780747e-02   4.011906e-13   1.000000e+02
3.815765e-02   4.488450e-13   1.000000e+02
3.851107e-02   4.959565e-13   1.000000e+02
3.886777e-02   5.409775e-13   1.000000e+02
3.922777e-02   5.822244e-13   1.000000e+02
3.959110e-02   6.179652e-13   1.000000e+02
3.995780e-02   6.465277e-13   1.000000e+02
4.032790e-02   6.665641e-13   1.000000e+02
4.070142e-02   6.778731e-13   1.000000e+02
4.107841e-02   6.809508e-13   1.000000e+02
4.145888e-02   6.766329e-13   1.000000e+02
4.184289e-02   6.659933e-13   1.000000e+02
4.223044e-02   6.502421e-13   1.000000e+02
4.262159e-02   6.306351e-13   1.000000e+02
4.301636e-02   6.083986e-13   1.000000e+02
4.341478e-02   5.846751e-13   1.000000e+02
4.381690e-02   5.604882e-13   1.000000e+02
4.422274e-02   5.367267e-13   1.000000e+02
4.463234e-02   5.141429e-13   1.000000e+02
4.504573e-02   4.933644e-13   1.000000e+02
4.546295e-02   4.749133e-13   1.000000e+02
4.588404e-02   4.592324e-13   1.000000e+02
4.630903e-02   4.467163e-13   1.000000e+02
4.673795e-02   4.377451e-13   1.000000e+02
4.717085e-02   4.327233e-13   1.000000e+02
4.760775e-02   4.321236e-13   1.000000e+02
4.804870e-02   4.365396e-13   1.000000e+02
4.849374e-02   4.467521e-13   1.000000e+02
4.894290e-02   4.638163e-13   1.000000e+02
4.939622e-02   4.891827e-13   1.000000e+02
4.985373e-02   5.248693e-13   1.000000e+02
5.031549e-02   5.736324e-13   1.000000e+02
5.078152e-02   6.383914e-13   1.000000e+02
5.125187e-02   7.225360e-13   1.000000e+02
5.172657e-02   8.306021e-13   1.000000e+02
5.220568e-02   9.685670e-13   1.000000e+02
5.268921e-02   1.144225e-12   1.000000e+02
5.317723e-02   1.367666e-12   1.000000e+02
5.366977e-02   1.651878e-12   1.000000e+02
5.416687e-02   2.013478e-12   1.000000e+02
5.466857e-02   2.473596e-12   1.000000e+02
5.517492e-02   3.058903e-12   1.000000e+02
5.568596e-02   3.802767e-12   1.000000e+02
5.620174e-02   4.746492e-12   1.000000e+02
5.672229e-02   5.940552e-12   1.000000e+02
5.724766e-02   7.445670e-12   1.000000e+02
5.777790e-02   9.333527e-12   1.000000e+02
5.831305e-02   1.168678e-11   1.000000e+02
5.885316e-02   1.459798e-11   1.000000e+02
5.939827e-02   1.816694e-11   1.000000e+02
5.994843e-02   2.249592e-11   1.000000e+02
6.050368e-02   2.768773e-11   1.000000e+02
6.106408e-02   3.387048e-11   1.000000e+02
6.162966e-02   4.119516e-11   1.000000e+02
6.220049e-02   4.983132e-11   1.000000e+02
6.277660e-02   5.996948e-11   1.000000e+02
6.335805e-02   7.182415e-11   1.000000e+02
6.394488e-02   8.563740e-11   1.000000e+02
6.453715e-02   1.016833e-10   1.000000e+02
6.513491e-02   1.202734e-10   1.000000e+02
6.573820e-02   1.417634e-10   1.000000e+02
6.634708e-02   1.665609e-10   1.000000e+02
6.696160e-02   1.951360e-10   1.000000e+02
6.758181e-02   2.280328e-10   1.000000e+02
6.820777e-02   2.658849e-10   1.000000e+02
6.883952e-02   3.094330e-10   1.000000e+02
6.947713e-02   3.595479e-10   1.000000e+02
7.012064e-02   4.172579e-10   1.000000e+02
7.077011e-02   4.837256e-10   1.000000e+02
7.142559e-02   5.601594e-10   1.000000e+02
7.208715e-02   6.478830e-10   1.000000e+02
7.275484e-02   7.483563e-10   1.000000e+02
7.342870e-02   8.631807e-10   1.000000e+02
7.410882e-02   9.941018e-10   1.000000e+02
7.479523e-02   1.143011e-09   1.000000e+02
7.548799e-02   1.311942e-09   1.000000e+02
7.618718e-02   1.503067e-09   1.000000e+02
7.689284e-02   1.718683e-09   1.000000e+02
7.760503e-02   1.961199e-09   1.000000e+02
7.832383e-02   2.233111e-09   1.000000e+02
7.904928e-02   2.536974e-09   1.000000e+02
7.978145e-02   2.875369e-09   1.000000e+02
8.052040e-02   3.250734e-09   1.000000e+02
8.126619e-02   3.664019e-09   1.000000e+02
8.201889e-02   4.114394e-09   1.000000e+02
8.277857e-02   4.599477e-09   1.000000e+02
8.354528e-02   5.115027e-09   1.000000e+02
8.431909e-02   5.654666e-09   1.000000e+02
8.510007e-02   6.209662e-09   1.000000e+02
8.588829e-02   6.768828e-09   1.000000e+02
8.668380e-02   7.318566e-09   1.000000e+02
8.748668e-02   7.843105e-09   1.000000e+02
8.829700e-02   8.324960e-09   1.000000e+02
8.911482e-02   8.745623e-09   1.000000e+02
8.994022e-02   9.086497e-09   1.000000e+02
9.077327e-02   9.334158e-09   1.000000e+02
9.161402e-02   9.498687e-09   1.000000e+02
9.246257e-02   9.600555e-09   1.000000e+02
9.331898e-02   9.662918e-09   1.000000e+02
9.418332e-02   9.710332e-09   1.000000e+02
9.505566e-02   9.768064e-09   1.000000e+02
9.593608e-02   9.862027e-09   1.000000e+02
9.682466e-02   1.001941e-08   1.000000e+02
9.772147e-02   1.027000e-08   1.000000e+02
9.862658e-02   1.064846e-08   1.000000e+02
9.954008e-02   1.119760e-08   1.000000e+02
1.004620e-01   1.197227e-08   1.000000e+02
1.013925e-01   1.301717e-08   1.000000e+02
1.023317e-01   1.436172e-08   1.000000e+02
1.032795e-01   1.604218e-08   1.000000e+02
1.042361e-01   1.810108e-08   1.000000e+02
1.052015e-01   2.058480e-08   1.000000e+02
1.061759e-01   2.354002e-08   1.000000e+02
1.071593e-01   2.700860e-08   1.000000e+02
1.081519e-01   3.102056e-08   1.000000e+02
1.091536e-01   3.558496e-08   1.000000e+02
1.101646e-01   4.067902e-08   1.000000e+02
1.111850e-01   4.627071e-08   1.000000e+02
1.122148e-01   5.238761e-08   1.000000e+02
1.132541e-01   5.907678e-08   1.000000e+02
1.143031e-01   6.639718e-08   1.000000e+02
1.153618e-01   7.442279e-08   1.000000e+02
1.164303e-01   8.324623e-08   1.000000e+02
1.175087e-01   9.298320e-08   1.000000e+02
1.185971e-01   1.037778e-07   1.000000e+02
1.196956e-01   1.158093e-07   1.000000e+02
1.208042e-01   1.292936e-07   1.000000e+02
1.219231e-01   1.444242e-07   1.000000e+02
1.230524e-01   1.613785e-07   1.000000e+02
1.241921e-01   1.803455e-07   1.000000e+02
1.253424e-01   2.015259e-07   1.000000e+02
1.265034e-01   2.251305e-07   1.000000e+02
1.276751e-01   2.513778e-07   1.000000e+02
1.288576e-01   2.804922e-07   1.000000e+02
1.300511e-01   3.126997e-07   1.000000e+02
1.312557e-01   3.482253e-07   1.000000e+02
1.324714e-01   3.872913e-07   1.000000e+02
1.336984e-01   4.301100e-07   1.000000e+02
1.349367e-01   4.768761e-07   1.000000e+02
1.361865e-01   5.277586e-07   1.000000e+02
1.374479e-01   5.828929e-07   1.000000e+02
1.387210e-01   6.423704e-07   1.000000e+02
1.400058e-01   7.062287e-07   1.000000e+02
1.413026e-01   7.745610e-07   1.000000e+02
1.426114e-01   8.479510e-07   1.000000e+02
1.439323e-01   9.272802e-07   1.000000e+02
1.452654e-01   1.013670e-06   1.000000e+02
1.466109e-01   1.108530e-06   1.000000e+02
1.479688e-01   1.213625e-06   1.000000e+02
1.493393e-01   1.331151e-06   1.000000e+02
1.507225e-01   1.463806e-06   1.000000e+02
1.521186e-01   1.613949e-06   1.000000e+02
1.535275e-01   1.783315e-06   1.000000e+02
1.549495e-01   1.973646e-06   1.000000e+02
1.563847e-01   2.186678e-06   1.000000e+02
1.578331e-01   2.424076e-06   1.000000e+02
1.592950e-01   2.687352e-06   1.000000e+02
1.607704e-01   2.977807e-06   1.000000e+02
1.622595e-01   3.297257e-06   1.000000e+02
1.637624e-01   3.648303e-06   1.000000e+02
1.652792e-01   4.033787e-06   1.000000e+02
1.668101e-01   4.456778e-06   1.000000e+02
1.683551e-01   4.920588e-06   1.000000e+02
1.699144e-01   5.428791e-06   1.000000e+02
1.714882e-01   5.985235e-06   1.000000e+02
1.730766e-01   6.594069e-06   1.000000e+02
1.746796e-01   7.259753e-06   1.000000e+02
1.762975e-01   7.987087e-06   1.000000e+02
1.779304e-01   8.781225e-06   1.000000e+02
1.795785e-01   9.647706e-06   1.000000e+02
1.812418e-01   1.059251e-05   1.000000e+02
1.829205e-01   1.162241e-05   1.000000e+02
1.846147e-01   1.274499e-05   1.000000e+02
1.863246e-01   1.396861e-05   1.000000e+02
1.880504e-01   1.530243e-05   1.000000e+02
1.897922e-01   1.675658e-05   1.000000e+02
1.915501e-01   1.834222e-05   1.000000e+02
1.933242e-01   2.007166e-05   1.000000e+02
1.951148e-01   2.195854e-05   1.000000e+02
1.969220e-01   2.401798e-05   1.000000e+02
1.987460e-01   2.626672e-05   1.000000e+02
2.005868e-01   2.872336e-05   1.000000e+02
2.024447e-01   3.140782e-05   1.000000e+02
2.043197e-01   3.434070e-05   1.000000e+02
2.062122e-01   3.754428e-05   1.000000e+02
2.081222e-01   4.104272e-05   1.000000e+02
2.100498e-01   4.486218e-05   1.000000e+02
2.119953e-01   4.903101e-05   1.000000e+02
2.139589e-01   5.357991e-05   1.000000e+02
2.159406e-01   5.854206e-05   1.000000e+02
2.179407e-01   6.395336e-05   1.000000e+02
2.199593e-01   6.985255e-05   1.000000e+02
2.219966e-01   7.628148e-05   1.000000e+02
2.240528e-01   8.328528e-05   1.000000e+02
2.261280e-01   9.091258e-05   1.000000e+02
2.282224e-01   9.921575e-05   1.000000e+02
2.303363e-01   1.082512e-04   1.000000e+02
2.324697e-01   1.180794e-04   1.000000e+02
2.346229e-01   1.287655e-04   1.000000e+02
2.367960e-01   1.403793e-04   1.000000e+02
2.389893e-01   1.529958e-04   1.000000e+02
2.412028e-01   1.666950e-04   1.000000e+02
2.434369e-01   1.815629e-04   1.000000e+02
2.456916e-01   1.976912e-04   1.000000e+02
2.479673e-01   2.151777e-04   1.000000e+02
2.502640e-01   2.341270e-04   1.000000e+02
2.525820e-01   2.546516e-04   1.000000e+02
2.549215e-01   2.768753e-04   1.000000e+02
2.572826e-01   3.009318e-04   1.000000e+02
2.596656e-01   3.269651e-04   1.000000e+02
2.620707e-01   3.551300e-04   1.000000e+02
2.644980e-01   3.855931e-04   1.000000e+02
2.669478e-01   4.185336e-04   1.000000e+02
2.694204e-01   4.541443e-04   1.000000e+02
2.719158e-01   4.926326e-04   1.000000e+02
2.744343e-01   5.342215e-04   1.000000e+02
2.769762e-01   5.791511e-04   1.000000e+02
2.795416e-01   6.276793e-04   1.000000e+02
2.821308e-01   6.800841e-04   1.000000e+02
2.847439e-01   7.366639e-04   1.000000e+02
2.873813e-01   7.977402e-04   1.000000e+02
2.900430e-01   8.636586e-04   1.000000e+02
2.927295e-01   9.347911e-04   1.000000e+02
2.954408e-01   1.011538e-03   1.000000e+02
2.981772e-01   1.094329e-03   1.000000e+02
3.009390e-01   1.183629e-03   1.000000e+02
3.037264e-01   1.279928e-03   1.000000e+02
3.065395e-01   1.383742e-03   1.000000e+02
3.093788e-01   1.495620e-03   1.000000e+02
3.122443e-01   1.616148e-03   1.000000e+02
3.151363e-01   1.745949e-03   1.000000e+02
3.180552e-01   1.885687e-03   1.000000e+02
3.210011e-01   2.036067e-03   1.000000e+02
3.239743e-01   2.197839e-03   1.000000e+02
3.269750e-01   2.371800e-03   1.000000e+02
3.300035e-01   2.558797e-03   1.000000e+02
3.330600e-01   2.759724e-03   1.000000e+02
3.361449e-01   2.975534e-03   1.000000e+02
3.392583e-01   3.207232e-03   1.000000e+02
3.424006e-01   3.455883e-03   1.000000e+02
3.455720e-01   3.722612e-03   1.000000e+02
3.487727e-01   4.008609e-03   1.000000e+02
3.520031e-01   4.315130e-03   1.000000e+02
3.552635e-01   4.643559e-03   1.000000e+02
3.585540e-01   4.995406e-03   1.000000e+02
3.618750e-01   5.372290e-03   1.000000e+02
3.652267e-01   5.775946e-03   1.000000e+02
3.686095e-01   6.208230e-03   1.000000e+02
3.720237e-01   6.671133e-03   1.000000e+02
3.754694e-01   7.166790e-03   1.000000e+02
3.789471e-01   7.697490e-03   1.000000e+02
3.824570e-01   8.265687e-03   1.000000e+02
3.859994e-01   8.874019e-03   1.000000e+02
3.895746e-01   9.525315e-03   1.000000e+02
3.931829e-01   1.022262e-02   1.000000e+02
3.968246e-01   1.096919e-02   1.000000e+02
4.005001e-01   1.176855e-02   1.000000e+02
4.042096e-01   1.262437e-02   1.000000e+02
4.079535e-01   1.354028e-02   1.000000e+02
4.117320e-01   1.452002e-02   1.000000e+02
4.155455e-01   1.556752e-02   1.000000e+02
4.193944e-01   1.668690e-02   1.000000e+02
4.232789e-01   1.788243e-02   1.000000e+02
4.271994e-01   1.915858e-02   1.000000e+02
4.311562e-01   2.051996e-02   1.000000e+02
4.351497e-01   2.197138e-02   1.000000e+02
4.391801e-01   2.351781e-02   1.000000e+02
4.432479e-01   2.516435e-02   1.000000e+02
4.473533e-01   2.691629e-02   1.000000e+02
4.514968e-01   2.877903e-02   1.000000e+02
4.556786e-01   3.075862e-02   1.000000e+02
4.598992e-01   3.286211e-02   1.000000e+02
4.641589e-01   3.509709e-02   1.000000e+02
4.684580e-01   3.747164e-02   1.000000e+02
4.727970e-01   3.999441e-02   1.000000e+02
4.771761e-01   4.267465e-02   1.000000e+02
4.815958e-01   4.552225e-02   1.000000e+02
4.860564e-01   4.854780e-02   1.000000e+02
4.905584e-01   5.176266e-02   1.000000e+02
4.951020e-01   5.517900e-02   1.000000e+02
4.996877e-01   5.880987e-02   1.000000e+02
5.043159e-01   6.266910e-02   1.000000e+02
5.089870e-01   6.677035e-02   1.000000e+02
5.137014e-01   7.112772e-02   1.000000e+02
5.184594e-01   7.575604e-02   1.000000e+02
5.232614e-01   8.067087e-02   1.000000e+02
5.281080e-01   8.588857e-02   1.000000e+02
5.329994e-01   9.142631e-02   1.000000e+02
5.379362e-01   9.730210e-02   1.000000e+02
5.429186e-01   1.035348e-01   1.000000e+02
5.479472e-01   1.101443e-01   1.000000e+02
5.530224e-01   1.171512e-01   1.000000e+02
5.581446e-01   1.245773e-01   1.000000e+02
5.633143e-01   1.324453e-01   1.000000e+02
5.685318e-01   1.407789e-01   1.000000e+02
5.737976e-01   1.496029e-01   1.000000e+02
5.791123e-01   1.589431e-01   1.000000e+02
5.844761e-01   1.688267e-01   1.000000e+02
5.898896e-01   1.792817e-01   1.000000e+02
5.953533e-01   1.903375e-01   1.000000e+02
6.008676e-01   2.020247e-01   1.000000e+02
6.064329e-01   2.143753e-01   1.000000e+02
6.120498e-01   2.274239e-01   1.000000e+02
6.177188e-01   2.412067e-01   1.000000e+02
6.234402e-01   2.557617e-01   1.000000e+02
6.292146e-01   2.711286e-01   1.000000e+02
6.350425e-01   2.873490e-01   1.000000e+02
6.409244e-01   3.044667e-01   1.000000e+02
6.468608e-01   3.225271e-01   1.000000e+02
6.528521e-01   3.415782e-01   1.000000e+02
6.588990e-01   3.616699e-01   1.000000e+02
6.650018e-01   3.828545e-01   1.000000e+02
6.711612e-01   4.051869e-01   1.000000e+02
6.773776e-01   4.287242e-01   1.000000e+02
6.836516e-01   4.535265e-01   1.000000e+02
6.899837e-01   4.796563e-01   1.000000e+02
6.963745e-01   5.071792e-01   1.000000e+02
7.028244e-01   5.361637e-01   1.000000e+02
7.093341e-01   5.666809e-01   1.000000e+02
7.159041e-01   5.988040e-01   1.000000e+02
7.225349e-01   6.326095e-01   1.000000e+02
7.292272e-01   6.681768e-01   1.000000e+02
7.359814e-01   7.055888e-01   1.000000e+02
7.427982e-01   7.449315e-01   1.000000e+02
7.496782e-01   7.862945e-01   1.000000e+02
7.566219e-01   8.297710e-01   1.000000e+02
7.636298e-01   8.754577e-01   1.000000e+02
7.707027e-01   9.234553e-01   1.000000e+02
7.778411e-01   9.738683e-01   1.000000e+02
7.850456e-01   1.026805e+00   1.000000e+02
7.923169e-01   1.082379e+00   1.000000e+02
7.996555e-01   1.140705e+00   1.000000e+02
8.070620e-01   1.201907e+00   1.000000e+02
8.145372e-01   1.266110e+00   1.000000e+02
8.220816e-01   1.333447e+00   1.000000e+02
8.296959e-01   1.404053e+00   1.000000e+02
8.373807e-01   1.478072e+00   1.000000e+02
8.451366e-01   1.555650e+00   1.000000e+02
8.529644e-01   1.636939e+00   1.000000e+02
8.608648e-01   1.722100e+00   1.000000e+02
8.688383e-01   1.811294e+00   1.000000e+02
8.768856e-01   1.904693e+00   1.000000e+02
8.850075e-01   2.002473e+00   1.000000e+02
8.932046e-01   2.104816e+00   1.000000e+02
9.014776e-01   2.211912e+00   1.000000e+02
9.098273e-01   2.323955e+00   1.000000e+02
9.182543e-01   2.441145e+00   1.000000e+02
9.267593e-01   2.563688e+00   1.000000e+02
9.353432e-01   2.691796e+00   1.000000e+02
9.440065e-01   2.825689e+00   1.000000e+02
9.527500e-01   2.965591e+00   1.000000e+02
9.615746e-01   3.111736e+00   1.000000e+02
9.704809e-01   3.264363e+00   1.000000e+02
9.794697e-01   3.423719e+00   1.000000e+02
9.885417e-01   3.590058e+00   1.000000e+02
9.976978e-01   3.763641e+00   1.000000e+02
1.006939e+00   3.944737e+00   1.000000e+02
1.016265e+00   4.133625e+00   1.000000e+02
1.025678e+00   4.330594e+00   1.000000e+02
1.035178e+00   4.535942e+00   1.000000e+02
1.044766e+00   4.749974e+00   1.000000e+02
1.054443e+00   4.973008e+00   1.000000e+02
1.064209e+00   5.205365e+00   1.000000e+02
1.074066e+00   5.447381e+00   1.000000e+02
1.084014e+00   5.699399e+00   1.000000e+02
1.094055e+00   5.961769e+00   1.000000e+02
1.104188e+00   6.234856e+00   1.000000e+02
1.114415e+00   6.519030e+00   1.000000e+02
1.124737e+00   6.814674e+00   1.000000e+02
1.135155e+00   7.122180e+00   1.000000e+02
1.145669e+00   7.441951e+00   1.000000e+02
1.156280e+00   7.774399e+00   1.000000e+02
1.166990e+00   8.119948e+00   1.000000e+02
1.177799e+00   8.479032e+00   1.000000e+02
1.188708e+00   8.852096e+00   1.000000e+02
1.199718e+00   9.239597e+00   1.000000e+02
1.210830e+00   9.642002e+00   1.000000e+02
1.222045e+00   1.005979e+01   1.000000e+02
1.233363e+00   1.049345e+01   1.000000e+02
1.244787e+00   1.094348e+01   1.000000e+02
1.256317e+00   1.141040e+01   1.000000e+02
1.267953e+00   1.189476e+01   1.000000e+02
1.279697e+00   1.239713e+01   1.000000e+02
1.291550e+00   1.291814e+01   1.000000e+02
1.303512e+00   1.345840e+01   1.000000e+02
1.315586e+00   1.401856e+01   1.000000e+02
1.327771e+00   1.459930e+01   1.000000e+02
1.340069e+00   1.520130e+01   1.000000e+02
1.352481e+00   1.582529e+01   1.000000e+02
1.365008e+00   1.647200e+01   1.000000e+02
1.377651e+00   1.714222e+01   1.000000e+02
1.390411e+00   1.783674e+01   1.000000e+02
1.403289e+00   1.855639e+01   1.000000e+02
1.416287e+00   1.930201e+01   1.000000e+02
1.429405e+00   2.007452e+01   1.000000e+02
1.442644e+00   2.087481e+01   1.000000e+02
1.456006e+00   2.170386e+01   1.000000e+02
1.469492e+00   2.256264e+01   1.000000e+02
1.483103e+00   2.345220e+01   1.000000e+02
1.496839e+00   2.437360e+01   1.000000e+02
1.510703e+00   2.532791e+01   1.000000e+02
1.524696e+00   2.631597e+01   1.000000e+02
1.538818e+00   2.733845e+01   1.000000e+02
1.553071e+00   2.839599e+01   1.000000e+02
1.567455e+00   2.948920e+01   1.000000e+02
1.581973e+00   3.061866e+01   1.000000e+02
1.596626e+00   3.178490e+01   1.000000e+02
1.611414e+00   3.298839e+01   1.000000e+02
1.626340e+00   3.422955e+01   1.000000e+02
1.641403e+00   3.550875e+01   1.000000e+02
1.656606e+00   3.682628e+01   1.000000e+02
1.671950e+00   3.818237e+01   1.000000e+02
1.687436e+00   3.957718e+01   1.000000e+02
1.703065e+00   4.101075e+01   1.000000e+02
1.718839e+00   4.248306e+01   1.000000e+02
1.734759e+00   4.399400e+01   1.000000e+02
1.750827e+00   4.554333e+01   1.000000e+02
1.767044e+00   4.713100e+01   1.000000e+02
1.783410e+00   4.875787e+01   1.000000e+02
1.799929e+00   5.042509e+01   1.000000e+02
1.816600e+00   5.213389e+01   1.000000e+02
1.833425e+00   5.388558e+01   1.000000e+02
1.850407e+00   5.568159e+01   1.000000e+02
1.867546e+00   5.752345e+01   1.000000e+02
1.884843e+00   5.941281e+01   1.000000e+02
1.902301e+00   6.135143e+01   1.000000e+02
1.919921e+00   6.334121e+01   1.000000e+02
1.937703e+00   6.538418e+01   1.000000e+02
1.955651e+00   6.748252e+01   1.000000e+02
1.973764e+00   6.963855e+01   1.000000e+02
1.992046e+00   7.185476e+01   1.000000e+02
2.010496e+00   7.413379e+01   1.000000e+02
2.029118e+00   7.647757e+01   1.000000e+02
2.047912e+00   7.888739e+01   1.000000e+02
2.066880e+00   8.136450e+01   1.000000e+02
2.086024e+00   8.391015e+01   1.000000e+02
2.105345e+00   8.652556e+01   1.000000e+02
2.124845e+00   8.921195e+01   1.000000e+02
2.144526e+00   9.197049e+01   1.000000e+02
2.164389e+00   9.480238e+01   1.000000e+02
2.184436e+00   9.770873e+01   1.000000e+02
2.204669e+00   1.006907e+02   1.000000e+02
2.225089e+00   1.037493e+02   1.000000e+02
2.245698e+00   1.068856e+02   1.000000e+02
2.266498e+00   1.101006e+02   1.000000e+02
2.287491e+00   1.133953e+02   1.000000e+02
2.308678e+00   1.167706e+02   1.000000e+02
2.330061e+00   1.202273e+02   1.000000e+02
2.351643e+00   1.237662e+02   1.000000e+02
2.373424e+00   1.273882e+02   1.000000e+02
2.395407e+00   1.310938e+02   1.000000e+02
2.417594e+00   1.348837e+02   1.000000e+02
2.439986e+00   1.387585e+02   1.000000e+02
2.462586e+00   1.427185e+02   1.000000e+02
2.485395e+00   1.467642e+02   1.000000e+02
2.508415e+00   1.508959e+02   1.000000e+02
2.531648e+00   1.551142e+02   1.000000e+02
2.555097e+00   1.594202e+02   1.000000e+02
2.578763e+00   1.638150e+02   1.000000e+02
2.602648e+00   1.682999e+02   1.000000e+02
2.626754e+00   1.728760e+02   1.000000e+02
2.651084e+00   1.775445e+02   1.000000e+02
2.675638e+00   1.823067e+02   1.000000e+02
2.700421e+00   1.871638e+02   1.000000e+02
2.725433e+00   1.921170e+02   1.000000e+02
2.750676e+00   1.971676e+02   1.000000e+02
2.776153e+00   2.023170e+02   1.000000e+02
2.801867e+00   2.075663e+02   1.000000e+02
2.827818e+00   2.129170e+02   1.000000e+02
2.854010e+00   2.183703e+02   1.000000e+02
2.880444e+00   2.239278e+02   1.000000e+02
2.907123e+00   2.295907e+02   1.000000e+02
2.934050e+00   2.353605e+02   1.000000e+02
2.961225e+00   2.412386e+02   1.000000e+02
2.988653e+00   2.472266e+02   1.000000e+02
3.016334e+00   2.533258e+02   1.000000e+02
3.044272e+00   2.595376e+02   1.000000e+02
3.072469e+00   2.658628e+02   1.000000e+02
3.100927e+00   2.723025e+02   1.000000e+02
3.129648e+00   2.788575e+02   1.000000e+02
3.158635e+00   2.855287e+02   1.000000e+02
3.187891e+00   2.923169e+02   1.000000e+02
3.217418e+00   2.992231e+02   1.000000e+02
3.247218e+00   3.062478e+02   1.000000e+02
3.277295e+00   3.133921e+02   1.000000e+02
3.307650e+00   3.206565e+02   1.000000e+02
3.338286e+00   3.280417e+02   1.000000e+02
3.369206e+00   3.355485e+02   1.000000e+02
3.400412e+00   3.431775e+02   1.000000e+02
3.431907e+00   3.509292e+02   1.000000e+02
3.463694e+00   3.588042e+02   1.000000e+02
3.495776e+00   3.668030e+02   1.000000e+02
3.528154e+00   3.749262e+02   1.000000e+02
3.560833e+00   3.831743e+02   1.000000e+02
3.593814e+00   3.915481e+02   1.000000e+02
3.627100e+00   4.000482e+02   1.000000e+02
3.660695e+00   4.086752e+02   1.000000e+02
3.694601e+00   4.174298e+02   1.000000e+02
3.728821e+00   4.263125e+02   1.000000e+02
3.763358e+00   4.353239e+02   1.000000e+02
3.798215e+00   4.444647e+02   1.000000e+02
3.833395e+00   4.537352e+02   1.000000e+02
3.868901e+00   4.631361e+02   1.000000e+02
3.904735e+00   4.726679e+02   1.000000e+02
3.940902e+00   4.823309e+02   1.000000e+02
3.977403e+00   4.921257e+02   1.000000e+02
4.014242e+00   5.020527e+02   1.000000e+02
4.051423e+00   5.121123e+02   1.000000e+02
4.088948e+00   5.223047e+02   1.000000e+02
4.126821e+00   5.326301e+02   1.000000e+02
4.165044e+00   5.430887e+02   1.000000e+02
4.203622e+00   5.536807e+02   1.000000e+02
4.242556e+00   5.644061e+02   1.000000e+02
4.281852e+00   5.752652e+02   1.000000e+02
4.321511e+00   5.862578e+02   1.000000e+02
4.361538e+00   5.973840e+02   1.000000e+02
4.401935e+00   6.086438e+02   1.000000e+02
4.442707e+00   6.200372e+02   1.000000e+02
4.483856e+00   6.315641e+02   1.000000e+02
4.525386e+00   6.432243e+02   1.000000e+02
4.567301e+00   6.550177e+02   1.000000e+02
4.609604e+00   6.669442e+02   1.000000e+02
4.652300e+00   6.790034e+02   1.000000e+02
4.695390e+00   6.911951e+02   1.000000e+02
4.738880e+00   7.035190e+02   1.000000e+02
4.782772e+00   7.159749e+02   1.000000e+02
4.827071e+00   7.285623e+02   1.000000e+02
4.871780e+00   7.412808e+02   1.000000e+02
4.916904e+00   7.541300e+02   1.000000e+02
4.962445e+00   7.671095e+02   1.000000e+02
5.008408e+00   7.802187e+02   1.000000e+02
5.054797e+00   7.934571e+02   1.000000e+02
5.101615e+00   8.068240e+02   1.000000e+02
5.148867e+00   8.203190e+02   1.000000e+02
5.196557e+00   8.339412e+02   1.000000e+02
5.244689e+00   8.476901e+02   1.000000e+02
5.293266e+00   8.615648e+02   1.000000e+02
5.342293e+00   8.755647e+02   1.000000e+02
5.391775e+00   8.896888e+02   1.000000e+02
5.441714e+00   9.039364e+02   1.000000e+02
5.492116e+00   9.183066e+02   1.000000e+02
5.542986e+00   9.327985e+02   1.000000e+02
5.594326e+00   9.474111e+02   1.000000e+02
5.646141e+00   9.621435e+02   1.000000e+02
5.698437e+00   9.769946e+02   1.000000e+02
5.751217e+00   9.919634e+02   1.000000e+02
5.804486e+00   1.007049e+03   1.000000e+02
5.858248e+00   1.022250e+03   1.000000e+02
5.912508e+00   1.037565e+03   1.000000e+02
5.967271e+00   1.052994e+03   1.000000e+02
6.022541e+00   1.068534e+03   1.000000e+02
6.078323e+00   1.084185e+03   1.000000e+02
6.134622e+00   1.099945e+03   1.000000e+02
6.191442e+00   1.115813e+03   1.000000e+02
6.248788e+00   1.131786e+03   1.000000e+02
6.306666e+00   1.147863e+03   1.000000e+02
6.365079e+00   1.164043e+03   1.000000e+02
6.424034e+00   1.180322e+03   1.000000e+02
6.483534e+00   1.196701e+03   1.000000e+02
6.543586e+00   1.213175e+03   1.000000e+02
6.604194e+00   1.229745e+03   1.000000e+02
6.665363e+00   1.246406e+03   1.000000e+02
6.727099e+00   1.263159e+03   1.000000e+02
6.789407e+00   1.279999e+03   1.000000e+02
6.852292e+00   1.296926e+03   1.000000e+02
6.915759e+00   1.313937e+03   1.000000e+02
6.979814e+00   1.331030e+03   1.000000e+02
7.044462e+00   1.348202e+03   1.000000e+02
7.109709e+00   1.365451e+03   1.000000e+02
7.175561e+00   1.382774e+03   1.000000e+02
7.242022e+00   1.400171e+03   1.000000e+02
7.309099e+00   1.417637e+03   1.000000e+02
7.376798e+00   1.435170e+03   1.000000e+02
7.445123e+00   1.452768e+03   1.000000e+02
7.514081e+00   1.470428e+03   1.000000e+02
7.583678e+00   1.488148e+03   1.000000e+02
7.653919e+00   1.505925e+03   1.000000e+02
7.724811e+00   1.523756e+03   1.000000e+02
7.796360e+00   1.541638e+03   1.000000e+02
7.868572e+00   1.559569e+03   1.000000e+02
7.941452e+00   1.577546e+03   1.000000e+02
8.015007e+00   1.595566e+03   1.000000e+02
8.089243e+00   1.613626e+03   1.000000e+02
8.164168e+00   1.631723e+03   1.000000e+02
8.239786e+00   1.649852e+03   1.000000e+02
8.316104e+00   1.668010e+03   1.000000e+02
8.393129e+00   1.686194e+03   1.000000e+02
8.470868e+00   1.704399e+03   1.000000e+02
8.549327e+00   1.722622e+03   1.000000e+02
8.628513e+00   1.740859e+03   1.000000e+02
8.708431e+00   1.759105e+03   1.000000e+02
8.789091e+00   1.777357e+03   1.000000e+02
8.870497e+00   1.795611e+03   1.000000e+02
8.952657e+00   1.813862e+03   1.000000e+02
9.035578e+00   1.832106e+03   1.000000e+02
9.119268e+00   1.850340e+03   1.000000e+02
9.203732e+00   1.868558e+03   1.000000e+02
9.288979e+00   1.886756e+03   1.000000e+02
9.375015e+00   1.904930e+03   1.000000e+02
9.461848e+00   1.923076e+03   1.000000e+02
9.549486e+00   1.941189e+03   1.000000e+02
9.637935e+00   1.959265e+03   1.000000e+02
9.727203e+00   1.977298e+03   1.000000e+02
9.817298e+00   1.995285e+03   1.000000e+02
9.908228e+00   2.013220e+03   1.000000e+02
1.000000e+01   2.031100e+03   1.000000e+02
