# Li9 + t > Be12 + g   [Li9_t__Be12_g]   ref=TALYS2, Koning et al. 2023
# detailed balance: alpha=2.6888e+11 beta=1.5 gamma=-172.061  Q=14.8271
# T9                 rate                error
1.000000e-03   1.000000e-35   1.000000e+02
1.009262e-03   1.033296e-35   1.000000e+02
1.018610e-03   1.068645e-35   1.000000e+02
1.028045e-03   1.106189e-35   1.000000e+02
1.037567e-03   1.146078e-35   1.000000e+02
1.047177e-03   1.188479e-35   1.000000e+02
1.056876e-03   1.233570e-35   1.000000e+02
1.066665e-03   1.281544e-35   1.000000e+02
1.076545e-03   1.332613e-35   1.000000e+02
1.086516e-03   1.387003e-35   1.000000e+02
1.096579e-03   1.444964e-35   1.000000e+02
1.106736e-03   1.506764e-35   1.000000e+02
1.116987e-03   1.572696e-35   1.000000e+02
1.127333e-03   1.643079e-35   1.000000e+02
1.137774e-03   1.718261e-35   1.000000e+02
1.148312e-03   1.798620e-35   1.000000e+02
1.158948e-03   1.884570e-35   1.000000e+02
1.169683e-03   1.976560e-35   1.000000e+02
1.180517e-03   2.075084e-35   1.000000e+02
1.191451e-03   2.180680e-35   1.000000e+02
1.202486e-03   2.293938e-35   1.000000e+02
1.213624e-03   2.415502e-35   1.000000e+02
1.224865e-03   2.546080e-35   1.000000e+02
1.236210e-03   2.686447e-35   1.000000e+02
1.247660e-03   2.837454e-35   1.000000e+02
1.259216e-03   3.000035e-35   1.000000e+02
1.270879e-03   3.175220e-35   1.000000e+02
1.282650e-03   3.364138e-35   1.000000e+02
1.294530e-03   3.568034e-35   1.000000e+02
1.306520e-03   3.788282e-35   1.000000e+02
1.318621e-03   4.026395e-35   1.000000e+02
1.330835e-03   4.284044e-35   1.000000e+02
1.343161e-03   4.563077e-35   1.000000e+02
1.355602e-03   4.865536e-35   1.000000e+02
1.368158e-03   5.193681e-35   1.000000e+02
1.380830e-03   5.550018e-35   1.000000e+02
1.393619e-03   5.937324e-35   1.000000e+02
1.406527e-03   6.358681e-35   1.000000e+02
1.419555e-03   6.817514e-35   1.000000e+02
1.432703e-03   7.317632e-35   1.000000e+02
1.445973e-03   7.863271e-35   1.000000e+02
1.459366e-03   8.459153e-35   1.000000e+02
1.472883e-03   9.110542e-35   1.000000e+02
1.486525e-03   9.823313e-35   1.000000e+02
1.500293e-03   1.060403e-34   1.000000e+02
1.514189e-03   1.146003e-34   1.000000e+02
1.528214e-03   1.239953e-34   1.000000e+02
1.542369e-03   1.343174e-34   1.000000e+02
1.556654e-03   1.456697e-34   1.000000e+02
1.571072e-03   1.581682e-34   1.000000e+02
1.585624e-03   1.719431e-34   1.000000e+02
1.600310e-03   1.871408e-34   1.000000e+02
1.615133e-03   2.039265e-34   1.000000e+02
1.630092e-03   2.224859e-34   1.000000e+02
1.645191e-03   2.430289e-34   1.000000e+02
1.660429e-03   2.657925e-34   1.000000e+02
1.675808e-03   2.910447e-34   1.000000e+02
1.691330e-03   3.190887e-34   1.000000e+02
1.706995e-03   3.502682e-34   1.000000e+02
1.722805e-03   3.849730e-34   1.000000e+02
1.738762e-03   4.236458e-34   1.000000e+02
1.754867e-03   4.667897e-34   1.000000e+02
1.771121e-03   5.149775e-34   1.000000e+02
1.787526e-03   5.688614e-34   1.000000e+02
1.804082e-03   6.291855e-34   1.000000e+02
1.820792e-03   6.967994e-34   1.000000e+02
1.837656e-03   7.726739e-34   1.000000e+02
1.854677e-03   8.579204e-34   1.000000e+02
1.871855e-03   9.538119e-34   1.000000e+02
1.889193e-03   1.061809e-33   1.000000e+02
1.906691e-03   1.183587e-33   1.000000e+02
1.924351e-03   1.321075e-33   1.000000e+02
1.942175e-03   1.476490e-33   1.000000e+02
1.960163e-03   1.652389e-33   1.000000e+02
1.978319e-03   1.851721e-33   1.000000e+02
1.996642e-03   2.077892e-33   1.000000e+02
2.015136e-03   2.334841e-33   1.000000e+02
2.033800e-03   2.627128e-33   1.000000e+02
2.052638e-03   2.960041e-33   1.000000e+02
2.071650e-03   3.339714e-33   1.000000e+02
2.090838e-03   3.773278e-33   1.000000e+02
2.110203e-03   4.269027e-33   1.000000e+02
2.129749e-03   4.836625e-33   1.000000e+02
2.149475e-03   5.487342e-33   1.000000e+02
2.169384e-03   6.234340e-33   1.000000e+02
2.189477e-03   7.093010e-33   1.000000e+02
2.209756e-03   8.081370e-33   1.000000e+02
2.230223e-03   9.220543e-33   1.000000e+02
2.250880e-03   1.053532e-32   1.000000e+02
2.271728e-03   1.205485e-32   1.000000e+02
2.292769e-03   1.381341e-32   1.000000e+02
2.314005e-03   1.585143e-32   1.000000e+02
2.335438e-03   1.821656e-32   1.000000e+02
2.357069e-03   2.096515e-32   1.000000e+02
2.378901e-03   2.416384e-32   1.000000e+02
2.400935e-03   2.789157e-32   1.000000e+02
2.423173e-03   3.224198e-32   1.000000e+02
2.445617e-03   3.732630e-32   1.000000e+02
2.468268e-03   4.327683e-32   1.000000e+02
2.491130e-03   5.025114e-32   1.000000e+02
2.514203e-03   5.843717e-32   1.000000e+02
2.537490e-03   6.805936e-32   1.000000e+02
2.560993e-03   7.938616e-32   1.000000e+02
2.584714e-03   9.273907e-32   1.000000e+02
2.608654e-03   1.085036e-31   1.000000e+02
2.632815e-03   1.271430e-31   1.000000e+02
2.657201e-03   1.492140e-31   1.000000e+02
2.681813e-03   1.753876e-31   1.000000e+02
2.706652e-03   2.064727e-31   1.000000e+02
2.731722e-03   2.434468e-31   1.000000e+02
2.757023e-03   2.874918e-31   1.000000e+02
2.782559e-03   3.400399e-31   1.000000e+02
2.808332e-03   4.028282e-31   1.000000e+02
2.834343e-03   4.779673e-31   1.000000e+02
2.860596e-03   5.680254e-31   1.000000e+02
2.887091e-03   6.761315e-31   1.000000e+02
2.913832e-03   8.061042e-31   1.000000e+02
2.940820e-03   9.626104e-31   1.000000e+02
2.968059e-03   1.151362e-30   1.000000e+02
2.995549e-03   1.379362e-30   1.000000e+02
3.023295e-03   1.655244e-30   1.000000e+02
3.051297e-03   1.989937e-30   1.000000e+02
3.079559e-03   2.397245e-30   1.000000e+02
3.108082e-03   2.894564e-30   1.000000e+02
3.136870e-03   3.503915e-30   1.000000e+02
3.165924e-03   4.253298e-30   1.000000e+02
3.195248e-03   5.178475e-30   1.000000e+02
3.224842e-03   6.325339e-30   1.000000e+02
3.254712e-03   7.753068e-30   1.000000e+02
3.284857e-03   9.538350e-30   1.000000e+02
3.315282e-03   1.178107e-29   1.000000e+02
3.345989e-03   1.461203e-29   1.000000e+02
3.376980e-03   1.820338e-29   1.000000e+02
3.408259e-03   2.278305e-29   1.000000e+02
3.439826e-03   2.865442e-29   1.000000e+02
3.471687e-03   3.622375e-29   1.000000e+02
3.503842e-03   4.603832e-29   1.000000e+02
3.536296e-03   5.883987e-29   1.000000e+02
3.569049e-03   7.564012e-29   1.000000e+02
3.602107e-03   9.782794e-29   1.000000e+02
3.635470e-03   1.273227e-28   1.000000e+02
3.669142e-03   1.667951e-28   1.000000e+02
3.703127e-03   2.199870e-28   1.000000e+02
3.737426e-03   2.921791e-28   1.000000e+02
3.772042e-03   3.908785e-28   1.000000e+02
3.806980e-03   5.268376e-28   1.000000e+02
3.842241e-03   7.155769e-28   1.000000e+02
3.877828e-03   9.796759e-28   1.000000e+02
3.913746e-03   1.352250e-27   1.000000e+02
3.949995e-03   1.882272e-27   1.000000e+02
3.986581e-03   2.642776e-27   1.000000e+02
4.023506e-03   3.743442e-27   1.000000e+02
4.060772e-03   5.347002e-27   1.000000e+02
4.098384e-03   7.694389e-27   1.000000e+02
4.136344e-03   1.114434e-26   1.000000e+02
4.174655e-03   1.623092e-26   1.000000e+02
4.213322e-03   2.374828e-26   1.000000e+02
4.252346e-03   3.487495e-26   1.000000e+02
4.291732e-03   5.135460e-26   1.000000e+02
4.331483e-03   7.575676e-26   1.000000e+02
4.371602e-03   1.118489e-25   1.000000e+02
4.412093e-03   1.651209e-25   1.000000e+02
4.452959e-03   2.435145e-25   1.000000e+02
4.494203e-03   3.584195e-25   1.000000e+02
4.535829e-03   5.260106e-25   1.000000e+02
4.577841e-03   7.689983e-25   1.000000e+02
4.620241e-03   1.118861e-24   1.000000e+02
4.663035e-03   1.618599e-24   1.000000e+02
4.706225e-03   2.325980e-24   1.000000e+02
4.749815e-03   3.317177e-24   1.000000e+02
4.793808e-03   4.690501e-24   1.000000e+02
4.838210e-03   6.569761e-24   1.000000e+02
4.883022e-03   9.106504e-24   1.000000e+02
4.928250e-03   1.248008e-23   1.000000e+02
4.973896e-03   1.689426e-23   1.000000e+02
5.019965e-03   2.256936e-23   1.000000e+02
5.066461e-03   2.975204e-23   1.000000e+02
5.113388e-03   3.873603e-23   1.000000e+02
5.160749e-03   4.985657e-23   1.000000e+02
5.208549e-03   6.349611e-23   1.000000e+02
5.256791e-03   8.009354e-23   1.000000e+02
5.305481e-03   1.001571e-22   1.000000e+02
5.354621e-03   1.242820e-22   1.000000e+02
5.404216e-03   1.531742e-22   1.000000e+02
5.454271e-03   1.876815e-22   1.000000e+02
5.504790e-03   2.288361e-22   1.000000e+02
5.555776e-03   2.779093e-22   1.000000e+02
5.607235e-03   3.364847e-22   1.000000e+02
5.659170e-03   4.065552e-22   1.000000e+02
5.711586e-03   4.906526e-22   1.000000e+02
5.764488e-03   5.920213e-22   1.000000e+02
5.817880e-03   7.148542e-22   1.000000e+02
5.871766e-03   8.646151e-22   1.000000e+02
5.926152e-03   1.048484e-21   1.000000e+02
5.981041e-03   1.275976e-21   1.000000e+02
6.036439e-03   1.559720e-21   1.000000e+02
6.092349e-03   1.915297e-21   1.000000e+02
6.148778e-03   2.361896e-21   1.000000e+02
6.205729e-03   2.923928e-21   1.000000e+02
6.263207e-03   3.632449e-21   1.000000e+02
6.321218e-03   4.526947e-21   1.000000e+02
6.379767e-03   5.657577e-21   1.000000e+02
6.438857e-03   7.087950e-21   1.000000e+02
6.498495e-03   8.898603e-21   1.000000e+02
6.558686e-03   1.119129e-20   1.000000e+02
6.619433e-03   1.409423e-20   1.000000e+02
6.680744e-03   1.776854e-20   1.000000e+02
6.742622e-03   2.241594e-20   1.000000e+02
6.805074e-03   2.828808e-20   1.000000e+02
6.868104e-03   3.569742e-20   1.000000e+02
6.931717e-03   4.503013e-20   1.000000e+02
6.995920e-03   5.676082e-20   1.000000e+02
7.060718e-03   7.147323e-20   1.000000e+02
7.126115e-03   8.990338e-20   1.000000e+02
7.192119e-03   1.129719e-19   1.000000e+02
7.258734e-03   1.418243e-19   1.000000e+02
7.325965e-03   1.778856e-19   1.000000e+02
7.393820e-03   2.229282e-19   1.000000e+02
7.462303e-03   2.791562e-19   1.000000e+02
7.531420e-03   3.493104e-19   1.000000e+02
7.601178e-03   4.367992e-19   1.000000e+02
7.671581e-03   5.458614e-19   1.000000e+02
7.742637e-03   6.817688e-19   1.000000e+02
7.814351e-03   8.510795e-19   1.000000e+02
7.886729e-03   1.061953e-18   1.000000e+02
7.959777e-03   1.324546e-18   1.000000e+02
8.033502e-03   1.651499e-18   1.000000e+02
8.107910e-03   2.058445e-18   1.000000e+02
8.183007e-03   2.564624e-18   1.000000e+02
8.258799e-03   3.193775e-18   1.000000e+02
8.335294e-03   3.975148e-18   1.000000e+02
8.412497e-03   4.944739e-18   1.000000e+02
8.490415e-03   6.146770e-18   1.000000e+02
8.569055e-03   7.635482e-18   1.000000e+02
8.648423e-03   9.477297e-18   1.000000e+02
8.728527e-03   1.175340e-17   1.000000e+02
8.809372e-03   1.456283e-17   1.000000e+02
8.890966e-03   1.802620e-17   1.000000e+02
8.973316e-03   2.229004e-17   1.000000e+02
9.056428e-03   2.753180e-17   1.000000e+02
9.140311e-03   3.396269e-17   1.000000e+02
9.224970e-03   4.183244e-17   1.000000e+02
9.310413e-03   5.143607e-17   1.000000e+02
9.396648e-03   6.311979e-17   1.000000e+02
9.483682e-03   7.728694e-17   1.000000e+02
9.571522e-03   9.440374e-17   1.000000e+02
9.660175e-03   1.150044e-16   1.000000e+02
9.749649e-03   1.396953e-16   1.000000e+02
9.839952e-03   1.691573e-16   1.000000e+02
9.931092e-03   2.041461e-16   1.000000e+02
1.002308e-02   2.454898e-16   1.000000e+02
1.011591e-02   2.941580e-16   1.000000e+02
1.020961e-02   3.514093e-16   1.000000e+02
1.030417e-02   4.187812e-16   1.000000e+02
1.039961e-02   4.981477e-16   1.000000e+02
1.049593e-02   5.918093e-16   1.000000e+02
1.059315e-02   7.026094e-16   1.000000e+02
1.069126e-02   8.340851e-16   1.000000e+02
1.079029e-02   9.906650e-16   1.000000e+02
1.089023e-02   1.177929e-15   1.000000e+02
1.099110e-02   1.402951e-15   1.000000e+02
1.109290e-02   1.674599e-15   1.000000e+02
1.119564e-02   2.003159e-15   1.000000e+02
1.129934e-02   2.400909e-15   1.000000e+02
1.140400e-02   2.882777e-15   1.000000e+02
1.150962e-02   3.466896e-15   1.000000e+02
1.161623e-02   4.175272e-15   1.000000e+02
1.172382e-02   5.034568e-15   1.000000e+02
1.183241e-02   6.077046e-15   1.000000e+02
1.194200e-02   7.341677e-15   1.000000e+02
1.205261e-02   8.875476e-15   1.000000e+02
1.216424e-02   1.073618e-14   1.000000e+02
1.227691e-02   1.299534e-14   1.000000e+02
1.239062e-02   1.574076e-14   1.000000e+02
1.250539e-02   1.908028e-14   1.000000e+02
1.262121e-02   2.314649e-14   1.000000e+02
1.273811e-02   2.810265e-14   1.000000e+02
1.285610e-02   3.415010e-14   1.000000e+02
1.297517e-02   4.153742e-14   1.000000e+02
1.309535e-02   5.057174e-14   1.000000e+02
1.321664e-02   6.163035e-14   1.000000e+02
1.333906e-02   7.517753e-14   1.000000e+02
1.346261e-02   9.178600e-14   1.000000e+02
1.358730e-02   1.121626e-13   1.000000e+02
1.371315e-02   1.371801e-13   1.000000e+02
1.384016e-02   1.679168e-13   1.000000e+02
1.396835e-02   2.057051e-13   1.000000e+02
1.409773e-02   2.521930e-13   1.000000e+02
1.422830e-02   3.094215e-13   1.000000e+02
1.436009e-02   3.799207e-13   1.000000e+02
1.449310e-02   4.668264e-13   1.000000e+02
1.462733e-02   5.740278e-13   1.000000e+02
1.476281e-02   7.063511e-13   1.000000e+02
1.489955e-02   8.697884e-13   1.000000e+02
1.503755e-02   1.071783e-12   1.000000e+02
1.517683e-02   1.321586e-12   1.000000e+02
1.531740e-02   1.630698e-12   1.000000e+02
1.545928e-02   2.013422e-12   1.000000e+02
1.560246e-02   2.487561e-12   1.000000e+02
1.574698e-02   3.075278e-12   1.000000e+02
1.589283e-02   3.804178e-12   1.000000e+02
1.604003e-02   4.708659e-12   1.000000e+02
1.618860e-02   5.831558e-12   1.000000e+02
1.633854e-02   7.226172e-12   1.000000e+02
1.648987e-02   8.958868e-12   1.000000e+02
1.664260e-02   1.111230e-11   1.000000e+02
1.679675e-02   1.378941e-11   1.000000e+02
1.695232e-02   1.711839e-11   1.000000e+02
1.710934e-02   2.125890e-11   1.000000e+02
1.726781e-02   2.640973e-11   1.000000e+02
1.742775e-02   3.281837e-11   1.000000e+02
1.758917e-02   4.079295e-11   1.000000e+02
1.775208e-02   5.071693e-11   1.000000e+02
1.791650e-02   6.306745e-11   1.000000e+02
1.808245e-02   7.843815e-11   1.000000e+02
1.824993e-02   9.756902e-11   1.000000e+02
1.841897e-02   1.213835e-10   1.000000e+02
1.858957e-02   1.510330e-10   1.000000e+02
1.876175e-02   1.879528e-10   1.000000e+02
1.893552e-02   2.339334e-10   1.000000e+02
1.911091e-02   2.912076e-10   1.000000e+02
1.928792e-02   3.625612e-10   1.000000e+02
1.946656e-02   4.514703e-10   1.000000e+02
1.964687e-02   5.622728e-10   1.000000e+02
1.982884e-02   7.003839e-10   1.000000e+02
2.001250e-02   8.725641e-10   1.000000e+02
2.019786e-02   1.087231e-09   1.000000e+02
2.038493e-02   1.354783e-09   1.000000e+02
2.057374e-02   1.688085e-09   1.000000e+02
2.076430e-02   2.103045e-09   1.000000e+02
2.095662e-02   2.619305e-09   1.000000e+02
2.115073e-02   3.261071e-09   1.000000e+02
2.134663e-02   4.058115e-09   1.000000e+02
2.154435e-02   5.046981e-09   1.000000e+02
2.174389e-02   6.272427e-09   1.000000e+02
2.194529e-02   7.789141e-09   1.000000e+02
2.214855e-02   9.663775e-09   1.000000e+02
2.235370e-02   1.197735e-08   1.000000e+02
2.256074e-02   1.482807e-08   1.000000e+02
2.276970e-02   1.833462e-08   1.000000e+02
2.298060e-02   2.263996e-08   1.000000e+02
2.319345e-02   2.791577e-08   1.000000e+02
2.340827e-02   3.436741e-08   1.000000e+02
2.362508e-02   4.223970e-08   1.000000e+02
2.384390e-02   5.182327e-08   1.000000e+02
2.406475e-02   6.346177e-08   1.000000e+02
2.428764e-02   7.755973e-08   1.000000e+02
2.451260e-02   9.459114e-08   1.000000e+02
2.473964e-02   1.151087e-07   1.000000e+02
2.496878e-02   1.397534e-07   1.000000e+02
2.520005e-02   1.692691e-07   1.000000e+02
2.543346e-02   2.045423e-07   1.000000e+02
2.566903e-02   2.466225e-07   1.000000e+02
2.590678e-02   2.967427e-07   1.000000e+02
2.614673e-02   3.563517e-07   1.000000e+02
2.638891e-02   4.271526e-07   1.000000e+02
2.663333e-02   5.111474e-07   1.000000e+02
2.688001e-02   6.106919e-07   1.000000e+02
2.712898e-02   7.285590e-07   1.000000e+02
2.738025e-02   8.680157e-07   1.000000e+02
2.763385e-02   1.032915e-06   1.000000e+02
2.788980e-02   1.227805e-06   1.000000e+02
2.814812e-02   1.458061e-06   1.000000e+02
2.840884e-02   1.730046e-06   1.000000e+02
2.867196e-02   2.051297e-06   1.000000e+02
2.893753e-02   2.430761e-06   1.000000e+02
2.920556e-02   2.879073e-06   1.000000e+02
2.947606e-02   3.408894e-06   1.000000e+02
2.974908e-02   4.035325e-06   1.000000e+02
3.002462e-02   4.776407e-06   1.000000e+02
3.030271e-02   5.652830e-06   1.000000e+02
3.058338e-02   6.685619e-06   1.000000e+02
3.086665e-02   7.896899e-06   1.000000e+02
3.115254e-02   9.309778e-06   1.000000e+02
3.144108e-02   1.094758e-05   1.000000e+02
3.173230e-02   1.283279e-05   1.000000e+02
3.202621e-02   1.498569e-05   1.000000e+02
3.232284e-02   1.742261e-05   1.000000e+02
3.262222e-02   2.015390e-05   1.000000e+02
3.292437e-02   2.318156e-05   1.000000e+02
3.322933e-02   2.649672e-05   1.000000e+02
3.353710e-02   3.007708e-05   1.000000e+02
3.384773e-02   3.388456e-05   1.000000e+02
3.416123e-02   3.786334e-05   1.000000e+02
3.447764e-02   4.193872e-05   1.000000e+02
3.479698e-02   4.601707e-05   1.000000e+02
3.511928e-02   4.998716e-05   1.000000e+02
3.544456e-02   5.372324e-05   1.000000e+02
3.577285e-02   5.708978e-05   1.000000e+02
3.610419e-02   5.994809e-05   1.000000e+02
3.643859e-02   6.216434e-05   1.000000e+02
3.677609e-02   6.361870e-05   1.000000e+02
3.711672e-02   6.421463e-05   1.000000e+02
3.746050e-02   6.388770e-05   1.000000e+02
3.780747e-02   6.261276e-05   1.000000e+02
3.815765e-02   6.040866e-05   1.000000e+02
3.851107e-02   5.733958e-05   1.000000e+02
3.886777e-02   5.351273e-05   1.000000e+02
3.922777e-02   4.907218e-05   1.000000e+02
3.959110e-02   4.418935e-05   1.000000e+02
3.995780e-02   3.905100e-05   1.000000e+02
4.032790e-02   3.385605e-05   1.000000e+02
4.070142e-02   2.883476e-05   1.000000e+02
4.107841e-02   2.417212e-05   1.000000e+02
4.145888e-02   1.998363e-05   1.000000e+02
4.184289e-02   1.632441e-05   1.000000e+02
4.223044e-02   1.320223e-05   1.000000e+02
4.262159e-02   1.059122e-05   1.000000e+02
4.301636e-02   8.444554e-06   1.000000e+02
4.341478e-02   6.704738e-06   1.000000e+02
4.381690e-02   5.311340e-06   1.000000e+02
4.422274e-02   4.206164e-06   1.000000e+02
4.463234e-02   3.336344e-06   1.000000e+02
4.504573e-02   2.655832e-06   1.000000e+02
4.546295e-02   2.125780e-06   1.000000e+02
4.588404e-02   1.714220e-06   1.000000e+02
4.630903e-02   1.395366e-06   1.000000e+02
4.673795e-02   1.148750e-06   1.000000e+02
4.717085e-02   9.583448e-07   1.000000e+02
4.760775e-02   8.117442e-07   1.000000e+02
4.804870e-02   6.994563e-07   1.000000e+02
4.849374e-02   6.143115e-07   1.000000e+02
4.894290e-02   5.509929e-07   1.000000e+02
4.939622e-02   5.056796e-07   1.000000e+02
4.985373e-02   4.757947e-07   1.000000e+02
5.031549e-02   4.597638e-07   1.000000e+02
5.078152e-02   4.560662e-07   1.000000e+02
5.125187e-02   4.635733e-07   1.000000e+02
5.172657e-02   4.819669e-07   1.000000e+02
5.220568e-02   5.116052e-07   1.000000e+02
5.268921e-02   5.534551e-07   1.000000e+02
5.317723e-02   6.090743e-07   1.000000e+02
5.366977e-02   6.806273e-07   1.000000e+02
5.416687e-02   7.709220e-07   1.000000e+02
5.466857e-02   8.834545e-07   1.000000e+02
5.517492e-02   1.022448e-06   1.000000e+02
5.568596e-02   1.192869e-06   1.000000e+02
5.620174e-02   1.400390e-06   1.000000e+02
5.672229e-02   1.651282e-06   1.000000e+02
5.724766e-02   1.952179e-06   1.000000e+02
5.777790e-02   2.309699e-06   1.000000e+02
5.831305e-02   2.729852e-06   1.000000e+02
5.885316e-02   3.217225e-06   1.000000e+02
5.939827e-02   3.773924e-06   1.000000e+02
5.994843e-02   4.398304e-06   1.000000e+02
6.050368e-02   5.085060e-06   1.000000e+02
6.106408e-02   5.832329e-06   1.000000e+02
6.162966e-02   6.639923e-06   1.000000e+02
6.220049e-02   7.507564e-06   1.000000e+02
6.277660e-02   8.435099e-06   1.000000e+02
6.335805e-02   9.422723e-06   1.000000e+02
6.394488e-02   1.047123e-05   1.000000e+02
6.453715e-02   1.158229e-05   1.000000e+02
6.513491e-02   1.275870e-05   1.000000e+02
6.573820e-02   1.400469e-05   1.000000e+02
6.634708e-02   1.532625e-05   1.000000e+02
6.696160e-02   1.673145e-05   1.000000e+02
6.758181e-02   1.823085e-05   1.000000e+02
6.820777e-02   1.983789e-05   1.000000e+02
6.883952e-02   2.156947e-05   1.000000e+02
6.947713e-02   2.344655e-05   1.000000e+02
7.012064e-02   2.549492e-05   1.000000e+02
7.077011e-02   2.774059e-05   1.000000e+02
7.142559e-02   3.020055e-05   1.000000e+02
7.208715e-02   3.289061e-05   1.000000e+02
7.275484e-02   3.582681e-05   1.000000e+02
7.342870e-02   3.902514e-05   1.000000e+02
7.410882e-02   4.250127e-05   1.000000e+02
7.479523e-02   4.627021e-05   1.000000e+02
7.548799e-02   5.034592e-05   1.000000e+02
7.618718e-02   5.474081e-05   1.000000e+02
7.689284e-02   5.946528e-05   1.000000e+02
7.760503e-02   6.452707e-05   1.000000e+02
7.832383e-02   6.993068e-05   1.000000e+02
7.904928e-02   7.567665e-05   1.000000e+02
7.978145e-02   8.176085e-05   1.000000e+02
8.052040e-02   8.817266e-05   1.000000e+02
8.126619e-02   9.488298e-05   1.000000e+02
8.201889e-02   1.018445e-04   1.000000e+02
8.277857e-02   1.089957e-04   1.000000e+02
8.354528e-02   1.162608e-04   1.000000e+02
8.431909e-02   1.235483e-04   1.000000e+02
8.510007e-02   1.307521e-04   1.000000e+02
8.588829e-02   1.377518e-04   1.000000e+02
8.668380e-02   1.444145e-04   1.000000e+02
8.748668e-02   1.505976e-04   1.000000e+02
8.829700e-02   1.561518e-04   1.000000e+02
8.911482e-02   1.609261e-04   1.000000e+02
8.994022e-02   1.647724e-04   1.000000e+02
9.077327e-02   1.675951e-04   1.000000e+02
9.161402e-02   1.695319e-04   1.000000e+02
9.246257e-02   1.708132e-04   1.000000e+02
9.331898e-02   1.716870e-04   1.000000e+02
9.418332e-02   1.724114e-04   1.000000e+02
9.505566e-02   1.732502e-04   1.000000e+02
9.593608e-02   1.744726e-04   1.000000e+02
9.682466e-02   1.763570e-04   1.000000e+02
9.772147e-02   1.791995e-04   1.000000e+02
9.862658e-02   1.833267e-04   1.000000e+02
9.954008e-02   1.891152e-04   1.000000e+02
1.004620e-01   1.970059e-04   1.000000e+02
1.013925e-01   2.072657e-04   1.000000e+02
1.023317e-01   2.199465e-04   1.000000e+02
1.032795e-01   2.351085e-04   1.000000e+02
1.042361e-01   2.528143e-04   1.000000e+02
1.052015e-01   2.731095e-04   1.000000e+02
1.061759e-01   2.960018e-04   1.000000e+02
1.071593e-01   3.214358e-04   1.000000e+02
1.081519e-01   3.492663e-04   1.000000e+02
1.091536e-01   3.792294e-04   1.000000e+02
1.101646e-01   4.109137e-04   1.000000e+02
1.111850e-01   4.439315e-04   1.000000e+02
1.122148e-01   4.782876e-04   1.000000e+02
1.132541e-01   5.140843e-04   1.000000e+02
1.143031e-01   5.514621e-04   1.000000e+02
1.153618e-01   5.906052e-04   1.000000e+02
1.164303e-01   6.317471e-04   1.000000e+02
1.175087e-01   6.751772e-04   1.000000e+02
1.185971e-01   7.212485e-04   1.000000e+02
1.196956e-01   7.703869e-04   1.000000e+02
1.208042e-01   8.230763e-04   1.000000e+02
1.219231e-01   8.796276e-04   1.000000e+02
1.230524e-01   9.402296e-04   1.000000e+02
1.241921e-01   1.005062e-03   1.000000e+02
1.253424e-01   1.074297e-03   1.000000e+02
1.265034e-01   1.148088e-03   1.000000e+02
1.276751e-01   1.226575e-03   1.000000e+02
1.288576e-01   1.309871e-03   1.000000e+02
1.300511e-01   1.398062e-03   1.000000e+02
1.312557e-01   1.491201e-03   1.000000e+02
1.324714e-01   1.589309e-03   1.000000e+02
1.336984e-01   1.692364e-03   1.000000e+02
1.349367e-01   1.800293e-03   1.000000e+02
1.361865e-01   1.912966e-03   1.000000e+02
1.374479e-01   2.030191e-03   1.000000e+02
1.387210e-01   2.151707e-03   1.000000e+02
1.400058e-01   2.277176e-03   1.000000e+02
1.413026e-01   2.406408e-03   1.000000e+02
1.426114e-01   2.540132e-03   1.000000e+02
1.439323e-01   2.679492e-03   1.000000e+02
1.452654e-01   2.825875e-03   1.000000e+02
1.466109e-01   2.980936e-03   1.000000e+02
1.479688e-01   3.146637e-03   1.000000e+02
1.493393e-01   3.325294e-03   1.000000e+02
1.507225e-01   3.519571e-03   1.000000e+02
1.521186e-01   3.731199e-03   1.000000e+02
1.535275e-01   3.960709e-03   1.000000e+02
1.549495e-01   4.208466e-03   1.000000e+02
1.563847e-01   4.474678e-03   1.000000e+02
1.578331e-01   4.759350e-03   1.000000e+02
1.592950e-01   5.062231e-03   1.000000e+02
1.607704e-01   5.382806e-03   1.000000e+02
1.622595e-01   5.721122e-03   1.000000e+02
1.637624e-01   6.077962e-03   1.000000e+02
1.652792e-01   6.454171e-03   1.000000e+02
1.668101e-01   6.850620e-03   1.000000e+02
1.683551e-01   7.268211e-03   1.000000e+02
1.699144e-01   7.707874e-03   1.000000e+02
1.714882e-01   8.170571e-03   1.000000e+02
1.730766e-01   8.657295e-03   1.000000e+02
1.746796e-01   9.169072e-03   1.000000e+02
1.762975e-01   9.706956e-03   1.000000e+02
1.779304e-01   1.027204e-02   1.000000e+02
1.795785e-01   1.086544e-02   1.000000e+02
1.812418e-01   1.148834e-02   1.000000e+02
1.829205e-01   1.214218e-02   1.000000e+02
1.846147e-01   1.282862e-02   1.000000e+02
1.863246e-01   1.354945e-02   1.000000e+02
1.880504e-01   1.430659e-02   1.000000e+02
1.897922e-01   1.510212e-02   1.000000e+02
1.915501e-01   1.593826e-02   1.000000e+02
1.933242e-01   1.681745e-02   1.000000e+02
1.951148e-01   1.774230e-02   1.000000e+02
1.969220e-01   1.871563e-02   1.000000e+02
1.987460e-01   1.974051e-02   1.000000e+02
2.005868e-01   2.082025e-02   1.000000e+02
2.024447e-01   2.195812e-02   1.000000e+02
2.043197e-01   2.315705e-02   1.000000e+02
2.062122e-01   2.442007e-02   1.000000e+02
2.081222e-01   2.575032e-02   1.000000e+02
2.100498e-01   2.715107e-02   1.000000e+02
2.119953e-01   2.862572e-02   1.000000e+02
2.139589e-01   3.017781e-02   1.000000e+02
2.159406e-01   3.181099e-02   1.000000e+02
2.179407e-01   3.352907e-02   1.000000e+02
2.199593e-01   3.533598e-02   1.000000e+02
2.219966e-01   3.723579e-02   1.000000e+02
2.240528e-01   3.923272e-02   1.000000e+02
2.261280e-01   4.133113e-02   1.000000e+02
2.282224e-01   4.353550e-02   1.000000e+02
2.303363e-01   4.585048e-02   1.000000e+02
2.324697e-01   4.828083e-02   1.000000e+02
2.346229e-01   5.083146e-02   1.000000e+02
2.367960e-01   5.350744e-02   1.000000e+02
2.389893e-01   5.631394e-02   1.000000e+02
2.412028e-01   5.925627e-02   1.000000e+02
2.434369e-01   6.233989e-02   1.000000e+02
2.456916e-01   6.557034e-02   1.000000e+02
2.479673e-01   6.895333e-02   1.000000e+02
2.502640e-01   7.249463e-02   1.000000e+02
2.525820e-01   7.620038e-02   1.000000e+02
2.549215e-01   8.007748e-02   1.000000e+02
2.572826e-01   8.413325e-02   1.000000e+02
2.596656e-01   8.837531e-02   1.000000e+02
2.620707e-01   9.281159e-02   1.000000e+02
2.644980e-01   9.745036e-02   1.000000e+02
2.669478e-01   1.023002e-01   1.000000e+02
2.694204e-01   1.073702e-01   1.000000e+02
2.719158e-01   1.126696e-01   1.000000e+02
2.744343e-01   1.182083e-01   1.000000e+02
2.769762e-01   1.239963e-01   1.000000e+02
2.795416e-01   1.300444e-01   1.000000e+02
2.821308e-01   1.363636e-01   1.000000e+02
2.847439e-01   1.429655e-01   1.000000e+02
2.873813e-01   1.498621e-01   1.000000e+02
2.900430e-01   1.570660e-01   1.000000e+02
2.927295e-01   1.645904e-01   1.000000e+02
2.954408e-01   1.724490e-01   1.000000e+02
2.981772e-01   1.806562e-01   1.000000e+02
3.009390e-01   1.892268e-01   1.000000e+02
3.037264e-01   1.981760e-01   1.000000e+02
3.065395e-01   2.075181e-01   1.000000e+02
3.093788e-01   2.172679e-01   1.000000e+02
3.122443e-01   2.274408e-01   1.000000e+02
3.151363e-01   2.380523e-01   1.000000e+02
3.180552e-01   2.491183e-01   1.000000e+02
3.210011e-01   2.606551e-01   1.000000e+02
3.239743e-01   2.726796e-01   1.000000e+02
3.269750e-01   2.852086e-01   1.000000e+02
3.300035e-01   2.982598e-01   1.000000e+02
3.330600e-01   3.118507e-01   1.000000e+02
3.361449e-01   3.259996e-01   1.000000e+02
3.392583e-01   3.407248e-01   1.000000e+02
3.424006e-01   3.560451e-01   1.000000e+02
3.455720e-01   3.719794e-01   1.000000e+02
3.487727e-01   3.885471e-01   1.000000e+02
3.520031e-01   4.057679e-01   1.000000e+02
3.552635e-01   4.236648e-01   1.000000e+02
3.585540e-01   4.422639e-01   1.000000e+02
3.618750e-01   4.615926e-01   1.000000e+02
3.652267e-01   4.816794e-01   1.000000e+02
3.686095e-01   5.025544e-01   1.000000e+02
3.720237e-01   5.242490e-01   1.000000e+02
3.754694e-01   5.467961e-01   1.000000e+02
3.789471e-01   5.702304e-01   1.000000e+02
3.824570e-01   5.945880e-01   1.000000e+02
3.859994e-01   6.199070e-01   1.000000e+02
3.895746e-01   6.462274e-01   1.000000e+02
3.931829e-01   6.735911e-01   1.000000e+02
3.968246e-01   7.020423e-01   1.000000e+02
4.005001e-01   7.316275e-01   1.000000e+02
4.042096e-01   7.623914e-01   1.000000e+02
4.079535e-01   7.943698e-01   1.000000e+02
4.117320e-01   8.275969e-01   1.000000e+02
4.155455e-01   8.621065e-01   1.000000e+02
4.193944e-01   8.979318e-01   1.000000e+02
4.232789e-01   9.351060e-01   1.000000e+02
4.271994e-01   9.736610e-01   1.000000e+02
4.311562e-01   1.013629e+00   1.000000e+02
4.351497e-01   1.055039e+00   1.000000e+02
4.391801e-01   1.097921e+00   1.000000e+02
4.432479e-01   1.142304e+00   1.000000e+02
4.473533e-01   1.188214e+00   1.000000e+02
4.514968e-01   1.235675e+00   1.000000e+02
4.556786e-01   1.284723e+00   1.000000e+02
4.598992e-01   1.335413e+00   1.000000e+02
4.641589e-01   1.387804e+00   1.000000e+02
4.684580e-01   1.441958e+00   1.000000e+02
4.727970e-01   1.497939e+00   1.000000e+02
4.771761e-01   1.555818e+00   1.000000e+02
4.815958e-01   1.615667e+00   1.000000e+02
4.860564e-01   1.677563e+00   1.000000e+02
4.905584e-01   1.741587e+00   1.000000e+02
4.951020e-01   1.807826e+00   1.000000e+02
4.996877e-01   1.876370e+00   1.000000e+02
5.043159e-01   1.947312e+00   1.000000e+02
5.089870e-01   2.020727e+00   1.000000e+02
5.137014e-01   2.096690e+00   1.000000e+02
5.184594e-01   2.175272e+00   1.000000e+02
5.232614e-01   2.256550e+00   1.000000e+02
5.281080e-01   2.340598e+00   1.000000e+02
5.329994e-01   2.427494e+00   1.000000e+02
5.379362e-01   2.517317e+00   1.000000e+02
5.429186e-01   2.610146e+00   1.000000e+02
5.479472e-01   2.706061e+00   1.000000e+02
5.530224e-01   2.805145e+00   1.000000e+02
5.581446e-01   2.907479e+00   1.000000e+02
5.633143e-01   3.013148e+00   1.000000e+02
5.685318e-01   3.122235e+00   1.000000e+02
5.737976e-01   3.234827e+00   1.000000e+02
5.791123e-01   3.351007e+00   1.000000e+02
5.844761e-01   3.470863e+00   1.000000e+02
5.898896e-01   3.594482e+00   1.000000e+02
5.953533e-01   3.721952e+00   1.000000e+02
6.008676e-01   3.853359e+00   1.000000e+02
6.064329e-01   3.988795e+00   1.000000e+02
6.120498e-01   4.128365e+00   1.000000e+02
6.177188e-01   4.272176e+00   1.000000e+02
6.234402e-01   4.420336e+00   1.000000e+02
6.292146e-01   4.572959e+00   1.000000e+02
6.350425e-01   4.730158e+00   1.000000e+02
6.409244e-01   4.892051e+00   1.000000e+02
6.468608e-01   5.058758e+00   1.000000e+02
6.528521e-01   5.230401e+00   1.000000e+02
6.588990e-01   5.407104e+00   1.000000e+02
6.650018e-01   5.588996e+00   1.000000e+02
6.711612e-01   5.776208e+00   1.000000e+02
6.773776e-01   5.968872e+00   1.000000e+02
6.836516e-01   6.167126e+00   1.000000e+02
6.899837e-01   6.371108e+00   1.000000e+02
6.963745e-01   6.580963e+00   1.000000e+02
7.028244e-01   6.796835e+00   1.000000e+02
7.093341e-01   7.018869e+00   1.000000e+02
7.159041e-01   7.247209e+00   1.000000e+02
7.225349e-01   7.481999e+00   1.000000e+02
7.292272e-01   7.723386e+00   1.000000e+02
7.359814e-01   7.971520e+00   1.000000e+02
7.427982e-01   8.226553e+00   1.000000e+02
7.496782e-01   8.488637e+00   1.000000e+02
7.566219e-01   8.757929e+00   1.000000e+02
7.636298e-01   9.034587e+00   1.000000e+02
7.707027e-01   9.318770e+00   1.000000e+02
7.778411e-01   9.610641e+00   1.000000e+02
7.850456e-01   9.910365e+00   1.000000e+02
7.923169e-01   1.021811e+01   1.000000e+02
7.996555e-01   1.053404e+01   1.000000e+02
8.070620e-01   1.085832e+01   1.000000e+02
8.145372e-01   1.119114e+01   1.000000e+02
8.220816e-01   1.153267e+01   1.000000e+02
8.296959e-01   1.188309e+01   1.000000e+02
8.373807e-01   1.224259e+01   1.000000e+02
8.451366e-01   1.261134e+01   1.000000e+02
8.529644e-01   1.298954e+01   1.000000e+02
8.608648e-01   1.337738e+01   1.000000e+02
8.688383e-01   1.377504e+01   1.000000e+02
8.768856e-01   1.418272e+01   1.000000e+02
8.850075e-01   1.460063e+01   1.000000e+02
8.932046e-01   1.502895e+01   1.000000e+02
9.014776e-01   1.546789e+01   1.000000e+02
9.098273e-01   1.591765e+01   1.000000e+02
9.182543e-01   1.637843e+01   1.000000e+02
9.267593e-01   1.685044e+01   1.000000e+02
9.353432e-01   1.733388e+01   1.000000e+02
9.440065e-01   1.782896e+01   1.000000e+02
9.527500e-01   1.833589e+01   1.000000e+02
9.615746e-01   1.885487e+01   1.000000e+02
9.704809e-01   1.938612e+01   1.000000e+02
9.794697e-01   1.992986e+01   1.000000e+02
9.885417e-01   2.048628e+01   1.000000e+02
9.976978e-01   2.105562e+01   1.000000e+02
1.006939e+00   2.163809e+01   1.000000e+02
1.016265e+00   2.223390e+01   1.000000e+02
1.025678e+00   2.284329e+01   1.000000e+02
1.035178e+00   2.346648e+01   1.000000e+02
1.044766e+00   2.410370e+01   1.000000e+02
1.054443e+00   2.475518e+01   1.000000e+02
1.064209e+00   2.542114e+01   1.000000e+02
1.074066e+00   2.610182e+01   1.000000e+02
1.084014e+00   2.679746e+01   1.000000e+02
1.094055e+00   2.750828e+01   1.000000e+02
1.104188e+00   2.823453e+01   1.000000e+02
1.114415e+00   2.897644e+01   1.000000e+02
1.124737e+00   2.973425e+01   1.000000e+02
1.135155e+00   3.050820e+01   1.000000e+02
1.145669e+00   3.129853e+01   1.000000e+02
1.156280e+00   3.210548e+01   1.000000e+02
1.166990e+00   3.292930e+01   1.000000e+02
1.177799e+00   3.377022e+01   1.000000e+02
1.188708e+00   3.462850e+01   1.000000e+02
1.199718e+00   3.550438e+01   1.000000e+02
1.210830e+00   3.639810e+01   1.000000e+02
1.222045e+00   3.730990e+01   1.000000e+02
1.233363e+00   3.824005e+01   1.000000e+02
1.244787e+00   3.918878e+01   1.000000e+02
1.256317e+00   4.015634e+01   1.000000e+02
1.267953e+00   4.114304e+01   1.000000e+02
1.279697e+00   4.214922e+01   1.000000e+02
1.291550e+00   4.317526e+01   1.000000e+02
1.303512e+00   4.422152e+01   1.000000e+02
1.315586e+00   4.528839e+01   1.000000e+02
1.327771e+00   4.637628e+01   1.000000e+02
1.340069e+00   4.748557e+01   1.000000e+02
1.352481e+00   4.861671e+01   1.000000e+02
1.365008e+00   4.977012e+01   1.000000e+02
1.377651e+00   5.094625e+01   1.000000e+02
1.390411e+00   5.214557e+01   1.000000e+02
1.403289e+00   5.336854e+01   1.000000e+02
1.416287e+00   5.461566e+01   1.000000e+02
1.429405e+00   5.588743e+01   1.000000e+02
1.442644e+00   5.718438e+01   1.000000e+02
1.456006e+00   5.850705e+01   1.000000e+02
1.469492e+00   5.985600e+01   1.000000e+02
1.483103e+00   6.123179e+01   1.000000e+02
1.496839e+00   6.263503e+01   1.000000e+02
1.510703e+00   6.406627e+01   1.000000e+02
1.524696e+00   6.552567e+01   1.000000e+02
1.538818e+00   6.701316e+01   1.000000e+02
1.553071e+00   6.852859e+01   1.000000e+02
1.567455e+00   7.007182e+01   1.000000e+02
1.581973e+00   7.164262e+01   1.000000e+02
1.596626e+00   7.324072e+01   1.000000e+02
1.611414e+00   7.486581e+01   1.000000e+02
1.626340e+00   7.651752e+01   1.000000e+02
1.641403e+00   7.819542e+01   1.000000e+02
1.656606e+00   7.989901e+01   1.000000e+02
1.671950e+00   8.162776e+01   1.000000e+02
1.687436e+00   8.338104e+01   1.000000e+02
1.703065e+00   8.515819e+01   1.000000e+02
1.718839e+00   8.695845e+01   1.000000e+02
1.734759e+00   8.878102e+01   1.000000e+02
1.750827e+00   9.062501e+01   1.000000e+02
1.767044e+00   9.248977e+01   1.000000e+02
1.783410e+00   9.437575e+01   1.000000e+02
1.799929e+00   9.628366e+01   1.000000e+02
1.816600e+00   9.821429e+01   1.000000e+02
1.833425e+00   1.001685e+02   1.000000e+02
1.850407e+00   1.021472e+02   1.000000e+02
1.867546e+00   1.041513e+02   1.000000e+02
1.884843e+00   1.061819e+02   1.000000e+02
1.902301e+00   1.082402e+02   1.000000e+02
1.919921e+00   1.103273e+02   1.000000e+02
1.937703e+00   1.124446e+02   1.000000e+02
1.955651e+00   1.145933e+02   1.000000e+02
1.973764e+00   1.167749e+02   1.000000e+02
1.992046e+00   1.189910e+02   1.000000e+02
2.010496e+00   1.212432e+02   1.000000e+02
2.029118e+00   1.235322e+02   1.000000e+02
2.047912e+00   1.258583e+02   1.000000e+02
2.066880e+00   1.282217e+02   1.000000e+02
2.086024e+00   1.306226e+02   1.000000e+02
2.105345e+00   1.330609e+02   1.000000e+02
2.124845e+00   1.355370e+02   1.000000e+02
2.144526e+00   1.380508e+02   1.000000e+02
2.164389e+00   1.406024e+02   1.000000e+02
2.184436e+00   1.431919e+02   1.000000e+02
2.204669e+00   1.458192e+02   1.000000e+02
2.225089e+00   1.484844e+02   1.000000e+02
2.245698e+00   1.511874e+02   1.000000e+02
2.266498e+00   1.539282e+02   1.000000e+02
2.287491e+00   1.567067e+02   1.000000e+02
2.308678e+00   1.595227e+02   1.000000e+02
2.330061e+00   1.623761e+02   1.000000e+02
2.351643e+00   1.652667e+02   1.000000e+02
2.373424e+00   1.681943e+02   1.000000e+02
2.395407e+00   1.711586e+02   1.000000e+02
2.417594e+00   1.741593e+02   1.000000e+02
2.439986e+00   1.771962e+02   1.000000e+02
2.462586e+00   1.802687e+02   1.000000e+02
2.485395e+00   1.833767e+02   1.000000e+02
2.508415e+00   1.865195e+02   1.000000e+02
2.531648e+00   1.896971e+02   1.000000e+02
2.555097e+00   1.929095e+02   1.000000e+02
2.578763e+00   1.961571e+02   1.000000e+02
2.602648e+00   1.994400e+02   1.000000e+02
2.626754e+00   2.027586e+02   1.000000e+02
2.651084e+00   2.061129e+02   1.000000e+02
2.675638e+00   2.095033e+02   1.000000e+02
2.700421e+00   2.129301e+02   1.000000e+02
2.725433e+00   2.163935e+02   1.000000e+02
2.750676e+00   2.198937e+02   1.000000e+02
2.776153e+00   2.234312e+02   1.000000e+02
2.801867e+00   2.270061e+02   1.000000e+02
2.827818e+00   2.306188e+02   1.000000e+02
2.854010e+00   2.342696e+02   1.000000e+02
2.880444e+00   2.379589e+02   1.000000e+02
2.907123e+00   2.416869e+02   1.000000e+02
2.934050e+00   2.454541e+02   1.000000e+02
2.961225e+00   2.492608e+02   1.000000e+02
2.988653e+00   2.531073e+02   1.000000e+02
3.016334e+00   2.569941e+02   1.000000e+02
3.044272e+00   2.609213e+02   1.000000e+02
3.072469e+00   2.648891e+02   1.000000e+02
3.100927e+00   2.688975e+02   1.000000e+02
3.129648e+00   2.729465e+02   1.000000e+02
3.158635e+00   2.770362e+02   1.000000e+02
3.187891e+00   2.811666e+02   1.000000e+02
3.217418e+00   2.853377e+02   1.000000e+02
3.247218e+00   2.895497e+02   1.000000e+02
3.277295e+00   2.938024e+02   1.000000e+02
3.307650e+00   2.980958e+02   1.000000e+02
3.338286e+00   3.024301e+02   1.000000e+02
3.369206e+00   3.068051e+02   1.000000e+02
3.400412e+00   3.112209e+02   1.000000e+02
3.431907e+00   3.156774e+02   1.000000e+02
3.463694e+00   3.201747e+02   1.000000e+02
3.495776e+00   3.247126e+02   1.000000e+02
3.528154e+00   3.292911e+02   1.000000e+02
3.560833e+00   3.339103e+02   1.000000e+02
3.593814e+00   3.385703e+02   1.000000e+02
3.627100e+00   3.432712e+02   1.000000e+02
3.660695e+00   3.480132e+02   1.000000e+02
3.694601e+00   3.527962e+02   1.000000e+02
3.728821e+00   3.576206e+02   1.000000e+02
3.763358e+00   3.624862e+02   1.000000e+02
3.798215e+00   3.673934e+02   1.000000e+02
3.833395e+00   3.723421e+02   1.000000e+02
3.868901e+00   3.773325e+02   1.000000e+02
3.904735e+00   3.823648e+02   1.000000e+02
3.940902e+00   3.874390e+02   1.000000e+02
3.977403e+00   3.925552e+02   1.000000e+02
4.014242e+00   3.977137e+02   1.000000e+02
4.051423e+00   4.029145e+02   1.000000e+02
4.088948e+00   4.081576e+02   1.000000e+02
4.126821e+00   4.134433e+02   1.000000e+02
4.165044e+00   4.187715e+02   1.000000e+02
4.203622e+00   4.241423e+02   1.000000e+02
4.242556e+00   4.295559e+02   1.000000e+02
4.281852e+00   4.350123e+02   1.000000e+02
4.321511e+00   4.405116e+02   1.000000e+02
4.361538e+00   4.460539e+02   1.000000e+02
4.401935e+00   4.516393e+02   1.000000e+02
4.442707e+00   4.572679e+02   1.000000e+02
4.483856e+00   4.629397e+02   1.000000e+02
4.525386e+00   4.686549e+02   1.000000e+02
4.567301e+00   4.744136e+02   1.000000e+02
4.609604e+00   4.802158e+02   1.000000e+02
4.652300e+00   4.860616e+02   1.000000e+02
4.695390e+00   4.919513e+02   1.000000e+02
4.738880e+00   4.978848e+02   1.000000e+02
4.782772e+00   5.038622e+02   1.000000e+02
4.827071e+00   5.098838e+02   1.000000e+02
4.871780e+00   5.159495e+02   1.000000e+02
4.916904e+00   5.220596e+02   1.000000e+02
4.962445e+00   5.282140e+02   1.000000e+02
5.008408e+00   5.344130e+02   1.000000e+02
5.054797e+00   5.406567e+02   1.000000e+02
5.101615e+00   5.469452e+02   1.000000e+02
5.148867e+00   5.532786e+02   1.000000e+02
5.196557e+00   5.596571e+02   1.000000e+02
5.244689e+00   5.660809e+02   1.000000e+02
5.293266e+00   5.725501e+02   1.000000e+02
5.342293e+00   5.790648e+02   1.000000e+02
5.391775e+00   5.856252e+02   1.000000e+02
5.441714e+00   5.922315e+02   1.000000e+02
5.492116e+00   5.988839e+02   1.000000e+02
5.542986e+00   6.055826e+02   1.000000e+02
5.594326e+00   6.123276e+02   1.000000e+02
5.646141e+00   6.191193e+02   1.000000e+02
5.698437e+00   6.259577e+02   1.000000e+02
5.751217e+00   6.328432e+02   1.000000e+02
5.804486e+00   6.397759e+02   1.000000e+02
5.858248e+00   6.467560e+02   1.000000e+02
5.912508e+00   6.537838e+02   1.000000e+02
5.967271e+00   6.608595e+02   1.000000e+02
6.022541e+00   6.679832e+02   1.000000e+02
6.078323e+00   6.751553e+02   1.000000e+02
6.134622e+00   6.823758e+02   1.000000e+02
6.191442e+00   6.896450e+02   1.000000e+02
6.248788e+00   6.969629e+02   1.000000e+02
6.306666e+00   7.043299e+02   1.000000e+02
6.365079e+00   7.117459e+02   1.000000e+02
6.424034e+00   7.192112e+02   1.000000e+02
6.483534e+00   7.267261e+02   1.000000e+02
6.543586e+00   7.342906e+02   1.000000e+02
6.604194e+00   7.419050e+02   1.000000e+02
6.665363e+00   7.495694e+02   1.000000e+02
6.727099e+00   7.572841e+02   1.000000e+02
6.789407e+00   7.650492e+02   1.000000e+02
6.852292e+00   7.728650e+02   1.000000e+02
6.915759e+00   7.807316e+02   1.000000e+02
6.979814e+00   7.886493e+02   1.000000e+02
7.044462e+00   7.966184e+02   1.000000e+02
7.109709e+00   8.046389e+02   1.000000e+02
7.175561e+00   8.127109e+02   1.000000e+02
7.242022e+00   8.208347e+02   1.000000e+02
7.309099e+00   8.290102e+02   1.000000e+02
7.376798e+00   8.372377e+02   1.000000e+02
7.445123e+00   8.455173e+02   1.000000e+02
7.514081e+00   8.538490e+02   1.000000e+02
7.583678e+00   8.622330e+02   1.000000e+02
7.653919e+00   8.706695e+02   1.000000e+02
7.724811e+00   8.791586e+02   1.000000e+02
7.796360e+00   8.877003e+02   1.000000e+02
7.868572e+00   8.962948e+02   1.000000e+02
7.941452e+00   9.049423e+02   1.000000e+02
8.015007e+00   9.136429e+02   1.000000e+02
8.089243e+00   9.223967e+02   1.000000e+02
8.164168e+00   9.312034e+02   1.000000e+02
8.239786e+00   9.400630e+02   1.000000e+02
8.316104e+00   9.489752e+02   1.000000e+02
8.393129e+00   9.579398e+02   1.000000e+02
8.470868e+00   9.669567e+02   1.000000e+02
8.549327e+00   9.760256e+02   1.000000e+02
8.628513e+00   9.851464e+02   1.000000e+02
8.708431e+00   9.943187e+02   1.000000e+02
8.789091e+00   1.003542e+03   1.000000e+02
8.870497e+00   1.012817e+03   1.000000e+02
8.952657e+00   1.022142e+03   1.000000e+02
9.035578e+00   1.031518e+03   1.000000e+02
9.119268e+00   1.040945e+03   1.000000e+02
9.203732e+00   1.050421e+03   1.000000e+02
9.288979e+00   1.059947e+03   1.000000e+02
9.375015e+00   1.069522e+03   1.000000e+02
9.461848e+00   1.079146e+03   1.000000e+02
9.549486e+00   1.088819e+03   1.000000e+02
9.637935e+00   1.098540e+03   1.000000e+02
9.727203e+00   1.108309e+03   1.000000e+02
9.817298e+00   1.118126e+03   1.000000e+02
9.908228e+00   1.127989e+03   1.000000e+02
1.000000e+01   1.137900e+03   1.000000e+02
