# Li6 + n > t + a   [Li6_n__t_a]   ref=Caughlan& Fowler 1988
# forward[T9] = With[{T9A=T9/(1.+49.18*T9)},With[{ T9A32=T9A^(3./2.),T932=T9^(3/2)}, (1.80*^+8*(1.-.261*T9A32/T932)*.935+2.72*^9/T932*Exp[(55.494-57.884)/T9]*.935) ]]   uncertainty factor f = 3
# T9                 rate                error
1.000000e-03   1.274258e+08   3.000000e+00
1.009262e-03   1.274524e+08   3.000000e+00
1.018610e-03   1.274792e+08   3.000000e+00
1.028045e-03   1.275062e+08   3.000000e+00
1.037567e-03   1.275335e+08   3.000000e+00
1.047177e-03   1.275610e+08   3.000000e+00
1.056876e-03   1.275887e+08   3.000000e+00
1.066665e-03   1.276166e+08   3.000000e+00
1.076545e-03   1.276448e+08   3.000000e+00
1.086516e-03   1.276732e+08   3.000000e+00
1.096579e-03   1.277018e+08   3.000000e+00
1.106736e-03   1.277306e+08   3.000000e+00
1.116987e-03   1.277597e+08   3.000000e+00
1.127333e-03   1.277890e+08   3.000000e+00
1.137774e-03   1.278186e+08   3.000000e+00
1.148312e-03   1.278483e+08   3.000000e+00
1.158948e-03   1.278784e+08   3.000000e+00
1.169683e-03   1.279086e+08   3.000000e+00
1.180517e-03   1.279391e+08   3.000000e+00
1.191451e-03   1.279699e+08   3.000000e+00
1.202486e-03   1.280009e+08   3.000000e+00
1.213624e-03   1.280321e+08   3.000000e+00
1.224865e-03   1.280636e+08   3.000000e+00
1.236210e-03   1.280953e+08   3.000000e+00
1.247660e-03   1.281273e+08   3.000000e+00
1.259216e-03   1.281596e+08   3.000000e+00
1.270879e-03   1.281921e+08   3.000000e+00
1.282650e-03   1.282248e+08   3.000000e+00
1.294530e-03   1.282579e+08   3.000000e+00
1.306520e-03   1.282911e+08   3.000000e+00
1.318621e-03   1.283247e+08   3.000000e+00
1.330835e-03   1.283585e+08   3.000000e+00
1.343161e-03   1.283925e+08   3.000000e+00
1.355602e-03   1.284269e+08   3.000000e+00
1.368158e-03   1.284615e+08   3.000000e+00
1.380830e-03   1.284963e+08   3.000000e+00
1.393619e-03   1.285315e+08   3.000000e+00
1.406527e-03   1.285669e+08   3.000000e+00
1.419555e-03   1.286026e+08   3.000000e+00
1.432703e-03   1.286385e+08   3.000000e+00
1.445973e-03   1.286748e+08   3.000000e+00
1.459366e-03   1.287113e+08   3.000000e+00
1.472883e-03   1.287481e+08   3.000000e+00
1.486525e-03   1.287852e+08   3.000000e+00
1.500293e-03   1.288226e+08   3.000000e+00
1.514189e-03   1.288602e+08   3.000000e+00
1.528214e-03   1.288982e+08   3.000000e+00
1.542369e-03   1.289364e+08   3.000000e+00
1.556654e-03   1.289749e+08   3.000000e+00
1.571072e-03   1.290137e+08   3.000000e+00
1.585624e-03   1.290529e+08   3.000000e+00
1.600310e-03   1.290923e+08   3.000000e+00
1.615133e-03   1.291320e+08   3.000000e+00
1.630092e-03   1.291720e+08   3.000000e+00
1.645191e-03   1.292123e+08   3.000000e+00
1.660429e-03   1.292529e+08   3.000000e+00
1.675808e-03   1.292938e+08   3.000000e+00
1.691330e-03   1.293351e+08   3.000000e+00
1.706995e-03   1.293766e+08   3.000000e+00
1.722805e-03   1.294184e+08   3.000000e+00
1.738762e-03   1.294606e+08   3.000000e+00
1.754867e-03   1.295031e+08   3.000000e+00
1.771121e-03   1.295459e+08   3.000000e+00
1.787526e-03   1.295890e+08   3.000000e+00
1.804082e-03   1.296324e+08   3.000000e+00
1.820792e-03   1.296761e+08   3.000000e+00
1.837656e-03   1.297202e+08   3.000000e+00
1.854677e-03   1.297646e+08   3.000000e+00
1.871855e-03   1.298093e+08   3.000000e+00
1.889193e-03   1.298543e+08   3.000000e+00
1.906691e-03   1.298997e+08   3.000000e+00
1.924351e-03   1.299454e+08   3.000000e+00
1.942175e-03   1.299914e+08   3.000000e+00
1.960163e-03   1.300377e+08   3.000000e+00
1.978319e-03   1.300844e+08   3.000000e+00
1.996642e-03   1.301315e+08   3.000000e+00
2.015136e-03   1.301788e+08   3.000000e+00
2.033800e-03   1.302265e+08   3.000000e+00
2.052638e-03   1.302746e+08   3.000000e+00
2.071650e-03   1.303230e+08   3.000000e+00
2.090838e-03   1.303717e+08   3.000000e+00
2.110203e-03   1.304208e+08   3.000000e+00
2.129749e-03   1.304702e+08   3.000000e+00
2.149475e-03   1.305200e+08   3.000000e+00
2.169384e-03   1.305701e+08   3.000000e+00
2.189477e-03   1.306206e+08   3.000000e+00
2.209756e-03   1.306714e+08   3.000000e+00
2.230223e-03   1.307226e+08   3.000000e+00
2.250880e-03   1.307742e+08   3.000000e+00
2.271728e-03   1.308261e+08   3.000000e+00
2.292769e-03   1.308783e+08   3.000000e+00
2.314005e-03   1.309309e+08   3.000000e+00
2.335438e-03   1.309839e+08   3.000000e+00
2.357069e-03   1.310373e+08   3.000000e+00
2.378901e-03   1.310910e+08   3.000000e+00
2.400935e-03   1.311451e+08   3.000000e+00
2.423173e-03   1.311995e+08   3.000000e+00
2.445617e-03   1.312543e+08   3.000000e+00
2.468268e-03   1.313095e+08   3.000000e+00
2.491130e-03   1.313651e+08   3.000000e+00
2.514203e-03   1.314210e+08   3.000000e+00
2.537490e-03   1.314773e+08   3.000000e+00
2.560993e-03   1.315340e+08   3.000000e+00
2.584714e-03   1.315911e+08   3.000000e+00
2.608654e-03   1.316485e+08   3.000000e+00
2.632815e-03   1.317063e+08   3.000000e+00
2.657201e-03   1.317646e+08   3.000000e+00
2.681813e-03   1.318231e+08   3.000000e+00
2.706652e-03   1.318821e+08   3.000000e+00
2.731722e-03   1.319415e+08   3.000000e+00
2.757023e-03   1.320012e+08   3.000000e+00
2.782559e-03   1.320613e+08   3.000000e+00
2.808332e-03   1.321219e+08   3.000000e+00
2.834343e-03   1.321828e+08   3.000000e+00
2.860596e-03   1.322441e+08   3.000000e+00
2.887091e-03   1.323058e+08   3.000000e+00
2.913832e-03   1.323679e+08   3.000000e+00
2.940820e-03   1.324303e+08   3.000000e+00
2.968059e-03   1.324932e+08   3.000000e+00
2.995549e-03   1.325565e+08   3.000000e+00
3.023295e-03   1.326202e+08   3.000000e+00
3.051297e-03   1.326842e+08   3.000000e+00
3.079559e-03   1.327487e+08   3.000000e+00
3.108082e-03   1.328136e+08   3.000000e+00
3.136870e-03   1.328788e+08   3.000000e+00
3.165924e-03   1.329445e+08   3.000000e+00
3.195248e-03   1.330106e+08   3.000000e+00
3.224842e-03   1.330771e+08   3.000000e+00
3.254712e-03   1.331439e+08   3.000000e+00
3.284857e-03   1.332112e+08   3.000000e+00
3.315282e-03   1.332789e+08   3.000000e+00
3.345989e-03   1.333470e+08   3.000000e+00
3.376980e-03   1.334155e+08   3.000000e+00
3.408259e-03   1.334844e+08   3.000000e+00
3.439826e-03   1.335538e+08   3.000000e+00
3.471687e-03   1.336235e+08   3.000000e+00
3.503842e-03   1.336936e+08   3.000000e+00
3.536296e-03   1.337642e+08   3.000000e+00
3.569049e-03   1.338352e+08   3.000000e+00
3.602107e-03   1.339065e+08   3.000000e+00
3.635470e-03   1.339783e+08   3.000000e+00
3.669142e-03   1.340505e+08   3.000000e+00
3.703127e-03   1.341231e+08   3.000000e+00
3.737426e-03   1.341961e+08   3.000000e+00
3.772042e-03   1.342696e+08   3.000000e+00
3.806980e-03   1.343434e+08   3.000000e+00
3.842241e-03   1.344177e+08   3.000000e+00
3.877828e-03   1.344924e+08   3.000000e+00
3.913746e-03   1.345675e+08   3.000000e+00
3.949995e-03   1.346430e+08   3.000000e+00
3.986581e-03   1.347189e+08   3.000000e+00
4.023506e-03   1.347952e+08   3.000000e+00
4.060772e-03   1.348720e+08   3.000000e+00
4.098384e-03   1.349491e+08   3.000000e+00
4.136344e-03   1.350267e+08   3.000000e+00
4.174655e-03   1.351047e+08   3.000000e+00
4.213322e-03   1.351831e+08   3.000000e+00
4.252346e-03   1.352619e+08   3.000000e+00
4.291732e-03   1.353411e+08   3.000000e+00
4.331483e-03   1.354208e+08   3.000000e+00
4.371602e-03   1.355008e+08   3.000000e+00
4.412093e-03   1.355813e+08   3.000000e+00
4.452959e-03   1.356622e+08   3.000000e+00
4.494203e-03   1.357435e+08   3.000000e+00
4.535829e-03   1.358252e+08   3.000000e+00
4.577841e-03   1.359073e+08   3.000000e+00
4.620241e-03   1.359898e+08   3.000000e+00
4.663035e-03   1.360728e+08   3.000000e+00
4.706225e-03   1.361561e+08   3.000000e+00
4.749815e-03   1.362399e+08   3.000000e+00
4.793808e-03   1.363240e+08   3.000000e+00
4.838210e-03   1.364086e+08   3.000000e+00
4.883022e-03   1.364936e+08   3.000000e+00
4.928250e-03   1.365790e+08   3.000000e+00
4.973896e-03   1.366647e+08   3.000000e+00
5.019965e-03   1.367509e+08   3.000000e+00
5.066461e-03   1.368375e+08   3.000000e+00
5.113388e-03   1.369245e+08   3.000000e+00
5.160749e-03   1.370119e+08   3.000000e+00
5.208549e-03   1.370997e+08   3.000000e+00
5.256791e-03   1.371879e+08   3.000000e+00
5.305481e-03   1.372764e+08   3.000000e+00
5.354621e-03   1.373654e+08   3.000000e+00
5.404216e-03   1.374548e+08   3.000000e+00
5.454271e-03   1.375446e+08   3.000000e+00
5.504790e-03   1.376347e+08   3.000000e+00
5.555776e-03   1.377253e+08   3.000000e+00
5.607235e-03   1.378162e+08   3.000000e+00
5.659170e-03   1.379075e+08   3.000000e+00
5.711586e-03   1.379992e+08   3.000000e+00
5.764488e-03   1.380913e+08   3.000000e+00
5.817880e-03   1.381838e+08   3.000000e+00
5.871766e-03   1.382766e+08   3.000000e+00
5.926152e-03   1.383698e+08   3.000000e+00
5.981041e-03   1.384634e+08   3.000000e+00
6.036439e-03   1.385574e+08   3.000000e+00
6.092349e-03   1.386517e+08   3.000000e+00
6.148778e-03   1.387465e+08   3.000000e+00
6.205729e-03   1.388415e+08   3.000000e+00
6.263207e-03   1.389370e+08   3.000000e+00
6.321218e-03   1.390328e+08   3.000000e+00
6.379767e-03   1.391289e+08   3.000000e+00
6.438857e-03   1.392255e+08   3.000000e+00
6.498495e-03   1.393224e+08   3.000000e+00
6.558686e-03   1.394196e+08   3.000000e+00
6.619433e-03   1.395172e+08   3.000000e+00
6.680744e-03   1.396151e+08   3.000000e+00
6.742622e-03   1.397134e+08   3.000000e+00
6.805074e-03   1.398120e+08   3.000000e+00
6.868104e-03   1.399110e+08   3.000000e+00
6.931717e-03   1.400102e+08   3.000000e+00
6.995920e-03   1.401099e+08   3.000000e+00
7.060718e-03   1.402098e+08   3.000000e+00
7.126115e-03   1.403101e+08   3.000000e+00
7.192119e-03   1.404107e+08   3.000000e+00
7.258734e-03   1.405117e+08   3.000000e+00
7.325965e-03   1.406129e+08   3.000000e+00
7.393820e-03   1.407145e+08   3.000000e+00
7.462303e-03   1.408164e+08   3.000000e+00
7.531420e-03   1.409186e+08   3.000000e+00
7.601178e-03   1.410211e+08   3.000000e+00
7.671581e-03   1.411239e+08   3.000000e+00
7.742637e-03   1.412270e+08   3.000000e+00
7.814351e-03   1.413304e+08   3.000000e+00
7.886729e-03   1.414341e+08   3.000000e+00
7.959777e-03   1.415381e+08   3.000000e+00
8.033502e-03   1.416423e+08   3.000000e+00
8.107910e-03   1.417469e+08   3.000000e+00
8.183007e-03   1.418517e+08   3.000000e+00
8.258799e-03   1.419568e+08   3.000000e+00
8.335294e-03   1.420621e+08   3.000000e+00
8.412497e-03   1.421678e+08   3.000000e+00
8.490415e-03   1.422737e+08   3.000000e+00
8.569055e-03   1.423798e+08   3.000000e+00
8.648423e-03   1.424862e+08   3.000000e+00
8.728527e-03   1.425929e+08   3.000000e+00
8.809372e-03   1.426998e+08   3.000000e+00
8.890966e-03   1.428069e+08   3.000000e+00
8.973316e-03   1.429143e+08   3.000000e+00
9.056428e-03   1.430219e+08   3.000000e+00
9.140311e-03   1.431297e+08   3.000000e+00
9.224970e-03   1.432378e+08   3.000000e+00
9.310413e-03   1.433461e+08   3.000000e+00
9.396648e-03   1.434545e+08   3.000000e+00
9.483682e-03   1.435633e+08   3.000000e+00
9.571522e-03   1.436722e+08   3.000000e+00
9.660175e-03   1.437813e+08   3.000000e+00
9.749649e-03   1.438906e+08   3.000000e+00
9.839952e-03   1.440001e+08   3.000000e+00
9.931092e-03   1.441098e+08   3.000000e+00
1.002308e-02   1.442196e+08   3.000000e+00
1.011591e-02   1.443297e+08   3.000000e+00
1.020961e-02   1.444399e+08   3.000000e+00
1.030417e-02   1.445503e+08   3.000000e+00
1.039961e-02   1.446608e+08   3.000000e+00
1.049593e-02   1.447715e+08   3.000000e+00
1.059315e-02   1.448824e+08   3.000000e+00
1.069126e-02   1.449934e+08   3.000000e+00
1.079029e-02   1.451045e+08   3.000000e+00
1.089023e-02   1.452158e+08   3.000000e+00
1.099110e-02   1.453272e+08   3.000000e+00
1.109290e-02   1.454387e+08   3.000000e+00
1.119564e-02   1.455504e+08   3.000000e+00
1.129934e-02   1.456621e+08   3.000000e+00
1.140400e-02   1.457740e+08   3.000000e+00
1.150962e-02   1.458860e+08   3.000000e+00
1.161623e-02   1.459981e+08   3.000000e+00
1.172382e-02   1.461103e+08   3.000000e+00
1.183241e-02   1.462226e+08   3.000000e+00
1.194200e-02   1.463349e+08   3.000000e+00
1.205261e-02   1.464473e+08   3.000000e+00
1.216424e-02   1.465598e+08   3.000000e+00
1.227691e-02   1.466724e+08   3.000000e+00
1.239062e-02   1.467850e+08   3.000000e+00
1.250539e-02   1.468977e+08   3.000000e+00
1.262121e-02   1.470105e+08   3.000000e+00
1.273811e-02   1.471232e+08   3.000000e+00
1.285610e-02   1.472361e+08   3.000000e+00
1.297517e-02   1.473489e+08   3.000000e+00
1.309535e-02   1.474618e+08   3.000000e+00
1.321664e-02   1.475747e+08   3.000000e+00
1.333906e-02   1.476876e+08   3.000000e+00
1.346261e-02   1.478005e+08   3.000000e+00
1.358730e-02   1.479135e+08   3.000000e+00
1.371315e-02   1.480264e+08   3.000000e+00
1.384016e-02   1.481393e+08   3.000000e+00
1.396835e-02   1.482522e+08   3.000000e+00
1.409773e-02   1.483651e+08   3.000000e+00
1.422830e-02   1.484780e+08   3.000000e+00
1.436009e-02   1.485908e+08   3.000000e+00
1.449310e-02   1.487036e+08   3.000000e+00
1.462733e-02   1.488164e+08   3.000000e+00
1.476281e-02   1.489291e+08   3.000000e+00
1.489955e-02   1.490417e+08   3.000000e+00
1.503755e-02   1.491543e+08   3.000000e+00
1.517683e-02   1.492669e+08   3.000000e+00
1.531740e-02   1.493793e+08   3.000000e+00
1.545928e-02   1.494917e+08   3.000000e+00
1.560246e-02   1.496040e+08   3.000000e+00
1.574698e-02   1.497162e+08   3.000000e+00
1.589283e-02   1.498283e+08   3.000000e+00
1.604003e-02   1.499404e+08   3.000000e+00
1.618860e-02   1.500523e+08   3.000000e+00
1.633854e-02   1.501641e+08   3.000000e+00
1.648987e-02   1.502758e+08   3.000000e+00
1.664260e-02   1.503873e+08   3.000000e+00
1.679675e-02   1.504987e+08   3.000000e+00
1.695232e-02   1.506100e+08   3.000000e+00
1.710934e-02   1.507212e+08   3.000000e+00
1.726781e-02   1.508322e+08   3.000000e+00
1.742775e-02   1.509431e+08   3.000000e+00
1.758917e-02   1.510538e+08   3.000000e+00
1.775208e-02   1.511643e+08   3.000000e+00
1.791650e-02   1.512747e+08   3.000000e+00
1.808245e-02   1.513849e+08   3.000000e+00
1.824993e-02   1.514949e+08   3.000000e+00
1.841897e-02   1.516047e+08   3.000000e+00
1.858957e-02   1.517144e+08   3.000000e+00
1.876175e-02   1.518238e+08   3.000000e+00
1.893552e-02   1.519331e+08   3.000000e+00
1.911091e-02   1.520421e+08   3.000000e+00
1.928792e-02   1.521509e+08   3.000000e+00
1.946656e-02   1.522595e+08   3.000000e+00
1.964687e-02   1.523679e+08   3.000000e+00
1.982884e-02   1.524761e+08   3.000000e+00
2.001250e-02   1.525840e+08   3.000000e+00
2.019786e-02   1.526917e+08   3.000000e+00
2.038493e-02   1.527991e+08   3.000000e+00
2.057374e-02   1.529063e+08   3.000000e+00
2.076430e-02   1.530133e+08   3.000000e+00
2.095662e-02   1.531200e+08   3.000000e+00
2.115073e-02   1.532264e+08   3.000000e+00
2.134663e-02   1.533325e+08   3.000000e+00
2.154435e-02   1.534384e+08   3.000000e+00
2.174389e-02   1.535440e+08   3.000000e+00
2.194529e-02   1.536493e+08   3.000000e+00
2.214855e-02   1.537543e+08   3.000000e+00
2.235370e-02   1.538590e+08   3.000000e+00
2.256074e-02   1.539635e+08   3.000000e+00
2.276970e-02   1.540676e+08   3.000000e+00
2.298060e-02   1.541714e+08   3.000000e+00
2.319345e-02   1.542749e+08   3.000000e+00
2.340827e-02   1.543781e+08   3.000000e+00
2.362508e-02   1.544810e+08   3.000000e+00
2.384390e-02   1.545835e+08   3.000000e+00
2.406475e-02   1.546858e+08   3.000000e+00
2.428764e-02   1.547876e+08   3.000000e+00
2.451260e-02   1.548892e+08   3.000000e+00
2.473964e-02   1.549904e+08   3.000000e+00
2.496878e-02   1.550912e+08   3.000000e+00
2.520005e-02   1.551917e+08   3.000000e+00
2.543346e-02   1.552919e+08   3.000000e+00
2.566903e-02   1.553917e+08   3.000000e+00
2.590678e-02   1.554911e+08   3.000000e+00
2.614673e-02   1.555902e+08   3.000000e+00
2.638891e-02   1.556889e+08   3.000000e+00
2.663333e-02   1.557872e+08   3.000000e+00
2.688001e-02   1.558851e+08   3.000000e+00
2.712898e-02   1.559827e+08   3.000000e+00
2.738025e-02   1.560798e+08   3.000000e+00
2.763385e-02   1.561766e+08   3.000000e+00
2.788980e-02   1.562730e+08   3.000000e+00
2.814812e-02   1.563690e+08   3.000000e+00
2.840884e-02   1.564646e+08   3.000000e+00
2.867196e-02   1.565598e+08   3.000000e+00
2.893753e-02   1.566546e+08   3.000000e+00
2.920556e-02   1.567490e+08   3.000000e+00
2.947606e-02   1.568429e+08   3.000000e+00
2.974908e-02   1.569365e+08   3.000000e+00
3.002462e-02   1.570296e+08   3.000000e+00
3.030271e-02   1.571224e+08   3.000000e+00
3.058338e-02   1.572146e+08   3.000000e+00
3.086665e-02   1.573065e+08   3.000000e+00
3.115254e-02   1.573980e+08   3.000000e+00
3.144108e-02   1.574890e+08   3.000000e+00
3.173230e-02   1.575795e+08   3.000000e+00
3.202621e-02   1.576697e+08   3.000000e+00
3.232284e-02   1.577594e+08   3.000000e+00
3.262222e-02   1.578486e+08   3.000000e+00
3.292437e-02   1.579375e+08   3.000000e+00
3.322933e-02   1.580258e+08   3.000000e+00
3.353710e-02   1.581137e+08   3.000000e+00
3.384773e-02   1.582012e+08   3.000000e+00
3.416123e-02   1.582882e+08   3.000000e+00
3.447764e-02   1.583748e+08   3.000000e+00
3.479698e-02   1.584609e+08   3.000000e+00
3.511928e-02   1.585466e+08   3.000000e+00
3.544456e-02   1.586318e+08   3.000000e+00
3.577285e-02   1.587165e+08   3.000000e+00
3.610419e-02   1.588008e+08   3.000000e+00
3.643859e-02   1.588846e+08   3.000000e+00
3.677609e-02   1.589679e+08   3.000000e+00
3.711672e-02   1.590508e+08   3.000000e+00
3.746050e-02   1.591332e+08   3.000000e+00
3.780747e-02   1.592151e+08   3.000000e+00
3.815765e-02   1.592966e+08   3.000000e+00
3.851107e-02   1.593776e+08   3.000000e+00
3.886777e-02   1.594581e+08   3.000000e+00
3.922777e-02   1.595381e+08   3.000000e+00
3.959110e-02   1.596177e+08   3.000000e+00
3.995780e-02   1.596968e+08   3.000000e+00
4.032790e-02   1.597754e+08   3.000000e+00
4.070142e-02   1.598535e+08   3.000000e+00
4.107841e-02   1.599312e+08   3.000000e+00
4.145888e-02   1.600084e+08   3.000000e+00
4.184289e-02   1.600851e+08   3.000000e+00
4.223044e-02   1.601613e+08   3.000000e+00
4.262159e-02   1.602370e+08   3.000000e+00
4.301636e-02   1.603123e+08   3.000000e+00
4.341478e-02   1.603870e+08   3.000000e+00
4.381690e-02   1.604613e+08   3.000000e+00
4.422274e-02   1.605351e+08   3.000000e+00
4.463234e-02   1.606084e+08   3.000000e+00
4.504573e-02   1.606813e+08   3.000000e+00
4.546295e-02   1.607536e+08   3.000000e+00
4.588404e-02   1.608255e+08   3.000000e+00
4.630903e-02   1.608969e+08   3.000000e+00
4.673795e-02   1.609678e+08   3.000000e+00
4.717085e-02   1.610382e+08   3.000000e+00
4.760775e-02   1.611081e+08   3.000000e+00
4.804870e-02   1.611776e+08   3.000000e+00
4.849374e-02   1.612465e+08   3.000000e+00
4.894290e-02   1.613150e+08   3.000000e+00
4.939622e-02   1.613830e+08   3.000000e+00
4.985373e-02   1.614506e+08   3.000000e+00
5.031549e-02   1.615176e+08   3.000000e+00
5.078152e-02   1.615842e+08   3.000000e+00
5.125187e-02   1.616502e+08   3.000000e+00
5.172657e-02   1.617158e+08   3.000000e+00
5.220568e-02   1.617810e+08   3.000000e+00
5.268921e-02   1.618456e+08   3.000000e+00
5.317723e-02   1.619098e+08   3.000000e+00
5.366977e-02   1.619735e+08   3.000000e+00
5.416687e-02   1.620367e+08   3.000000e+00
5.466857e-02   1.620994e+08   3.000000e+00
5.517492e-02   1.621617e+08   3.000000e+00
5.568596e-02   1.622235e+08   3.000000e+00
5.620174e-02   1.622848e+08   3.000000e+00
5.672229e-02   1.623457e+08   3.000000e+00
5.724766e-02   1.624060e+08   3.000000e+00
5.777790e-02   1.624659e+08   3.000000e+00
5.831305e-02   1.625254e+08   3.000000e+00
5.885316e-02   1.625844e+08   3.000000e+00
5.939827e-02   1.626429e+08   3.000000e+00
5.994843e-02   1.627009e+08   3.000000e+00
6.050368e-02   1.627585e+08   3.000000e+00
6.106408e-02   1.628157e+08   3.000000e+00
6.162966e-02   1.628723e+08   3.000000e+00
6.220049e-02   1.629285e+08   3.000000e+00
6.277660e-02   1.629843e+08   3.000000e+00
6.335805e-02   1.630396e+08   3.000000e+00
6.394488e-02   1.630944e+08   3.000000e+00
6.453715e-02   1.631488e+08   3.000000e+00
6.513491e-02   1.632028e+08   3.000000e+00
6.573820e-02   1.632563e+08   3.000000e+00
6.634708e-02   1.633093e+08   3.000000e+00
6.696160e-02   1.633619e+08   3.000000e+00
6.758181e-02   1.634141e+08   3.000000e+00
6.820777e-02   1.634658e+08   3.000000e+00
6.883952e-02   1.635171e+08   3.000000e+00
6.947713e-02   1.635679e+08   3.000000e+00
7.012064e-02   1.636183e+08   3.000000e+00
7.077011e-02   1.636683e+08   3.000000e+00
7.142559e-02   1.637179e+08   3.000000e+00
7.208715e-02   1.637670e+08   3.000000e+00
7.275484e-02   1.638157e+08   3.000000e+00
7.342870e-02   1.638639e+08   3.000000e+00
7.410882e-02   1.639117e+08   3.000000e+00
7.479523e-02   1.639592e+08   3.000000e+00
7.548799e-02   1.640061e+08   3.000000e+00
7.618718e-02   1.640527e+08   3.000000e+00
7.689284e-02   1.640989e+08   3.000000e+00
7.760503e-02   1.641446e+08   3.000000e+00
7.832383e-02   1.641899e+08   3.000000e+00
7.904928e-02   1.642349e+08   3.000000e+00
7.978145e-02   1.642794e+08   3.000000e+00
8.052040e-02   1.643235e+08   3.000000e+00
8.126619e-02   1.643672e+08   3.000000e+00
8.201889e-02   1.644105e+08   3.000000e+00
8.277857e-02   1.644534e+08   3.000000e+00
8.354528e-02   1.644959e+08   3.000000e+00
8.431909e-02   1.645380e+08   3.000000e+00
8.510007e-02   1.645797e+08   3.000000e+00
8.588829e-02   1.646211e+08   3.000000e+00
8.668380e-02   1.646620e+08   3.000000e+00
8.748668e-02   1.647026e+08   3.000000e+00
8.829700e-02   1.647428e+08   3.000000e+00
8.911482e-02   1.647825e+08   3.000000e+00
8.994022e-02   1.648220e+08   3.000000e+00
9.077327e-02   1.648610e+08   3.000000e+00
9.161402e-02   1.648997e+08   3.000000e+00
9.246257e-02   1.649380e+08   3.000000e+00
9.331898e-02   1.649759e+08   3.000000e+00
9.418332e-02   1.650135e+08   3.000000e+00
9.505566e-02   1.650507e+08   3.000000e+00
9.593608e-02   1.650875e+08   3.000000e+00
9.682466e-02   1.651240e+08   3.000000e+00
9.772147e-02   1.651601e+08   3.000000e+00
9.862658e-02   1.651959e+08   3.000000e+00
9.954008e-02   1.652313e+08   3.000000e+00
1.004620e-01   1.652664e+08   3.000000e+00
1.013925e-01   1.653011e+08   3.000000e+00
1.023317e-01   1.653354e+08   3.000000e+00
1.032795e-01   1.653695e+08   3.000000e+00
1.042361e-01   1.654032e+08   3.000000e+00
1.052015e-01   1.654365e+08   3.000000e+00
1.061759e-01   1.654695e+08   3.000000e+00
1.071593e-01   1.655022e+08   3.000000e+00
1.081519e-01   1.655346e+08   3.000000e+00
1.091536e-01   1.655666e+08   3.000000e+00
1.101646e-01   1.655983e+08   3.000000e+00
1.111850e-01   1.656297e+08   3.000000e+00
1.122148e-01   1.656608e+08   3.000000e+00
1.132541e-01   1.656915e+08   3.000000e+00
1.143031e-01   1.657220e+08   3.000000e+00
1.153618e-01   1.657521e+08   3.000000e+00
1.164303e-01   1.657819e+08   3.000000e+00
1.175087e-01   1.658114e+08   3.000000e+00
1.185971e-01   1.658406e+08   3.000000e+00
1.196956e-01   1.658695e+08   3.000000e+00
1.208042e-01   1.658981e+08   3.000000e+00
1.219231e-01   1.659264e+08   3.000000e+00
1.230524e-01   1.659545e+08   3.000000e+00
1.241921e-01   1.659822e+08   3.000000e+00
1.253424e-01   1.660096e+08   3.000000e+00
1.265034e-01   1.660368e+08   3.000000e+00
1.276751e-01   1.660637e+08   3.000000e+00
1.288576e-01   1.660903e+08   3.000000e+00
1.300511e-01   1.661166e+08   3.000000e+00
1.312557e-01   1.661427e+08   3.000000e+00
1.324714e-01   1.661685e+08   3.000000e+00
1.336984e-01   1.661941e+08   3.000000e+00
1.349367e-01   1.662194e+08   3.000000e+00
1.361865e-01   1.662444e+08   3.000000e+00
1.374479e-01   1.662692e+08   3.000000e+00
1.387210e-01   1.662938e+08   3.000000e+00
1.400058e-01   1.663181e+08   3.000000e+00
1.413026e-01   1.663423e+08   3.000000e+00
1.426114e-01   1.663662e+08   3.000000e+00
1.439323e-01   1.663898e+08   3.000000e+00
1.452654e-01   1.664133e+08   3.000000e+00
1.466109e-01   1.664366e+08   3.000000e+00
1.479688e-01   1.664597e+08   3.000000e+00
1.493393e-01   1.664826e+08   3.000000e+00
1.507225e-01   1.665054e+08   3.000000e+00
1.521186e-01   1.665280e+08   3.000000e+00
1.535275e-01   1.665505e+08   3.000000e+00
1.549495e-01   1.665728e+08   3.000000e+00
1.563847e-01   1.665950e+08   3.000000e+00
1.578331e-01   1.666172e+08   3.000000e+00
1.592950e-01   1.666393e+08   3.000000e+00
1.607704e-01   1.666613e+08   3.000000e+00
1.622595e-01   1.666832e+08   3.000000e+00
1.637624e-01   1.667052e+08   3.000000e+00
1.652792e-01   1.667272e+08   3.000000e+00
1.668101e-01   1.667492e+08   3.000000e+00
1.683551e-01   1.667713e+08   3.000000e+00
1.699144e-01   1.667934e+08   3.000000e+00
1.714882e-01   1.668157e+08   3.000000e+00
1.730766e-01   1.668382e+08   3.000000e+00
1.746796e-01   1.668609e+08   3.000000e+00
1.762975e-01   1.668838e+08   3.000000e+00
1.779304e-01   1.669070e+08   3.000000e+00
1.795785e-01   1.669306e+08   3.000000e+00
1.812418e-01   1.669545e+08   3.000000e+00
1.829205e-01   1.669789e+08   3.000000e+00
1.846147e-01   1.670038e+08   3.000000e+00
1.863246e-01   1.670293e+08   3.000000e+00
1.880504e-01   1.670554e+08   3.000000e+00
1.897922e-01   1.670822e+08   3.000000e+00
1.915501e-01   1.671098e+08   3.000000e+00
1.933242e-01   1.671383e+08   3.000000e+00
1.951148e-01   1.671677e+08   3.000000e+00
1.969220e-01   1.671982e+08   3.000000e+00
1.987460e-01   1.672299e+08   3.000000e+00
2.005868e-01   1.672628e+08   3.000000e+00
2.024447e-01   1.672971e+08   3.000000e+00
2.043197e-01   1.673329e+08   3.000000e+00
2.062122e-01   1.673703e+08   3.000000e+00
2.081222e-01   1.674094e+08   3.000000e+00
2.100498e-01   1.674505e+08   3.000000e+00
2.119953e-01   1.674936e+08   3.000000e+00
2.139589e-01   1.675389e+08   3.000000e+00
2.159406e-01   1.675866e+08   3.000000e+00
2.179407e-01   1.676368e+08   3.000000e+00
2.199593e-01   1.676897e+08   3.000000e+00
2.219966e-01   1.677455e+08   3.000000e+00
2.240528e-01   1.678045e+08   3.000000e+00
2.261280e-01   1.678668e+08   3.000000e+00
2.282224e-01   1.679326e+08   3.000000e+00
2.303363e-01   1.680022e+08   3.000000e+00
2.324697e-01   1.680758e+08   3.000000e+00
2.346229e-01   1.681537e+08   3.000000e+00
2.367960e-01   1.682361e+08   3.000000e+00
2.389893e-01   1.683234e+08   3.000000e+00
2.412028e-01   1.684157e+08   3.000000e+00
2.434369e-01   1.685133e+08   3.000000e+00
2.456916e-01   1.686167e+08   3.000000e+00
2.479673e-01   1.687260e+08   3.000000e+00
2.502640e-01   1.688417e+08   3.000000e+00
2.525820e-01   1.689640e+08   3.000000e+00
2.549215e-01   1.690933e+08   3.000000e+00
2.572826e-01   1.692299e+08   3.000000e+00
2.596656e-01   1.693743e+08   3.000000e+00
2.620707e-01   1.695269e+08   3.000000e+00
2.644980e-01   1.696879e+08   3.000000e+00
2.669478e-01   1.698578e+08   3.000000e+00
2.694204e-01   1.700370e+08   3.000000e+00
2.719158e-01   1.702260e+08   3.000000e+00
2.744343e-01   1.704252e+08   3.000000e+00
2.769762e-01   1.706349e+08   3.000000e+00
2.795416e-01   1.708557e+08   3.000000e+00
2.821308e-01   1.710881e+08   3.000000e+00
2.847439e-01   1.713325e+08   3.000000e+00
2.873813e-01   1.715893e+08   3.000000e+00
2.900430e-01   1.718591e+08   3.000000e+00
2.927295e-01   1.721424e+08   3.000000e+00
2.954408e-01   1.724396e+08   3.000000e+00
2.981772e-01   1.727513e+08   3.000000e+00
3.009390e-01   1.730780e+08   3.000000e+00
3.037264e-01   1.734203e+08   3.000000e+00
3.065395e-01   1.737785e+08   3.000000e+00
3.093788e-01   1.741533e+08   3.000000e+00
3.122443e-01   1.745453e+08   3.000000e+00
3.151363e-01   1.749548e+08   3.000000e+00
3.180552e-01   1.753826e+08   3.000000e+00
3.210011e-01   1.758290e+08   3.000000e+00
3.239743e-01   1.762948e+08   3.000000e+00
3.269750e-01   1.767803e+08   3.000000e+00
3.300035e-01   1.772862e+08   3.000000e+00
3.330600e-01   1.778130e+08   3.000000e+00
3.361449e-01   1.783613e+08   3.000000e+00
3.392583e-01   1.789315e+08   3.000000e+00
3.424006e-01   1.795242e+08   3.000000e+00
3.455720e-01   1.801400e+08   3.000000e+00
3.487727e-01   1.807793e+08   3.000000e+00
3.520031e-01   1.814428e+08   3.000000e+00
3.552635e-01   1.821308e+08   3.000000e+00
3.585540e-01   1.828439e+08   3.000000e+00
3.618750e-01   1.835825e+08   3.000000e+00
3.652267e-01   1.843473e+08   3.000000e+00
3.686095e-01   1.851386e+08   3.000000e+00
3.720237e-01   1.859569e+08   3.000000e+00
3.754694e-01   1.868026e+08   3.000000e+00
3.789471e-01   1.876763e+08   3.000000e+00
3.824570e-01   1.885782e+08   3.000000e+00
3.859994e-01   1.895088e+08   3.000000e+00
3.895746e-01   1.904686e+08   3.000000e+00
3.931829e-01   1.914578e+08   3.000000e+00
3.968246e-01   1.924768e+08   3.000000e+00
4.005001e-01   1.935260e+08   3.000000e+00
4.042096e-01   1.946057e+08   3.000000e+00
4.079535e-01   1.957161e+08   3.000000e+00
4.117320e-01   1.968576e+08   3.000000e+00
4.155455e-01   1.980304e+08   3.000000e+00
4.193944e-01   1.992347e+08   3.000000e+00
4.232789e-01   2.004708e+08   3.000000e+00
4.271994e-01   2.017388e+08   3.000000e+00
4.311562e-01   2.030388e+08   3.000000e+00
4.351497e-01   2.043711e+08   3.000000e+00
4.391801e-01   2.057357e+08   3.000000e+00
4.432479e-01   2.071327e+08   3.000000e+00
4.473533e-01   2.085622e+08   3.000000e+00
4.514968e-01   2.100242e+08   3.000000e+00
4.556786e-01   2.115186e+08   3.000000e+00
4.598992e-01   2.130456e+08   3.000000e+00
4.641589e-01   2.146050e+08   3.000000e+00
4.684580e-01   2.161967e+08   3.000000e+00
4.727970e-01   2.178206e+08   3.000000e+00
4.771761e-01   2.194766e+08   3.000000e+00
4.815958e-01   2.211646e+08   3.000000e+00
4.860564e-01   2.228843e+08   3.000000e+00
4.905584e-01   2.246354e+08   3.000000e+00
4.951020e-01   2.264179e+08   3.000000e+00
4.996877e-01   2.282313e+08   3.000000e+00
5.043159e-01   2.300753e+08   3.000000e+00
5.089870e-01   2.319497e+08   3.000000e+00
5.137014e-01   2.338540e+08   3.000000e+00
5.184594e-01   2.357878e+08   3.000000e+00
5.232614e-01   2.377507e+08   3.000000e+00
5.281080e-01   2.397424e+08   3.000000e+00
5.329994e-01   2.417621e+08   3.000000e+00
5.379362e-01   2.438096e+08   3.000000e+00
5.429186e-01   2.458842e+08   3.000000e+00
5.479472e-01   2.479853e+08   3.000000e+00
5.530224e-01   2.501124e+08   3.000000e+00
5.581446e-01   2.522648e+08   3.000000e+00
5.633143e-01   2.544420e+08   3.000000e+00
5.685318e-01   2.566432e+08   3.000000e+00
5.737976e-01   2.588678e+08   3.000000e+00
5.791123e-01   2.611150e+08   3.000000e+00
5.844761e-01   2.633841e+08   3.000000e+00
5.898896e-01   2.656743e+08   3.000000e+00
5.953533e-01   2.679849e+08   3.000000e+00
6.008676e-01   2.703151e+08   3.000000e+00
6.064329e-01   2.726640e+08   3.000000e+00
6.120498e-01   2.750308e+08   3.000000e+00
6.177188e-01   2.774147e+08   3.000000e+00
6.234402e-01   2.798147e+08   3.000000e+00
6.292146e-01   2.822299e+08   3.000000e+00
6.350425e-01   2.846595e+08   3.000000e+00
6.409244e-01   2.871026e+08   3.000000e+00
6.468608e-01   2.895582e+08   3.000000e+00
6.528521e-01   2.920253e+08   3.000000e+00
6.588990e-01   2.945030e+08   3.000000e+00
6.650018e-01   2.969903e+08   3.000000e+00
6.711612e-01   2.994862e+08   3.000000e+00
6.773776e-01   3.019898e+08   3.000000e+00
6.836516e-01   3.045000e+08   3.000000e+00
6.899837e-01   3.070158e+08   3.000000e+00
6.963745e-01   3.095362e+08   3.000000e+00
7.028244e-01   3.120601e+08   3.000000e+00
7.093341e-01   3.145867e+08   3.000000e+00
7.159041e-01   3.171147e+08   3.000000e+00
7.225349e-01   3.196433e+08   3.000000e+00
7.292272e-01   3.221713e+08   3.000000e+00
7.359814e-01   3.246977e+08   3.000000e+00
7.427982e-01   3.272215e+08   3.000000e+00
7.496782e-01   3.297417e+08   3.000000e+00
7.566219e-01   3.322571e+08   3.000000e+00
7.636298e-01   3.347669e+08   3.000000e+00
7.707027e-01   3.372699e+08   3.000000e+00
7.778411e-01   3.397651e+08   3.000000e+00
7.850456e-01   3.422516e+08   3.000000e+00
7.923169e-01   3.447283e+08   3.000000e+00
7.996555e-01   3.471942e+08   3.000000e+00
8.070620e-01   3.496483e+08   3.000000e+00
8.145372e-01   3.520896e+08   3.000000e+00
8.220816e-01   3.545172e+08   3.000000e+00
8.296959e-01   3.569301e+08   3.000000e+00
8.373807e-01   3.593273e+08   3.000000e+00
8.451366e-01   3.617079e+08   3.000000e+00
8.529644e-01   3.640709e+08   3.000000e+00
8.608648e-01   3.664155e+08   3.000000e+00
8.688383e-01   3.687407e+08   3.000000e+00
8.768856e-01   3.710457e+08   3.000000e+00
8.850075e-01   3.733296e+08   3.000000e+00
8.932046e-01   3.755914e+08   3.000000e+00
9.014776e-01   3.778305e+08   3.000000e+00
9.098273e-01   3.800458e+08   3.000000e+00
9.182543e-01   3.822368e+08   3.000000e+00
9.267593e-01   3.844024e+08   3.000000e+00
9.353432e-01   3.865420e+08   3.000000e+00
9.440065e-01   3.886549e+08   3.000000e+00
9.527500e-01   3.907402e+08   3.000000e+00
9.615746e-01   3.927973e+08   3.000000e+00
9.704809e-01   3.948254e+08   3.000000e+00
9.794697e-01   3.968240e+08   3.000000e+00
9.885417e-01   3.987922e+08   3.000000e+00
9.976978e-01   4.007296e+08   3.000000e+00
1.006939e+00   4.026354e+08   3.000000e+00
1.016265e+00   4.045092e+08   3.000000e+00
1.025678e+00   4.063502e+08   3.000000e+00
1.035178e+00   4.081580e+08   3.000000e+00
1.044766e+00   4.099320e+08   3.000000e+00
1.054443e+00   4.116718e+08   3.000000e+00
1.064209e+00   4.133767e+08   3.000000e+00
1.074066e+00   4.150465e+08   3.000000e+00
1.084014e+00   4.166806e+08   3.000000e+00
1.094055e+00   4.182785e+08   3.000000e+00
1.104188e+00   4.198400e+08   3.000000e+00
1.114415e+00   4.213646e+08   3.000000e+00
1.124737e+00   4.228520e+08   3.000000e+00
1.135155e+00   4.243018e+08   3.000000e+00
1.145669e+00   4.257138e+08   3.000000e+00
1.156280e+00   4.270876e+08   3.000000e+00
1.166990e+00   4.284230e+08   3.000000e+00
1.177799e+00   4.297197e+08   3.000000e+00
1.188708e+00   4.309774e+08   3.000000e+00
1.199718e+00   4.321961e+08   3.000000e+00
1.210830e+00   4.333756e+08   3.000000e+00
1.222045e+00   4.345155e+08   3.000000e+00
1.233363e+00   4.356159e+08   3.000000e+00
1.244787e+00   4.366766e+08   3.000000e+00
1.256317e+00   4.376975e+08   3.000000e+00
1.267953e+00   4.386785e+08   3.000000e+00
1.279697e+00   4.396195e+08   3.000000e+00
1.291550e+00   4.405206e+08   3.000000e+00
1.303512e+00   4.413817e+08   3.000000e+00
1.315586e+00   4.422027e+08   3.000000e+00
1.327771e+00   4.429838e+08   3.000000e+00
1.340069e+00   4.437249e+08   3.000000e+00
1.352481e+00   4.444262e+08   3.000000e+00
1.365008e+00   4.450876e+08   3.000000e+00
1.377651e+00   4.457092e+08   3.000000e+00
1.390411e+00   4.462913e+08   3.000000e+00
1.403289e+00   4.468338e+08   3.000000e+00
1.416287e+00   4.473370e+08   3.000000e+00
1.429405e+00   4.478009e+08   3.000000e+00
1.442644e+00   4.482258e+08   3.000000e+00
1.456006e+00   4.486119e+08   3.000000e+00
1.469492e+00   4.489593e+08   3.000000e+00
1.483103e+00   4.492682e+08   3.000000e+00
1.496839e+00   4.495390e+08   3.000000e+00
1.510703e+00   4.497717e+08   3.000000e+00
1.524696e+00   4.499668e+08   3.000000e+00
1.538818e+00   4.501244e+08   3.000000e+00
1.553071e+00   4.502449e+08   3.000000e+00
1.567455e+00   4.503285e+08   3.000000e+00
1.581973e+00   4.503755e+08   3.000000e+00
1.596626e+00   4.503864e+08   3.000000e+00
1.611414e+00   4.503613e+08   3.000000e+00
1.626340e+00   4.503006e+08   3.000000e+00
1.641403e+00   4.502047e+08   3.000000e+00
1.656606e+00   4.500739e+08   3.000000e+00
1.671950e+00   4.499087e+08   3.000000e+00
1.687436e+00   4.497093e+08   3.000000e+00
1.703065e+00   4.494762e+08   3.000000e+00
1.718839e+00   4.492098e+08   3.000000e+00
1.734759e+00   4.489105e+08   3.000000e+00
1.750827e+00   4.485786e+08   3.000000e+00
1.767044e+00   4.482146e+08   3.000000e+00
1.783410e+00   4.478190e+08   3.000000e+00
1.799929e+00   4.473921e+08   3.000000e+00
1.816600e+00   4.469343e+08   3.000000e+00
1.833425e+00   4.464463e+08   3.000000e+00
1.850407e+00   4.459282e+08   3.000000e+00
1.867546e+00   4.453808e+08   3.000000e+00
1.884843e+00   4.448043e+08   3.000000e+00
1.902301e+00   4.441992e+08   3.000000e+00
1.919921e+00   4.435661e+08   3.000000e+00
1.937703e+00   4.429054e+08   3.000000e+00
1.955651e+00   4.422175e+08   3.000000e+00
1.973764e+00   4.415029e+08   3.000000e+00
1.992046e+00   4.407622e+08   3.000000e+00
2.010496e+00   4.399957e+08   3.000000e+00
2.029118e+00   4.392040e+08   3.000000e+00
2.047912e+00   4.383876e+08   3.000000e+00
2.066880e+00   4.375469e+08   3.000000e+00
2.086024e+00   4.366825e+08   3.000000e+00
2.105345e+00   4.357947e+08   3.000000e+00
2.124845e+00   4.348842e+08   3.000000e+00
2.144526e+00   4.339513e+08   3.000000e+00
2.164389e+00   4.329967e+08   3.000000e+00
2.184436e+00   4.320207e+08   3.000000e+00
2.204669e+00   4.310238e+08   3.000000e+00
2.225089e+00   4.300066e+08   3.000000e+00
2.245698e+00   4.289696e+08   3.000000e+00
2.266498e+00   4.279131e+08   3.000000e+00
2.287491e+00   4.268377e+08   3.000000e+00
2.308678e+00   4.257440e+08   3.000000e+00
2.330061e+00   4.246323e+08   3.000000e+00
2.351643e+00   4.235031e+08   3.000000e+00
2.373424e+00   4.223570e+08   3.000000e+00
2.395407e+00   4.211943e+08   3.000000e+00
2.417594e+00   4.200156e+08   3.000000e+00
2.439986e+00   4.188214e+08   3.000000e+00
2.462586e+00   4.176121e+08   3.000000e+00
2.485395e+00   4.163881e+08   3.000000e+00
2.508415e+00   4.151499e+08   3.000000e+00
2.531648e+00   4.138981e+08   3.000000e+00
2.555097e+00   4.126329e+08   3.000000e+00
2.578763e+00   4.113550e+08   3.000000e+00
2.602648e+00   4.100647e+08   3.000000e+00
2.626754e+00   4.087624e+08   3.000000e+00
2.651084e+00   4.074487e+08   3.000000e+00
2.675638e+00   4.061239e+08   3.000000e+00
2.700421e+00   4.047885e+08   3.000000e+00
2.725433e+00   4.034430e+08   3.000000e+00
2.750676e+00   4.020876e+08   3.000000e+00
2.776153e+00   4.007229e+08   3.000000e+00
2.801867e+00   3.993492e+08   3.000000e+00
2.827818e+00   3.979670e+08   3.000000e+00
2.854010e+00   3.965766e+08   3.000000e+00
2.880444e+00   3.951786e+08   3.000000e+00
2.907123e+00   3.937731e+08   3.000000e+00
2.934050e+00   3.923608e+08   3.000000e+00
2.961225e+00   3.909418e+08   3.000000e+00
2.988653e+00   3.895167e+08   3.000000e+00
3.016334e+00   3.880857e+08   3.000000e+00
3.044272e+00   3.866493e+08   3.000000e+00
3.072469e+00   3.852078e+08   3.000000e+00
3.100927e+00   3.837615e+08   3.000000e+00
3.129648e+00   3.823109e+08   3.000000e+00
3.158635e+00   3.808563e+08   3.000000e+00
3.187891e+00   3.793979e+08   3.000000e+00
3.217418e+00   3.779362e+08   3.000000e+00
3.247218e+00   3.764715e+08   3.000000e+00
3.277295e+00   3.750040e+08   3.000000e+00
3.307650e+00   3.735342e+08   3.000000e+00
3.338286e+00   3.720624e+08   3.000000e+00
3.369206e+00   3.705887e+08   3.000000e+00
3.400412e+00   3.691136e+08   3.000000e+00
3.431907e+00   3.676374e+08   3.000000e+00
3.463694e+00   3.661603e+08   3.000000e+00
3.495776e+00   3.646826e+08   3.000000e+00
3.528154e+00   3.632046e+08   3.000000e+00
3.560833e+00   3.617266e+08   3.000000e+00
3.593814e+00   3.602489e+08   3.000000e+00
3.627100e+00   3.587717e+08   3.000000e+00
3.660695e+00   3.572953e+08   3.000000e+00
3.694601e+00   3.558199e+08   3.000000e+00
3.728821e+00   3.543458e+08   3.000000e+00
3.763358e+00   3.528732e+08   3.000000e+00
3.798215e+00   3.514024e+08   3.000000e+00
3.833395e+00   3.499336e+08   3.000000e+00
3.868901e+00   3.484670e+08   3.000000e+00
3.904735e+00   3.470029e+08   3.000000e+00
3.940902e+00   3.455414e+08   3.000000e+00
3.977403e+00   3.440829e+08   3.000000e+00
4.014242e+00   3.426274e+08   3.000000e+00
4.051423e+00   3.411753e+08   3.000000e+00
4.088948e+00   3.397266e+08   3.000000e+00
4.126821e+00   3.382816e+08   3.000000e+00
4.165044e+00   3.368406e+08   3.000000e+00
4.203622e+00   3.354035e+08   3.000000e+00
4.242556e+00   3.339708e+08   3.000000e+00
4.281852e+00   3.325424e+08   3.000000e+00
4.321511e+00   3.311186e+08   3.000000e+00
4.361538e+00   3.296996e+08   3.000000e+00
4.401935e+00   3.282855e+08   3.000000e+00
4.442707e+00   3.268765e+08   3.000000e+00
4.483856e+00   3.254727e+08   3.000000e+00
4.525386e+00   3.240743e+08   3.000000e+00
4.567301e+00   3.226813e+08   3.000000e+00
4.609604e+00   3.212941e+08   3.000000e+00
4.652300e+00   3.199126e+08   3.000000e+00
4.695390e+00   3.185370e+08   3.000000e+00
4.738880e+00   3.171674e+08   3.000000e+00
4.782772e+00   3.158041e+08   3.000000e+00
4.827071e+00   3.144470e+08   3.000000e+00
4.871780e+00   3.130962e+08   3.000000e+00
4.916904e+00   3.117520e+08   3.000000e+00
4.962445e+00   3.104144e+08   3.000000e+00
5.008408e+00   3.090835e+08   3.000000e+00
5.054797e+00   3.077594e+08   3.000000e+00
5.101615e+00   3.064423e+08   3.000000e+00
5.148867e+00   3.051321e+08   3.000000e+00
5.196557e+00   3.038289e+08   3.000000e+00
5.244689e+00   3.025330e+08   3.000000e+00
5.293266e+00   3.012443e+08   3.000000e+00
5.342293e+00   2.999629e+08   3.000000e+00
5.391775e+00   2.986889e+08   3.000000e+00
5.441714e+00   2.974223e+08   3.000000e+00
5.492116e+00   2.961633e+08   3.000000e+00
5.542986e+00   2.949119e+08   3.000000e+00
5.594326e+00   2.936681e+08   3.000000e+00
5.646141e+00   2.924320e+08   3.000000e+00
5.698437e+00   2.912037e+08   3.000000e+00
5.751217e+00   2.899833e+08   3.000000e+00
5.804486e+00   2.887706e+08   3.000000e+00
5.858248e+00   2.875659e+08   3.000000e+00
5.912508e+00   2.863692e+08   3.000000e+00
5.967271e+00   2.851804e+08   3.000000e+00
6.022541e+00   2.839997e+08   3.000000e+00
6.078323e+00   2.828270e+08   3.000000e+00
6.134622e+00   2.816624e+08   3.000000e+00
6.191442e+00   2.805060e+08   3.000000e+00
6.248788e+00   2.793577e+08   3.000000e+00
6.306666e+00   2.782176e+08   3.000000e+00
6.365079e+00   2.770857e+08   3.000000e+00
6.424034e+00   2.759620e+08   3.000000e+00
6.483534e+00   2.748465e+08   3.000000e+00
6.543586e+00   2.737393e+08   3.000000e+00
6.604194e+00   2.726404e+08   3.000000e+00
6.665363e+00   2.715497e+08   3.000000e+00
6.727099e+00   2.704673e+08   3.000000e+00
6.789407e+00   2.693932e+08   3.000000e+00
6.852292e+00   2.683274e+08   3.000000e+00
6.915759e+00   2.672700e+08   3.000000e+00
6.979814e+00   2.662208e+08   3.000000e+00
7.044462e+00   2.651799e+08   3.000000e+00
7.109709e+00   2.641473e+08   3.000000e+00
7.175561e+00   2.631230e+08   3.000000e+00
7.242022e+00   2.621070e+08   3.000000e+00
7.309099e+00   2.610993e+08   3.000000e+00
7.376798e+00   2.600999e+08   3.000000e+00
7.445123e+00   2.591087e+08   3.000000e+00
7.514081e+00   2.581258e+08   3.000000e+00
7.583678e+00   2.571511e+08   3.000000e+00
7.653919e+00   2.561846e+08   3.000000e+00
7.724811e+00   2.552264e+08   3.000000e+00
7.796360e+00   2.542763e+08   3.000000e+00
7.868572e+00   2.533344e+08   3.000000e+00
7.941452e+00   2.524007e+08   3.000000e+00
8.015007e+00   2.514750e+08   3.000000e+00
8.089243e+00   2.505575e+08   3.000000e+00
8.164168e+00   2.496480e+08   3.000000e+00
8.239786e+00   2.487466e+08   3.000000e+00
8.316104e+00   2.478533e+08   3.000000e+00
8.393129e+00   2.469679e+08   3.000000e+00
8.470868e+00   2.460905e+08   3.000000e+00
8.549327e+00   2.452210e+08   3.000000e+00
8.628513e+00   2.443595e+08   3.000000e+00
8.708431e+00   2.435058e+08   3.000000e+00
8.789091e+00   2.426600e+08   3.000000e+00
8.870497e+00   2.418220e+08   3.000000e+00
8.952657e+00   2.409917e+08   3.000000e+00
9.035578e+00   2.401693e+08   3.000000e+00
9.119268e+00   2.393545e+08   3.000000e+00
9.203732e+00   2.385474e+08   3.000000e+00
9.288979e+00   2.377479e+08   3.000000e+00
9.375015e+00   2.369560e+08   3.000000e+00
9.461848e+00   2.361717e+08   3.000000e+00
9.549486e+00   2.353949e+08   3.000000e+00
9.637935e+00   2.346256e+08   3.000000e+00
9.727203e+00   2.338637e+08   3.000000e+00
9.817298e+00   2.331092e+08   3.000000e+00
9.908228e+00   2.323621e+08   3.000000e+00
1.000000e+01   2.316223e+08   3.000000e+00
