# B10 + t > B12 + p   [B10_t__B12_p]   ref=TALYS2, Koning et al. 2023
# detailed balance: alpha=9.1907 beta=0 gamma=-73.6031  Q=6.3426
# T9                 rate                error
1.000000e-03   1.000000e-35   1.000000e+02
1.009262e-03   1.013729e-35   1.000000e+02
1.018610e-03   1.027066e-35   1.000000e+02
1.028045e-03   1.040006e-35   1.000000e+02
1.037567e-03   1.052546e-35   1.000000e+02
1.047177e-03   1.064681e-35   1.000000e+02
1.056876e-03   1.076411e-35   1.000000e+02
1.066665e-03   1.087736e-35   1.000000e+02
1.076545e-03   1.098655e-35   1.000000e+02
1.086516e-03   1.109171e-35   1.000000e+02
1.096579e-03   1.119286e-35   1.000000e+02
1.106736e-03   1.129005e-35   1.000000e+02
1.116987e-03   1.138331e-35   1.000000e+02
1.127333e-03   1.147272e-35   1.000000e+02
1.137774e-03   1.155832e-35   1.000000e+02
1.148312e-03   1.164021e-35   1.000000e+02
1.158948e-03   1.171845e-35   1.000000e+02
1.169683e-03   1.179316e-35   1.000000e+02
1.180517e-03   1.186441e-35   1.000000e+02
1.191451e-03   1.193233e-35   1.000000e+02
1.202486e-03   1.199702e-35   1.000000e+02
1.213624e-03   1.205861e-35   1.000000e+02
1.224865e-03   1.211722e-35   1.000000e+02
1.236210e-03   1.217298e-35   1.000000e+02
1.247660e-03   1.222604e-35   1.000000e+02
1.259216e-03   1.227652e-35   1.000000e+02
1.270879e-03   1.232459e-35   1.000000e+02
1.282650e-03   1.237038e-35   1.000000e+02
1.294530e-03   1.241407e-35   1.000000e+02
1.306520e-03   1.245580e-35   1.000000e+02
1.318621e-03   1.249574e-35   1.000000e+02
1.330835e-03   1.253405e-35   1.000000e+02
1.343161e-03   1.257090e-35   1.000000e+02
1.355602e-03   1.260647e-35   1.000000e+02
1.368158e-03   1.264092e-35   1.000000e+02
1.380830e-03   1.267444e-35   1.000000e+02
1.393619e-03   1.270719e-35   1.000000e+02
1.406527e-03   1.273937e-35   1.000000e+02
1.419555e-03   1.277116e-35   1.000000e+02
1.432703e-03   1.280273e-35   1.000000e+02
1.445973e-03   1.283428e-35   1.000000e+02
1.459366e-03   1.286599e-35   1.000000e+02
1.472883e-03   1.289805e-35   1.000000e+02
1.486525e-03   1.293066e-35   1.000000e+02
1.500293e-03   1.296400e-35   1.000000e+02
1.514189e-03   1.299828e-35   1.000000e+02
1.528214e-03   1.303369e-35   1.000000e+02
1.542369e-03   1.307043e-35   1.000000e+02
1.556654e-03   1.310870e-35   1.000000e+02
1.571072e-03   1.314872e-35   1.000000e+02
1.585624e-03   1.319069e-35   1.000000e+02
1.600310e-03   1.323481e-35   1.000000e+02
1.615133e-03   1.328132e-35   1.000000e+02
1.630092e-03   1.333041e-35   1.000000e+02
1.645191e-03   1.338233e-35   1.000000e+02
1.660429e-03   1.343730e-35   1.000000e+02
1.675808e-03   1.349554e-35   1.000000e+02
1.691330e-03   1.355731e-35   1.000000e+02
1.706995e-03   1.362284e-35   1.000000e+02
1.722805e-03   1.369240e-35   1.000000e+02
1.738762e-03   1.376623e-35   1.000000e+02
1.754867e-03   1.384461e-35   1.000000e+02
1.771121e-03   1.392781e-35   1.000000e+02
1.787526e-03   1.401612e-35   1.000000e+02
1.804082e-03   1.410984e-35   1.000000e+02
1.820792e-03   1.420928e-35   1.000000e+02
1.837656e-03   1.431476e-35   1.000000e+02
1.854677e-03   1.442661e-35   1.000000e+02
1.871855e-03   1.454519e-35   1.000000e+02
1.889193e-03   1.467086e-35   1.000000e+02
1.906691e-03   1.480400e-35   1.000000e+02
1.924351e-03   1.494502e-35   1.000000e+02
1.942175e-03   1.509434e-35   1.000000e+02
1.960163e-03   1.525240e-35   1.000000e+02
1.978319e-03   1.541968e-35   1.000000e+02
1.996642e-03   1.559666e-35   1.000000e+02
2.015136e-03   1.578387e-35   1.000000e+02
2.033800e-03   1.598187e-35   1.000000e+02
2.052638e-03   1.619123e-35   1.000000e+02
2.071650e-03   1.641258e-35   1.000000e+02
2.090838e-03   1.664659e-35   1.000000e+02
2.110203e-03   1.689394e-35   1.000000e+02
2.129749e-03   1.715538e-35   1.000000e+02
2.149475e-03   1.743171e-35   1.000000e+02
2.169384e-03   1.772378e-35   1.000000e+02
2.189477e-03   1.803248e-35   1.000000e+02
2.209756e-03   1.835879e-35   1.000000e+02
2.230223e-03   1.870372e-35   1.000000e+02
2.250880e-03   1.906840e-35   1.000000e+02
2.271728e-03   1.945400e-35   1.000000e+02
2.292769e-03   1.986178e-35   1.000000e+02
2.314005e-03   2.029311e-35   1.000000e+02
2.335438e-03   2.074944e-35   1.000000e+02
2.357069e-03   2.123236e-35   1.000000e+02
2.378901e-03   2.174354e-35   1.000000e+02
2.400935e-03   2.228480e-35   1.000000e+02
2.423173e-03   2.285811e-35   1.000000e+02
2.445617e-03   2.346557e-35   1.000000e+02
2.468268e-03   2.410947e-35   1.000000e+02
2.491130e-03   2.479227e-35   1.000000e+02
2.514203e-03   2.551662e-35   1.000000e+02
2.537490e-03   2.628542e-35   1.000000e+02
2.560993e-03   2.710178e-35   1.000000e+02
2.584714e-03   2.796908e-35   1.000000e+02
2.608654e-03   2.889099e-35   1.000000e+02
2.632815e-03   2.987149e-35   1.000000e+02
2.657201e-03   3.091490e-35   1.000000e+02
2.681813e-03   3.202594e-35   1.000000e+02
2.706652e-03   3.320973e-35   1.000000e+02
2.731722e-03   3.447183e-35   1.000000e+02
2.757023e-03   3.581834e-35   1.000000e+02
2.782559e-03   3.725589e-35   1.000000e+02
2.808332e-03   3.879174e-35   1.000000e+02
2.834343e-03   4.043382e-35   1.000000e+02
2.860596e-03   4.219080e-35   1.000000e+02
2.887091e-03   4.407219e-35   1.000000e+02
2.913832e-03   4.608842e-35   1.000000e+02
2.940820e-03   4.825091e-35   1.000000e+02
2.968059e-03   5.057225e-35   1.000000e+02
2.995549e-03   5.306624e-35   1.000000e+02
3.023295e-03   5.574794e-35   1.000000e+02
3.051297e-03   5.863274e-35   1.000000e+02
3.079559e-03   6.173703e-35   1.000000e+02
3.108082e-03   6.507864e-35   1.000000e+02
3.136870e-03   6.867704e-35   1.000000e+02
3.165924e-03   7.255346e-35   1.000000e+02
3.195248e-03   7.673107e-35   1.000000e+02
3.224842e-03   8.123517e-35   1.000000e+02
3.254712e-03   8.609338e-35   1.000000e+02
3.284857e-03   9.133588e-35   1.000000e+02
3.315282e-03   9.699562e-35   1.000000e+02
3.345989e-03   1.031086e-34   1.000000e+02
3.376980e-03   1.097143e-34   1.000000e+02
3.408259e-03   1.168558e-34   1.000000e+02
3.439826e-03   1.245800e-34   1.000000e+02
3.471687e-03   1.329387e-34   1.000000e+02
3.503842e-03   1.419882e-34   1.000000e+02
3.536296e-03   1.517904e-34   1.000000e+02
3.569049e-03   1.624127e-34   1.000000e+02
3.602107e-03   1.739295e-34   1.000000e+02
3.635470e-03   1.864218e-34   1.000000e+02
3.669142e-03   1.999786e-34   1.000000e+02
3.703127e-03   2.146975e-34   1.000000e+02
3.737426e-03   2.306855e-34   1.000000e+02
3.772042e-03   2.480597e-34   1.000000e+02
3.806980e-03   2.669490e-34   1.000000e+02
3.842241e-03   2.874943e-34   1.000000e+02
3.877828e-03   3.098507e-34   1.000000e+02
3.913746e-03   3.341882e-34   1.000000e+02
3.949995e-03   3.606934e-34   1.000000e+02
3.986581e-03   3.895711e-34   1.000000e+02
4.023506e-03   4.210523e-34   1.000000e+02
4.060772e-03   4.554734e-34   1.000000e+02
4.098384e-03   4.932865e-34   1.000000e+02
4.136344e-03   5.350291e-34   1.000000e+02
4.174655e-03   5.813401e-34   1.000000e+02
4.213322e-03   6.329809e-34   1.000000e+02
4.252346e-03   6.908615e-34   1.000000e+02
4.291732e-03   7.560740e-34   1.000000e+02
4.331483e-03   8.299332e-34   1.000000e+02
4.371602e-03   9.140296e-34   1.000000e+02
4.412093e-03   1.010295e-33   1.000000e+02
4.452959e-03   1.121089e-33   1.000000e+02
4.494203e-03   1.249305e-33   1.000000e+02
4.535829e-03   1.398511e-33   1.000000e+02
4.577841e-03   1.573133e-33   1.000000e+02
4.620241e-03   1.778686e-33   1.000000e+02
4.663035e-03   2.022090e-33   1.000000e+02
4.706225e-03   2.312075e-33   1.000000e+02
4.749815e-03   2.659720e-33   1.000000e+02
4.793808e-03   3.079182e-33   1.000000e+02
4.838210e-03   3.588666e-33   1.000000e+02
4.883022e-03   4.211741e-33   1.000000e+02
4.928250e-03   4.979135e-33   1.000000e+02
4.973896e-03   5.931199e-33   1.000000e+02
5.019965e-03   7.121254e-33   1.000000e+02
5.066461e-03   8.617996e-33   1.000000e+02
5.113388e-03   1.050899e-32   1.000000e+02
5.160749e-03   1.290865e-32   1.000000e+02
5.208549e-03   1.596713e-32   1.000000e+02
5.256791e-03   1.988197e-32   1.000000e+02
5.305481e-03   2.491376e-32   1.000000e+02
5.354621e-03   3.140703e-32   1.000000e+02
5.404216e-03   3.981831e-32   1.000000e+02
5.454271e-03   5.075372e-32   1.000000e+02
5.504790e-03   6.501933e-32   1.000000e+02
5.555776e-03   8.368882e-32   1.000000e+02
5.607235e-03   1.081940e-31   1.000000e+02
5.659170e-03   1.404463e-31   1.000000e+02
5.711586e-03   1.829994e-31   1.000000e+02
5.764488e-03   2.392664e-31   1.000000e+02
5.817880e-03   3.138102e-31   1.000000e+02
5.871766e-03   4.127301e-31   1.000000e+02
5.926152e-03   5.441765e-31   1.000000e+02
5.981041e-03   7.190326e-31   1.000000e+02
6.036439e-03   9.518413e-31   1.000000e+02
6.092349e-03   1.262402e-30   1.000000e+02
6.148778e-03   1.677837e-30   1.000000e+02
6.205729e-03   2.235237e-30   1.000000e+02
6.263207e-03   2.985536e-30   1.000000e+02
6.321218e-03   3.998982e-30   1.000000e+02
6.379767e-03   5.372888e-30   1.000000e+02
6.438857e-03   7.242703e-30   1.000000e+02
6.498495e-03   9.797858e-30   1.000000e+02
6.558686e-03   1.330462e-29   1.000000e+02
6.619433e-03   1.813917e-29   1.000000e+02
6.680744e-03   2.483589e-29   1.000000e+02
6.742622e-03   3.415797e-29   1.000000e+02
6.805074e-03   4.720172e-29   1.000000e+02
6.868104e-03   6.555110e-29   1.000000e+02
6.931717e-03   9.150858e-29   1.000000e+02
6.995920e-03   1.284418e-28   1.000000e+02
7.060718e-03   1.812961e-28   1.000000e+02
7.126115e-03   2.573026e-28   1.000000e+02
7.192119e-03   3.670868e-28   1.000000e+02
7.258734e-03   5.263285e-28   1.000000e+02
7.325965e-03   7.582340e-28   1.000000e+02
7.393820e-03   1.097243e-27   1.000000e+02
7.462303e-03   1.594595e-27   1.000000e+02
7.531420e-03   2.326701e-27   1.000000e+02
7.601178e-03   3.407756e-27   1.000000e+02
7.671581e-03   5.008742e-27   1.000000e+02
7.742637e-03   7.386116e-27   1.000000e+02
7.814351e-03   1.092510e-26   1.000000e+02
7.886729e-03   1.620510e-26   1.000000e+02
7.959777e-03   2.409848e-26   1.000000e+02
8.033502e-03   3.592070e-26   1.000000e+02
8.107910e-03   5.369515e-26   1.000000e+02
8.183007e-03   8.059926e-26   1.000000e+02
8.258799e-03   1.216529e-25   1.000000e+02
8.335294e-03   1.848839e-25   1.000000e+02
8.412497e-03   2.833023e-25   1.000000e+02
8.490415e-03   4.382940e-25   1.000000e+02
8.569055e-03   6.855431e-25   1.000000e+02
8.648423e-03   1.085544e-24   1.000000e+02
8.728527e-03   1.742582e-24   1.000000e+02
8.809372e-03   2.839631e-24   1.000000e+02
8.890966e-03   4.703734e-24   1.000000e+02
8.973316e-03   7.930957e-24   1.000000e+02
9.056428e-03   1.362532e-23   1.000000e+02
9.140311e-03   2.378111e-23   1.000000e+02
9.224970e-03   4.194085e-23   1.000000e+02
9.310413e-03   7.433627e-23   1.000000e+02
9.396648e-03   1.316927e-22   1.000000e+02
9.483682e-03   2.319308e-22   1.000000e+02
9.571522e-03   4.038595e-22   1.000000e+02
9.660175e-03   6.915380e-22   1.000000e+02
9.749649e-03   1.158122e-21   1.000000e+02
9.839952e-03   1.886620e-21   1.000000e+02
9.931092e-03   2.973340e-21   1.000000e+02
1.002308e-02   4.509064e-21   1.000000e+02
1.011591e-02   6.566794e-21   1.000000e+02
1.020961e-02   9.227581e-21   1.000000e+02
1.030417e-02   1.257955e-20   1.000000e+02
1.039961e-02   1.672862e-20   1.000000e+02
1.049593e-02   2.181968e-20   1.000000e+02
1.059315e-02   2.806759e-20   1.000000e+02
1.069126e-02   3.580186e-20   1.000000e+02
1.079029e-02   4.553289e-20   1.000000e+02
1.089023e-02   5.805492e-20   1.000000e+02
1.099110e-02   7.461436e-20   1.000000e+02
1.109290e-02   9.710855e-20   1.000000e+02
1.119564e-02   1.279610e-19   1.000000e+02
1.129934e-02   1.704317e-19   1.000000e+02
1.140400e-02   2.290571e-19   1.000000e+02
1.150962e-02   3.101166e-19   1.000000e+02
1.161623e-02   4.222425e-19   1.000000e+02
1.172382e-02   5.771942e-19   1.000000e+02
1.183241e-02   7.908109e-19   1.000000e+02
1.194200e-02   1.084131e-18   1.000000e+02
1.205261e-02   1.484682e-18   1.000000e+02
1.216424e-02   2.029788e-18   1.000000e+02
1.227691e-02   2.771569e-18   1.000000e+02
1.239062e-02   3.781579e-18   1.000000e+02
1.250539e-02   5.158314e-18   1.000000e+02
1.262121e-02   7.037920e-18   1.000000e+02
1.273811e-02   9.609430e-18   1.000000e+02
1.285610e-02   1.313659e-17   1.000000e+02
1.297517e-02   1.798928e-17   1.000000e+02
1.309535e-02   2.468777e-17   1.000000e+02
1.321664e-02   3.395442e-17   1.000000e+02
1.333906e-02   4.679320e-17   1.000000e+02
1.346261e-02   6.460507e-17   1.000000e+02
1.358730e-02   8.934565e-17   1.000000e+02
1.371315e-02   1.237453e-16   1.000000e+02
1.384016e-02   1.716160e-16   1.000000e+02
1.396835e-02   2.382791e-16   1.000000e+02
1.409773e-02   3.311654e-16   1.000000e+02
1.422830e-02   4.606977e-16   1.000000e+02
1.436009e-02   6.415139e-16   1.000000e+02
1.449310e-02   8.941748e-16   1.000000e+02
1.462733e-02   1.247591e-15   1.000000e+02
1.476281e-02   1.742458e-15   1.000000e+02
1.489955e-02   2.436130e-15   1.000000e+02
1.503755e-02   3.409520e-15   1.000000e+02
1.517683e-02   4.776841e-15   1.000000e+02
1.531740e-02   6.699302e-15   1.000000e+02
1.545928e-02   9.404690e-15   1.000000e+02
1.560246e-02   1.321511e-14   1.000000e+02
1.574698e-02   1.858633e-14   1.000000e+02
1.589283e-02   2.616362e-14   1.000000e+02
1.604003e-02   3.686112e-14   1.000000e+02
1.618860e-02   5.197414e-14   1.000000e+02
1.633854e-02   7.333792e-14   1.000000e+02
1.648987e-02   1.035539e-13   1.000000e+02
1.664260e-02   1.463102e-13   1.000000e+02
1.679675e-02   2.068364e-13   1.000000e+02
1.695232e-02   2.925484e-13   1.000000e+02
1.710934e-02   4.139620e-13   1.000000e+02
1.726781e-02   5.859889e-13   1.000000e+02
1.742775e-02   8.297710e-13   1.000000e+02
1.758917e-02   1.175279e-12   1.000000e+02
1.775208e-02   1.664990e-12   1.000000e+02
1.791650e-02   2.359086e-12   1.000000e+02
1.808245e-02   3.342815e-12   1.000000e+02
1.824993e-02   4.737014e-12   1.000000e+02
1.841897e-02   6.713081e-12   1.000000e+02
1.858957e-02   9.514055e-12   1.000000e+02
1.876175e-02   1.348459e-11   1.000000e+02
1.893552e-02   1.911346e-11   1.000000e+02
1.911091e-02   2.709396e-11   1.000000e+02
1.928792e-02   3.840950e-11   1.000000e+02
1.946656e-02   5.445523e-11   1.000000e+02
1.964687e-02   7.721056e-11   1.000000e+02
1.982884e-02   1.094843e-10   1.000000e+02
2.001250e-02   1.552624e-10   1.000000e+02
2.019786e-02   2.201940e-10   1.000000e+02
2.038493e-02   3.122475e-10   1.000000e+02
2.057374e-02   4.426557e-10   1.000000e+02
2.076430e-02   6.272284e-10   1.000000e+02
2.095662e-02   8.881716e-10   1.000000e+02
2.115073e-02   1.256604e-09   1.000000e+02
2.134663e-02   1.776027e-09   1.000000e+02
2.154435e-02   2.507086e-09   1.000000e+02
2.174389e-02   3.534080e-09   1.000000e+02
2.194529e-02   4.973817e-09   1.000000e+02
2.214855e-02   6.987612e-09   1.000000e+02
2.235370e-02   9.797428e-09   1.000000e+02
2.256074e-02   1.370752e-08   1.000000e+02
2.276970e-02   1.913321e-08   1.000000e+02
2.298060e-02   2.663903e-08   1.000000e+02
2.319345e-02   3.698871e-08   1.000000e+02
2.340827e-02   5.121054e-08   1.000000e+02
2.362508e-02   7.068184e-08   1.000000e+02
2.384390e-02   9.723747e-08   1.000000e+02
2.406475e-02   1.333078e-07   1.000000e+02
2.428764e-02   1.820929e-07   1.000000e+02
2.451260e-02   2.477791e-07   1.000000e+02
2.473964e-02   3.358069e-07   1.000000e+02
2.496878e-02   4.531966e-07   1.000000e+02
2.520005e-02   6.089673e-07   1.000000e+02
2.543346e-02   8.148240e-07   1.000000e+02
2.566903e-02   1.085904e-06   1.000000e+02
2.590678e-02   1.441689e-06   1.000000e+02
2.614673e-02   1.907216e-06   1.000000e+02
2.638891e-02   2.514613e-06   1.000000e+02
2.663333e-02   3.305070e-06   1.000000e+02
2.688001e-02   4.331353e-06   1.000000e+02
2.712898e-02   5.661025e-06   1.000000e+02
2.738025e-02   7.380575e-06   1.000000e+02
2.763385e-02   9.600728e-06   1.000000e+02
2.788980e-02   1.246327e-05   1.000000e+02
2.814812e-02   1.614987e-05   1.000000e+02
2.840884e-02   2.089346e-05   1.000000e+02
2.867196e-02   2.699300e-05   1.000000e+02
2.893753e-02   3.483264e-05   1.000000e+02
2.920556e-02   4.490673e-05   1.000000e+02
2.947606e-02   5.785239e-05   1.000000e+02
2.974908e-02   7.449226e-05   1.000000e+02
3.002462e-02   9.589061e-05   1.000000e+02
3.030271e-02   1.233927e-04   1.000000e+02
3.058338e-02   1.585808e-04   1.000000e+02
3.086665e-02   2.033234e-04   1.000000e+02
3.115254e-02   2.597932e-04   1.000000e+02
3.144108e-02   3.304456e-04   1.000000e+02
3.173230e-02   4.179571e-04   1.000000e+02
3.202621e-02   5.251108e-04   1.000000e+02
3.232284e-02   6.546145e-04   1.000000e+02
3.262222e-02   8.088422e-04   1.000000e+02
3.292437e-02   9.894943e-04   1.000000e+02
3.322933e-02   1.197187e-03   1.000000e+02
3.353710e-02   1.430995e-03   1.000000e+02
3.384773e-02   1.687989e-03   1.000000e+02
3.416123e-02   1.962836e-03   1.000000e+02
3.447764e-02   2.247552e-03   1.000000e+02
3.479698e-02   2.531479e-03   1.000000e+02
3.511928e-02   2.801599e-03   1.000000e+02
3.544456e-02   3.043215e-03   1.000000e+02
3.577285e-02   3.241023e-03   1.000000e+02
3.610419e-02   3.380512e-03   1.000000e+02
3.643859e-02   3.449544e-03   1.000000e+02
3.677609e-02   3.439915e-03   1.000000e+02
3.711672e-02   3.348639e-03   1.000000e+02
3.746050e-02   3.178715e-03   1.000000e+02
3.780747e-02   2.939175e-03   1.000000e+02
3.815765e-02   2.644344e-03   1.000000e+02
3.851107e-02   2.312367e-03   1.000000e+02
3.886777e-02   1.963225e-03   1.000000e+02
3.922777e-02   1.616538e-03   1.000000e+02
3.959110e-02   1.289532e-03   1.000000e+02
3.995780e-02   9.954887e-04   1.000000e+02
4.032790e-02   7.432805e-04   1.000000e+02
4.070142e-02   5.380368e-04   1.000000e+02
4.107841e-02   3.788724e-04   1.000000e+02
4.145888e-02   2.604205e-04   1.000000e+02
4.184289e-02   1.753226e-04   1.000000e+02
4.223044e-02   1.160008e-04   1.000000e+02
4.262159e-02   7.568741e-05   1.000000e+02
4.301636e-02   4.886584e-05   1.000000e+02
4.341478e-02   3.132461e-05   1.000000e+02
4.381690e-02   2.000525e-05   1.000000e+02
4.422274e-02   1.277203e-05   1.000000e+02
4.463234e-02   8.179234e-06   1.000000e+02
4.504573e-02   5.272079e-06   1.000000e+02
4.546295e-02   3.431998e-06   1.000000e+02
4.588404e-02   2.264058e-06   1.000000e+02
4.630903e-02   1.518738e-06   1.000000e+02
4.673795e-02   1.039471e-06   1.000000e+02
4.717085e-02   7.283765e-07   1.000000e+02
4.760775e-02   5.243153e-07   1.000000e+02
4.804870e-02   3.890469e-07   1.000000e+02
4.849374e-02   2.985819e-07   1.000000e+02
4.894290e-02   2.378245e-07   1.000000e+02
4.939622e-02   1.972700e-07   1.000000e+02
4.985373e-02   1.709842e-07   1.000000e+02
5.031549e-02   1.553349e-07   1.000000e+02
5.078152e-02   1.477948e-07   1.000000e+02
5.125187e-02   1.468088e-07   1.000000e+02
5.172657e-02   1.517606e-07   1.000000e+02
5.220568e-02   1.627384e-07   1.000000e+02
5.268921e-02   1.804498e-07   1.000000e+02
5.317723e-02   2.062378e-07   1.000000e+02
5.366977e-02   2.421792e-07   1.000000e+02
5.416687e-02   2.912543e-07   1.000000e+02
5.466857e-02   3.575903e-07   1.000000e+02
5.517492e-02   4.467738e-07   1.000000e+02
5.568596e-02   5.662247e-07   1.000000e+02
5.620174e-02   7.256042e-07   1.000000e+02
5.672229e-02   9.371980e-07   1.000000e+02
5.724766e-02   1.216170e-06   1.000000e+02
5.777790e-02   1.580516e-06   1.000000e+02
5.831305e-02   2.050484e-06   1.000000e+02
5.885316e-02   2.647142e-06   1.000000e+02
5.939827e-02   3.389784e-06   1.000000e+02
5.994843e-02   4.291918e-06   1.000000e+02
6.050368e-02   5.358615e-06   1.000000e+02
6.106408e-02   6.597977e-06   1.000000e+02
6.162966e-02   8.019685e-06   1.000000e+02
6.220049e-02   9.632154e-06   1.000000e+02
6.277660e-02   1.144301e-05   1.000000e+02
6.335805e-02   1.345984e-05   1.000000e+02
6.394488e-02   1.569108e-05   1.000000e+02
6.453715e-02   1.814724e-05   1.000000e+02
6.513491e-02   2.084226e-05   1.000000e+02
6.573820e-02   2.379506e-05   1.000000e+02
6.634708e-02   2.703135e-05   1.000000e+02
6.696160e-02   3.058573e-05   1.000000e+02
6.758181e-02   3.450419e-05   1.000000e+02
6.820777e-02   3.884702e-05   1.000000e+02
6.883952e-02   4.369261e-05   1.000000e+02
6.947713e-02   4.914213e-05   1.000000e+02
7.012064e-02   5.532564e-05   1.000000e+02
7.077011e-02   6.238768e-05   1.000000e+02
7.142559e-02   7.044996e-05   1.000000e+02
7.208715e-02   7.963983e-05   1.000000e+02
7.275484e-02   9.009607e-05   1.000000e+02
7.342870e-02   1.019683e-04   1.000000e+02
7.410882e-02   1.154163e-04   1.000000e+02
7.479523e-02   1.306079e-04   1.000000e+02
7.548799e-02   1.477169e-04   1.000000e+02
7.618718e-02   1.669197e-04   1.000000e+02
7.689284e-02   1.883910e-04   1.000000e+02
7.760503e-02   2.122980e-04   1.000000e+02
7.832383e-02   2.387936e-04   1.000000e+02
7.904928e-02   2.680089e-04   1.000000e+02
7.978145e-02   3.000428e-04   1.000000e+02
8.052040e-02   3.349478e-04   1.000000e+02
8.126619e-02   3.726686e-04   1.000000e+02
8.201889e-02   4.130250e-04   1.000000e+02
8.277857e-02   4.557155e-04   1.000000e+02
8.354528e-02   5.003005e-04   1.000000e+02
8.431909e-02   5.461901e-04   1.000000e+02
8.510007e-02   5.926362e-04   1.000000e+02
8.588829e-02   6.387340e-04   1.000000e+02
8.668380e-02   6.834318e-04   1.000000e+02
8.748668e-02   7.255537e-04   1.000000e+02
8.829700e-02   7.638341e-04   1.000000e+02
8.911482e-02   7.969655e-04   1.000000e+02
8.994022e-02   8.236580e-04   1.000000e+02
9.077327e-02   8.430242e-04   1.000000e+02
9.161402e-02   8.559478e-04   1.000000e+02
9.246257e-02   8.640680e-04   1.000000e+02
9.331898e-02   8.692033e-04   1.000000e+02
9.418332e-02   8.732669e-04   1.000000e+02
9.505566e-02   8.782218e-04   1.000000e+02
9.593608e-02   8.860789e-04   1.000000e+02
9.682466e-02   8.989406e-04   1.000000e+02
9.772147e-02   9.190927e-04   1.000000e+02
9.862658e-02   9.491543e-04   1.000000e+02
9.954008e-02   9.922997e-04   1.000000e+02
1.004620e-01   1.052492e-03   1.000000e+02
1.013925e-01   1.132731e-03   1.000000e+02
1.023317e-01   1.234672e-03   1.000000e+02
1.032795e-01   1.360313e-03   1.000000e+02
1.042361e-01   1.511940e-03   1.000000e+02
1.052015e-01   1.691938e-03   1.000000e+02
1.061759e-01   1.902544e-03   1.000000e+02
1.071593e-01   2.145513e-03   1.000000e+02
1.081519e-01   2.421696e-03   1.000000e+02
1.091536e-01   2.730525e-03   1.000000e+02
1.101646e-01   3.069429e-03   1.000000e+02
1.111850e-01   3.435454e-03   1.000000e+02
1.122148e-01   3.829662e-03   1.000000e+02
1.132541e-01   4.254308e-03   1.000000e+02
1.143031e-01   4.712284e-03   1.000000e+02
1.153618e-01   5.207272e-03   1.000000e+02
1.164303e-01   5.743910e-03   1.000000e+02
1.175087e-01   6.327986e-03   1.000000e+02
1.185971e-01   6.966686e-03   1.000000e+02
1.196956e-01   7.668879e-03   1.000000e+02
1.208042e-01   8.445092e-03   1.000000e+02
1.219231e-01   9.304093e-03   1.000000e+02
1.230524e-01   1.025334e-02   1.000000e+02
1.241921e-01   1.130061e-02   1.000000e+02
1.253424e-01   1.245394e-02   1.000000e+02
1.265034e-01   1.372156e-02   1.000000e+02
1.276751e-01   1.511177e-02   1.000000e+02
1.288576e-01   1.663282e-02   1.000000e+02
1.300511e-01   1.829273e-02   1.000000e+02
1.312557e-01   2.009915e-02   1.000000e+02
1.324714e-01   2.205930e-02   1.000000e+02
1.336984e-01   2.417967e-02   1.000000e+02
1.349367e-01   2.646567e-02   1.000000e+02
1.361865e-01   2.892135e-02   1.000000e+02
1.374479e-01   3.154910e-02   1.000000e+02
1.387210e-01   3.434927e-02   1.000000e+02
1.400058e-01   3.731981e-02   1.000000e+02
1.413026e-01   4.046147e-02   1.000000e+02
1.426114e-01   4.379728e-02   1.000000e+02
1.439323e-01   4.736272e-02   1.000000e+02
1.452654e-01   5.120247e-02   1.000000e+02
1.466109e-01   5.537207e-02   1.000000e+02
1.479688e-01   5.994004e-02   1.000000e+02
1.493393e-01   6.499058e-02   1.000000e+02
1.507225e-01   7.062532e-02   1.000000e+02
1.521186e-01   7.692711e-02   1.000000e+02
1.535275e-01   8.394903e-02   1.000000e+02
1.549495e-01   9.174210e-02   1.000000e+02
1.563847e-01   1.003547e-01   1.000000e+02
1.578331e-01   1.098303e-01   1.000000e+02
1.592950e-01   1.202048e-01   1.000000e+02
1.607704e-01   1.315045e-01   1.000000e+02
1.622595e-01   1.437747e-01   1.000000e+02
1.637624e-01   1.570888e-01   1.000000e+02
1.652792e-01   1.715265e-01   1.000000e+02
1.668101e-01   1.871726e-01   1.000000e+02
1.683551e-01   2.041174e-01   1.000000e+02
1.699144e-01   2.224572e-01   1.000000e+02
1.714882e-01   2.422944e-01   1.000000e+02
1.730766e-01   2.637381e-01   1.000000e+02
1.746796e-01   2.869041e-01   1.000000e+02
1.762975e-01   3.119154e-01   1.000000e+02
1.779304e-01   3.389027e-01   1.000000e+02
1.795785e-01   3.680045e-01   1.000000e+02
1.812418e-01   3.993691e-01   1.000000e+02
1.829205e-01   4.331652e-01   1.000000e+02
1.846147e-01   4.695819e-01   1.000000e+02
1.863246e-01   5.088251e-01   1.000000e+02
1.880504e-01   5.511196e-01   1.000000e+02
1.897922e-01   5.967111e-01   1.000000e+02
1.915501e-01   6.458685e-01   1.000000e+02
1.933242e-01   6.988864e-01   1.000000e+02
1.951148e-01   7.560880e-01   1.000000e+02
1.969220e-01   8.178283e-01   1.000000e+02
1.987460e-01   8.844978e-01   1.000000e+02
2.005868e-01   9.565262e-01   1.000000e+02
2.024447e-01   1.034365e+00   1.000000e+02
2.043197e-01   1.118469e+00   1.000000e+02
2.062122e-01   1.209324e+00   1.000000e+02
2.081222e-01   1.307448e+00   1.000000e+02
2.100498e-01   1.413398e+00   1.000000e+02
2.119953e-01   1.527770e+00   1.000000e+02
2.139589e-01   1.651202e+00   1.000000e+02
2.159406e-01   1.784373e+00   1.000000e+02
2.179407e-01   1.928011e+00   1.000000e+02
2.199593e-01   2.082894e+00   1.000000e+02
2.219966e-01   2.249849e+00   1.000000e+02
2.240528e-01   2.429758e+00   1.000000e+02
2.261280e-01   2.623563e+00   1.000000e+02
2.282224e-01   2.832264e+00   1.000000e+02
2.303363e-01   3.056924e+00   1.000000e+02
2.324697e-01   3.298674e+00   1.000000e+02
2.346229e-01   3.558713e+00   1.000000e+02
2.367960e-01   3.838312e+00   1.000000e+02
2.389893e-01   4.138821e+00   1.000000e+02
2.412028e-01   4.461664e+00   1.000000e+02
2.434369e-01   4.808350e+00   1.000000e+02
2.456916e-01   5.180472e+00   1.000000e+02
2.479673e-01   5.579710e+00   1.000000e+02
2.502640e-01   6.007836e+00   1.000000e+02
2.525820e-01   6.466740e+00   1.000000e+02
2.549215e-01   6.958500e+00   1.000000e+02
2.572826e-01   7.485342e+00   1.000000e+02
2.596656e-01   8.049637e+00   1.000000e+02
2.620707e-01   8.653912e+00   1.000000e+02
2.644980e-01   9.300858e+00   1.000000e+02
2.669478e-01   9.993343e+00   1.000000e+02
2.694204e-01   1.073442e+01   1.000000e+02
2.719158e-01   1.152735e+01   1.000000e+02
2.744343e-01   1.237560e+01   1.000000e+02
2.769762e-01   1.328287e+01   1.000000e+02
2.795416e-01   1.425308e+01   1.000000e+02
2.821308e-01   1.529045e+01   1.000000e+02
2.847439e-01   1.639945e+01   1.000000e+02
2.873813e-01   1.758483e+01   1.000000e+02
2.900430e-01   1.885169e+01   1.000000e+02
2.927295e-01   2.020545e+01   1.000000e+02
2.954408e-01   2.165186e+01   1.000000e+02
2.981772e-01   2.319711e+01   1.000000e+02
3.009390e-01   2.484774e+01   1.000000e+02
3.037264e-01   2.661063e+01   1.000000e+02
3.065395e-01   2.849288e+01   1.000000e+02
3.093788e-01   3.050195e+01   1.000000e+02
3.122443e-01   3.264573e+01   1.000000e+02
3.151363e-01   3.493252e+01   1.000000e+02
3.180552e-01   3.737107e+01   1.000000e+02
3.210011e-01   3.997059e+01   1.000000e+02
3.239743e-01   4.274076e+01   1.000000e+02
3.269750e-01   4.569176e+01   1.000000e+02
3.300035e-01   4.883429e+01   1.000000e+02
3.330600e-01   5.217957e+01   1.000000e+02
3.361449e-01   5.573937e+01   1.000000e+02
3.392583e-01   5.952602e+01   1.000000e+02
3.424006e-01   6.355243e+01   1.000000e+02
3.455720e-01   6.783212e+01   1.000000e+02
3.487727e-01   7.237919e+01   1.000000e+02
3.520031e-01   7.720846e+01   1.000000e+02
3.552635e-01   8.233621e+01   1.000000e+02
3.585540e-01   8.778031e+01   1.000000e+02
3.618750e-01   9.355972e+01   1.000000e+02
3.652267e-01   9.969463e+01   1.000000e+02
3.686095e-01   1.062065e+02   1.000000e+02
3.720237e-01   1.131181e+02   1.000000e+02
3.754694e-01   1.204538e+02   1.000000e+02
3.789471e-01   1.282393e+02   1.000000e+02
3.824570e-01   1.365024e+02   1.000000e+02
3.859994e-01   1.452722e+02   1.000000e+02
3.895746e-01   1.545802e+02   1.000000e+02
3.931829e-01   1.644596e+02   1.000000e+02
3.968246e-01   1.749461e+02   1.000000e+02
4.005001e-01   1.860778e+02   1.000000e+02
4.042096e-01   1.978936e+02   1.000000e+02
4.079535e-01   2.104311e+02   1.000000e+02
4.117320e-01   2.237282e+02   1.000000e+02
4.155455e-01   2.378243e+02   1.000000e+02
4.193944e-01   2.527602e+02   1.000000e+02
4.232789e-01   2.685777e+02   1.000000e+02
4.271994e-01   2.853200e+02   1.000000e+02
4.311562e-01   3.030312e+02   1.000000e+02
4.351497e-01   3.217567e+02   1.000000e+02
4.391801e-01   3.415426e+02   1.000000e+02
4.432479e-01   3.624360e+02   1.000000e+02
4.473533e-01   3.844845e+02   1.000000e+02
4.514968e-01   4.077366e+02   1.000000e+02
4.556786e-01   4.322473e+02   1.000000e+02
4.598992e-01   4.580826e+02   1.000000e+02
4.641589e-01   4.853133e+02   1.000000e+02
4.684580e-01   5.140146e+02   1.000000e+02
4.727970e-01   5.442663e+02   1.000000e+02
4.771761e-01   5.761535e+02   1.000000e+02
4.815958e-01   6.097666e+02   1.000000e+02
4.860564e-01   6.452021e+02   1.000000e+02
4.905584e-01   6.825625e+02   1.000000e+02
4.951020e-01   7.219575e+02   1.000000e+02
4.996877e-01   7.635040e+02   1.000000e+02
5.043159e-01   8.073245e+02   1.000000e+02
5.089870e-01   8.535369e+02   1.000000e+02
5.137014e-01   9.022610e+02   1.000000e+02
5.184594e-01   9.536214e+02   1.000000e+02
5.232614e-01   1.007748e+03   1.000000e+02
5.281080e-01   1.064777e+03   1.000000e+02
5.329994e-01   1.124848e+03   1.000000e+02
5.379362e-01   1.188109e+03   1.000000e+02
5.429186e-01   1.254712e+03   1.000000e+02
5.479472e-01   1.324815e+03   1.000000e+02
5.530224e-01   1.398584e+03   1.000000e+02
5.581446e-01   1.476190e+03   1.000000e+02
5.633143e-01   1.557809e+03   1.000000e+02
5.685318e-01   1.643626e+03   1.000000e+02
5.737976e-01   1.733831e+03   1.000000e+02
5.791123e-01   1.828622e+03   1.000000e+02
5.844761e-01   1.928203e+03   1.000000e+02
5.898896e-01   2.032784e+03   1.000000e+02
5.953533e-01   2.142585e+03   1.000000e+02
6.008676e-01   2.257831e+03   1.000000e+02
6.064329e-01   2.378757e+03   1.000000e+02
6.120498e-01   2.505618e+03   1.000000e+02
6.177188e-01   2.638677e+03   1.000000e+02
6.234402e-01   2.778210e+03   1.000000e+02
6.292146e-01   2.924505e+03   1.000000e+02
6.350425e-01   3.077859e+03   1.000000e+02
6.409244e-01   3.238584e+03   1.000000e+02
6.468608e-01   3.407001e+03   1.000000e+02
6.528521e-01   3.583446e+03   1.000000e+02
6.588990e-01   3.768269e+03   1.000000e+02
6.650018e-01   3.961832e+03   1.000000e+02
6.711612e-01   4.164513e+03   1.000000e+02
6.773776e-01   4.376703e+03   1.000000e+02
6.836516e-01   4.598810e+03   1.000000e+02
6.899837e-01   4.831258e+03   1.000000e+02
6.963745e-01   5.074487e+03   1.000000e+02
7.028244e-01   5.328955e+03   1.000000e+02
7.093341e-01   5.595131e+03   1.000000e+02
7.159041e-01   5.873496e+03   1.000000e+02
7.225349e-01   6.164547e+03   1.000000e+02
7.292272e-01   6.468800e+03   1.000000e+02
7.359814e-01   6.786785e+03   1.000000e+02
7.427982e-01   7.119053e+03   1.000000e+02
7.496782e-01   7.466172e+03   1.000000e+02
7.566219e-01   7.828729e+03   1.000000e+02
7.636298e-01   8.207330e+03   1.000000e+02
7.707027e-01   8.602601e+03   1.000000e+02
7.778411e-01   9.015188e+03   1.000000e+02
7.850456e-01   9.445758e+03   1.000000e+02
7.923169e-01   9.894998e+03   1.000000e+02
7.996555e-01   1.036362e+04   1.000000e+02
8.070620e-01   1.085235e+04   1.000000e+02
8.145372e-01   1.136195e+04   1.000000e+02
8.220816e-01   1.189322e+04   1.000000e+02
8.296959e-01   1.244696e+04   1.000000e+02
8.373807e-01   1.302400e+04   1.000000e+02
8.451366e-01   1.362522e+04   1.000000e+02
8.529644e-01   1.425151e+04   1.000000e+02
8.608648e-01   1.490379e+04   1.000000e+02
8.688383e-01   1.558300e+04   1.000000e+02
8.768856e-01   1.629011e+04   1.000000e+02
8.850075e-01   1.702614e+04   1.000000e+02
8.932046e-01   1.779213e+04   1.000000e+02
9.014776e-01   1.858913e+04   1.000000e+02
9.098273e-01   1.941824e+04   1.000000e+02
9.182543e-01   2.028058e+04   1.000000e+02
9.267593e-01   2.117727e+04   1.000000e+02
9.353432e-01   2.210949e+04   1.000000e+02
9.440065e-01   2.307842e+04   1.000000e+02
9.527500e-01   2.408530e+04   1.000000e+02
9.615746e-01   2.513138e+04   1.000000e+02
9.704809e-01   2.621795e+04   1.000000e+02
9.794697e-01   2.734631e+04   1.000000e+02
9.885417e-01   2.851783e+04   1.000000e+02
9.976978e-01   2.973387e+04   1.000000e+02
1.006939e+00   3.099585e+04   1.000000e+02
1.016265e+00   3.230522e+04   1.000000e+02
1.025678e+00   3.366350e+04   1.000000e+02
1.035178e+00   3.507223e+04   1.000000e+02
1.044766e+00   3.653300e+04   1.000000e+02
1.054443e+00   3.804741e+04   1.000000e+02
1.064209e+00   3.961713e+04   1.000000e+02
1.074066e+00   4.124386e+04   1.000000e+02
1.084014e+00   4.292933e+04   1.000000e+02
1.094055e+00   4.467532e+04   1.000000e+02
1.104188e+00   4.648363e+04   1.000000e+02
1.114415e+00   4.835614e+04   1.000000e+02
1.124737e+00   5.029473e+04   1.000000e+02
1.135155e+00   5.230134e+04   1.000000e+02
1.145669e+00   5.437796e+04   1.000000e+02
1.156280e+00   5.652660e+04   1.000000e+02
1.166990e+00   5.874933e+04   1.000000e+02
1.177799e+00   6.104825e+04   1.000000e+02
1.188708e+00   6.342552e+04   1.000000e+02
1.199718e+00   6.588333e+04   1.000000e+02
1.210830e+00   6.842392e+04   1.000000e+02
1.222045e+00   7.104956e+04   1.000000e+02
1.233363e+00   7.376259e+04   1.000000e+02
1.244787e+00   7.656536e+04   1.000000e+02
1.256317e+00   7.946031e+04   1.000000e+02
1.267953e+00   8.245002e+04   1.000000e+02
1.279697e+00   8.553730e+04   1.000000e+02
1.291550e+00   8.872502e+04   1.000000e+02
1.303512e+00   9.201617e+04   1.000000e+02
1.315586e+00   9.541380e+04   1.000000e+02
1.327771e+00   9.892109e+04   1.000000e+02
1.340069e+00   1.025413e+05   1.000000e+02
1.352481e+00   1.062778e+05   1.000000e+02
1.365008e+00   1.101341e+05   1.000000e+02
1.377651e+00   1.141137e+05   1.000000e+02
1.390411e+00   1.182205e+05   1.000000e+02
1.403289e+00   1.224582e+05   1.000000e+02
1.416287e+00   1.268308e+05   1.000000e+02
1.429405e+00   1.313425e+05   1.000000e+02
1.442644e+00   1.359974e+05   1.000000e+02
1.456006e+00   1.408000e+05   1.000000e+02
1.469492e+00   1.457548e+05   1.000000e+02
1.483103e+00   1.508666e+05   1.000000e+02
1.496839e+00   1.561402e+05   1.000000e+02
1.510703e+00   1.615804e+05   1.000000e+02
1.524696e+00   1.671908e+05   1.000000e+02
1.538818e+00   1.729739e+05   1.000000e+02
1.553071e+00   1.789321e+05   1.000000e+02
1.567455e+00   1.850675e+05   1.000000e+02
1.581973e+00   1.913822e+05   1.000000e+02
1.596626e+00   1.978779e+05   1.000000e+02
1.611414e+00   2.045560e+05   1.000000e+02
1.626340e+00   2.114178e+05   1.000000e+02
1.641403e+00   2.184641e+05   1.000000e+02
1.656606e+00   2.256955e+05   1.000000e+02
1.671950e+00   2.331120e+05   1.000000e+02
1.687436e+00   2.407136e+05   1.000000e+02
1.703065e+00   2.484996e+05   1.000000e+02
1.718839e+00   2.564690e+05   1.000000e+02
1.734759e+00   2.646202e+05   1.000000e+02
1.750827e+00   2.729513e+05   1.000000e+02
1.767044e+00   2.814611e+05   1.000000e+02
1.783410e+00   2.901535e+05   1.000000e+02
1.799929e+00   2.990336e+05   1.000000e+02
1.816600e+00   3.081069e+05   1.000000e+02
1.833425e+00   3.173794e+05   1.000000e+02
1.850407e+00   3.268576e+05   1.000000e+02
1.867546e+00   3.365484e+05   1.000000e+02
1.884843e+00   3.464593e+05   1.000000e+02
1.902301e+00   3.565982e+05   1.000000e+02
1.919921e+00   3.669737e+05   1.000000e+02
1.937703e+00   3.775949e+05   1.000000e+02
1.955651e+00   3.884718e+05   1.000000e+02
1.973764e+00   3.996147e+05   1.000000e+02
1.992046e+00   4.110349e+05   1.000000e+02
2.010496e+00   4.227441e+05   1.000000e+02
2.029118e+00   4.347505e+05   1.000000e+02
2.047912e+00   4.470591e+05   1.000000e+02
2.066880e+00   4.596747e+05   1.000000e+02
2.086024e+00   4.726018e+05   1.000000e+02
2.105345e+00   4.858451e+05   1.000000e+02
2.124845e+00   4.994090e+05   1.000000e+02
2.144526e+00   5.132980e+05   1.000000e+02
2.164389e+00   5.275162e+05   1.000000e+02
2.184436e+00   5.420677e+05   1.000000e+02
2.204669e+00   5.569565e+05   1.000000e+02
2.225089e+00   5.721862e+05   1.000000e+02
2.245698e+00   5.877605e+05   1.000000e+02
2.266498e+00   6.036828e+05   1.000000e+02
2.287491e+00   6.199562e+05   1.000000e+02
2.308678e+00   6.365836e+05   1.000000e+02
2.330061e+00   6.535678e+05   1.000000e+02
2.351643e+00   6.709112e+05   1.000000e+02
2.373424e+00   6.886159e+05   1.000000e+02
2.395407e+00   7.066839e+05   1.000000e+02
2.417594e+00   7.251168e+05   1.000000e+02
2.439986e+00   7.439157e+05   1.000000e+02
2.462586e+00   7.630816e+05   1.000000e+02
2.485395e+00   7.826150e+05   1.000000e+02
2.508415e+00   8.025163e+05   1.000000e+02
2.531648e+00   8.227869e+05   1.000000e+02
2.555097e+00   8.434311e+05   1.000000e+02
2.578763e+00   8.644530e+05   1.000000e+02
2.602648e+00   8.858572e+05   1.000000e+02
2.626754e+00   9.076481e+05   1.000000e+02
2.651084e+00   9.298300e+05   1.000000e+02
2.675638e+00   9.524077e+05   1.000000e+02
2.700421e+00   9.753858e+05   1.000000e+02
2.725433e+00   9.987689e+05   1.000000e+02
2.750676e+00   1.022562e+06   1.000000e+02
2.776153e+00   1.046770e+06   1.000000e+02
2.801867e+00   1.071397e+06   1.000000e+02
2.827818e+00   1.096449e+06   1.000000e+02
2.854010e+00   1.121931e+06   1.000000e+02
2.880444e+00   1.147848e+06   1.000000e+02
2.907123e+00   1.174205e+06   1.000000e+02
2.934050e+00   1.201009e+06   1.000000e+02
2.961225e+00   1.228264e+06   1.000000e+02
2.988653e+00   1.255976e+06   1.000000e+02
3.016334e+00   1.284150e+06   1.000000e+02
3.044272e+00   1.312793e+06   1.000000e+02
3.072469e+00   1.341905e+06   1.000000e+02
3.100927e+00   1.371492e+06   1.000000e+02
3.129648e+00   1.401555e+06   1.000000e+02
3.158635e+00   1.432098e+06   1.000000e+02
3.187891e+00   1.463123e+06   1.000000e+02
3.217418e+00   1.494634e+06   1.000000e+02
3.247218e+00   1.526633e+06   1.000000e+02
3.277295e+00   1.559121e+06   1.000000e+02
3.307650e+00   1.592103e+06   1.000000e+02
3.338286e+00   1.625579e+06   1.000000e+02
3.369206e+00   1.659552e+06   1.000000e+02
3.400412e+00   1.694024e+06   1.000000e+02
3.431907e+00   1.728996e+06   1.000000e+02
3.463694e+00   1.764471e+06   1.000000e+02
3.495776e+00   1.800450e+06   1.000000e+02
3.528154e+00   1.836933e+06   1.000000e+02
3.560833e+00   1.873925e+06   1.000000e+02
3.593814e+00   1.911426e+06   1.000000e+02
3.627100e+00   1.949439e+06   1.000000e+02
3.660695e+00   1.987967e+06   1.000000e+02
3.694601e+00   2.027013e+06   1.000000e+02
3.728821e+00   2.066577e+06   1.000000e+02
3.763358e+00   2.106664e+06   1.000000e+02
3.798215e+00   2.147273e+06   1.000000e+02
3.833395e+00   2.188409e+06   1.000000e+02
3.868901e+00   2.230073e+06   1.000000e+02
3.904735e+00   2.272267e+06   1.000000e+02
3.940902e+00   2.314992e+06   1.000000e+02
3.977403e+00   2.358252e+06   1.000000e+02
4.014242e+00   2.402047e+06   1.000000e+02
4.051423e+00   2.446380e+06   1.000000e+02
4.088948e+00   2.491251e+06   1.000000e+02
4.126821e+00   2.536661e+06   1.000000e+02
4.165044e+00   2.582612e+06   1.000000e+02
4.203622e+00   2.629103e+06   1.000000e+02
4.242556e+00   2.676135e+06   1.000000e+02
4.281852e+00   2.723710e+06   1.000000e+02
4.321511e+00   2.771827e+06   1.000000e+02
4.361538e+00   2.820486e+06   1.000000e+02
4.401935e+00   2.869688e+06   1.000000e+02
4.442707e+00   2.919434e+06   1.000000e+02
4.483856e+00   2.969722e+06   1.000000e+02
4.525386e+00   3.020553e+06   1.000000e+02
4.567301e+00   3.071926e+06   1.000000e+02
4.609604e+00   3.123842e+06   1.000000e+02
4.652300e+00   3.176300e+06   1.000000e+02
4.695390e+00   3.229299e+06   1.000000e+02
4.738880e+00   3.282839e+06   1.000000e+02
4.782772e+00   3.336919e+06   1.000000e+02
4.827071e+00   3.391538e+06   1.000000e+02
4.871780e+00   3.446695e+06   1.000000e+02
4.916904e+00   3.502389e+06   1.000000e+02
4.962445e+00   3.558620e+06   1.000000e+02
5.008408e+00   3.615385e+06   1.000000e+02
5.054797e+00   3.672683e+06   1.000000e+02
5.101615e+00   3.730513e+06   1.000000e+02
5.148867e+00   3.788872e+06   1.000000e+02
5.196557e+00   3.847759e+06   1.000000e+02
5.244689e+00   3.907171e+06   1.000000e+02
5.293266e+00   3.967106e+06   1.000000e+02
5.342293e+00   4.027561e+06   1.000000e+02
5.391775e+00   4.088534e+06   1.000000e+02
5.441714e+00   4.150022e+06   1.000000e+02
5.492116e+00   4.212022e+06   1.000000e+02
5.542986e+00   4.274531e+06   1.000000e+02
5.594326e+00   4.337547e+06   1.000000e+02
5.646141e+00   4.401066e+06   1.000000e+02
5.698437e+00   4.465084e+06   1.000000e+02
5.751217e+00   4.529598e+06   1.000000e+02
5.804486e+00   4.594605e+06   1.000000e+02
5.858248e+00   4.660101e+06   1.000000e+02
5.912508e+00   4.726082e+06   1.000000e+02
5.967271e+00   4.792544e+06   1.000000e+02
6.022541e+00   4.859483e+06   1.000000e+02
6.078323e+00   4.926895e+06   1.000000e+02
6.134622e+00   4.994773e+06   1.000000e+02
6.191442e+00   5.063113e+06   1.000000e+02
6.248788e+00   5.131908e+06   1.000000e+02
6.306666e+00   5.201153e+06   1.000000e+02
6.365079e+00   5.270842e+06   1.000000e+02
6.424034e+00   5.340967e+06   1.000000e+02
6.483534e+00   5.411523e+06   1.000000e+02
6.543586e+00   5.482502e+06   1.000000e+02
6.604194e+00   5.553899e+06   1.000000e+02
6.665363e+00   5.625705e+06   1.000000e+02
6.727099e+00   5.697914e+06   1.000000e+02
6.789407e+00   5.770518e+06   1.000000e+02
6.852292e+00   5.843510e+06   1.000000e+02
6.915759e+00   5.916882e+06   1.000000e+02
6.979814e+00   5.990626e+06   1.000000e+02
7.044462e+00   6.064733e+06   1.000000e+02
7.109709e+00   6.139196e+06   1.000000e+02
7.175561e+00   6.214003e+06   1.000000e+02
7.242022e+00   6.289146e+06   1.000000e+02
7.309099e+00   6.364614e+06   1.000000e+02
7.376798e+00   6.440397e+06   1.000000e+02
7.445123e+00   6.516484e+06   1.000000e+02
7.514081e+00   6.592865e+06   1.000000e+02
7.583678e+00   6.669528e+06   1.000000e+02
7.653919e+00   6.746462e+06   1.000000e+02
7.724811e+00   6.823656e+06   1.000000e+02
7.796360e+00   6.901099e+06   1.000000e+02
7.868572e+00   6.978777e+06   1.000000e+02
7.941452e+00   7.056680e+06   1.000000e+02
8.015007e+00   7.134795e+06   1.000000e+02
8.089243e+00   7.213109e+06   1.000000e+02
8.164168e+00   7.291606e+06   1.000000e+02
8.239786e+00   7.370272e+06   1.000000e+02
8.316104e+00   7.449089e+06   1.000000e+02
8.393129e+00   7.528041e+06   1.000000e+02
8.470868e+00   7.607113e+06   1.000000e+02
8.549327e+00   7.686286e+06   1.000000e+02
8.628513e+00   7.765544e+06   1.000000e+02
8.708431e+00   7.844870e+06   1.000000e+02
8.789091e+00   7.924244e+06   1.000000e+02
8.870497e+00   8.003650e+06   1.000000e+02
8.952657e+00   8.083069e+06   1.000000e+02
9.035578e+00   8.162481e+06   1.000000e+02
9.119268e+00   8.241869e+06   1.000000e+02
9.203732e+00   8.321212e+06   1.000000e+02
9.288979e+00   8.400492e+06   1.000000e+02
9.375015e+00   8.479688e+06   1.000000e+02
9.461848e+00   8.558780e+06   1.000000e+02
9.549486e+00   8.637749e+06   1.000000e+02
9.637935e+00   8.716572e+06   1.000000e+02
9.727203e+00   8.795230e+06   1.000000e+02
9.817298e+00   8.873702e+06   1.000000e+02
9.908228e+00   8.951966e+06   1.000000e+02
1.000000e+01   9.030000e+06   1.000000e+02
