# C14 + He3 > C13 + a   [C14_He3__C13_a]   ref=TALYS2, Koning et al. 2023
# detailed balance: alpha=0.73097 beta=0 gamma=-143.91  Q=12.4012
# T9                 rate                error
1.000000e-03   1.000000e-35   1.000000e+02
1.009262e-03   9.997822e-36   1.000000e+02
1.018610e-03   9.995739e-36   1.000000e+02
1.028045e-03   9.993750e-36   1.000000e+02
1.037567e-03   9.991854e-36   1.000000e+02
1.047177e-03   9.990049e-36   1.000000e+02
1.056876e-03   9.988333e-36   1.000000e+02
1.066665e-03   9.986705e-36   1.000000e+02
1.076545e-03   9.985163e-36   1.000000e+02
1.086516e-03   9.983706e-36   1.000000e+02
1.096579e-03   9.982332e-36   1.000000e+02
1.106736e-03   9.981040e-36   1.000000e+02
1.116987e-03   9.979828e-36   1.000000e+02
1.127333e-03   9.978695e-36   1.000000e+02
1.137774e-03   9.977639e-36   1.000000e+02
1.148312e-03   9.976658e-36   1.000000e+02
1.158948e-03   9.975752e-36   1.000000e+02
1.169683e-03   9.974919e-36   1.000000e+02
1.180517e-03   9.974156e-36   1.000000e+02
1.191451e-03   9.973463e-36   1.000000e+02
1.202486e-03   9.972839e-36   1.000000e+02
1.213624e-03   9.972280e-36   1.000000e+02
1.224865e-03   9.971788e-36   1.000000e+02
1.236210e-03   9.971358e-36   1.000000e+02
1.247660e-03   9.970991e-36   1.000000e+02
1.259216e-03   9.970685e-36   1.000000e+02
1.270879e-03   9.970437e-36   1.000000e+02
1.282650e-03   9.970247e-36   1.000000e+02
1.294530e-03   9.970114e-36   1.000000e+02
1.306520e-03   9.970035e-36   1.000000e+02
1.318621e-03   9.970009e-36   1.000000e+02
1.330835e-03   9.970035e-36   1.000000e+02
1.343161e-03   9.970112e-36   1.000000e+02
1.355602e-03   9.970237e-36   1.000000e+02
1.368158e-03   9.970409e-36   1.000000e+02
1.380830e-03   9.970627e-36   1.000000e+02
1.393619e-03   9.970889e-36   1.000000e+02
1.406527e-03   9.971194e-36   1.000000e+02
1.419555e-03   9.971541e-36   1.000000e+02
1.432703e-03   9.971927e-36   1.000000e+02
1.445973e-03   9.972352e-36   1.000000e+02
1.459366e-03   9.972813e-36   1.000000e+02
1.472883e-03   9.973310e-36   1.000000e+02
1.486525e-03   9.973841e-36   1.000000e+02
1.500293e-03   9.974404e-36   1.000000e+02
1.514189e-03   9.974998e-36   1.000000e+02
1.528214e-03   9.975622e-36   1.000000e+02
1.542369e-03   9.976274e-36   1.000000e+02
1.556654e-03   9.976952e-36   1.000000e+02
1.571072e-03   9.977655e-36   1.000000e+02
1.585624e-03   9.978381e-36   1.000000e+02
1.600310e-03   9.979130e-36   1.000000e+02
1.615133e-03   9.979899e-36   1.000000e+02
1.630092e-03   9.980688e-36   1.000000e+02
1.645191e-03   9.981493e-36   1.000000e+02
1.660429e-03   9.982316e-36   1.000000e+02
1.675808e-03   9.983152e-36   1.000000e+02
1.691330e-03   9.984002e-36   1.000000e+02
1.706995e-03   9.984863e-36   1.000000e+02
1.722805e-03   9.985735e-36   1.000000e+02
1.738762e-03   9.986615e-36   1.000000e+02
1.754867e-03   9.987503e-36   1.000000e+02
1.771121e-03   9.988396e-36   1.000000e+02
1.787526e-03   9.989294e-36   1.000000e+02
1.804082e-03   9.990194e-36   1.000000e+02
1.820792e-03   9.991095e-36   1.000000e+02
1.837656e-03   9.991996e-36   1.000000e+02
1.854677e-03   9.992896e-36   1.000000e+02
1.871855e-03   9.993792e-36   1.000000e+02
1.889193e-03   9.994684e-36   1.000000e+02
1.906691e-03   9.995569e-36   1.000000e+02
1.924351e-03   9.996446e-36   1.000000e+02
1.942175e-03   9.997315e-36   1.000000e+02
1.960163e-03   9.998173e-36   1.000000e+02
1.978319e-03   9.999018e-36   1.000000e+02
1.996642e-03   9.999850e-36   1.000000e+02
2.015136e-03   1.000067e-35   1.000000e+02
2.033800e-03   1.000147e-35   1.000000e+02
2.052638e-03   1.000225e-35   1.000000e+02
2.071650e-03   1.000301e-35   1.000000e+02
2.090838e-03   1.000375e-35   1.000000e+02
2.110203e-03   1.000447e-35   1.000000e+02
2.129749e-03   1.000516e-35   1.000000e+02
2.149475e-03   1.000583e-35   1.000000e+02
2.169384e-03   1.000647e-35   1.000000e+02
2.189477e-03   1.000709e-35   1.000000e+02
2.209756e-03   1.000767e-35   1.000000e+02
2.230223e-03   1.000822e-35   1.000000e+02
2.250880e-03   1.000874e-35   1.000000e+02
2.271728e-03   1.000922e-35   1.000000e+02
2.292769e-03   1.000967e-35   1.000000e+02
2.314005e-03   1.001008e-35   1.000000e+02
2.335438e-03   1.001045e-35   1.000000e+02
2.357069e-03   1.001078e-35   1.000000e+02
2.378901e-03   1.001107e-35   1.000000e+02
2.400935e-03   1.001131e-35   1.000000e+02
2.423173e-03   1.001151e-35   1.000000e+02
2.445617e-03   1.001166e-35   1.000000e+02
2.468268e-03   1.001177e-35   1.000000e+02
2.491130e-03   1.001182e-35   1.000000e+02
2.514203e-03   1.001183e-35   1.000000e+02
2.537490e-03   1.001178e-35   1.000000e+02
2.560993e-03   1.001167e-35   1.000000e+02
2.584714e-03   1.001151e-35   1.000000e+02
2.608654e-03   1.001130e-35   1.000000e+02
2.632815e-03   1.001102e-35   1.000000e+02
2.657201e-03   1.001069e-35   1.000000e+02
2.681813e-03   1.001029e-35   1.000000e+02
2.706652e-03   1.000984e-35   1.000000e+02
2.731722e-03   1.000931e-35   1.000000e+02
2.757023e-03   1.000872e-35   1.000000e+02
2.782559e-03   1.000807e-35   1.000000e+02
2.808332e-03   1.000734e-35   1.000000e+02
2.834343e-03   1.000655e-35   1.000000e+02
2.860596e-03   1.000568e-35   1.000000e+02
2.887091e-03   1.000474e-35   1.000000e+02
2.913832e-03   1.000372e-35   1.000000e+02
2.940820e-03   1.000263e-35   1.000000e+02
2.968059e-03   1.000146e-35   1.000000e+02
2.995549e-03   1.000021e-35   1.000000e+02
3.023295e-03   9.998880e-36   1.000000e+02
3.051297e-03   9.997484e-36   1.000000e+02
3.079559e-03   9.996037e-36   1.000000e+02
3.108082e-03   9.994553e-36   1.000000e+02
3.136870e-03   9.993049e-36   1.000000e+02
3.165924e-03   9.991541e-36   1.000000e+02
3.195248e-03   9.990045e-36   1.000000e+02
3.224842e-03   9.988576e-36   1.000000e+02
3.254712e-03   9.987150e-36   1.000000e+02
3.284857e-03   9.985782e-36   1.000000e+02
3.315282e-03   9.984490e-36   1.000000e+02
3.345989e-03   9.983288e-36   1.000000e+02
3.376980e-03   9.982192e-36   1.000000e+02
3.408259e-03   9.981218e-36   1.000000e+02
3.439826e-03   9.980381e-36   1.000000e+02
3.471687e-03   9.979699e-36   1.000000e+02
3.503842e-03   9.979185e-36   1.000000e+02
3.536296e-03   9.978856e-36   1.000000e+02
3.569049e-03   9.978728e-36   1.000000e+02
3.602107e-03   9.978817e-36   1.000000e+02
3.635470e-03   9.979138e-36   1.000000e+02
3.669142e-03   9.979707e-36   1.000000e+02
3.703127e-03   9.980540e-36   1.000000e+02
3.737426e-03   9.981652e-36   1.000000e+02
3.772042e-03   9.983061e-36   1.000000e+02
3.806980e-03   9.984781e-36   1.000000e+02
3.842241e-03   9.986829e-36   1.000000e+02
3.877828e-03   9.989220e-36   1.000000e+02
3.913746e-03   9.991971e-36   1.000000e+02
3.949995e-03   9.995098e-36   1.000000e+02
3.986581e-03   9.998617e-36   1.000000e+02
4.023506e-03   1.000254e-35   1.000000e+02
4.060772e-03   1.000682e-35   1.000000e+02
4.098384e-03   1.001136e-35   1.000000e+02
4.136344e-03   1.001608e-35   1.000000e+02
4.174655e-03   1.002089e-35   1.000000e+02
4.213322e-03   1.002569e-35   1.000000e+02
4.252346e-03   1.003039e-35   1.000000e+02
4.291732e-03   1.003490e-35   1.000000e+02
4.331483e-03   1.003914e-35   1.000000e+02
4.371602e-03   1.004300e-35   1.000000e+02
4.412093e-03   1.004640e-35   1.000000e+02
4.452959e-03   1.004925e-35   1.000000e+02
4.494203e-03   1.005145e-35   1.000000e+02
4.535829e-03   1.005291e-35   1.000000e+02
4.577841e-03   1.005354e-35   1.000000e+02
4.620241e-03   1.005325e-35   1.000000e+02
4.663035e-03   1.005195e-35   1.000000e+02
4.706225e-03   1.004955e-35   1.000000e+02
4.749815e-03   1.004595e-35   1.000000e+02
4.793808e-03   1.004107e-35   1.000000e+02
4.838210e-03   1.003482e-35   1.000000e+02
4.883022e-03   1.002711e-35   1.000000e+02
4.928250e-03   1.001784e-35   1.000000e+02
4.973896e-03   1.000695e-35   1.000000e+02
5.019965e-03   9.994333e-36   1.000000e+02
5.066461e-03   9.980030e-36   1.000000e+02
5.113388e-03   9.964193e-36   1.000000e+02
5.160749e-03   9.946988e-36   1.000000e+02
5.208549e-03   9.928578e-36   1.000000e+02
5.256791e-03   9.909125e-36   1.000000e+02
5.305481e-03   9.888793e-36   1.000000e+02
5.354621e-03   9.867741e-36   1.000000e+02
5.404216e-03   9.846131e-36   1.000000e+02
5.454271e-03   9.824121e-36   1.000000e+02
5.504790e-03   9.801867e-36   1.000000e+02
5.555776e-03   9.779527e-36   1.000000e+02
5.607235e-03   9.757255e-36   1.000000e+02
5.659170e-03   9.735204e-36   1.000000e+02
5.711586e-03   9.713526e-36   1.000000e+02
5.764488e-03   9.692371e-36   1.000000e+02
5.817880e-03   9.671888e-36   1.000000e+02
5.871766e-03   9.652226e-36   1.000000e+02
5.926152e-03   9.633532e-36   1.000000e+02
5.981041e-03   9.615952e-36   1.000000e+02
6.036439e-03   9.599618e-36   1.000000e+02
6.092349e-03   9.584508e-36   1.000000e+02
6.148778e-03   9.570499e-36   1.000000e+02
6.205729e-03   9.557467e-36   1.000000e+02
6.263207e-03   9.545288e-36   1.000000e+02
6.321218e-03   9.533840e-36   1.000000e+02
6.379767e-03   9.523002e-36   1.000000e+02
6.438857e-03   9.512653e-36   1.000000e+02
6.498495e-03   9.502673e-36   1.000000e+02
6.558686e-03   9.492941e-36   1.000000e+02
6.619433e-03   9.483339e-36   1.000000e+02
6.680744e-03   9.473748e-36   1.000000e+02
6.742622e-03   9.464049e-36   1.000000e+02
6.805074e-03   9.454126e-36   1.000000e+02
6.868104e-03   9.443861e-36   1.000000e+02
6.931717e-03   9.433136e-36   1.000000e+02
6.995920e-03   9.421837e-36   1.000000e+02
7.060718e-03   9.409929e-36   1.000000e+02
7.126115e-03   9.397775e-36   1.000000e+02
7.192119e-03   9.385856e-36   1.000000e+02
7.258734e-03   9.374650e-36   1.000000e+02
7.325965e-03   9.364633e-36   1.000000e+02
7.393820e-03   9.356279e-36   1.000000e+02
7.462303e-03   9.350061e-36   1.000000e+02
7.531420e-03   9.346452e-36   1.000000e+02
7.601178e-03   9.345927e-36   1.000000e+02
7.671581e-03   9.348963e-36   1.000000e+02
7.742637e-03   9.356042e-36   1.000000e+02
7.814351e-03   9.367650e-36   1.000000e+02
7.886729e-03   9.384285e-36   1.000000e+02
7.959777e-03   9.406454e-36   1.000000e+02
8.033502e-03   9.434639e-36   1.000000e+02
8.107910e-03   9.468228e-36   1.000000e+02
8.183007e-03   9.505350e-36   1.000000e+02
8.258799e-03   9.544040e-36   1.000000e+02
8.335294e-03   9.582304e-36   1.000000e+02
8.412497e-03   9.618116e-36   1.000000e+02
8.490415e-03   9.649419e-36   1.000000e+02
8.569055e-03   9.674138e-36   1.000000e+02
8.648423e-03   9.690186e-36   1.000000e+02
8.728527e-03   9.695483e-36   1.000000e+02
8.809372e-03   9.687976e-36   1.000000e+02
8.890966e-03   9.665666e-36   1.000000e+02
8.973316e-03   9.626633e-36   1.000000e+02
9.056428e-03   9.569645e-36   1.000000e+02
9.140311e-03   9.499977e-36   1.000000e+02
9.224970e-03   9.426785e-36   1.000000e+02
9.310413e-03   9.359029e-36   1.000000e+02
9.396648e-03   9.305419e-36   1.000000e+02
9.483682e-03   9.274507e-36   1.000000e+02
9.571522e-03   9.274861e-36   1.000000e+02
9.660175e-03   9.315311e-36   1.000000e+02
9.749649e-03   9.405299e-36   1.000000e+02
9.839952e-03   9.555313e-36   1.000000e+02
9.931092e-03   9.777462e-36   1.000000e+02
1.002308e-02   1.008616e-35   1.000000e+02
1.011591e-02   1.049269e-35   1.000000e+02
1.020961e-02   1.099847e-35   1.000000e+02
1.030417e-02   1.160451e-35   1.000000e+02
1.039961e-02   1.231218e-35   1.000000e+02
1.049593e-02   1.312261e-35   1.000000e+02
1.059315e-02   1.403612e-35   1.000000e+02
1.069126e-02   1.505151e-35   1.000000e+02
1.079029e-02   1.616526e-35   1.000000e+02
1.089023e-02   1.737080e-35   1.000000e+02
1.099110e-02   1.865758e-35   1.000000e+02
1.109290e-02   2.001364e-35   1.000000e+02
1.119564e-02   2.144116e-35   1.000000e+02
1.129934e-02   2.294885e-35   1.000000e+02
1.140400e-02   2.454725e-35   1.000000e+02
1.150962e-02   2.624905e-35   1.000000e+02
1.161623e-02   2.806934e-35   1.000000e+02
1.172382e-02   3.002601e-35   1.000000e+02
1.183241e-02   3.214025e-35   1.000000e+02
1.194200e-02   3.443705e-35   1.000000e+02
1.205261e-02   3.694570e-35   1.000000e+02
1.216424e-02   3.969336e-35   1.000000e+02
1.227691e-02   4.270280e-35   1.000000e+02
1.239062e-02   4.599846e-35   1.000000e+02
1.250539e-02   4.960696e-35   1.000000e+02
1.262121e-02   5.355726e-35   1.000000e+02
1.273811e-02   5.788082e-35   1.000000e+02
1.285610e-02   6.261169e-35   1.000000e+02
1.297517e-02   6.778674e-35   1.000000e+02
1.309535e-02   7.344649e-35   1.000000e+02
1.321664e-02   7.964102e-35   1.000000e+02
1.333906e-02   8.642909e-35   1.000000e+02
1.346261e-02   9.387682e-35   1.000000e+02
1.358730e-02   1.020587e-34   1.000000e+02
1.371315e-02   1.110589e-34   1.000000e+02
1.384016e-02   1.209723e-34   1.000000e+02
1.396835e-02   1.319063e-34   1.000000e+02
1.409773e-02   1.439825e-34   1.000000e+02
1.422830e-02   1.573350e-34   1.000000e+02
1.436009e-02   1.721139e-34   1.000000e+02
1.449310e-02   1.884880e-34   1.000000e+02
1.462733e-02   2.066482e-34   1.000000e+02
1.476281e-02   2.268102e-34   1.000000e+02
1.489955e-02   2.492179e-34   1.000000e+02
1.503755e-02   2.741475e-34   1.000000e+02
1.517683e-02   3.019130e-34   1.000000e+02
1.531740e-02   3.328728e-34   1.000000e+02
1.545928e-02   3.674350e-34   1.000000e+02
1.560246e-02   4.060645e-34   1.000000e+02
1.574698e-02   4.492917e-34   1.000000e+02
1.589283e-02   4.977227e-34   1.000000e+02
1.604003e-02   5.520504e-34   1.000000e+02
1.618860e-02   6.130703e-34   1.000000e+02
1.633854e-02   6.816978e-34   1.000000e+02
1.648987e-02   7.589864e-34   1.000000e+02
1.664260e-02   8.461489e-34   1.000000e+02
1.679675e-02   9.445839e-34   1.000000e+02
1.695232e-02   1.055907e-33   1.000000e+02
1.710934e-02   1.181985e-33   1.000000e+02
1.726781e-02   1.324982e-33   1.000000e+02
1.742775e-02   1.487408e-33   1.000000e+02
1.758917e-02   1.672177e-33   1.000000e+02
1.775208e-02   1.882683e-33   1.000000e+02
1.791650e-02   2.122876e-33   1.000000e+02
1.808245e-02   2.397369e-33   1.000000e+02
1.824993e-02   2.711523e-33   1.000000e+02
1.841897e-02   3.071573e-33   1.000000e+02
1.858957e-02   3.484800e-33   1.000000e+02
1.876175e-02   3.959723e-33   1.000000e+02
1.893552e-02   4.506324e-33   1.000000e+02
1.911091e-02   5.136309e-33   1.000000e+02
1.928792e-02   5.863428e-33   1.000000e+02
1.946656e-02   6.703849e-33   1.000000e+02
1.964687e-02   7.676613e-33   1.000000e+02
1.982884e-02   8.804168e-33   1.000000e+02
2.001250e-02   1.011302e-32   1.000000e+02
2.019786e-02   1.163464e-32   1.000000e+02
2.038493e-02   1.340684e-32   1.000000e+02
2.057374e-02   1.547486e-32   1.000000e+02
2.076430e-02   1.789284e-32   1.000000e+02
2.095662e-02   2.072572e-32   1.000000e+02
2.115073e-02   2.405155e-32   1.000000e+02
2.134663e-02   2.796436e-32   1.000000e+02
2.154435e-02   3.257773e-32   1.000000e+02
2.174389e-02   3.802910e-32   1.000000e+02
2.194529e-02   4.448525e-32   1.000000e+02
2.214855e-02   5.214901e-32   1.000000e+02
2.235370e-02   6.126773e-32   1.000000e+02
2.256074e-02   7.214370e-32   1.000000e+02
2.276970e-02   8.514740e-32   1.000000e+02
2.298060e-02   1.007340e-31   1.000000e+02
2.319345e-02   1.194643e-31   1.000000e+02
2.340827e-02   1.420309e-31   1.000000e+02
2.362508e-02   1.692916e-31   1.000000e+02
2.384390e-02   2.023119e-31   1.000000e+02
2.406475e-02   2.424188e-31   1.000000e+02
2.428764e-02   2.912697e-31   1.000000e+02
2.451260e-02   3.509409e-31   1.000000e+02
2.473964e-02   4.240409e-31   1.000000e+02
2.496878e-02   5.138567e-31   1.000000e+02
2.520005e-02   6.245328e-31   1.000000e+02
2.543346e-02   7.612455e-31   1.000000e+02
2.566903e-02   9.304910e-31   1.000000e+02
2.590678e-02   1.140458e-30   1.000000e+02
2.614673e-02   1.401484e-30   1.000000e+02
2.638891e-02   1.726633e-30   1.000000e+02
2.663333e-02   2.132440e-30   1.000000e+02
2.688001e-02   2.639858e-30   1.000000e+02
2.712898e-02   3.275463e-30   1.000000e+02
2.738025e-02   4.073007e-30   1.000000e+02
2.763385e-02   5.075391e-30   1.000000e+02
2.788980e-02   6.337203e-30   1.000000e+02
2.814812e-02   7.927956e-30   1.000000e+02
2.840884e-02   9.936240e-30   1.000000e+02
2.867196e-02   1.247504e-29   1.000000e+02
2.893753e-02   1.568854e-29   1.000000e+02
2.920556e-02   1.976085e-29   1.000000e+02
2.947606e-02   2.492716e-29   1.000000e+02
2.974908e-02   3.148808e-29   1.000000e+02
3.002462e-02   3.982788e-29   1.000000e+02
3.030271e-02   5.044253e-29   1.000000e+02
3.058338e-02   6.398768e-29   1.000000e+02
3.086665e-02   8.132603e-29   1.000000e+02
3.115254e-02   1.035954e-28   1.000000e+02
3.144108e-02   1.323042e-28   1.000000e+02
3.173230e-02   1.694620e-28   1.000000e+02
3.202621e-02   2.177616e-28   1.000000e+02
3.232284e-02   2.808303e-28   1.000000e+02
3.262222e-02   3.635840e-28   1.000000e+02
3.292437e-02   4.727240e-28   1.000000e+02
3.322933e-02   6.174427e-28   1.000000e+02
3.353710e-02   8.104306e-28   1.000000e+02
3.384773e-02   1.069324e-27   1.000000e+02
3.416123e-02   1.418799e-27   1.000000e+02
3.447764e-02   1.893628e-27   1.000000e+02
3.479698e-02   2.543166e-27   1.000000e+02
3.511928e-02   3.437995e-27   1.000000e+02
3.544456e-02   4.679831e-27   1.000000e+02
3.577285e-02   6.416431e-27   1.000000e+02
3.610419e-02   8.864196e-27   1.000000e+02
3.643859e-02   1.234274e-26   1.000000e+02
3.677609e-02   1.732824e-26   1.000000e+02
3.711672e-02   2.453647e-26   1.000000e+02
3.746050e-02   3.505325e-26   1.000000e+02
3.780747e-02   5.054138e-26   1.000000e+02
3.815765e-02   7.357201e-26   1.000000e+02
3.851107e-02   1.081606e-25   1.000000e+02
3.886777e-02   1.606424e-25   1.000000e+02
3.922777e-02   2.411182e-25   1.000000e+02
3.959110e-02   3.658667e-25   1.000000e+02
3.995780e-02   5.614132e-25   1.000000e+02
4.032790e-02   8.713129e-25   1.000000e+02
4.070142e-02   1.366514e-24   1.000000e+02
4.107841e-02   2.163025e-24   1.000000e+02
4.145888e-02   3.451246e-24   1.000000e+02
4.184289e-02   5.543911e-24   1.000000e+02
4.223044e-02   8.954509e-24   1.000000e+02
4.262159e-02   1.452485e-23   1.000000e+02
4.301636e-02   2.363115e-23   1.000000e+02
4.341478e-02   3.851419e-23   1.000000e+02
4.381690e-02   6.280272e-23   1.000000e+02
4.422274e-02   1.023333e-22   1.000000e+02
4.463234e-02   1.664162e-22   1.000000e+02
4.504573e-02   2.697575e-22   1.000000e+02
4.546295e-02   4.353213e-22   1.000000e+02
4.588404e-02   6.984957e-22   1.000000e+02
4.630903e-02   1.112998e-21   1.000000e+02
4.673795e-02   1.758979e-21   1.000000e+02
4.717085e-02   2.753734e-21   1.000000e+02
4.760775e-02   4.265182e-21   1.000000e+02
4.804870e-02   6.527794e-21   1.000000e+02
4.849374e-02   9.859792e-21   1.000000e+02
4.894290e-02   1.467914e-20   1.000000e+02
4.939622e-02   2.151416e-20   1.000000e+02
4.985373e-02   3.100260e-20   1.000000e+02
5.031549e-02   4.387706e-20   1.000000e+02
5.078152e-02   6.100704e-20   1.000000e+02
5.125187e-02   8.343488e-20   1.000000e+02
5.172657e-02   1.123747e-19   1.000000e+02
5.220568e-02   1.492349e-19   1.000000e+02
5.268921e-02   1.956506e-19   1.000000e+02
5.317723e-02   2.535296e-19   1.000000e+02
5.366977e-02   3.251180e-19   1.000000e+02
5.416687e-02   4.130910e-19   1.000000e+02
5.466857e-02   5.206802e-19   1.000000e+02
5.517492e-02   6.518454e-19   1.000000e+02
5.568596e-02   8.115111e-19   1.000000e+02
5.620174e-02   1.005885e-18   1.000000e+02
5.672229e-02   1.242894e-18   1.000000e+02
5.724766e-02   1.532781e-18   1.000000e+02
5.777790e-02   1.888920e-18   1.000000e+02
5.831305e-02   2.328963e-18   1.000000e+02
5.885316e-02   2.876440e-18   1.000000e+02
5.939827e-02   3.563029e-18   1.000000e+02
5.994843e-02   4.431825e-18   1.000000e+02
6.050368e-02   5.540901e-18   1.000000e+02
6.106408e-02   6.962355e-18   1.000000e+02
6.162966e-02   8.788029e-18   1.000000e+02
6.220049e-02   1.113698e-17   1.000000e+02
6.277660e-02   1.416335e-17   1.000000e+02
6.335805e-02   1.806624e-17   1.000000e+02
6.394488e-02   2.310227e-17   1.000000e+02
6.453715e-02   2.960109e-17   1.000000e+02
6.513491e-02   3.798467e-17   1.000000e+02
6.573820e-02   4.879081e-17   1.000000e+02
6.634708e-02   6.270150e-17   1.000000e+02
6.696160e-02   8.057670e-17   1.000000e+02
6.758181e-02   1.034937e-16   1.000000e+02
6.820777e-02   1.327923e-16   1.000000e+02
6.883952e-02   1.701248e-16   1.000000e+02
6.947713e-02   2.175100e-16   1.000000e+02
7.012064e-02   2.773893e-16   1.000000e+02
7.077011e-02   3.527419e-16   1.000000e+02
7.142559e-02   4.473183e-16   1.000000e+02
7.208715e-02   5.657560e-16   1.000000e+02
7.275484e-02   7.137645e-16   1.000000e+02
7.342870e-02   8.983685e-16   1.000000e+02
7.410882e-02   1.128206e-15   1.000000e+02
7.479523e-02   1.413894e-15   1.000000e+02
7.548799e-02   1.768481e-15   1.000000e+02
7.618718e-02   2.208004e-15   1.000000e+02
7.689284e-02   2.752171e-15   1.000000e+02
7.760503e-02   3.425212e-15   1.000000e+02
7.832383e-02   4.256931e-15   1.000000e+02
7.904928e-02   5.284005e-15   1.000000e+02
7.978145e-02   6.551609e-15   1.000000e+02
8.052040e-02   8.115099e-15   1.000000e+02
8.126619e-02   1.003847e-14   1.000000e+02
8.201889e-02   1.239462e-14   1.000000e+02
8.277857e-02   1.526695e-14   1.000000e+02
8.354528e-02   1.874942e-14   1.000000e+02
8.431909e-02   2.294572e-14   1.000000e+02
8.510007e-02   2.796768e-14   1.000000e+02
8.588829e-02   3.393237e-14   1.000000e+02
8.668380e-02   4.095787e-14   1.000000e+02
8.748668e-02   4.915733e-14   1.000000e+02
8.829700e-02   5.863124e-14   1.000000e+02
8.911482e-02   6.945800e-14   1.000000e+02
8.994022e-02   8.168269e-14   1.000000e+02
9.077327e-02   9.533142e-14   1.000000e+02
9.161402e-02   1.105420e-13   1.000000e+02
9.246257e-02   1.275492e-13   1.000000e+02
9.331898e-02   1.466768e-13   1.000000e+02
9.418332e-02   1.683651e-13   1.000000e+02
9.505566e-02   1.932075e-13   1.000000e+02
9.593608e-02   2.219988e-13   1.000000e+02
9.682466e-02   2.558035e-13   1.000000e+02
9.772147e-02   2.960502e-13   1.000000e+02
9.862658e-02   3.446682e-13   1.000000e+02
9.954008e-02   4.042854e-13   1.000000e+02
1.004620e-01   4.784916e-13   1.000000e+02
1.013925e-01   5.715073e-13   1.000000e+02
1.023317e-01   6.880272e-13   1.000000e+02
1.032795e-01   8.338262e-13   1.000000e+02
1.042361e-01   1.015970e-12   1.000000e+02
1.052015e-01   1.243002e-12   1.000000e+02
1.061759e-01   1.525098e-12   1.000000e+02
1.071593e-01   1.874167e-12   1.000000e+02
1.081519e-01   2.303844e-12   1.000000e+02
1.091536e-01   2.829318e-12   1.000000e+02
1.101646e-01   3.466925e-12   1.000000e+02
1.111850e-01   4.235141e-12   1.000000e+02
1.122148e-01   5.158425e-12   1.000000e+02
1.132541e-01   6.266489e-12   1.000000e+02
1.143031e-01   7.594885e-12   1.000000e+02
1.153618e-01   9.186286e-12   1.000000e+02
1.164303e-01   1.109207e-11   1.000000e+02
1.175087e-01   1.337429e-11   1.000000e+02
1.185971e-01   1.610820e-11   1.000000e+02
1.196956e-01   1.938532e-11   1.000000e+02
1.208042e-01   2.331682e-11   1.000000e+02
1.219231e-01   2.803172e-11   1.000000e+02
1.230524e-01   3.367976e-11   1.000000e+02
1.241921e-01   4.043719e-11   1.000000e+02
1.253424e-01   4.851092e-11   1.000000e+02
1.265034e-01   5.814316e-11   1.000000e+02
1.276751e-01   6.961653e-11   1.000000e+02
1.288576e-01   8.325965e-11   1.000000e+02
1.300511e-01   9.945333e-11   1.000000e+02
1.312557e-01   1.186312e-10   1.000000e+02
1.324714e-01   1.412633e-10   1.000000e+02
1.336984e-01   1.678612e-10   1.000000e+02
1.349367e-01   1.989762e-10   1.000000e+02
1.361865e-01   2.351914e-10   1.000000e+02
1.374479e-01   2.771089e-10   1.000000e+02
1.387210e-01   3.253327e-10   1.000000e+02
1.400058e-01   3.804456e-10   1.000000e+02
1.413026e-01   4.430998e-10   1.000000e+02
1.426114e-01   5.144844e-10   1.000000e+02
1.439323e-01   5.962607e-10   1.000000e+02
1.452654e-01   6.905972e-10   1.000000e+02
1.466109e-01   8.003312e-10   1.000000e+02
1.479688e-01   9.291853e-10   1.000000e+02
1.493393e-01   1.082067e-09   1.000000e+02
1.507225e-01   1.265421e-09   1.000000e+02
1.521186e-01   1.486309e-09   1.000000e+02
1.535275e-01   1.751931e-09   1.000000e+02
1.549495e-01   2.070538e-09   1.000000e+02
1.563847e-01   2.451503e-09   1.000000e+02
1.578331e-01   2.905286e-09   1.000000e+02
1.592950e-01   3.443320e-09   1.000000e+02
1.607704e-01   4.077848e-09   1.000000e+02
1.622595e-01   4.823585e-09   1.000000e+02
1.637624e-01   5.698895e-09   1.000000e+02
1.652792e-01   6.725065e-09   1.000000e+02
1.668101e-01   7.926674e-09   1.000000e+02
1.683551e-01   9.332061e-09   1.000000e+02
1.699144e-01   1.097387e-08   1.000000e+02
1.714882e-01   1.288964e-08   1.000000e+02
1.730766e-01   1.512252e-08   1.000000e+02
1.746796e-01   1.772202e-08   1.000000e+02
1.762975e-01   2.074492e-08   1.000000e+02
1.779304e-01   2.425622e-08   1.000000e+02
1.795785e-01   2.833026e-08   1.000000e+02
1.812418e-01   3.305218e-08   1.000000e+02
1.829205e-01   3.852114e-08   1.000000e+02
1.846147e-01   4.485248e-08   1.000000e+02
1.863246e-01   5.217961e-08   1.000000e+02
1.880504e-01   6.065702e-08   1.000000e+02
1.897922e-01   7.046379e-08   1.000000e+02
1.915501e-01   8.180776e-08   1.000000e+02
1.933242e-01   9.493039e-08   1.000000e+02
1.951148e-01   1.101127e-07   1.000000e+02
1.969220e-01   1.276818e-07   1.000000e+02
1.987460e-01   1.480198e-07   1.000000e+02
2.005868e-01   1.715726e-07   1.000000e+02
2.024447e-01   1.988541e-07   1.000000e+02
2.043197e-01   2.304480e-07   1.000000e+02
2.062122e-01   2.670263e-07   1.000000e+02
2.081222e-01   3.093630e-07   1.000000e+02
2.100498e-01   3.583495e-07   1.000000e+02
2.119953e-01   4.150114e-07   1.000000e+02
2.139589e-01   4.805281e-07   1.000000e+02
2.159406e-01   5.562548e-07   1.000000e+02
2.179407e-01   6.437478e-07   1.000000e+02
2.199593e-01   7.447927e-07   1.000000e+02
2.219966e-01   8.614370e-07   1.000000e+02
2.240528e-01   9.960262e-07   1.000000e+02
2.261280e-01   1.151245e-06   1.000000e+02
2.282224e-01   1.330166e-06   1.000000e+02
2.303363e-01   1.536296e-06   1.000000e+02
2.324697e-01   1.773643e-06   1.000000e+02
2.346229e-01   2.046775e-06   1.000000e+02
2.367960e-01   2.360901e-06   1.000000e+02
2.389893e-01   2.721947e-06   1.000000e+02
2.412028e-01   3.136654e-06   1.000000e+02
2.434369e-01   3.612677e-06   1.000000e+02
2.456916e-01   4.158707e-06   1.000000e+02
2.479673e-01   4.784589e-06   1.000000e+02
2.502640e-01   5.501471e-06   1.000000e+02
2.525820e-01   6.322009e-06   1.000000e+02
2.549215e-01   7.260677e-06   1.000000e+02
2.572826e-01   8.333938e-06   1.000000e+02
2.596656e-01   9.560485e-06   1.000000e+02
2.620707e-01   1.096154e-05   1.000000e+02
2.644980e-01   1.256118e-05   1.000000e+02
2.669478e-01   1.438672e-05   1.000000e+02
2.694204e-01   1.646916e-05   1.000000e+02
2.719158e-01   1.884363e-05   1.000000e+02
2.744343e-01   2.154996e-05   1.000000e+02
2.769762e-01   2.463331e-05   1.000000e+02
2.795416e-01   2.814483e-05   1.000000e+02
2.821308e-01   3.214249e-05   1.000000e+02
2.847439e-01   3.669195e-05   1.000000e+02
2.873813e-01   4.186759e-05   1.000000e+02
2.900430e-01   4.775361e-05   1.000000e+02
2.927295e-01   5.444540e-05   1.000000e+02
2.954408e-01   6.205090e-05   1.000000e+02
2.981772e-01   7.069234e-05   1.000000e+02
3.009390e-01   8.050806e-05   1.000000e+02
3.037264e-01   9.165381e-05   1.000000e+02
3.065395e-01   1.043041e-04   1.000000e+02
3.093788e-01   1.186552e-04   1.000000e+02
3.122443e-01   1.349279e-04   1.000000e+02
3.151363e-01   1.533703e-04   1.000000e+02
3.180552e-01   1.742611e-04   1.000000e+02
3.210011e-01   1.979130e-04   1.000000e+02
3.239743e-01   2.246766e-04   1.000000e+02
3.269750e-01   2.549446e-04   1.000000e+02
3.300035e-01   2.891567e-04   1.000000e+02
3.330600e-01   3.278049e-04   1.000000e+02
3.361449e-01   3.714387e-04   1.000000e+02
3.392583e-01   4.206718e-04   1.000000e+02
3.424006e-01   4.761889e-04   1.000000e+02
3.455720e-01   5.387529e-04   1.000000e+02
3.487727e-01   6.092135e-04   1.000000e+02
3.520031e-01   6.885168e-04   1.000000e+02
3.552635e-01   7.777295e-04   1.000000e+02
3.585540e-01   8.780548e-04   1.000000e+02
3.618750e-01   9.908405e-04   1.000000e+02
3.652267e-01   1.117597e-03   1.000000e+02
3.686095e-01   1.260015e-03   1.000000e+02
3.720237e-01   1.419992e-03   1.000000e+02
3.754694e-01   1.599652e-03   1.000000e+02
3.789471e-01   1.801378e-03   1.000000e+02
3.824570e-01   2.027841e-03   1.000000e+02
3.859994e-01   2.282038e-03   1.000000e+02
3.895746e-01   2.567330e-03   1.000000e+02
3.931829e-01   2.887492e-03   1.000000e+02
3.968246e-01   3.246759e-03   1.000000e+02
4.005001e-01   3.649888e-03   1.000000e+02
4.042096e-01   4.102168e-03   1.000000e+02
4.079535e-01   4.609348e-03   1.000000e+02
4.117320e-01   5.177771e-03   1.000000e+02
4.155455e-01   5.814449e-03   1.000000e+02
4.193944e-01   6.527122e-03   1.000000e+02
4.232789e-01   7.324324e-03   1.000000e+02
4.271994e-01   8.215446e-03   1.000000e+02
4.311562e-01   9.210804e-03   1.000000e+02
4.351497e-01   1.032172e-02   1.000000e+02
4.391801e-01   1.156057e-02   1.000000e+02
4.432479e-01   1.294091e-02   1.000000e+02
4.473533e-01   1.447751e-02   1.000000e+02
4.514968e-01   1.618645e-02   1.000000e+02
4.556786e-01   1.808567e-02   1.000000e+02
4.598992e-01   2.019561e-02   1.000000e+02
4.641589e-01   2.253894e-02   1.000000e+02
4.684580e-01   2.514079e-02   1.000000e+02
4.727970e-01   2.802904e-02   1.000000e+02
4.771761e-01   3.123463e-02   1.000000e+02
4.815958e-01   3.479191e-02   1.000000e+02
4.860564e-01   3.873904e-02   1.000000e+02
4.905584e-01   4.311843e-02   1.000000e+02
4.951020e-01   4.797727e-02   1.000000e+02
4.996877e-01   5.336806e-02   1.000000e+02
5.043159e-01   5.934897e-02   1.000000e+02
5.089870e-01   6.598290e-02   1.000000e+02
5.137014e-01   7.333863e-02   1.000000e+02
5.184594e-01   8.149189e-02   1.000000e+02
5.232614e-01   9.052592e-02   1.000000e+02
5.281080e-01   1.005323e-01   1.000000e+02
5.329994e-01   1.116114e-01   1.000000e+02
5.379362e-01   1.238738e-01   1.000000e+02
5.429186e-01   1.374406e-01   1.000000e+02
5.479472e-01   1.524446e-01   1.000000e+02
5.530224e-01   1.690313e-01   1.000000e+02
5.581446e-01   1.873602e-01   1.000000e+02
5.633143e-01   2.076059e-01   1.000000e+02
5.685318e-01   2.299593e-01   1.000000e+02
5.737976e-01   2.546292e-01   1.000000e+02
5.791123e-01   2.818435e-01   1.000000e+02
5.844761e-01   3.118511e-01   1.000000e+02
5.898896e-01   3.449238e-01   1.000000e+02
5.953533e-01   3.813574e-01   1.000000e+02
6.008676e-01   4.214747e-01   1.000000e+02
6.064329e-01   4.656281e-01   1.000000e+02
6.120498e-01   5.142051e-01   1.000000e+02
6.177188e-01   5.676294e-01   1.000000e+02
6.234402e-01   6.263635e-01   1.000000e+02
6.292146e-01   6.909120e-01   1.000000e+02
6.350425e-01   7.618256e-01   1.000000e+02
6.409244e-01   8.397047e-01   1.000000e+02
6.468608e-01   9.252042e-01   1.000000e+02
6.528521e-01   1.019038e+00   1.000000e+02
6.588990e-01   1.121983e+00   1.000000e+02
6.650018e-01   1.234888e+00   1.000000e+02
6.711612e-01   1.358676e+00   1.000000e+02
6.773776e-01   1.494351e+00   1.000000e+02
6.836516e-01   1.643009e+00   1.000000e+02
6.899837e-01   1.805839e+00   1.000000e+02
6.963745e-01   1.984139e+00   1.000000e+02
7.028244e-01   2.179319e+00   1.000000e+02
7.093341e-01   2.392907e+00   1.000000e+02
7.159041e-01   2.626559e+00   1.000000e+02
7.225349e-01   2.882072e+00   1.000000e+02
7.292272e-01   3.161393e+00   1.000000e+02
7.359814e-01   3.466635e+00   1.000000e+02
7.427982e-01   3.800087e+00   1.000000e+02
7.496782e-01   4.164230e+00   1.000000e+02
7.566219e-01   4.561750e+00   1.000000e+02
7.636298e-01   4.995554e+00   1.000000e+02
7.707027e-01   5.468789e+00   1.000000e+02
7.778411e-01   5.984858e+00   1.000000e+02
7.850456e-01   6.547442e+00   1.000000e+02
7.923169e-01   7.160516e+00   1.000000e+02
7.996555e-01   7.828379e+00   1.000000e+02
8.070620e-01   8.555672e+00   1.000000e+02
8.145372e-01   9.347416e+00   1.000000e+02
8.220816e-01   1.020904e+01   1.000000e+02
8.296959e-01   1.114639e+01   1.000000e+02
8.373807e-01   1.216579e+01   1.000000e+02
8.451366e-01   1.327405e+01   1.000000e+02
8.529644e-01   1.447854e+01   1.000000e+02
8.608648e-01   1.578717e+01   1.000000e+02
8.688383e-01   1.720848e+01   1.000000e+02
8.768856e-01   1.875168e+01   1.000000e+02
8.850075e-01   2.042668e+01   1.000000e+02
8.932046e-01   2.224415e+01   1.000000e+02
9.014776e-01   2.421558e+01   1.000000e+02
9.098273e-01   2.635330e+01   1.000000e+02
9.182543e-01   2.867056e+01   1.000000e+02
9.267593e-01   3.118155e+01   1.000000e+02
9.353432e-01   3.390154e+01   1.000000e+02
9.440065e-01   3.684690e+01   1.000000e+02
9.527500e-01   4.003519e+01   1.000000e+02
9.615746e-01   4.348523e+01   1.000000e+02
9.704809e-01   4.721720e+01   1.000000e+02
9.794697e-01   5.125271e+01   1.000000e+02
9.885417e-01   5.561492e+01   1.000000e+02
9.976978e-01   6.032860e+01   1.000000e+02
1.006939e+00   6.542025e+01   1.000000e+02
1.016265e+00   7.091832e+01   1.000000e+02
1.025678e+00   7.685325e+01   1.000000e+02
1.035178e+00   8.325761e+01   1.000000e+02
1.044766e+00   9.016623e+01   1.000000e+02
1.054443e+00   9.761633e+01   1.000000e+02
1.064209e+00   1.056477e+02   1.000000e+02
1.074066e+00   1.143028e+02   1.000000e+02
1.084014e+00   1.236270e+02   1.000000e+02
1.094055e+00   1.336688e+02   1.000000e+02
1.104188e+00   1.444798e+02   1.000000e+02
1.114415e+00   1.561150e+02   1.000000e+02
1.124737e+00   1.686334e+02   1.000000e+02
1.135155e+00   1.820974e+02   1.000000e+02
1.145669e+00   1.965739e+02   1.000000e+02
1.156280e+00   2.121338e+02   1.000000e+02
1.166990e+00   2.288530e+02   1.000000e+02
1.177799e+00   2.468119e+02   1.000000e+02
1.188708e+00   2.660963e+02   1.000000e+02
1.199718e+00   2.867973e+02   1.000000e+02
1.210830e+00   3.090120e+02   1.000000e+02
1.222045e+00   3.328432e+02   1.000000e+02
1.233363e+00   3.584006e+02   1.000000e+02
1.244787e+00   3.858005e+02   1.000000e+02
1.256317e+00   4.151664e+02   1.000000e+02
1.267953e+00   4.466308e+02   1.000000e+02
1.279697e+00   4.803359e+02   1.000000e+02
1.291550e+00   5.164335e+02   1.000000e+02
1.303512e+00   5.550850e+02   1.000000e+02
1.315586e+00   5.964626e+02   1.000000e+02
1.327771e+00   6.407499e+02   1.000000e+02
1.340069e+00   6.881424e+02   1.000000e+02
1.352481e+00   7.388486e+02   1.000000e+02
1.365008e+00   7.930908e+02   1.000000e+02
1.377651e+00   8.511057e+02   1.000000e+02
1.390411e+00   9.131459e+02   1.000000e+02
1.403289e+00   9.794806e+02   1.000000e+02
1.416287e+00   1.050397e+03   1.000000e+02
1.429405e+00   1.126201e+03   1.000000e+02
1.442644e+00   1.207218e+03   1.000000e+02
1.456006e+00   1.293798e+03   1.000000e+02
1.469492e+00   1.386310e+03   1.000000e+02
1.483103e+00   1.485152e+03   1.000000e+02
1.496839e+00   1.590746e+03   1.000000e+02
1.510703e+00   1.703538e+03   1.000000e+02
1.524696e+00   1.823972e+03   1.000000e+02
1.538818e+00   1.952499e+03   1.000000e+02
1.553071e+00   2.089585e+03   1.000000e+02
1.567455e+00   2.235715e+03   1.000000e+02
1.581973e+00   2.391390e+03   1.000000e+02
1.596626e+00   2.557128e+03   1.000000e+02
1.611414e+00   2.733464e+03   1.000000e+02
1.626340e+00   2.920945e+03   1.000000e+02
1.641403e+00   3.120133e+03   1.000000e+02
1.656606e+00   3.331601e+03   1.000000e+02
1.671950e+00   3.555935e+03   1.000000e+02
1.687436e+00   3.793725e+03   1.000000e+02
1.703065e+00   4.045570e+03   1.000000e+02
1.718839e+00   4.312071e+03   1.000000e+02
1.734759e+00   4.593830e+03   1.000000e+02
1.750827e+00   4.891447e+03   1.000000e+02
1.767044e+00   5.205565e+03   1.000000e+02
1.783410e+00   5.537011e+03   1.000000e+02
1.799929e+00   5.886701e+03   1.000000e+02
1.816600e+00   6.255610e+03   1.000000e+02
1.833425e+00   6.644779e+03   1.000000e+02
1.850407e+00   7.055317e+03   1.000000e+02
1.867546e+00   7.488412e+03   1.000000e+02
1.884843e+00   7.945335e+03   1.000000e+02
1.902301e+00   8.427445e+03   1.000000e+02
1.919921e+00   8.936201e+03   1.000000e+02
1.937703e+00   9.473169e+03   1.000000e+02
1.955651e+00   1.004003e+04   1.000000e+02
1.973764e+00   1.063859e+04   1.000000e+02
1.992046e+00   1.127080e+04   1.000000e+02
2.010496e+00   1.193873e+04   1.000000e+02
2.029118e+00   1.264441e+04   1.000000e+02
2.047912e+00   1.338976e+04   1.000000e+02
2.066880e+00   1.417677e+04   1.000000e+02
2.086024e+00   1.500755e+04   1.000000e+02
2.105345e+00   1.588425e+04   1.000000e+02
2.124845e+00   1.680912e+04   1.000000e+02
2.144526e+00   1.778449e+04   1.000000e+02
2.164389e+00   1.881279e+04   1.000000e+02
2.184436e+00   1.989652e+04   1.000000e+02
2.204669e+00   2.103826e+04   1.000000e+02
2.225089e+00   2.224071e+04   1.000000e+02
2.245698e+00   2.350661e+04   1.000000e+02
2.266498e+00   2.483883e+04   1.000000e+02
2.287491e+00   2.624031e+04   1.000000e+02
2.308678e+00   2.771406e+04   1.000000e+02
2.330061e+00   2.926319e+04   1.000000e+02
2.351643e+00   3.089090e+04   1.000000e+02
2.373424e+00   3.260044e+04   1.000000e+02
2.395407e+00   3.439517e+04   1.000000e+02
2.417594e+00   3.627851e+04   1.000000e+02
2.439986e+00   3.825395e+04   1.000000e+02
2.462586e+00   4.032505e+04   1.000000e+02
2.485395e+00   4.249542e+04   1.000000e+02
2.508415e+00   4.476875e+04   1.000000e+02
2.531648e+00   4.714895e+04   1.000000e+02
2.555097e+00   4.964033e+04   1.000000e+02
2.578763e+00   5.224733e+04   1.000000e+02
2.602648e+00   5.497458e+04   1.000000e+02
2.626754e+00   5.782684e+04   1.000000e+02
2.651084e+00   6.080904e+04   1.000000e+02
2.675638e+00   6.392626e+04   1.000000e+02
2.700421e+00   6.718379e+04   1.000000e+02
2.725433e+00   7.058704e+04   1.000000e+02
2.750676e+00   7.414165e+04   1.000000e+02
2.776153e+00   7.785343e+04   1.000000e+02
2.801867e+00   8.172836e+04   1.000000e+02
2.827818e+00   8.577266e+04   1.000000e+02
2.854010e+00   8.999271e+04   1.000000e+02
2.880444e+00   9.439514e+04   1.000000e+02
2.907123e+00   9.898677e+04   1.000000e+02
2.934050e+00   1.037747e+05   1.000000e+02
2.961225e+00   1.087661e+05   1.000000e+02
2.988653e+00   1.139686e+05   1.000000e+02
3.016334e+00   1.193899e+05   1.000000e+02
3.044272e+00   1.250378e+05   1.000000e+02
3.072469e+00   1.309202e+05   1.000000e+02
3.100927e+00   1.370448e+05   1.000000e+02
3.129648e+00   1.434200e+05   1.000000e+02
3.158635e+00   1.500540e+05   1.000000e+02
3.187891e+00   1.569554e+05   1.000000e+02
3.217418e+00   1.641328e+05   1.000000e+02
3.247218e+00   1.715951e+05   1.000000e+02
3.277295e+00   1.793514e+05   1.000000e+02
3.307650e+00   1.874109e+05   1.000000e+02
3.338286e+00   1.957829e+05   1.000000e+02
3.369206e+00   2.044770e+05   1.000000e+02
3.400412e+00   2.135031e+05   1.000000e+02
3.431907e+00   2.228708e+05   1.000000e+02
3.463694e+00   2.325904e+05   1.000000e+02
3.495776e+00   2.426720e+05   1.000000e+02
3.528154e+00   2.531260e+05   1.000000e+02
3.560833e+00   2.639633e+05   1.000000e+02
3.593814e+00   2.751947e+05   1.000000e+02
3.627100e+00   2.868317e+05   1.000000e+02
3.660695e+00   2.988857e+05   1.000000e+02
3.694601e+00   3.113683e+05   1.000000e+02
3.728821e+00   3.242913e+05   1.000000e+02
3.763358e+00   3.376669e+05   1.000000e+02
3.798215e+00   3.515072e+05   1.000000e+02
3.833395e+00   3.658247e+05   1.000000e+02
3.868901e+00   3.806321e+05   1.000000e+02
3.904735e+00   3.959421e+05   1.000000e+02
3.940902e+00   4.117678e+05   1.000000e+02
3.977403e+00   4.281223e+05   1.000000e+02
4.014242e+00   4.450191e+05   1.000000e+02
4.051423e+00   4.624716e+05   1.000000e+02
4.088948e+00   4.804934e+05   1.000000e+02
4.126821e+00   4.990984e+05   1.000000e+02
4.165044e+00   5.183003e+05   1.000000e+02
4.203622e+00   5.381133e+05   1.000000e+02
4.242556e+00   5.585516e+05   1.000000e+02
4.281852e+00   5.796294e+05   1.000000e+02
4.321511e+00   6.013613e+05   1.000000e+02
4.361538e+00   6.237617e+05   1.000000e+02
4.401935e+00   6.468455e+05   1.000000e+02
4.442707e+00   6.706274e+05   1.000000e+02
4.483856e+00   6.951223e+05   1.000000e+02
4.525386e+00   7.203452e+05   1.000000e+02
4.567301e+00   7.463112e+05   1.000000e+02
4.609604e+00   7.730354e+05   1.000000e+02
4.652300e+00   8.005332e+05   1.000000e+02
4.695390e+00   8.288198e+05   1.000000e+02
4.738880e+00   8.579105e+05   1.000000e+02
4.782772e+00   8.878208e+05   1.000000e+02
4.827071e+00   9.185662e+05   1.000000e+02
4.871780e+00   9.501620e+05   1.000000e+02
4.916904e+00   9.826239e+05   1.000000e+02
4.962445e+00   1.015967e+06   1.000000e+02
5.008408e+00   1.050208e+06   1.000000e+02
5.054797e+00   1.085360e+06   1.000000e+02
5.101615e+00   1.121441e+06   1.000000e+02
5.148867e+00   1.158466e+06   1.000000e+02
5.196557e+00   1.196451e+06   1.000000e+02
5.244689e+00   1.235410e+06   1.000000e+02
5.293266e+00   1.275359e+06   1.000000e+02
5.342293e+00   1.316315e+06   1.000000e+02
5.391775e+00   1.358292e+06   1.000000e+02
5.441714e+00   1.401306e+06   1.000000e+02
5.492116e+00   1.445372e+06   1.000000e+02
5.542986e+00   1.490505e+06   1.000000e+02
5.594326e+00   1.536720e+06   1.000000e+02
5.646141e+00   1.584033e+06   1.000000e+02
5.698437e+00   1.632458e+06   1.000000e+02
5.751217e+00   1.682010e+06   1.000000e+02
5.804486e+00   1.732704e+06   1.000000e+02
5.858248e+00   1.784553e+06   1.000000e+02
5.912508e+00   1.837573e+06   1.000000e+02
5.967271e+00   1.891777e+06   1.000000e+02
6.022541e+00   1.947179e+06   1.000000e+02
6.078323e+00   2.003793e+06   1.000000e+02
6.134622e+00   2.061633e+06   1.000000e+02
6.191442e+00   2.120710e+06   1.000000e+02
6.248788e+00   2.181039e+06   1.000000e+02
6.306666e+00   2.242632e+06   1.000000e+02
6.365079e+00   2.305500e+06   1.000000e+02
6.424034e+00   2.369656e+06   1.000000e+02
6.483534e+00   2.435112e+06   1.000000e+02
6.543586e+00   2.501879e+06   1.000000e+02
6.604194e+00   2.569967e+06   1.000000e+02
6.665363e+00   2.639389e+06   1.000000e+02
6.727099e+00   2.710153e+06   1.000000e+02
6.789407e+00   2.782271e+06   1.000000e+02
6.852292e+00   2.855751e+06   1.000000e+02
6.915759e+00   2.930603e+06   1.000000e+02
6.979814e+00   3.006836e+06   1.000000e+02
7.044462e+00   3.084458e+06   1.000000e+02
7.109709e+00   3.163477e+06   1.000000e+02
7.175561e+00   3.243900e+06   1.000000e+02
7.242022e+00   3.325733e+06   1.000000e+02
7.309099e+00   3.408982e+06   1.000000e+02
7.376798e+00   3.493652e+06   1.000000e+02
7.445123e+00   3.579749e+06   1.000000e+02
7.514081e+00   3.667276e+06   1.000000e+02
7.583678e+00   3.756238e+06   1.000000e+02
7.653919e+00   3.846637e+06   1.000000e+02
7.724811e+00   3.938475e+06   1.000000e+02
7.796360e+00   4.031756e+06   1.000000e+02
7.868572e+00   4.126480e+06   1.000000e+02
7.941452e+00   4.222647e+06   1.000000e+02
8.015007e+00   4.320259e+06   1.000000e+02
8.089243e+00   4.419313e+06   1.000000e+02
8.164168e+00   4.519807e+06   1.000000e+02
8.239786e+00   4.621736e+06   1.000000e+02
8.316104e+00   4.725094e+06   1.000000e+02
8.393129e+00   4.829876e+06   1.000000e+02
8.470868e+00   4.936075e+06   1.000000e+02
8.549327e+00   5.043682e+06   1.000000e+02
8.628513e+00   5.152688e+06   1.000000e+02
8.708431e+00   5.263084e+06   1.000000e+02
8.789091e+00   5.374859e+06   1.000000e+02
8.870497e+00   5.488001e+06   1.000000e+02
8.952657e+00   5.602497e+06   1.000000e+02
9.035578e+00   5.718333e+06   1.000000e+02
9.119268e+00   5.835495e+06   1.000000e+02
9.203732e+00   5.953966e+06   1.000000e+02
9.288979e+00   6.073730e+06   1.000000e+02
9.375015e+00   6.194768e+06   1.000000e+02
9.461848e+00   6.317062e+06   1.000000e+02
9.549486e+00   6.440592e+06   1.000000e+02
9.637935e+00   6.565336e+06   1.000000e+02
9.727203e+00   6.691273e+06   1.000000e+02
9.817298e+00   6.818379e+06   1.000000e+02
9.908228e+00   6.946630e+06   1.000000e+02
1.000000e+01   7.076000e+06   1.000000e+02
