# C13 + d > N14 + n   [C13_d__N14_n]   ref=TALYS2, Koning et al. 2023
# detailed balance: alpha=2.5249 beta=0 gamma=-61.8056  Q=5.326
# T9                 rate                error
1.000000e-03   1.000000e-35   1.000000e+02
1.009262e-03   1.008977e-35   1.000000e+02
1.018610e-03   1.016977e-35   1.000000e+02
1.028045e-03   1.023994e-35   1.000000e+02
1.037567e-03   1.030025e-35   1.000000e+02
1.047177e-03   1.035072e-35   1.000000e+02
1.056876e-03   1.039138e-35   1.000000e+02
1.066665e-03   1.042231e-35   1.000000e+02
1.076545e-03   1.044362e-35   1.000000e+02
1.086516e-03   1.045543e-35   1.000000e+02
1.096579e-03   1.045789e-35   1.000000e+02
1.106736e-03   1.045120e-35   1.000000e+02
1.116987e-03   1.043557e-35   1.000000e+02
1.127333e-03   1.041122e-35   1.000000e+02
1.137774e-03   1.037840e-35   1.000000e+02
1.148312e-03   1.033738e-35   1.000000e+02
1.158948e-03   1.028845e-35   1.000000e+02
1.169683e-03   1.023191e-35   1.000000e+02
1.180517e-03   1.016806e-35   1.000000e+02
1.191451e-03   1.009725e-35   1.000000e+02
1.202486e-03   1.001979e-35   1.000000e+02
1.213624e-03   9.936042e-36   1.000000e+02
1.224865e-03   9.846340e-36   1.000000e+02
1.236210e-03   9.751039e-36   1.000000e+02
1.247660e-03   9.650495e-36   1.000000e+02
1.259216e-03   9.545064e-36   1.000000e+02
1.270879e-03   9.435100e-36   1.000000e+02
1.282650e-03   9.320958e-36   1.000000e+02
1.294530e-03   9.202988e-36   1.000000e+02
1.306520e-03   9.081537e-36   1.000000e+02
1.318621e-03   8.956946e-36   1.000000e+02
1.330835e-03   8.829551e-36   1.000000e+02
1.343161e-03   8.699678e-36   1.000000e+02
1.355602e-03   8.567648e-36   1.000000e+02
1.368158e-03   8.433772e-36   1.000000e+02
1.380830e-03   8.298350e-36   1.000000e+02
1.393619e-03   8.161674e-36   1.000000e+02
1.406527e-03   8.024025e-36   1.000000e+02
1.419555e-03   7.885673e-36   1.000000e+02
1.432703e-03   7.746876e-36   1.000000e+02
1.445973e-03   7.607880e-36   1.000000e+02
1.459366e-03   7.468922e-36   1.000000e+02
1.472883e-03   7.330225e-36   1.000000e+02
1.486525e-03   7.192001e-36   1.000000e+02
1.500293e-03   7.054448e-36   1.000000e+02
1.514189e-03   6.917756e-36   1.000000e+02
1.528214e-03   6.782100e-36   1.000000e+02
1.542369e-03   6.647645e-36   1.000000e+02
1.556654e-03   6.514544e-36   1.000000e+02
1.571072e-03   6.382940e-36   1.000000e+02
1.585624e-03   6.252964e-36   1.000000e+02
1.600310e-03   6.124737e-36   1.000000e+02
1.615133e-03   5.998370e-36   1.000000e+02
1.630092e-03   5.873963e-36   1.000000e+02
1.645191e-03   5.751607e-36   1.000000e+02
1.660429e-03   5.631386e-36   1.000000e+02
1.675808e-03   5.513372e-36   1.000000e+02
1.691330e-03   5.397630e-36   1.000000e+02
1.706995e-03   5.284217e-36   1.000000e+02
1.722805e-03   5.173184e-36   1.000000e+02
1.738762e-03   5.064572e-36   1.000000e+02
1.754867e-03   4.958418e-36   1.000000e+02
1.771121e-03   4.854751e-36   1.000000e+02
1.787526e-03   4.753593e-36   1.000000e+02
1.804082e-03   4.654965e-36   1.000000e+02
1.820792e-03   4.558878e-36   1.000000e+02
1.837656e-03   4.465340e-36   1.000000e+02
1.854677e-03   4.374357e-36   1.000000e+02
1.871855e-03   4.285927e-36   1.000000e+02
1.889193e-03   4.200047e-36   1.000000e+02
1.906691e-03   4.116710e-36   1.000000e+02
1.924351e-03   4.035906e-36   1.000000e+02
1.942175e-03   3.957623e-36   1.000000e+02
1.960163e-03   3.881846e-36   1.000000e+02
1.978319e-03   3.808558e-36   1.000000e+02
1.996642e-03   3.737741e-36   1.000000e+02
2.015136e-03   3.669375e-36   1.000000e+02
2.033800e-03   3.603439e-36   1.000000e+02
2.052638e-03   3.539910e-36   1.000000e+02
2.071650e-03   3.478767e-36   1.000000e+02
2.090838e-03   3.419986e-36   1.000000e+02
2.110203e-03   3.363545e-36   1.000000e+02
2.129749e-03   3.309419e-36   1.000000e+02
2.149475e-03   3.257587e-36   1.000000e+02
2.169384e-03   3.208026e-36   1.000000e+02
2.189477e-03   3.160714e-36   1.000000e+02
2.209756e-03   3.115630e-36   1.000000e+02
2.230223e-03   3.072755e-36   1.000000e+02
2.250880e-03   3.032070e-36   1.000000e+02
2.271728e-03   2.993558e-36   1.000000e+02
2.292769e-03   2.957203e-36   1.000000e+02
2.314005e-03   2.922992e-36   1.000000e+02
2.335438e-03   2.890913e-36   1.000000e+02
2.357069e-03   2.860956e-36   1.000000e+02
2.378901e-03   2.833115e-36   1.000000e+02
2.400935e-03   2.807384e-36   1.000000e+02
2.423173e-03   2.783761e-36   1.000000e+02
2.445617e-03   2.762248e-36   1.000000e+02
2.468268e-03   2.742847e-36   1.000000e+02
2.491130e-03   2.725568e-36   1.000000e+02
2.514203e-03   2.710420e-36   1.000000e+02
2.537490e-03   2.697419e-36   1.000000e+02
2.560993e-03   2.686582e-36   1.000000e+02
2.584714e-03   2.677935e-36   1.000000e+02
2.608654e-03   2.671503e-36   1.000000e+02
2.632815e-03   2.667320e-36   1.000000e+02
2.657201e-03   2.665424e-36   1.000000e+02
2.681813e-03   2.665859e-36   1.000000e+02
2.706652e-03   2.668675e-36   1.000000e+02
2.731722e-03   2.673927e-36   1.000000e+02
2.757023e-03   2.681679e-36   1.000000e+02
2.782559e-03   2.692002e-36   1.000000e+02
2.808332e-03   2.704975e-36   1.000000e+02
2.834343e-03   2.720685e-36   1.000000e+02
2.860596e-03   2.739228e-36   1.000000e+02
2.887091e-03   2.760713e-36   1.000000e+02
2.913832e-03   2.785256e-36   1.000000e+02
2.940820e-03   2.812987e-36   1.000000e+02
2.968059e-03   2.844049e-36   1.000000e+02
2.995549e-03   2.878599e-36   1.000000e+02
3.023295e-03   2.916776e-36   1.000000e+02
3.051297e-03   2.958525e-36   1.000000e+02
3.079559e-03   3.003708e-36   1.000000e+02
3.108082e-03   3.052183e-36   1.000000e+02
3.136870e-03   3.103800e-36   1.000000e+02
3.165924e-03   3.158403e-36   1.000000e+02
3.195248e-03   3.215820e-36   1.000000e+02
3.224842e-03   3.275868e-36   1.000000e+02
3.254712e-03   3.338349e-36   1.000000e+02
3.284857e-03   3.403045e-36   1.000000e+02
3.315282e-03   3.469718e-36   1.000000e+02
3.345989e-03   3.538111e-36   1.000000e+02
3.376980e-03   3.607941e-36   1.000000e+02
3.408259e-03   3.678901e-36   1.000000e+02
3.439826e-03   3.750659e-36   1.000000e+02
3.471687e-03   3.822856e-36   1.000000e+02
3.503842e-03   3.895105e-36   1.000000e+02
3.536296e-03   3.966991e-36   1.000000e+02
3.569049e-03   4.038074e-36   1.000000e+02
3.602107e-03   4.107886e-36   1.000000e+02
3.635470e-03   4.175932e-36   1.000000e+02
3.669142e-03   4.241696e-36   1.000000e+02
3.703127e-03   4.304639e-36   1.000000e+02
3.737426e-03   4.364205e-36   1.000000e+02
3.772042e-03   4.419821e-36   1.000000e+02
3.806980e-03   4.470905e-36   1.000000e+02
3.842241e-03   4.516868e-36   1.000000e+02
3.877828e-03   4.557123e-36   1.000000e+02
3.913746e-03   4.591085e-36   1.000000e+02
3.949995e-03   4.618185e-36   1.000000e+02
3.986581e-03   4.637872e-36   1.000000e+02
4.023506e-03   4.649779e-36   1.000000e+02
4.060772e-03   4.655634e-36   1.000000e+02
4.098384e-03   4.658647e-36   1.000000e+02
4.136344e-03   4.662078e-36   1.000000e+02
4.174655e-03   4.669196e-36   1.000000e+02
4.213322e-03   4.683298e-36   1.000000e+02
4.252346e-03   4.707744e-36   1.000000e+02
4.291732e-03   4.746019e-36   1.000000e+02
4.331483e-03   4.801821e-36   1.000000e+02
4.371602e-03   4.879175e-36   1.000000e+02
4.412093e-03   4.982590e-36   1.000000e+02
4.452959e-03   5.117247e-36   1.000000e+02
4.494203e-03   5.289254e-36   1.000000e+02
4.535829e-03   5.505963e-36   1.000000e+02
4.577841e-03   5.776402e-36   1.000000e+02
4.620241e-03   6.111825e-36   1.000000e+02
4.663035e-03   6.526465e-36   1.000000e+02
4.706225e-03   7.038547e-36   1.000000e+02
4.749815e-03   7.671673e-36   1.000000e+02
4.793808e-03   8.456749e-36   1.000000e+02
4.838210e-03   9.434685e-36   1.000000e+02
4.883022e-03   1.066022e-35   1.000000e+02
4.928250e-03   1.220742e-35   1.000000e+02
4.973896e-03   1.417766e-35   1.000000e+02
5.019965e-03   1.671109e-35   1.000000e+02
5.066461e-03   1.999174e-35   1.000000e+02
5.113388e-03   2.425756e-35   1.000000e+02
5.160749e-03   2.983189e-35   1.000000e+02
5.208549e-03   3.715676e-35   1.000000e+02
5.256791e-03   4.683867e-35   1.000000e+02
5.305481e-03   5.971277e-35   1.000000e+02
5.354621e-03   7.693288e-35   1.000000e+02
5.404216e-03   1.000980e-34   1.000000e+02
5.454271e-03   1.314296e-34   1.000000e+02
5.504790e-03   1.740211e-34   1.000000e+02
5.555776e-03   2.321871e-34   1.000000e+02
5.607235e-03   3.119519e-34   1.000000e+02
5.659170e-03   4.217325e-34   1.000000e+02
5.711586e-03   5.732874e-34   1.000000e+02
5.764488e-03   7.830331e-34   1.000000e+02
5.817880e-03   1.073857e-33   1.000000e+02
5.871766e-03   1.477602e-33   1.000000e+02
5.926152e-03   2.038448e-33   1.000000e+02
5.981041e-03   2.817469e-33   1.000000e+02
6.036439e-03   3.898935e-33   1.000000e+02
6.092349e-03   5.402012e-33   1.000000e+02
6.148778e-03   7.496742e-33   1.000000e+02
6.205729e-03   1.042521e-32   1.000000e+02
6.263207e-03   1.453385e-32   1.000000e+02
6.321218e-03   2.032113e-32   1.000000e+02
6.379767e-03   2.850850e-32   1.000000e+02
6.438857e-03   4.014656e-32   1.000000e+02
6.498495e-03   5.677507e-32   1.000000e+02
6.558686e-03   8.066597e-32   1.000000e+02
6.619433e-03   1.151952e-31   1.000000e+02
6.680744e-03   1.654161e-31   1.000000e+02
6.742622e-03   2.389509e-31   1.000000e+02
6.805074e-03   3.473880e-31   1.000000e+02
6.868104e-03   5.084923e-31   1.000000e+02
6.931717e-03   7.497307e-31   1.000000e+02
6.995920e-03   1.113950e-30   1.000000e+02
7.060718e-03   1.668424e-30   1.000000e+02
7.126115e-03   2.518505e-30   1.000000e+02
7.192119e-03   3.830196e-30   1.000000e+02
7.258734e-03   5.866616e-30   1.000000e+02
7.325965e-03   9.046681e-30   1.000000e+02
7.393820e-03   1.404017e-29   1.000000e+02
7.462303e-03   2.192215e-29   1.000000e+02
7.531420e-03   3.442456e-29   1.000000e+02
7.601178e-03   5.434688e-29   1.000000e+02
7.671581e-03   8.622797e-29   1.000000e+02
7.742637e-03   1.374471e-28   1.000000e+02
7.814351e-03   2.200307e-28   1.000000e+02
7.886729e-03   3.536208e-28   1.000000e+02
7.959777e-03   5.703557e-28   1.000000e+02
8.033502e-03   9.229298e-28   1.000000e+02
8.107910e-03   1.499368e-27   1.000000e+02
8.183007e-03   2.449980e-27   1.000000e+02
8.258799e-03   4.034195e-27   1.000000e+02
8.335294e-03   6.706817e-27   1.000000e+02
8.412497e-03   1.127889e-26   1.000000e+02
8.490415e-03   1.922344e-26   1.000000e+02
8.569055e-03   3.326875e-26   1.000000e+02
8.648423e-03   5.857432e-26   1.000000e+02
8.728527e-03   1.051159e-25   1.000000e+02
8.809372e-03   1.926395e-25   1.000000e+02
8.890966e-03   3.612126e-25   1.000000e+02
8.973316e-03   6.942983e-25   1.000000e+02
9.056428e-03   1.369963e-24   1.000000e+02
9.140311e-03   2.763792e-24   1.000000e+02
9.224970e-03   5.658657e-24   1.000000e+02
9.310413e-03   1.167045e-23   1.000000e+02
9.396648e-03   2.406483e-23   1.000000e+02
9.483682e-03   4.924407e-23   1.000000e+02
9.571522e-03   9.925579e-23   1.000000e+02
9.660175e-03   1.955885e-22   1.000000e+02
9.749649e-03   3.739997e-22   1.000000e+02
9.839952e-03   6.888022e-22   1.000000e+02
9.931092e-03   1.212740e-21   1.000000e+02
1.002308e-02   2.026110e-21   1.000000e+02
1.011591e-02   3.203235e-21   1.000000e+02
1.020961e-02   4.822930e-21   1.000000e+02
1.030417e-02   6.967059e-21   1.000000e+02
1.039961e-02   9.728026e-21   1.000000e+02
1.049593e-02   1.322686e-20   1.000000e+02
1.059315e-02   1.764272e-20   1.000000e+02
1.069126e-02   2.325796e-20   1.000000e+02
1.079029e-02   3.052776e-20   1.000000e+02
1.089023e-02   4.019348e-20   1.000000e+02
1.099110e-02   5.347785e-20   1.000000e+02
1.109290e-02   7.234976e-20   1.000000e+02
1.119564e-02   9.950726e-20   1.000000e+02
1.129934e-02   1.388145e-19   1.000000e+02
1.140400e-02   1.959678e-19   1.000000e+02
1.150962e-02   2.793261e-19   1.000000e+02
1.161623e-02   4.010722e-19   1.000000e+02
1.172382e-02   5.787957e-19   1.000000e+02
1.183241e-02   8.375813e-19   1.000000e+02
1.194200e-02   1.212649e-18   1.000000e+02
1.205261e-02   1.752586e-18   1.000000e+02
1.216424e-02   2.526301e-18   1.000000e+02
1.227691e-02   3.634230e-18   1.000000e+02
1.239062e-02   5.220991e-18   1.000000e+02
1.250539e-02   7.495457e-18   1.000000e+02
1.262121e-02   1.076067e-17   1.000000e+02
1.273811e-02   1.545853e-17   1.000000e+02
1.285610e-02   2.223698e-17   1.000000e+02
1.297517e-02   3.205192e-17   1.000000e+02
1.309535e-02   4.631927e-17   1.000000e+02
1.321664e-02   6.711380e-17   1.000000e+02
1.333906e-02   9.747758e-17   1.000000e+02
1.346261e-02   1.418863e-16   1.000000e+02
1.358730e-02   2.069276e-16   1.000000e+02
1.371315e-02   3.023005e-16   1.000000e+02
1.384016e-02   4.422842e-16   1.000000e+02
1.396835e-02   6.478971e-16   1.000000e+02
1.409773e-02   9.500807e-16   1.000000e+02
1.422830e-02   1.394571e-15   1.000000e+02
1.436009e-02   2.049072e-15   1.000000e+02
1.449310e-02   3.013845e-15   1.000000e+02
1.462733e-02   4.437546e-15   1.000000e+02
1.476281e-02   6.540842e-15   1.000000e+02
1.489955e-02   9.651712e-15   1.000000e+02
1.503755e-02   1.425823e-14   1.000000e+02
1.517683e-02   2.108718e-14   1.000000e+02
1.531740e-02   3.122092e-14   1.000000e+02
1.545928e-02   4.627303e-14   1.000000e+02
1.560246e-02   6.865088e-14   1.000000e+02
1.574698e-02   1.019486e-13   1.000000e+02
1.589283e-02   1.515352e-13   1.000000e+02
1.604003e-02   2.254367e-13   1.000000e+02
1.618860e-02   3.356530e-13   1.000000e+02
1.633854e-02   5.001268e-13   1.000000e+02
1.648987e-02   7.456950e-13   1.000000e+02
1.664260e-02   1.112505e-12   1.000000e+02
1.679675e-02   1.660618e-12   1.000000e+02
1.695232e-02   2.479894e-12   1.000000e+02
1.710934e-02   3.704755e-12   1.000000e+02
1.726781e-02   5.536267e-12   1.000000e+02
1.742775e-02   8.275105e-12   1.000000e+02
1.758917e-02   1.237077e-11   1.000000e+02
1.775208e-02   1.849503e-11   1.000000e+02
1.791650e-02   2.765132e-11   1.000000e+02
1.808245e-02   4.133785e-11   1.000000e+02
1.824993e-02   6.179254e-11   1.000000e+02
1.841897e-02   9.235945e-11   1.000000e+02
1.858957e-02   1.380339e-10   1.000000e+02
1.876175e-02   2.062771e-10   1.000000e+02
1.893552e-02   3.082330e-10   1.000000e+02
1.911091e-02   4.605449e-10   1.000000e+02
1.928792e-02   6.880678e-10   1.000000e+02
1.946656e-02   1.027919e-09   1.000000e+02
1.964687e-02   1.535525e-09   1.000000e+02
1.982884e-02   2.293650e-09   1.000000e+02
2.001250e-02   3.425874e-09   1.000000e+02
2.019786e-02   5.116475e-09   1.000000e+02
2.038493e-02   7.639062e-09   1.000000e+02
2.057374e-02   1.139933e-08   1.000000e+02
2.076430e-02   1.699768e-08   1.000000e+02
2.095662e-02   2.532043e-08   1.000000e+02
2.115073e-02   3.767252e-08   1.000000e+02
2.134663e-02   5.596942e-08   1.000000e+02
2.154435e-02   8.301376e-08   1.000000e+02
2.174389e-02   1.228919e-07   1.000000e+02
2.194529e-02   1.815392e-07   1.000000e+02
2.214855e-02   2.675425e-07   1.000000e+02
2.235370e-02   3.932699e-07   1.000000e+02
2.256074e-02   5.764540e-07   1.000000e+02
2.276970e-02   8.423941e-07   1.000000e+02
2.298060e-02   1.226996e-06   1.000000e+02
2.319345e-02   1.780939e-06   1.000000e+02
2.340827e-02   2.575334e-06   1.000000e+02
2.362508e-02   3.709342e-06   1.000000e+02
2.384390e-02   5.320347e-06   1.000000e+02
2.406475e-02   7.597371e-06   1.000000e+02
2.428764e-02   1.079860e-05   1.000000e+02
2.451260e-02   1.527401e-05   1.000000e+02
2.473964e-02   2.149417e-05   1.000000e+02
2.496878e-02   3.008645e-05   1.000000e+02
2.520005e-02   4.188204e-05   1.000000e+02
2.543346e-02   5.799047e-05   1.000000e+02
2.566903e-02   7.988683e-05   1.000000e+02
2.590678e-02   1.095221e-04   1.000000e+02
2.614673e-02   1.494701e-04   1.000000e+02
2.638891e-02   2.031191e-04   1.000000e+02
2.663333e-02   2.749219e-04   1.000000e+02
2.688001e-02   3.707218e-04   1.000000e+02
2.712898e-02   4.981786e-04   1.000000e+02
2.738025e-02   6.673263e-04   1.000000e+02
2.763385e-02   8.913039e-04   1.000000e+02
2.788980e-02   1.187314e-03   1.000000e+02
2.814812e-02   1.577888e-03   1.000000e+02
2.840884e-02   2.092546e-03   1.000000e+02
2.867196e-02   2.770004e-03   1.000000e+02
2.893753e-02   3.661090e-03   1.000000e+02
2.920556e-02   4.832626e-03   1.000000e+02
2.947606e-02   6.372600e-03   1.000000e+02
2.974908e-02   8.397091e-03   1.000000e+02
3.002462e-02   1.105956e-02   1.000000e+02
3.030271e-02   1.455834e-02   1.000000e+02
3.058338e-02   1.913196e-02   1.000000e+02
3.086665e-02   2.506693e-02   1.000000e+02
3.115254e-02   3.270075e-02   1.000000e+02
3.144108e-02   4.241796e-02   1.000000e+02
3.173230e-02   5.463842e-02   1.000000e+02
3.202621e-02   6.979483e-02   1.000000e+02
3.232284e-02   8.829700e-02   1.000000e+02
3.262222e-02   1.104808e-01   1.000000e+02
3.292437e-02   1.365421e-01   1.000000e+02
3.322933e-02   1.664584e-01   1.000000e+02
3.353710e-02   1.999057e-01   1.000000e+02
3.384773e-02   2.361813e-01   1.000000e+02
3.416123e-02   2.741493e-01   1.000000e+02
3.447764e-02   3.122275e-01   1.000000e+02
3.479698e-02   3.484319e-01   1.000000e+02
3.511928e-02   3.804944e-01   1.000000e+02
3.544456e-02   4.060530e-01   1.000000e+02
3.577285e-02   4.229042e-01   1.000000e+02
3.610419e-02   4.292861e-01   1.000000e+02
3.643859e-02   4.241484e-01   1.000000e+02
3.677609e-02   4.073574e-01   1.000000e+02
3.711672e-02   3.797877e-01   1.000000e+02
3.746050e-02   3.432688e-01   1.000000e+02
3.780747e-02   3.003839e-01   1.000000e+02
3.815765e-02   2.541490e-01   1.000000e+02
3.851107e-02   2.076301e-01   1.000000e+02
3.886777e-02   1.635698e-01   1.000000e+02
3.922777e-02   1.240930e-01   1.000000e+02
3.959110e-02   9.054069e-02   1.000000e+02
3.995780e-02   6.344728e-02   1.000000e+02
4.032790e-02   4.267311e-02   1.000000e+02
4.070142e-02   2.762750e-02   1.000000e+02
4.107841e-02   1.729027e-02   1.000000e+02
4.145888e-02   1.050419e-02   1.000000e+02
4.184289e-02   6.220871e-03   1.000000e+02
4.223044e-02   3.606578e-03   1.000000e+02
4.262159e-02   2.055524e-03   1.000000e+02
4.301636e-02   1.156538e-03   1.000000e+02
4.341478e-02   6.451128e-04   1.000000e+02
4.381690e-02   3.582422e-04   1.000000e+02
4.422274e-02   1.988890e-04   1.000000e+02
4.463234e-02   1.108576e-04   1.000000e+02
4.504573e-02   6.229713e-05   1.000000e+02
4.546295e-02   3.544428e-05   1.000000e+02
4.588404e-02   2.050346e-05   1.000000e+02
4.630903e-02   1.210985e-05   1.000000e+02
4.673795e-02   7.333455e-06   1.000000e+02
4.717085e-02   4.572607e-06   1.000000e+02
4.760775e-02   2.948032e-06   1.000000e+02
4.804870e-02   1.973518e-06   1.000000e+02
4.849374e-02   1.377583e-06   1.000000e+02
4.894290e-02   1.006909e-06   1.000000e+02
4.939622e-02   7.739019e-07   1.000000e+02
4.985373e-02   6.281047e-07   1.000000e+02
5.031549e-02   5.403417e-07   1.000000e+02
5.078152e-02   4.922346e-07   1.000000e+02
5.125187e-02   4.729802e-07   1.000000e+02
5.172657e-02   4.774876e-07   1.000000e+02
5.220568e-02   5.044413e-07   1.000000e+02
5.268921e-02   5.554817e-07   1.000000e+02
5.317723e-02   6.350683e-07   1.000000e+02
5.366977e-02   7.508340e-07   1.000000e+02
5.416687e-02   9.143685e-07   1.000000e+02
5.466857e-02   1.142440e-06   1.000000e+02
5.517492e-02   1.458686e-06   1.000000e+02
5.568596e-02   1.895778e-06   1.000000e+02
5.620174e-02   2.497994e-06   1.000000e+02
5.672229e-02   3.323951e-06   1.000000e+02
5.724766e-02   4.448959e-06   1.000000e+02
5.777790e-02   5.966007e-06   1.000000e+02
5.831305e-02   7.983842e-06   1.000000e+02
5.885316e-02   1.061999e-05   1.000000e+02
5.939827e-02   1.398624e-05   1.000000e+02
5.994843e-02   1.816452e-05   1.000000e+02
6.050368e-02   2.318755e-05   1.000000e+02
6.106408e-02   2.909665e-05   1.000000e+02
6.162966e-02   3.593590e-05   1.000000e+02
6.220049e-02   4.373731e-05   1.000000e+02
6.277660e-02   5.252354e-05   1.000000e+02
6.335805e-02   6.231246e-05   1.000000e+02
6.394488e-02   7.312321e-05   1.000000e+02
6.453715e-02   8.498369e-05   1.000000e+02
6.513491e-02   9.793915e-05   1.000000e+02
6.573820e-02   1.120619e-04   1.000000e+02
6.634708e-02   1.274621e-04   1.000000e+02
6.696160e-02   1.443000e-04   1.000000e+02
6.758181e-02   1.627998e-04   1.000000e+02
6.820777e-02   1.832671e-04   1.000000e+02
6.883952e-02   2.061098e-04   1.000000e+02
6.947713e-02   2.318657e-04   1.000000e+02
7.012064e-02   2.612391e-04   1.000000e+02
7.077011e-02   2.950167e-04   1.000000e+02
7.142559e-02   3.338480e-04   1.000000e+02
7.208715e-02   3.784143e-04   1.000000e+02
7.275484e-02   4.294632e-04   1.000000e+02
7.342870e-02   4.878056e-04   1.000000e+02
7.410882e-02   5.543102e-04   1.000000e+02
7.479523e-02   6.298936e-04   1.000000e+02
7.548799e-02   7.155047e-04   1.000000e+02
7.618718e-02   8.121042e-04   1.000000e+02
7.689284e-02   9.206356e-04   1.000000e+02
7.760503e-02   1.041990e-03   1.000000e+02
7.832383e-02   1.176960e-03   1.000000e+02
7.904928e-02   1.326188e-03   1.000000e+02
7.978145e-02   1.490105e-03   1.000000e+02
8.052040e-02   1.668842e-03   1.000000e+02
8.126619e-02   1.861960e-03   1.000000e+02
8.201889e-02   2.068351e-03   1.000000e+02
8.277857e-02   2.286225e-03   1.000000e+02
8.354528e-02   2.513023e-03   1.000000e+02
8.431909e-02   2.745357e-03   1.000000e+02
8.510007e-02   2.978980e-03   1.000000e+02
8.588829e-02   3.208817e-03   1.000000e+02
8.668380e-02   3.429041e-03   1.000000e+02
8.748668e-02   3.633228e-03   1.000000e+02
8.829700e-02   3.814582e-03   1.000000e+02
8.911482e-02   3.966225e-03   1.000000e+02
8.994022e-02   4.081555e-03   1.000000e+02
9.077327e-02   4.156334e-03   1.000000e+02
9.161402e-02   4.195915e-03   1.000000e+02
9.246257e-02   4.209604e-03   1.000000e+02
9.331898e-02   4.207471e-03   1.000000e+02
9.418332e-02   4.199846e-03   1.000000e+02
9.505566e-02   4.197057e-03   1.000000e+02
9.593608e-02   4.209424e-03   1.000000e+02
9.682466e-02   4.247502e-03   1.000000e+02
9.772147e-02   4.322596e-03   1.000000e+02
9.862658e-02   4.447571e-03   1.000000e+02
9.954008e-02   4.638048e-03   1.000000e+02
1.004620e-01   4.913681e-03   1.000000e+02
1.013925e-01   5.289383e-03   1.000000e+02
1.023317e-01   5.773484e-03   1.000000e+02
1.032795e-01   6.376355e-03   1.000000e+02
1.042361e-01   7.110099e-03   1.000000e+02
1.052015e-01   7.987561e-03   1.000000e+02
1.061759e-01   9.021007e-03   1.000000e+02
1.071593e-01   1.022033e-02   1.000000e+02
1.081519e-01   1.159073e-02   1.000000e+02
1.091536e-01   1.312985e-02   1.000000e+02
1.101646e-01   1.482446e-02   1.000000e+02
1.111850e-01   1.665892e-02   1.000000e+02
1.122148e-01   1.863852e-02   1.000000e+02
1.132541e-01   2.077488e-02   1.000000e+02
1.143031e-01   2.308310e-02   1.000000e+02
1.153618e-01   2.558255e-02   1.000000e+02
1.164303e-01   2.829785e-02   1.000000e+02
1.175087e-01   3.125998e-02   1.000000e+02
1.185971e-01   3.450767e-02   1.000000e+02
1.196956e-01   3.808902e-02   1.000000e+02
1.208042e-01   4.206152e-02   1.000000e+02
1.219231e-01   4.647339e-02   1.000000e+02
1.230524e-01   5.136598e-02   1.000000e+02
1.241921e-01   5.678252e-02   1.000000e+02
1.253424e-01   6.276792e-02   1.000000e+02
1.265034e-01   6.936830e-02   1.000000e+02
1.276751e-01   7.663032e-02   1.000000e+02
1.288576e-01   8.460045e-02   1.000000e+02
1.300511e-01   9.332400e-02   1.000000e+02
1.312557e-01   1.028445e-01   1.000000e+02
1.324714e-01   1.132044e-01   1.000000e+02
1.336984e-01   1.244424e-01   1.000000e+02
1.349367e-01   1.365922e-01   1.000000e+02
1.361865e-01   1.496801e-01   1.000000e+02
1.374479e-01   1.637239e-01   1.000000e+02
1.387210e-01   1.787306e-01   1.000000e+02
1.400058e-01   1.946943e-01   1.000000e+02
1.413026e-01   2.116241e-01   1.000000e+02
1.426114e-01   2.296483e-01   1.000000e+02
1.439323e-01   2.489638e-01   1.000000e+02
1.452654e-01   2.698186e-01   1.000000e+02
1.466109e-01   2.925221e-01   1.000000e+02
1.479688e-01   3.174570e-01   1.000000e+02
1.493393e-01   3.450950e-01   1.000000e+02
1.507225e-01   3.760075e-01   1.000000e+02
1.521186e-01   4.106688e-01   1.000000e+02
1.535275e-01   4.493941e-01   1.000000e+02
1.549495e-01   4.924903e-01   1.000000e+02
1.563847e-01   5.402522e-01   1.000000e+02
1.578331e-01   5.929501e-01   1.000000e+02
1.592950e-01   6.508134e-01   1.000000e+02
1.607704e-01   7.140202e-01   1.000000e+02
1.622595e-01   7.828552e-01   1.000000e+02
1.637624e-01   8.577632e-01   1.000000e+02
1.652792e-01   9.392260e-01   1.000000e+02
1.668101e-01   1.027759e+00   1.000000e+02
1.683551e-01   1.123914e+00   1.000000e+02
1.699144e-01   1.228280e+00   1.000000e+02
1.714882e-01   1.341484e+00   1.000000e+02
1.730766e-01   1.464197e+00   1.000000e+02
1.746796e-01   1.597135e+00   1.000000e+02
1.762975e-01   1.741057e+00   1.000000e+02
1.779304e-01   1.896776e+00   1.000000e+02
1.795785e-01   2.065153e+00   1.000000e+02
1.812418e-01   2.247113e+00   1.000000e+02
1.829205e-01   2.443707e+00   1.000000e+02
1.846147e-01   2.656112e+00   1.000000e+02
1.863246e-01   2.885612e+00   1.000000e+02
1.880504e-01   3.133614e+00   1.000000e+02
1.897922e-01   3.401655e+00   1.000000e+02
1.915501e-01   3.691422e+00   1.000000e+02
1.933242e-01   4.004767e+00   1.000000e+02
1.951148e-01   4.343725e+00   1.000000e+02
1.969220e-01   4.710537e+00   1.000000e+02
1.987460e-01   5.107672e+00   1.000000e+02
2.005868e-01   5.537851e+00   1.000000e+02
2.024447e-01   6.003948e+00   1.000000e+02
2.043197e-01   6.508881e+00   1.000000e+02
2.062122e-01   7.055770e+00   1.000000e+02
2.081222e-01   7.647968e+00   1.000000e+02
2.100498e-01   8.289076e+00   1.000000e+02
2.119953e-01   8.982961e+00   1.000000e+02
2.139589e-01   9.733772e+00   1.000000e+02
2.159406e-01   1.054596e+01   1.000000e+02
2.179407e-01   1.142428e+01   1.000000e+02
2.199593e-01   1.237384e+01   1.000000e+02
2.219966e-01   1.340011e+01   1.000000e+02
2.240528e-01   1.450891e+01   1.000000e+02
2.261280e-01   1.570648e+01   1.000000e+02
2.282224e-01   1.699947e+01   1.000000e+02
2.303363e-01   1.839498e+01   1.000000e+02
2.324697e-01   1.990058e+01   1.000000e+02
2.346229e-01   2.152432e+01   1.000000e+02
2.367960e-01   2.327476e+01   1.000000e+02
2.389893e-01   2.516100e+01   1.000000e+02
2.412028e-01   2.719272e+01   1.000000e+02
2.434369e-01   2.938017e+01   1.000000e+02
2.456916e-01   3.173421e+01   1.000000e+02
2.479673e-01   3.426634e+01   1.000000e+02
2.502640e-01   3.698871e+01   1.000000e+02
2.525820e-01   3.991435e+01   1.000000e+02
2.549215e-01   4.305754e+01   1.000000e+02
2.572826e-01   4.643365e+01   1.000000e+02
2.596656e-01   5.005907e+01   1.000000e+02
2.620707e-01   5.395131e+01   1.000000e+02
2.644980e-01   5.812911e+01   1.000000e+02
2.669478e-01   6.261244e+01   1.000000e+02
2.694204e-01   6.742266e+01   1.000000e+02
2.719158e-01   7.258260e+01   1.000000e+02
2.744343e-01   7.811662e+01   1.000000e+02
2.769762e-01   8.405077e+01   1.000000e+02
2.795416e-01   9.041287e+01   1.000000e+02
2.821308e-01   9.723265e+01   1.000000e+02
2.847439e-01   1.045419e+02   1.000000e+02
2.873813e-01   1.123745e+02   1.000000e+02
2.900430e-01   1.207668e+02   1.000000e+02
2.927295e-01   1.297575e+02   1.000000e+02
2.954408e-01   1.393882e+02   1.000000e+02
2.981772e-01   1.497030e+02   1.000000e+02
3.009390e-01   1.607494e+02   1.000000e+02
3.037264e-01   1.725771e+02   1.000000e+02
3.065395e-01   1.852378e+02   1.000000e+02
3.093788e-01   1.987861e+02   1.000000e+02
3.122443e-01   2.132797e+02   1.000000e+02
3.151363e-01   2.287796e+02   1.000000e+02
3.180552e-01   2.453504e+02   1.000000e+02
3.210011e-01   2.630603e+02   1.000000e+02
3.239743e-01   2.819811e+02   1.000000e+02
3.269750e-01   3.021887e+02   1.000000e+02
3.300035e-01   3.237629e+02   1.000000e+02
3.330600e-01   3.467880e+02   1.000000e+02
3.361449e-01   3.713525e+02   1.000000e+02
3.392583e-01   3.975495e+02   1.000000e+02
3.424006e-01   4.254768e+02   1.000000e+02
3.455720e-01   4.552371e+02   1.000000e+02
3.487727e-01   4.869381e+02   1.000000e+02
3.520031e-01   5.206932e+02   1.000000e+02
3.552635e-01   5.566269e+02   1.000000e+02
3.585540e-01   5.948756e+02   1.000000e+02
3.618750e-01   6.355845e+02   1.000000e+02
3.652267e-01   6.789086e+02   1.000000e+02
3.686095e-01   7.250130e+02   1.000000e+02
3.720237e-01   7.740736e+02   1.000000e+02
3.754694e-01   8.262783e+02   1.000000e+02
3.789471e-01   8.818276e+02   1.000000e+02
3.824570e-01   9.409353e+02   1.000000e+02
3.859994e-01   1.003830e+03   1.000000e+02
3.895746e-01   1.070756e+03   1.000000e+02
3.931829e-01   1.141975e+03   1.000000e+02
3.968246e-01   1.217766e+03   1.000000e+02
4.005001e-01   1.298428e+03   1.000000e+02
4.042096e-01   1.384270e+03   1.000000e+02
4.079535e-01   1.475591e+03   1.000000e+02
4.117320e-01   1.572699e+03   1.000000e+02
4.155455e-01   1.675912e+03   1.000000e+02
4.193944e-01   1.785562e+03   1.000000e+02
4.232789e-01   1.901992e+03   1.000000e+02
4.271994e-01   2.025556e+03   1.000000e+02
4.311562e-01   2.156619e+03   1.000000e+02
4.351497e-01   2.295558e+03   1.000000e+02
4.391801e-01   2.442759e+03   1.000000e+02
4.432479e-01   2.598617e+03   1.000000e+02
4.473533e-01   2.763537e+03   1.000000e+02
4.514968e-01   2.937930e+03   1.000000e+02
4.556786e-01   3.122263e+03   1.000000e+02
4.598992e-01   3.317084e+03   1.000000e+02
4.641589e-01   3.522986e+03   1.000000e+02
4.684580e-01   3.740596e+03   1.000000e+02
4.727970e-01   3.970585e+03   1.000000e+02
4.771761e-01   4.213666e+03   1.000000e+02
4.815958e-01   4.470602e+03   1.000000e+02
4.860564e-01   4.742203e+03   1.000000e+02
4.905584e-01   5.029339e+03   1.000000e+02
4.951020e-01   5.332937e+03   1.000000e+02
4.996877e-01   5.653989e+03   1.000000e+02
5.043159e-01   5.993538e+03   1.000000e+02
5.089870e-01   6.352603e+03   1.000000e+02
5.137014e-01   6.732222e+03   1.000000e+02
5.184594e-01   7.133484e+03   1.000000e+02
5.232614e-01   7.557526e+03   1.000000e+02
5.281080e-01   8.005540e+03   1.000000e+02
5.329994e-01   8.478768e+03   1.000000e+02
5.379362e-01   8.978511e+03   1.000000e+02
5.429186e-01   9.506124e+03   1.000000e+02
5.479472e-01   1.006302e+04   1.000000e+02
5.530224e-01   1.065068e+04   1.000000e+02
5.581446e-01   1.127065e+04   1.000000e+02
5.633143e-01   1.192451e+04   1.000000e+02
5.685318e-01   1.261395e+04   1.000000e+02
5.737976e-01   1.334070e+04   1.000000e+02
5.791123e-01   1.410657e+04   1.000000e+02
5.844761e-01   1.491342e+04   1.000000e+02
5.898896e-01   1.576322e+04   1.000000e+02
5.953533e-01   1.665798e+04   1.000000e+02
6.008676e-01   1.759980e+04   1.000000e+02
6.064329e-01   1.859089e+04   1.000000e+02
6.120498e-01   1.963361e+04   1.000000e+02
6.177188e-01   2.073042e+04   1.000000e+02
6.234402e-01   2.188393e+04   1.000000e+02
6.292146e-01   2.309683e+04   1.000000e+02
6.350425e-01   2.437195e+04   1.000000e+02
6.409244e-01   2.571221e+04   1.000000e+02
6.468608e-01   2.712071e+04   1.000000e+02
6.528521e-01   2.860064e+04   1.000000e+02
6.588990e-01   3.015534e+04   1.000000e+02
6.650018e-01   3.178832e+04   1.000000e+02
6.711612e-01   3.350320e+04   1.000000e+02
6.773776e-01   3.530380e+04   1.000000e+02
6.836516e-01   3.719408e+04   1.000000e+02
6.899837e-01   3.917816e+04   1.000000e+02
6.963745e-01   4.126035e+04   1.000000e+02
7.028244e-01   4.344516e+04   1.000000e+02
7.093341e-01   4.573723e+04   1.000000e+02
7.159041e-01   4.814132e+04   1.000000e+02
7.225349e-01   5.066240e+04   1.000000e+02
7.292272e-01   5.330561e+04   1.000000e+02
7.359814e-01   5.607630e+04   1.000000e+02
7.427982e-01   5.898001e+04   1.000000e+02
7.496782e-01   6.202249e+04   1.000000e+02
7.566219e-01   6.520972e+04   1.000000e+02
7.636298e-01   6.854788e+04   1.000000e+02
7.707027e-01   7.204338e+04   1.000000e+02
7.778411e-01   7.570287e+04   1.000000e+02
7.850456e-01   7.953324e+04   1.000000e+02
7.923169e-01   8.354162e+04   1.000000e+02
7.996555e-01   8.773539e+04   1.000000e+02
8.070620e-01   9.212220e+04   1.000000e+02
8.145372e-01   9.671005e+04   1.000000e+02
8.220816e-01   1.015072e+05   1.000000e+02
8.296959e-01   1.065223e+05   1.000000e+02
8.373807e-01   1.117642e+05   1.000000e+02
8.451366e-01   1.172422e+05   1.000000e+02
8.529644e-01   1.229657e+05   1.000000e+02
8.608648e-01   1.289448e+05   1.000000e+02
8.688383e-01   1.351895e+05   1.000000e+02
8.768856e-01   1.417106e+05   1.000000e+02
8.850075e-01   1.485189e+05   1.000000e+02
8.932046e-01   1.556258e+05   1.000000e+02
9.014776e-01   1.630430e+05   1.000000e+02
9.098273e-01   1.707826e+05   1.000000e+02
9.182543e-01   1.788569e+05   1.000000e+02
9.267593e-01   1.872786e+05   1.000000e+02
9.353432e-01   1.960607e+05   1.000000e+02
9.440065e-01   2.052168e+05   1.000000e+02
9.527500e-01   2.147606e+05   1.000000e+02
9.615746e-01   2.247064e+05   1.000000e+02
9.704809e-01   2.350688e+05   1.000000e+02
9.794697e-01   2.458631e+05   1.000000e+02
9.885417e-01   2.571047e+05   1.000000e+02
9.976978e-01   2.688095e+05   1.000000e+02
1.006939e+00   2.809940e+05   1.000000e+02
1.016265e+00   2.936751e+05   1.000000e+02
1.025678e+00   3.068707e+05   1.000000e+02
1.035178e+00   3.205987e+05   1.000000e+02
1.044766e+00   3.348780e+05   1.000000e+02
1.054443e+00   3.497277e+05   1.000000e+02
1.064209e+00   3.651676e+05   1.000000e+02
1.074066e+00   3.812181e+05   1.000000e+02
1.084014e+00   3.979000e+05   1.000000e+02
1.094055e+00   4.152349e+05   1.000000e+02
1.104188e+00   4.332449e+05   1.000000e+02
1.114415e+00   4.519526e+05   1.000000e+02
1.124737e+00   4.713812e+05   1.000000e+02
1.135155e+00   4.915548e+05   1.000000e+02
1.145669e+00   5.124979e+05   1.000000e+02
1.156280e+00   5.342357e+05   1.000000e+02
1.166990e+00   5.567940e+05   1.000000e+02
1.177799e+00   5.801994e+05   1.000000e+02
1.188708e+00   6.044790e+05   1.000000e+02
1.199718e+00   6.296609e+05   1.000000e+02
1.210830e+00   6.557734e+05   1.000000e+02
1.222045e+00   6.828461e+05   1.000000e+02
1.233363e+00   7.109088e+05   1.000000e+02
1.244787e+00   7.399924e+05   1.000000e+02
1.256317e+00   7.701284e+05   1.000000e+02
1.267953e+00   8.013505e+05   1.000000e+02
1.279697e+00   8.336945e+05   1.000000e+02
1.291550e+00   8.671975e+05   1.000000e+02
1.303512e+00   9.018977e+05   1.000000e+02
1.315586e+00   9.378349e+05   1.000000e+02
1.327771e+00   9.750501e+05   1.000000e+02
1.340069e+00   1.013586e+06   1.000000e+02
1.352481e+00   1.053486e+06   1.000000e+02
1.365008e+00   1.094795e+06   1.000000e+02
1.377651e+00   1.137562e+06   1.000000e+02
1.390411e+00   1.181834e+06   1.000000e+02
1.403289e+00   1.227663e+06   1.000000e+02
1.416287e+00   1.275100e+06   1.000000e+02
1.429405e+00   1.324199e+06   1.000000e+02
1.442644e+00   1.375018e+06   1.000000e+02
1.456006e+00   1.427613e+06   1.000000e+02
1.469492e+00   1.482046e+06   1.000000e+02
1.483103e+00   1.538380e+06   1.000000e+02
1.496839e+00   1.596678e+06   1.000000e+02
1.510703e+00   1.657008e+06   1.000000e+02
1.524696e+00   1.719419e+06   1.000000e+02
1.538818e+00   1.783954e+06   1.000000e+02
1.553071e+00   1.850654e+06   1.000000e+02
1.567455e+00   1.919557e+06   1.000000e+02
1.581973e+00   1.990700e+06   1.000000e+02
1.596626e+00   2.064119e+06   1.000000e+02
1.611414e+00   2.139844e+06   1.000000e+02
1.626340e+00   2.217904e+06   1.000000e+02
1.641403e+00   2.298326e+06   1.000000e+02
1.656606e+00   2.381132e+06   1.000000e+02
1.671950e+00   2.466340e+06   1.000000e+02
1.687436e+00   2.553964e+06   1.000000e+02
1.703065e+00   2.644015e+06   1.000000e+02
1.718839e+00   2.736497e+06   1.000000e+02
1.734759e+00   2.831409e+06   1.000000e+02
1.750827e+00   2.928747e+06   1.000000e+02
1.767044e+00   3.028514e+06   1.000000e+02
1.783410e+00   3.130769e+06   1.000000e+02
1.799929e+00   3.235584e+06   1.000000e+02
1.816600e+00   3.343038e+06   1.000000e+02
1.833425e+00   3.453216e+06   1.000000e+02
1.850407e+00   3.566209e+06   1.000000e+02
1.867546e+00   3.682112e+06   1.000000e+02
1.884843e+00   3.801029e+06   1.000000e+02
1.902301e+00   3.923069e+06   1.000000e+02
1.919921e+00   4.048352e+06   1.000000e+02
1.937703e+00   4.177002e+06   1.000000e+02
1.955651e+00   4.309154e+06   1.000000e+02
1.973764e+00   4.444951e+06   1.000000e+02
1.992046e+00   4.584546e+06   1.000000e+02
2.010496e+00   4.728097e+06   1.000000e+02
2.029118e+00   4.875728e+06   1.000000e+02
2.047912e+00   5.027521e+06   1.000000e+02
2.066880e+00   5.183560e+06   1.000000e+02
2.086024e+00   5.343925e+06   1.000000e+02
2.105345e+00   5.508699e+06   1.000000e+02
2.124845e+00   5.677962e+06   1.000000e+02
2.144526e+00   5.851794e+06   1.000000e+02
2.164389e+00   6.030273e+06   1.000000e+02
2.184436e+00   6.213478e+06   1.000000e+02
2.204669e+00   6.401484e+06   1.000000e+02
2.225089e+00   6.594366e+06   1.000000e+02
2.245698e+00   6.792196e+06   1.000000e+02
2.266498e+00   6.995046e+06   1.000000e+02
2.287491e+00   7.202983e+06   1.000000e+02
2.308678e+00   7.416075e+06   1.000000e+02
2.330061e+00   7.634383e+06   1.000000e+02
2.351643e+00   7.857970e+06   1.000000e+02
2.373424e+00   8.086892e+06   1.000000e+02
2.395407e+00   8.321203e+06   1.000000e+02
2.417594e+00   8.560954e+06   1.000000e+02
2.439986e+00   8.806191e+06   1.000000e+02
2.462586e+00   9.056957e+06   1.000000e+02
2.485395e+00   9.313289e+06   1.000000e+02
2.508415e+00   9.575220e+06   1.000000e+02
2.531648e+00   9.842803e+06   1.000000e+02
2.555097e+00   1.011612e+07   1.000000e+02
2.578763e+00   1.039525e+07   1.000000e+02
2.602648e+00   1.068027e+07   1.000000e+02
2.626754e+00   1.097129e+07   1.000000e+02
2.651084e+00   1.126838e+07   1.000000e+02
2.675638e+00   1.157162e+07   1.000000e+02
2.700421e+00   1.188112e+07   1.000000e+02
2.725433e+00   1.219696e+07   1.000000e+02
2.750676e+00   1.251923e+07   1.000000e+02
2.776153e+00   1.284802e+07   1.000000e+02
2.801867e+00   1.318343e+07   1.000000e+02
2.827818e+00   1.352556e+07   1.000000e+02
2.854010e+00   1.387449e+07   1.000000e+02
2.880444e+00   1.423034e+07   1.000000e+02
2.907123e+00   1.459319e+07   1.000000e+02
2.934050e+00   1.496315e+07   1.000000e+02
2.961225e+00   1.534032e+07   1.000000e+02
2.988653e+00   1.572481e+07   1.000000e+02
3.016334e+00   1.611673e+07   1.000000e+02
3.044272e+00   1.651615e+07   1.000000e+02
3.072469e+00   1.692317e+07   1.000000e+02
3.100927e+00   1.733784e+07   1.000000e+02
3.129648e+00   1.776025e+07   1.000000e+02
3.158635e+00   1.819046e+07   1.000000e+02
3.187891e+00   1.862855e+07   1.000000e+02
3.217418e+00   1.907457e+07   1.000000e+02
3.247218e+00   1.952860e+07   1.000000e+02
3.277295e+00   1.999070e+07   1.000000e+02
3.307650e+00   2.046093e+07   1.000000e+02
3.338286e+00   2.093935e+07   1.000000e+02
3.369206e+00   2.142601e+07   1.000000e+02
3.400412e+00   2.192098e+07   1.000000e+02
3.431907e+00   2.242431e+07   1.000000e+02
3.463694e+00   2.293604e+07   1.000000e+02
3.495776e+00   2.345623e+07   1.000000e+02
3.528154e+00   2.398492e+07   1.000000e+02
3.560833e+00   2.452217e+07   1.000000e+02
3.593814e+00   2.506804e+07   1.000000e+02
3.627100e+00   2.562258e+07   1.000000e+02
3.660695e+00   2.618585e+07   1.000000e+02
3.694601e+00   2.675791e+07   1.000000e+02
3.728821e+00   2.733880e+07   1.000000e+02
3.763358e+00   2.792858e+07   1.000000e+02
3.798215e+00   2.852730e+07   1.000000e+02
3.833395e+00   2.913501e+07   1.000000e+02
3.868901e+00   2.975175e+07   1.000000e+02
3.904735e+00   3.037757e+07   1.000000e+02
3.940902e+00   3.101252e+07   1.000000e+02
3.977403e+00   3.165664e+07   1.000000e+02
4.014242e+00   3.230996e+07   1.000000e+02
4.051423e+00   3.297253e+07   1.000000e+02
4.088948e+00   3.364437e+07   1.000000e+02
4.126821e+00   3.432549e+07   1.000000e+02
4.165044e+00   3.501592e+07   1.000000e+02
4.203622e+00   3.571567e+07   1.000000e+02
4.242556e+00   3.642476e+07   1.000000e+02
4.281852e+00   3.714318e+07   1.000000e+02
4.321511e+00   3.787096e+07   1.000000e+02
4.361538e+00   3.860808e+07   1.000000e+02
4.401935e+00   3.935456e+07   1.000000e+02
4.442707e+00   4.011039e+07   1.000000e+02
4.483856e+00   4.087556e+07   1.000000e+02
4.525386e+00   4.165006e+07   1.000000e+02
4.567301e+00   4.243388e+07   1.000000e+02
4.609604e+00   4.322700e+07   1.000000e+02
4.652300e+00   4.402940e+07   1.000000e+02
4.695390e+00   4.484106e+07   1.000000e+02
4.738880e+00   4.566196e+07   1.000000e+02
4.782772e+00   4.649205e+07   1.000000e+02
4.827071e+00   4.733131e+07   1.000000e+02
4.871780e+00   4.817970e+07   1.000000e+02
4.916904e+00   4.903718e+07   1.000000e+02
4.962445e+00   4.990371e+07   1.000000e+02
5.008408e+00   5.077922e+07   1.000000e+02
5.054797e+00   5.166368e+07   1.000000e+02
5.101615e+00   5.255699e+07   1.000000e+02
5.148867e+00   5.345910e+07   1.000000e+02
5.196557e+00   5.436990e+07   1.000000e+02
5.244689e+00   5.528932e+07   1.000000e+02
5.293266e+00   5.621726e+07   1.000000e+02
5.342293e+00   5.715362e+07   1.000000e+02
5.391775e+00   5.809829e+07   1.000000e+02
5.441714e+00   5.905116e+07   1.000000e+02
5.492116e+00   6.001213e+07   1.000000e+02
5.542986e+00   6.098107e+07   1.000000e+02
5.594326e+00   6.195784e+07   1.000000e+02
5.646141e+00   6.294233e+07   1.000000e+02
5.698437e+00   6.393440e+07   1.000000e+02
5.751217e+00   6.493389e+07   1.000000e+02
5.804486e+00   6.594067e+07   1.000000e+02
5.858248e+00   6.695458e+07   1.000000e+02
5.912508e+00   6.797546e+07   1.000000e+02
5.967271e+00   6.900315e+07   1.000000e+02
6.022541e+00   7.003748e+07   1.000000e+02
6.078323e+00   7.107825e+07   1.000000e+02
6.134622e+00   7.212526e+07   1.000000e+02
6.191442e+00   7.317831e+07   1.000000e+02
6.248788e+00   7.423715e+07   1.000000e+02
6.306666e+00   7.530157e+07   1.000000e+02
6.365079e+00   7.637133e+07   1.000000e+02
6.424034e+00   7.744618e+07   1.000000e+02
6.483534e+00   7.852587e+07   1.000000e+02
6.543586e+00   7.961015e+07   1.000000e+02
6.604194e+00   8.069875e+07   1.000000e+02
6.665363e+00   8.179139e+07   1.000000e+02
6.727099e+00   8.288780e+07   1.000000e+02
6.789407e+00   8.398769e+07   1.000000e+02
6.852292e+00   8.509077e+07   1.000000e+02
6.915759e+00   8.619674e+07   1.000000e+02
6.979814e+00   8.730528e+07   1.000000e+02
7.044462e+00   8.841609e+07   1.000000e+02
7.109709e+00   8.952883e+07   1.000000e+02
7.175561e+00   9.064312e+07   1.000000e+02
7.242022e+00   9.175861e+07   1.000000e+02
7.309099e+00   9.287491e+07   1.000000e+02
7.376798e+00   9.399163e+07   1.000000e+02
7.445123e+00   9.510838e+07   1.000000e+02
7.514081e+00   9.622477e+07   1.000000e+02
7.583678e+00   9.734037e+07   1.000000e+02
7.653919e+00   9.845477e+07   1.000000e+02
7.724811e+00   9.956755e+07   1.000000e+02
7.796360e+00   1.006783e+08   1.000000e+02
7.868572e+00   1.017865e+08   1.000000e+02
7.941452e+00   1.028918e+08   1.000000e+02
8.015007e+00   1.039937e+08   1.000000e+02
8.089243e+00   1.050917e+08   1.000000e+02
8.164168e+00   1.061855e+08   1.000000e+02
8.239786e+00   1.072744e+08   1.000000e+02
8.316104e+00   1.083581e+08   1.000000e+02
8.393129e+00   1.094360e+08   1.000000e+02
8.470868e+00   1.105077e+08   1.000000e+02
8.549327e+00   1.115726e+08   1.000000e+02
8.628513e+00   1.126304e+08   1.000000e+02
8.708431e+00   1.136803e+08   1.000000e+02
8.789091e+00   1.147221e+08   1.000000e+02
8.870497e+00   1.157550e+08   1.000000e+02
8.952657e+00   1.167787e+08   1.000000e+02
9.035578e+00   1.177927e+08   1.000000e+02
9.119268e+00   1.187963e+08   1.000000e+02
9.203732e+00   1.197890e+08   1.000000e+02
9.288979e+00   1.207705e+08   1.000000e+02
9.375015e+00   1.217400e+08   1.000000e+02
9.461848e+00   1.226972e+08   1.000000e+02
9.549486e+00   1.236414e+08   1.000000e+02
9.637935e+00   1.245721e+08   1.000000e+02
9.727203e+00   1.254889e+08   1.000000e+02
9.817298e+00   1.263911e+08   1.000000e+02
9.908228e+00   1.272784e+08   1.000000e+02
1.000000e+01   1.281500e+08   1.000000e+02
