# Be9 + a > C13 + g   [Be9_a__C13_g]   ref=TALYS2, Koning et al. 2023
# detailed balance: alpha=9.1192e+10 beta=1.5 gamma=-123.559  Q=10.6475
# T9                 rate                error
1.000000e-03   1.000000e-35   1.000000e+02
1.009262e-03   9.997522e-36   1.000000e+02
1.018610e-03   9.995152e-36   1.000000e+02
1.028045e-03   9.992889e-36   1.000000e+02
1.037567e-03   9.990732e-36   1.000000e+02
1.047177e-03   9.988678e-36   1.000000e+02
1.056876e-03   9.986726e-36   1.000000e+02
1.066665e-03   9.984873e-36   1.000000e+02
1.076545e-03   9.983119e-36   1.000000e+02
1.086516e-03   9.981462e-36   1.000000e+02
1.096579e-03   9.979899e-36   1.000000e+02
1.106736e-03   9.978429e-36   1.000000e+02
1.116987e-03   9.977051e-36   1.000000e+02
1.127333e-03   9.975762e-36   1.000000e+02
1.137774e-03   9.974560e-36   1.000000e+02
1.148312e-03   9.973445e-36   1.000000e+02
1.158948e-03   9.972414e-36   1.000000e+02
1.169683e-03   9.971466e-36   1.000000e+02
1.180517e-03   9.970599e-36   1.000000e+02
1.191451e-03   9.969811e-36   1.000000e+02
1.202486e-03   9.969100e-36   1.000000e+02
1.213624e-03   9.968466e-36   1.000000e+02
1.224865e-03   9.967905e-36   1.000000e+02
1.236210e-03   9.967417e-36   1.000000e+02
1.247660e-03   9.966999e-36   1.000000e+02
1.259216e-03   9.966650e-36   1.000000e+02
1.270879e-03   9.966369e-36   1.000000e+02
1.282650e-03   9.966153e-36   1.000000e+02
1.294530e-03   9.966001e-36   1.000000e+02
1.306520e-03   9.965912e-36   1.000000e+02
1.318621e-03   9.965882e-36   1.000000e+02
1.330835e-03   9.965912e-36   1.000000e+02
1.343161e-03   9.965999e-36   1.000000e+02
1.355602e-03   9.966141e-36   1.000000e+02
1.368158e-03   9.966337e-36   1.000000e+02
1.380830e-03   9.966585e-36   1.000000e+02
1.393619e-03   9.966883e-36   1.000000e+02
1.406527e-03   9.967230e-36   1.000000e+02
1.419555e-03   9.967624e-36   1.000000e+02
1.432703e-03   9.968064e-36   1.000000e+02
1.445973e-03   9.968547e-36   1.000000e+02
1.459366e-03   9.969072e-36   1.000000e+02
1.472883e-03   9.969637e-36   1.000000e+02
1.486525e-03   9.970240e-36   1.000000e+02
1.500293e-03   9.970881e-36   1.000000e+02
1.514189e-03   9.971557e-36   1.000000e+02
1.528214e-03   9.972266e-36   1.000000e+02
1.542369e-03   9.973007e-36   1.000000e+02
1.556654e-03   9.973779e-36   1.000000e+02
1.571072e-03   9.974578e-36   1.000000e+02
1.585624e-03   9.975405e-36   1.000000e+02
1.600310e-03   9.976257e-36   1.000000e+02
1.615133e-03   9.977132e-36   1.000000e+02
1.630092e-03   9.978028e-36   1.000000e+02
1.645191e-03   9.978945e-36   1.000000e+02
1.660429e-03   9.979880e-36   1.000000e+02
1.675808e-03   9.980832e-36   1.000000e+02
1.691330e-03   9.981799e-36   1.000000e+02
1.706995e-03   9.982779e-36   1.000000e+02
1.722805e-03   9.983770e-36   1.000000e+02
1.738762e-03   9.984772e-36   1.000000e+02
1.754867e-03   9.985781e-36   1.000000e+02
1.771121e-03   9.986798e-36   1.000000e+02
1.787526e-03   9.987819e-36   1.000000e+02
1.804082e-03   9.988843e-36   1.000000e+02
1.820792e-03   9.989868e-36   1.000000e+02
1.837656e-03   9.990894e-36   1.000000e+02
1.854677e-03   9.991917e-36   1.000000e+02
1.871855e-03   9.992937e-36   1.000000e+02
1.889193e-03   9.993951e-36   1.000000e+02
1.906691e-03   9.994958e-36   1.000000e+02
1.924351e-03   9.995957e-36   1.000000e+02
1.942175e-03   9.996945e-36   1.000000e+02
1.960163e-03   9.997921e-36   1.000000e+02
1.978319e-03   9.998883e-36   1.000000e+02
1.996642e-03   9.999829e-36   1.000000e+02
2.015136e-03   1.000076e-35   1.000000e+02
2.033800e-03   1.000167e-35   1.000000e+02
2.052638e-03   1.000256e-35   1.000000e+02
2.071650e-03   1.000343e-35   1.000000e+02
2.090838e-03   1.000427e-35   1.000000e+02
2.110203e-03   1.000509e-35   1.000000e+02
2.129749e-03   1.000588e-35   1.000000e+02
2.149475e-03   1.000664e-35   1.000000e+02
2.169384e-03   1.000737e-35   1.000000e+02
2.189477e-03   1.000806e-35   1.000000e+02
2.209756e-03   1.000873e-35   1.000000e+02
2.230223e-03   1.000935e-35   1.000000e+02
2.250880e-03   1.000994e-35   1.000000e+02
2.271728e-03   1.001049e-35   1.000000e+02
2.292769e-03   1.001100e-35   1.000000e+02
2.314005e-03   1.001147e-35   1.000000e+02
2.335438e-03   1.001189e-35   1.000000e+02
2.357069e-03   1.001227e-35   1.000000e+02
2.378901e-03   1.001259e-35   1.000000e+02
2.400935e-03   1.001287e-35   1.000000e+02
2.423173e-03   1.001310e-35   1.000000e+02
2.445617e-03   1.001327e-35   1.000000e+02
2.468268e-03   1.001339e-35   1.000000e+02
2.491130e-03   1.001345e-35   1.000000e+02
2.514203e-03   1.001346e-35   1.000000e+02
2.537490e-03   1.001340e-35   1.000000e+02
2.560993e-03   1.001328e-35   1.000000e+02
2.584714e-03   1.001310e-35   1.000000e+02
2.608654e-03   1.001286e-35   1.000000e+02
2.632815e-03   1.001255e-35   1.000000e+02
2.657201e-03   1.001217e-35   1.000000e+02
2.681813e-03   1.001171e-35   1.000000e+02
2.706652e-03   1.001119e-35   1.000000e+02
2.731722e-03   1.001060e-35   1.000000e+02
2.757023e-03   1.000993e-35   1.000000e+02
2.782559e-03   1.000918e-35   1.000000e+02
2.808332e-03   1.000835e-35   1.000000e+02
2.834343e-03   1.000745e-35   1.000000e+02
2.860596e-03   1.000646e-35   1.000000e+02
2.887091e-03   1.000539e-35   1.000000e+02
2.913832e-03   1.000423e-35   1.000000e+02
2.940820e-03   1.000299e-35   1.000000e+02
2.968059e-03   1.000166e-35   1.000000e+02
2.995549e-03   1.000024e-35   1.000000e+02
3.023295e-03   9.998726e-36   1.000000e+02
3.051297e-03   9.997138e-36   1.000000e+02
3.079559e-03   9.995491e-36   1.000000e+02
3.108082e-03   9.993803e-36   1.000000e+02
3.136870e-03   9.992092e-36   1.000000e+02
3.165924e-03   9.990376e-36   1.000000e+02
3.195248e-03   9.988673e-36   1.000000e+02
3.224842e-03   9.987002e-36   1.000000e+02
3.254712e-03   9.985380e-36   1.000000e+02
3.284857e-03   9.983824e-36   1.000000e+02
3.315282e-03   9.982354e-36   1.000000e+02
3.345989e-03   9.980986e-36   1.000000e+02
3.376980e-03   9.979739e-36   1.000000e+02
3.408259e-03   9.978631e-36   1.000000e+02
3.439826e-03   9.977680e-36   1.000000e+02
3.471687e-03   9.976903e-36   1.000000e+02
3.503842e-03   9.976319e-36   1.000000e+02
3.536296e-03   9.975945e-36   1.000000e+02
3.569049e-03   9.975800e-36   1.000000e+02
3.602107e-03   9.975900e-36   1.000000e+02
3.635470e-03   9.976265e-36   1.000000e+02
3.669142e-03   9.976913e-36   1.000000e+02
3.703127e-03   9.977860e-36   1.000000e+02
3.737426e-03   9.979126e-36   1.000000e+02
3.772042e-03   9.980728e-36   1.000000e+02
3.806980e-03   9.982685e-36   1.000000e+02
3.842241e-03   9.985015e-36   1.000000e+02
3.877828e-03   9.987735e-36   1.000000e+02
3.913746e-03   9.990865e-36   1.000000e+02
3.949995e-03   9.994423e-36   1.000000e+02
3.986581e-03   9.998426e-36   1.000000e+02
4.023506e-03   1.000289e-35   1.000000e+02
4.060772e-03   1.000776e-35   1.000000e+02
4.098384e-03   1.001293e-35   1.000000e+02
4.136344e-03   1.001830e-35   1.000000e+02
4.174655e-03   1.002377e-35   1.000000e+02
4.213322e-03   1.002923e-35   1.000000e+02
4.252346e-03   1.003458e-35   1.000000e+02
4.291732e-03   1.003972e-35   1.000000e+02
4.331483e-03   1.004454e-35   1.000000e+02
4.371602e-03   1.004894e-35   1.000000e+02
4.412093e-03   1.005281e-35   1.000000e+02
4.452959e-03   1.005605e-35   1.000000e+02
4.494203e-03   1.005856e-35   1.000000e+02
4.535829e-03   1.006022e-35   1.000000e+02
4.577841e-03   1.006094e-35   1.000000e+02
4.620241e-03   1.006061e-35   1.000000e+02
4.663035e-03   1.005913e-35   1.000000e+02
4.706225e-03   1.005640e-35   1.000000e+02
4.749815e-03   1.005230e-35   1.000000e+02
4.793808e-03   1.004675e-35   1.000000e+02
4.838210e-03   1.003963e-35   1.000000e+02
4.883022e-03   1.003085e-35   1.000000e+02
4.928250e-03   1.002031e-35   1.000000e+02
4.973896e-03   1.000790e-35   1.000000e+02
5.019965e-03   9.993552e-36   1.000000e+02
5.066461e-03   9.977280e-36   1.000000e+02
5.113388e-03   9.959269e-36   1.000000e+02
5.160749e-03   9.939707e-36   1.000000e+02
5.208549e-03   9.918781e-36   1.000000e+02
5.256791e-03   9.896679e-36   1.000000e+02
5.305481e-03   9.873587e-36   1.000000e+02
5.354621e-03   9.849688e-36   1.000000e+02
5.404216e-03   9.825166e-36   1.000000e+02
5.454271e-03   9.800201e-36   1.000000e+02
5.504790e-03   9.774975e-36   1.000000e+02
5.555776e-03   9.749663e-36   1.000000e+02
5.607235e-03   9.724443e-36   1.000000e+02
5.659170e-03   9.699489e-36   1.000000e+02
5.711586e-03   9.674972e-36   1.000000e+02
5.764488e-03   9.651063e-36   1.000000e+02
5.817880e-03   9.627932e-36   1.000000e+02
5.871766e-03   9.605746e-36   1.000000e+02
5.926152e-03   9.584671e-36   1.000000e+02
5.981041e-03   9.564873e-36   1.000000e+02
6.036439e-03   9.546499e-36   1.000000e+02
6.092349e-03   9.529524e-36   1.000000e+02
6.148778e-03   9.513801e-36   1.000000e+02
6.205729e-03   9.499186e-36   1.000000e+02
6.263207e-03   9.485536e-36   1.000000e+02
6.321218e-03   9.472707e-36   1.000000e+02
6.379767e-03   9.460557e-36   1.000000e+02
6.438857e-03   9.448947e-36   1.000000e+02
6.498495e-03   9.437737e-36   1.000000e+02
6.558686e-03   9.426786e-36   1.000000e+02
6.619433e-03   9.415956e-36   1.000000e+02
6.680744e-03   9.405110e-36   1.000000e+02
6.742622e-03   9.394110e-36   1.000000e+02
6.805074e-03   9.382819e-36   1.000000e+02
6.868104e-03   9.371102e-36   1.000000e+02
6.931717e-03   9.358822e-36   1.000000e+02
6.995920e-03   9.345847e-36   1.000000e+02
7.060718e-03   9.332137e-36   1.000000e+02
7.126115e-03   9.318117e-36   1.000000e+02
7.192119e-03   9.304347e-36   1.000000e+02
7.258734e-03   9.291384e-36   1.000000e+02
7.325965e-03   9.279782e-36   1.000000e+02
7.393820e-03   9.270094e-36   1.000000e+02
7.462303e-03   9.262870e-36   1.000000e+02
7.531420e-03   9.258660e-36   1.000000e+02
7.601178e-03   9.258017e-36   1.000000e+02
7.671581e-03   9.261497e-36   1.000000e+02
7.742637e-03   9.269660e-36   1.000000e+02
7.814351e-03   9.283078e-36   1.000000e+02
7.886729e-03   9.302331e-36   1.000000e+02
7.959777e-03   9.328017e-36   1.000000e+02
8.033502e-03   9.360706e-36   1.000000e+02
8.107910e-03   9.399691e-36   1.000000e+02
8.183007e-03   9.442786e-36   1.000000e+02
8.258799e-03   9.487696e-36   1.000000e+02
8.335294e-03   9.532081e-36   1.000000e+02
8.412497e-03   9.573559e-36   1.000000e+02
8.490415e-03   9.609708e-36   1.000000e+02
8.569055e-03   9.638077e-36   1.000000e+02
8.648423e-03   9.656203e-36   1.000000e+02
8.728527e-03   9.661633e-36   1.000000e+02
8.809372e-03   9.651952e-36   1.000000e+02
8.890966e-03   9.624821e-36   1.000000e+02
8.973316e-03   9.578011e-36   1.000000e+02
9.056428e-03   9.510129e-36   1.000000e+02
9.140311e-03   9.427422e-36   1.000000e+02
9.224970e-03   9.340654e-36   1.000000e+02
9.310413e-03   9.260302e-36   1.000000e+02
9.396648e-03   9.196493e-36   1.000000e+02
9.483682e-03   9.159128e-36   1.000000e+02
9.571522e-03   9.158125e-36   1.000000e+02
9.660175e-03   9.203759e-36   1.000000e+02
9.749649e-03   9.307130e-36   1.000000e+02
9.839952e-03   9.480777e-36   1.000000e+02
9.931092e-03   9.739469e-36   1.000000e+02
1.002308e-02   1.010120e-35   1.000000e+02
1.011591e-02   1.058096e-35   1.000000e+02
1.020961e-02   1.118270e-35   1.000000e+02
1.030417e-02   1.191033e-35   1.000000e+02
1.039961e-02   1.276854e-35   1.000000e+02
1.049593e-02   1.376211e-35   1.000000e+02
1.059315e-02   1.489498e-35   1.000000e+02
1.069126e-02   1.616932e-35   1.000000e+02
1.079029e-02   1.758432e-35   1.000000e+02
1.089023e-02   1.913492e-35   1.000000e+02
1.099110e-02   2.081042e-35   1.000000e+02
1.109290e-02   2.259742e-35   1.000000e+02
1.119564e-02   2.450076e-35   1.000000e+02
1.129934e-02   2.653422e-35   1.000000e+02
1.140400e-02   2.871464e-35   1.000000e+02
1.150962e-02   3.106234e-35   1.000000e+02
1.161623e-02   3.360181e-35   1.000000e+02
1.172382e-02   3.636241e-35   1.000000e+02
1.183241e-02   3.937930e-35   1.000000e+02
1.194200e-02   4.269456e-35   1.000000e+02
1.205261e-02   4.635818e-35   1.000000e+02
1.216424e-02   5.041898e-35   1.000000e+02
1.227691e-02   5.492095e-35   1.000000e+02
1.239062e-02   5.991227e-35   1.000000e+02
1.250539e-02   6.544624e-35   1.000000e+02
1.262121e-02   7.158173e-35   1.000000e+02
1.273811e-02   7.838370e-35   1.000000e+02
1.285610e-02   8.592365e-35   1.000000e+02
1.297517e-02   9.428023e-35   1.000000e+02
1.309535e-02   1.035409e-34   1.000000e+02
1.321664e-02   1.138123e-34   1.000000e+02
1.333906e-02   1.252197e-34   1.000000e+02
1.346261e-02   1.379059e-34   1.000000e+02
1.358730e-02   1.520337e-34   1.000000e+02
1.371315e-02   1.677895e-34   1.000000e+02
1.384016e-02   1.853863e-34   1.000000e+02
1.396835e-02   2.050684e-34   1.000000e+02
1.409773e-02   2.271161e-34   1.000000e+02
1.422830e-02   2.518450e-34   1.000000e+02
1.436009e-02   2.796138e-34   1.000000e+02
1.449310e-02   3.108328e-34   1.000000e+02
1.462733e-02   3.459726e-34   1.000000e+02
1.476281e-02   3.855726e-34   1.000000e+02
1.489955e-02   4.302527e-34   1.000000e+02
1.503755e-02   4.807259e-34   1.000000e+02
1.517683e-02   5.378141e-34   1.000000e+02
1.531740e-02   6.024687e-34   1.000000e+02
1.545928e-02   6.757892e-34   1.000000e+02
1.560246e-02   7.590485e-34   1.000000e+02
1.574698e-02   8.537213e-34   1.000000e+02
1.589283e-02   9.615195e-34   1.000000e+02
1.604003e-02   1.084432e-33   1.000000e+02
1.618860e-02   1.224778e-33   1.000000e+02
1.633854e-02   1.385270e-33   1.000000e+02
1.648987e-02   1.569082e-33   1.000000e+02
1.664260e-02   1.779927e-33   1.000000e+02
1.679675e-02   2.022162e-33   1.000000e+02
1.695232e-02   2.300904e-33   1.000000e+02
1.710934e-02   2.622174e-33   1.000000e+02
1.726781e-02   2.993070e-33   1.000000e+02
1.742775e-02   3.421968e-33   1.000000e+02
1.758917e-02   3.918778e-33   1.000000e+02
1.775208e-02   4.495236e-33   1.000000e+02
1.791650e-02   5.165273e-33   1.000000e+02
1.808245e-02   5.945444e-33   1.000000e+02
1.824993e-02   6.855375e-33   1.000000e+02
1.841897e-02   7.918329e-33   1.000000e+02
1.858957e-02   9.162010e-33   1.000000e+02
1.876175e-02   1.061945e-32   1.000000e+02
1.893552e-02   1.233012e-32   1.000000e+02
1.911091e-02   1.434118e-32   1.000000e+02
1.928792e-02   1.670918e-32   1.000000e+02
1.946656e-02   1.950190e-32   1.000000e+02
1.964687e-02   2.280078e-32   1.000000e+02
1.982884e-02   2.670379e-32   1.000000e+02
2.001250e-02   3.132895e-32   1.000000e+02
2.019786e-02   3.681917e-32   1.000000e+02
2.038493e-02   4.334936e-32   1.000000e+02
2.057374e-02   5.113305e-32   1.000000e+02
2.076430e-02   6.043110e-32   1.000000e+02
2.095662e-02   7.156300e-32   1.000000e+02
2.115073e-02   8.492106e-32   1.000000e+02
2.134663e-02   1.009882e-31   1.000000e+02
2.154435e-02   1.203605e-31   1.000000e+02
2.174389e-02   1.437754e-31   1.000000e+02
2.194529e-02   1.721481e-31   1.000000e+02
2.214855e-02   2.066172e-31   1.000000e+02
2.235370e-02   2.486033e-31   1.000000e+02
2.256074e-02   2.998837e-31   1.000000e+02
2.276970e-02   3.626887e-31   1.000000e+02
2.298060e-02   4.398250e-31   1.000000e+02
2.319345e-02   5.348354e-31   1.000000e+02
2.340827e-02   6.522050e-31   1.000000e+02
2.362508e-02   7.976299e-31   1.000000e+02
2.384390e-02   9.783667e-31   1.000000e+02
2.406475e-02   1.203689e-30   1.000000e+02
2.428764e-02   1.485487e-30   1.000000e+02
2.451260e-02   1.839057e-30   1.000000e+02
2.473964e-02   2.284138e-30   1.000000e+02
2.496878e-02   2.846297e-30   1.000000e+02
2.520005e-02   3.558686e-30   1.000000e+02
2.543346e-02   4.463957e-30   1.000000e+02
2.566903e-02   5.617218e-30   1.000000e+02
2.590678e-02   7.089953e-30   1.000000e+02
2.614673e-02   8.975039e-30   1.000000e+02
2.638891e-02   1.139332e-29   1.000000e+02
2.663333e-02   1.450223e-29   1.000000e+02
2.688001e-02   1.850719e-29   1.000000e+02
2.712898e-02   2.367646e-29   1.000000e+02
2.738025e-02   3.036086e-29   1.000000e+02
2.763385e-02   3.901952e-29   1.000000e+02
2.788980e-02   5.025401e-29   1.000000e+02
2.814812e-02   6.485302e-29   1.000000e+02
2.840884e-02   8.385143e-29   1.000000e+02
2.867196e-02   1.086079e-28   1.000000e+02
2.893753e-02   1.409072e-28   1.000000e+02
2.920556e-02   1.830946e-28   1.000000e+02
2.947606e-02   2.382532e-28   1.000000e+02
2.974908e-02   3.104363e-28   1.000000e+02
3.002462e-02   4.049738e-28   1.000000e+02
3.030271e-02   5.289324e-28   1.000000e+02
3.058338e-02   6.918914e-28   1.000000e+02
3.086665e-02   9.068051e-28   1.000000e+02
3.115254e-02   1.191248e-27   1.000000e+02
3.144108e-02   1.569193e-27   1.000000e+02
3.173230e-02   2.073532e-27   1.000000e+02
3.202621e-02   2.749659e-27   1.000000e+02
3.232284e-02   3.660620e-27   1.000000e+02
3.262222e-02   4.894541e-27   1.000000e+02
3.292437e-02   6.575440e-27   1.000000e+02
3.322933e-02   8.879059e-27   1.000000e+02
3.353710e-02   1.205625e-26   1.000000e+02
3.384773e-02   1.646777e-26   1.000000e+02
3.416123e-02   2.263644e-26   1.000000e+02
3.447764e-02   3.132611e-26   1.000000e+02
3.479698e-02   4.366198e-26   1.000000e+02
3.511928e-02   6.131588e-26   1.000000e+02
3.544456e-02   8.679385e-26   1.000000e+02
3.577285e-02   1.238869e-25   1.000000e+02
3.610419e-02   1.783840e-25   1.000000e+02
3.643859e-02   2.592117e-25   1.000000e+02
3.677609e-02   3.802727e-25   1.000000e+02
3.711672e-02   5.634452e-25   1.000000e+02
3.746050e-02   8.435249e-25   1.000000e+02
3.780747e-02   1.276461e-24   1.000000e+02
3.815765e-02   1.953237e-24   1.000000e+02
3.851107e-02   3.023525e-24   1.000000e+02
3.886777e-02   4.736500e-24   1.000000e+02
3.922777e-02   7.512085e-24   1.000000e+02
3.959110e-02   1.206692e-23   1.000000e+02
3.995780e-02   1.963990e-23   1.000000e+02
4.032790e-02   3.239398e-23   1.000000e+02
4.070142e-02   5.408667e-23   1.000000e+02
4.107841e-02   9.127258e-23   1.000000e+02
4.145888e-02   1.554309e-22   1.000000e+02
4.184289e-02   2.666887e-22   1.000000e+02
4.223044e-02   4.603252e-22   1.000000e+02
4.262159e-02   7.980698e-22   1.000000e+02
4.301636e-02   1.387573e-21   1.000000e+02
4.341478e-02   2.415644e-21   1.000000e+02
4.381690e-02   4.204310e-21   1.000000e+02
4.422274e-02   7.304063e-21   1.000000e+02
4.463234e-02   1.264634e-20   1.000000e+02
4.504573e-02   2.178810e-20   1.000000e+02
4.546295e-02   3.729499e-20   1.000000e+02
4.588404e-02   6.332589e-20   1.000000e+02
4.630903e-02   1.064964e-19   1.000000e+02
4.673795e-02   1.771063e-19   1.000000e+02
4.717085e-02   2.908050e-19   1.000000e+02
4.760775e-02   4.707187e-19   1.000000e+02
4.804870e-02   7.499555e-19   1.000000e+02
4.849374e-02   1.174214e-18   1.000000e+02
4.894290e-02   1.803928e-18   1.000000e+02
4.939622e-02   2.715032e-18   1.000000e+02
4.985373e-02   3.997027e-18   1.000000e+02
5.031549e-02   5.747776e-18   1.000000e+02
5.078152e-02   8.076801e-18   1.000000e+02
5.125187e-02   1.110749e-17   1.000000e+02
5.172657e-02   1.497258e-17   1.000000e+02
5.220568e-02   1.981295e-17   1.000000e+02
5.268921e-02   2.577748e-17   1.000000e+02
5.317723e-02   3.302464e-17   1.000000e+02
5.366977e-02   4.172626e-17   1.000000e+02
5.416687e-02   5.207411e-17   1.000000e+02
5.466857e-02   6.428988e-17   1.000000e+02
5.517492e-02   7.863919e-17   1.000000e+02
5.568596e-02   9.545057e-17   1.000000e+02
5.620174e-02   1.151406e-16   1.000000e+02
5.672229e-02   1.382471e-16   1.000000e+02
5.724766e-02   1.654736e-16   1.000000e+02
5.777790e-02   1.977487e-16   1.000000e+02
5.831305e-02   2.363081e-16   1.000000e+02
5.885316e-02   2.828072e-16   1.000000e+02
5.939827e-02   3.394821e-16   1.000000e+02
5.994843e-02   4.093786e-16   1.000000e+02
6.050368e-02   4.965517e-16   1.000000e+02
6.106408e-02   6.057019e-16   1.000000e+02
6.162966e-02   7.425509e-16   1.000000e+02
6.220049e-02   9.142897e-16   1.000000e+02
6.277660e-02   1.129924e-15   1.000000e+02
6.335805e-02   1.400684e-15   1.000000e+02
6.394488e-02   1.740500e-15   1.000000e+02
6.453715e-02   2.166547e-15   1.000000e+02
6.513491e-02   2.699855e-15   1.000000e+02
6.573820e-02   3.365954e-15   1.000000e+02
6.634708e-02   4.195551e-15   1.000000e+02
6.696160e-02   5.225170e-15   1.000000e+02
6.758181e-02   6.497704e-15   1.000000e+02
6.820777e-02   8.062786e-15   1.000000e+02
6.883952e-02   9.976852e-15   1.000000e+02
6.947713e-02   1.230276e-14   1.000000e+02
7.012064e-02   1.510881e-14   1.000000e+02
7.077011e-02   1.847129e-14   1.000000e+02
7.142559e-02   2.248335e-14   1.000000e+02
7.208715e-02   2.725293e-14   1.000000e+02
7.275484e-02   3.290374e-14   1.000000e+02
7.342870e-02   3.957749e-14   1.000000e+02
7.410882e-02   4.743662e-14   1.000000e+02
7.479523e-02   5.666738e-14   1.000000e+02
7.548799e-02   6.748352e-14   1.000000e+02
7.618718e-02   8.013070e-14   1.000000e+02
7.689284e-02   9.489168e-14   1.000000e+02
7.760503e-02   1.120925e-13   1.000000e+02
7.832383e-02   1.321101e-13   1.000000e+02
7.904928e-02   1.553808e-13   1.000000e+02
7.978145e-02   1.824115e-13   1.000000e+02
8.052040e-02   2.137788e-13   1.000000e+02
8.126619e-02   2.499892e-13   1.000000e+02
8.201889e-02   2.914376e-13   1.000000e+02
8.277857e-02   3.384231e-13   1.000000e+02
8.354528e-02   3.910985e-13   1.000000e+02
8.431909e-02   4.494133e-13   1.000000e+02
8.510007e-02   5.130520e-13   1.000000e+02
8.588829e-02   5.813722e-13   1.000000e+02
8.668380e-02   6.533509e-13   1.000000e+02
8.748668e-02   7.275454e-13   1.000000e+02
8.829700e-02   8.020786e-13   1.000000e+02
8.911482e-02   8.746591e-13   1.000000e+02
8.994022e-02   9.426441e-13   1.000000e+02
9.077327e-02   1.003630e-12   1.000000e+02
9.161402e-02   1.057747e-12   1.000000e+02
9.246257e-02   1.106516e-12   1.000000e+02
9.331898e-02   1.152092e-12   1.000000e+02
9.418332e-02   1.197169e-12   1.000000e+02
9.505566e-02   1.244942e-12   1.000000e+02
9.593608e-02   1.299131e-12   1.000000e+02
9.682466e-02   1.364123e-12   1.000000e+02
9.772147e-02   1.445227e-12   1.000000e+02
9.862658e-02   1.549126e-12   1.000000e+02
9.954008e-02   1.684577e-12   1.000000e+02
1.004620e-01   1.863325e-12   1.000000e+02
1.013925e-01   2.096846e-12   1.000000e+02
1.023317e-01   2.395290e-12   1.000000e+02
1.032795e-01   2.771093e-12   1.000000e+02
1.042361e-01   3.239164e-12   1.000000e+02
1.052015e-01   3.816729e-12   1.000000e+02
1.061759e-01   4.522868e-12   1.000000e+02
1.071593e-01   5.377597e-12   1.000000e+02
1.081519e-01   6.400324e-12   1.000000e+02
1.091536e-01   7.607513e-12   1.000000e+02
1.101646e-01   9.009466e-12   1.000000e+02
1.111850e-01   1.061437e-11   1.000000e+02
1.122148e-01   1.244467e-11   1.000000e+02
1.132541e-01   1.452939e-11   1.000000e+02
1.143031e-01   1.690316e-11   1.000000e+02
1.153618e-01   1.960771e-11   1.000000e+02
1.164303e-01   2.269371e-11   1.000000e+02
1.175087e-01   2.622318e-11   1.000000e+02
1.185971e-01   3.027247e-11   1.000000e+02
1.196956e-01   3.493611e-11   1.000000e+02
1.208042e-01   4.032957e-11   1.000000e+02
1.219231e-01   4.657246e-11   1.000000e+02
1.230524e-01   5.379014e-11   1.000000e+02
1.241921e-01   6.212319e-11   1.000000e+02
1.253424e-01   7.172858e-11   1.000000e+02
1.265034e-01   8.278048e-11   1.000000e+02
1.276751e-01   9.547083e-11   1.000000e+02
1.288576e-01   1.100095e-10   1.000000e+02
1.300511e-01   1.266242e-10   1.000000e+02
1.312557e-01   1.455578e-10   1.000000e+02
1.324714e-01   1.670628e-10   1.000000e+02
1.336984e-01   1.913988e-10   1.000000e+02
1.349367e-01   2.188282e-10   1.000000e+02
1.361865e-01   2.496100e-10   1.000000e+02
1.374479e-01   2.839913e-10   1.000000e+02
1.387210e-01   3.221973e-10   1.000000e+02
1.400058e-01   3.644203e-10   1.000000e+02
1.413026e-01   4.108896e-10   1.000000e+02
1.426114e-01   4.621870e-10   1.000000e+02
1.439323e-01   5.191518e-10   1.000000e+02
1.452654e-01   5.828665e-10   1.000000e+02
1.466109e-01   6.547207e-10   1.000000e+02
1.479688e-01   7.364944e-10   1.000000e+02
1.493393e-01   8.304687e-10   1.000000e+02
1.507225e-01   9.395394e-10   1.000000e+02
1.521186e-01   1.066579e-09   1.000000e+02
1.535275e-01   1.214159e-09   1.000000e+02
1.549495e-01   1.385057e-09   1.000000e+02
1.563847e-01   1.582248e-09   1.000000e+02
1.578331e-01   1.808846e-09   1.000000e+02
1.592950e-01   2.068017e-09   1.000000e+02
1.607704e-01   2.362893e-09   1.000000e+02
1.622595e-01   2.697307e-09   1.000000e+02
1.637624e-01   3.076168e-09   1.000000e+02
1.652792e-01   3.504982e-09   1.000000e+02
1.668101e-01   3.989886e-09   1.000000e+02
1.683551e-01   4.537709e-09   1.000000e+02
1.699144e-01   5.156048e-09   1.000000e+02
1.714882e-01   5.853344e-09   1.000000e+02
1.730766e-01   6.638971e-09   1.000000e+02
1.746796e-01   7.523323e-09   1.000000e+02
1.762975e-01   8.517919e-09   1.000000e+02
1.779304e-01   9.635514e-09   1.000000e+02
1.795785e-01   1.089022e-08   1.000000e+02
1.812418e-01   1.229768e-08   1.000000e+02
1.829205e-01   1.387574e-08   1.000000e+02
1.846147e-01   1.564466e-08   1.000000e+02
1.863246e-01   1.762722e-08   1.000000e+02
1.880504e-01   1.984905e-08   1.000000e+02
1.897922e-01   2.233903e-08   1.000000e+02
1.915501e-01   2.512975e-08   1.000000e+02
1.933242e-01   2.825804e-08   1.000000e+02
1.951148e-01   3.176556e-08   1.000000e+02
1.969220e-01   3.569949e-08   1.000000e+02
1.987460e-01   4.011337e-08   1.000000e+02
2.005868e-01   4.506801e-08   1.000000e+02
2.024447e-01   5.063099e-08   1.000000e+02
2.043197e-01   5.687586e-08   1.000000e+02
2.062122e-01   6.388454e-08   1.000000e+02
2.081222e-01   7.174846e-08   1.000000e+02
2.100498e-01   8.056956e-08   1.000000e+02
2.119953e-01   9.046150e-08   1.000000e+02
2.139589e-01   1.015509e-07   1.000000e+02
2.159406e-01   1.139786e-07   1.000000e+02
2.179407e-01   1.279015e-07   1.000000e+02
2.199593e-01   1.434938e-07   1.000000e+02
2.219966e-01   1.609491e-07   1.000000e+02
2.240528e-01   1.804822e-07   1.000000e+02
2.261280e-01   2.023317e-07   1.000000e+02
2.282224e-01   2.267615e-07   1.000000e+02
2.303363e-01   2.540643e-07   1.000000e+02
2.324697e-01   2.845636e-07   1.000000e+02
2.346229e-01   3.186173e-07   1.000000e+02
2.367960e-01   3.566204e-07   1.000000e+02
2.389893e-01   3.990091e-07   1.000000e+02
2.412028e-01   4.462638e-07   1.000000e+02
2.434369e-01   4.989139e-07   1.000000e+02
2.456916e-01   5.575417e-07   1.000000e+02
2.479673e-01   6.227870e-07   1.000000e+02
2.502640e-01   6.953524e-07   1.000000e+02
2.525820e-01   7.760130e-07   1.000000e+02
2.549215e-01   8.656342e-07   1.000000e+02
2.572826e-01   9.651739e-07   1.000000e+02
2.596656e-01   1.075689e-06   1.000000e+02
2.620707e-01   1.198345e-06   1.000000e+02
2.644980e-01   1.334429e-06   1.000000e+02
2.669478e-01   1.485361e-06   1.000000e+02
2.694204e-01   1.652704e-06   1.000000e+02
2.719158e-01   1.838186e-06   1.000000e+02
2.744343e-01   2.043709e-06   1.000000e+02
2.769762e-01   2.271372e-06   1.000000e+02
2.795416e-01   2.523489e-06   1.000000e+02
2.821308e-01   2.802609e-06   1.000000e+02
2.847439e-01   3.111544e-06   1.000000e+02
2.873813e-01   3.453392e-06   1.000000e+02
2.900430e-01   3.831568e-06   1.000000e+02
2.927295e-01   4.249837e-06   1.000000e+02
2.954408e-01   4.712346e-06   1.000000e+02
2.981772e-01   5.223668e-06   1.000000e+02
3.009390e-01   5.788841e-06   1.000000e+02
3.037264e-01   6.413372e-06   1.000000e+02
3.065395e-01   7.103238e-06   1.000000e+02
3.093788e-01   7.864980e-06   1.000000e+02
3.122443e-01   8.705747e-06   1.000000e+02
3.151363e-01   9.633360e-06   1.000000e+02
3.180552e-01   1.065636e-05   1.000000e+02
3.210011e-01   1.178407e-05   1.000000e+02
3.239743e-01   1.302666e-05   1.000000e+02
3.269750e-01   1.439522e-05   1.000000e+02
3.300035e-01   1.590182e-05   1.000000e+02
3.330600e-01   1.755962e-05   1.000000e+02
3.361449e-01   1.938290e-05   1.000000e+02
3.392583e-01   2.138720e-05   1.000000e+02
3.424006e-01   2.358939e-05   1.000000e+02
3.455720e-01   2.600776e-05   1.000000e+02
3.487727e-01   2.866217e-05   1.000000e+02
3.520031e-01   3.157411e-05   1.000000e+02
3.552635e-01   3.476742e-05   1.000000e+02
3.585540e-01   3.826844e-05   1.000000e+02
3.618750e-01   4.210601e-05   1.000000e+02
3.652267e-01   4.631164e-05   1.000000e+02
3.686095e-01   5.091985e-05   1.000000e+02
3.720237e-01   5.596839e-05   1.000000e+02
3.754694e-01   6.149859e-05   1.000000e+02
3.789471e-01   6.755573e-05   1.000000e+02
3.824570e-01   7.418937e-05   1.000000e+02
3.859994e-01   8.145387e-05   1.000000e+02
3.895746e-01   8.940878e-05   1.000000e+02
3.931829e-01   9.811941e-05   1.000000e+02
3.968246e-01   1.076574e-04   1.000000e+02
4.005001e-01   1.181015e-04   1.000000e+02
4.042096e-01   1.295364e-04   1.000000e+02
4.079535e-01   1.420510e-04   1.000000e+02
4.117320e-01   1.557402e-04   1.000000e+02
4.155455e-01   1.707062e-04   1.000000e+02
4.193944e-01   1.870589e-04   1.000000e+02
4.232789e-01   2.049161e-04   1.000000e+02
4.271994e-01   2.244041e-04   1.000000e+02
4.311562e-01   2.456579e-04   1.000000e+02
4.351497e-01   2.688216e-04   1.000000e+02
4.391801e-01   2.940486e-04   1.000000e+02
4.432479e-01   3.215022e-04   1.000000e+02
4.473533e-01   3.513558e-04   1.000000e+02
4.514968e-01   3.837927e-04   1.000000e+02
4.556786e-01   4.190159e-04   1.000000e+02
4.598992e-01   4.572556e-04   1.000000e+02
4.641589e-01   4.987628e-04   1.000000e+02
4.684580e-01   5.438101e-04   1.000000e+02
4.727970e-01   5.926936e-04   1.000000e+02
4.771761e-01   6.457357e-04   1.000000e+02
4.815958e-01   7.032870e-04   1.000000e+02
4.860564e-01   7.657293e-04   1.000000e+02
4.905584e-01   8.334787e-04   1.000000e+02
4.951020e-01   9.069891e-04   1.000000e+02
4.996877e-01   9.867556e-04   1.000000e+02
5.043159e-01   1.073314e-03   1.000000e+02
5.089870e-01   1.167224e-03   1.000000e+02
5.137014e-01   1.269080e-03   1.000000e+02
5.184594e-01   1.379522e-03   1.000000e+02
5.232614e-01   1.499239e-03   1.000000e+02
5.281080e-01   1.628968e-03   1.000000e+02
5.329994e-01   1.769504e-03   1.000000e+02
5.379362e-01   1.921698e-03   1.000000e+02
5.429186e-01   2.086463e-03   1.000000e+02
5.479472e-01   2.264778e-03   1.000000e+02
5.530224e-01   2.457693e-03   1.000000e+02
5.581446e-01   2.666330e-03   1.000000e+02
5.633143e-01   2.891891e-03   1.000000e+02
5.685318e-01   3.135660e-03   1.000000e+02
5.737976e-01   3.399012e-03   1.000000e+02
5.791123e-01   3.683412e-03   1.000000e+02
5.844761e-01   3.990428e-03   1.000000e+02
5.898896e-01   4.321728e-03   1.000000e+02
5.953533e-01   4.679093e-03   1.000000e+02
6.008676e-01   5.064418e-03   1.000000e+02
6.064329e-01   5.479736e-03   1.000000e+02
6.120498e-01   5.927239e-03   1.000000e+02
6.177188e-01   6.409281e-03   1.000000e+02
6.234402e-01   6.928373e-03   1.000000e+02
6.292146e-01   7.487201e-03   1.000000e+02
6.350425e-01   8.088633e-03   1.000000e+02
6.409244e-01   8.735732e-03   1.000000e+02
6.468608e-01   9.431769e-03   1.000000e+02
6.528521e-01   1.018023e-02   1.000000e+02
6.588990e-01   1.098486e-02   1.000000e+02
6.650018e-01   1.184961e-02   1.000000e+02
6.711612e-01   1.277874e-02   1.000000e+02
6.773776e-01   1.377677e-02   1.000000e+02
6.836516e-01   1.484852e-02   1.000000e+02
6.899837e-01   1.599914e-02   1.000000e+02
6.963745e-01   1.723410e-02   1.000000e+02
7.028244e-01   1.855927e-02   1.000000e+02
7.093341e-01   1.998082e-02   1.000000e+02
7.159041e-01   2.150533e-02   1.000000e+02
7.225349e-01   2.313976e-02   1.000000e+02
7.292272e-01   2.489152e-02   1.000000e+02
7.359814e-01   2.676846e-02   1.000000e+02
7.427982e-01   2.877893e-02   1.000000e+02
7.496782e-01   3.093178e-02   1.000000e+02
7.566219e-01   3.323641e-02   1.000000e+02
7.636298e-01   3.570277e-02   1.000000e+02
7.707027e-01   3.834140e-02   1.000000e+02
7.778411e-01   4.116348e-02   1.000000e+02
7.850456e-01   4.418086e-02   1.000000e+02
7.923169e-01   4.740606e-02   1.000000e+02
7.996555e-01   5.085234e-02   1.000000e+02
8.070620e-01   5.453374e-02   1.000000e+02
8.145372e-01   5.846514e-02   1.000000e+02
8.220816e-01   6.266229e-02   1.000000e+02
8.296959e-01   6.714188e-02   1.000000e+02
8.373807e-01   7.192151e-02   1.000000e+02
8.451366e-01   7.701981e-02   1.000000e+02
8.529644e-01   8.245646e-02   1.000000e+02
8.608648e-01   8.825225e-02   1.000000e+02
8.688383e-01   9.442911e-02   1.000000e+02
8.768856e-01   1.010102e-01   1.000000e+02
8.850075e-01   1.080200e-01   1.000000e+02
8.932046e-01   1.154843e-01   1.000000e+02
9.014776e-01   1.234303e-01   1.000000e+02
9.098273e-01   1.318866e-01   1.000000e+02
9.182543e-01   1.408833e-01   1.000000e+02
9.267593e-01   1.504519e-01   1.000000e+02
9.353432e-01   1.606256e-01   1.000000e+02
9.440065e-01   1.714395e-01   1.000000e+02
9.527500e-01   1.829300e-01   1.000000e+02
9.615746e-01   1.951359e-01   1.000000e+02
9.704809e-01   2.080976e-01   1.000000e+02
9.794697e-01   2.218574e-01   1.000000e+02
9.885417e-01   2.364601e-01   1.000000e+02
9.976978e-01   2.519523e-01   1.000000e+02
1.006939e+00   2.683829e-01   1.000000e+02
1.016265e+00   2.858036e-01   1.000000e+02
1.025678e+00   3.042686e-01   1.000000e+02
1.035178e+00   3.238347e-01   1.000000e+02
1.044766e+00   3.445616e-01   1.000000e+02
1.054443e+00   3.665116e-01   1.000000e+02
1.064209e+00   3.897502e-01   1.000000e+02
1.074066e+00   4.143459e-01   1.000000e+02
1.084014e+00   4.403703e-01   1.000000e+02
1.094055e+00   4.678986e-01   1.000000e+02
1.104188e+00   4.970090e-01   1.000000e+02
1.114415e+00   5.277838e-01   1.000000e+02
1.124737e+00   5.603087e-01   1.000000e+02
1.135155e+00   5.946734e-01   1.000000e+02
1.145669e+00   6.309715e-01   1.000000e+02
1.156280e+00   6.693009e-01   1.000000e+02
1.166990e+00   7.097637e-01   1.000000e+02
1.177799e+00   7.524665e-01   1.000000e+02
1.188708e+00   7.975204e-01   1.000000e+02
1.199718e+00   8.450415e-01   1.000000e+02
1.210830e+00   8.951508e-01   1.000000e+02
1.222045e+00   9.479742e-01   1.000000e+02
1.233363e+00   1.003643e+00   1.000000e+02
1.244787e+00   1.062294e+00   1.000000e+02
1.256317e+00   1.124071e+00   1.000000e+02
1.267953e+00   1.189123e+00   1.000000e+02
1.279697e+00   1.257613e+00   1.000000e+02
1.291550e+00   1.329708e+00   1.000000e+02
1.303512e+00   1.405587e+00   1.000000e+02
1.315586e+00   1.485432e+00   1.000000e+02
1.327771e+00   1.569439e+00   1.000000e+02
1.340069e+00   1.657812e+00   1.000000e+02
1.352481e+00   1.750762e+00   1.000000e+02
1.365008e+00   1.848513e+00   1.000000e+02
1.377651e+00   1.951301e+00   1.000000e+02
1.390411e+00   2.059369e+00   1.000000e+02
1.403289e+00   2.172977e+00   1.000000e+02
1.416287e+00   2.292395e+00   1.000000e+02
1.429405e+00   2.417905e+00   1.000000e+02
1.442644e+00   2.549805e+00   1.000000e+02
1.456006e+00   2.688409e+00   1.000000e+02
1.469492e+00   2.834043e+00   1.000000e+02
1.483103e+00   2.987051e+00   1.000000e+02
1.496839e+00   3.147796e+00   1.000000e+02
1.510703e+00   3.316651e+00   1.000000e+02
1.524696e+00   3.493957e+00   1.000000e+02
1.538818e+00   3.680040e+00   1.000000e+02
1.553071e+00   3.875227e+00   1.000000e+02
1.567455e+00   4.079844e+00   1.000000e+02
1.581973e+00   4.294221e+00   1.000000e+02
1.596626e+00   4.518685e+00   1.000000e+02
1.611414e+00   4.753559e+00   1.000000e+02
1.626340e+00   4.999164e+00   1.000000e+02
1.641403e+00   5.255813e+00   1.000000e+02
1.656606e+00   5.523811e+00   1.000000e+02
1.671950e+00   5.803456e+00   1.000000e+02
1.687436e+00   6.095029e+00   1.000000e+02
1.703065e+00   6.398802e+00   1.000000e+02
1.718839e+00   6.715025e+00   1.000000e+02
1.734759e+00   7.043932e+00   1.000000e+02
1.750827e+00   7.385733e+00   1.000000e+02
1.767044e+00   7.740675e+00   1.000000e+02
1.783410e+00   8.109206e+00   1.000000e+02
1.799929e+00   8.491846e+00   1.000000e+02
1.816600e+00   8.889146e+00   1.000000e+02
1.833425e+00   9.301697e+00   1.000000e+02
1.850407e+00   9.730127e+00   1.000000e+02
1.867546e+00   1.017511e+01   1.000000e+02
1.884843e+00   1.063735e+01   1.000000e+02
1.902301e+00   1.111763e+01   1.000000e+02
1.919921e+00   1.161676e+01   1.000000e+02
1.937703e+00   1.213562e+01   1.000000e+02
1.955651e+00   1.267514e+01   1.000000e+02
1.973764e+00   1.323633e+01   1.000000e+02
1.992046e+00   1.382027e+01   1.000000e+02
2.010496e+00   1.442810e+01   1.000000e+02
2.029118e+00   1.506081e+01   1.000000e+02
2.047912e+00   1.571927e+01   1.000000e+02
2.066880e+00   1.640435e+01   1.000000e+02
2.086024e+00   1.711692e+01   1.000000e+02
2.105345e+00   1.785790e+01   1.000000e+02
2.124845e+00   1.862819e+01   1.000000e+02
2.144526e+00   1.942873e+01   1.000000e+02
2.164389e+00   2.026045e+01   1.000000e+02
2.184436e+00   2.112432e+01   1.000000e+02
2.204669e+00   2.202130e+01   1.000000e+02
2.225089e+00   2.295236e+01   1.000000e+02
2.245698e+00   2.391849e+01   1.000000e+02
2.266498e+00   2.492069e+01   1.000000e+02
2.287491e+00   2.595995e+01   1.000000e+02
2.308678e+00   2.703726e+01   1.000000e+02
2.330061e+00   2.815364e+01   1.000000e+02
2.351643e+00   2.931009e+01   1.000000e+02
2.373424e+00   3.050760e+01   1.000000e+02
2.395407e+00   3.174718e+01   1.000000e+02
2.417594e+00   3.302981e+01   1.000000e+02
2.439986e+00   3.435647e+01   1.000000e+02
2.462586e+00   3.572814e+01   1.000000e+02
2.485395e+00   3.714576e+01   1.000000e+02
2.508415e+00   3.861028e+01   1.000000e+02
2.531648e+00   4.012275e+01   1.000000e+02
2.555097e+00   4.168441e+01   1.000000e+02
2.578763e+00   4.329657e+01   1.000000e+02
2.602648e+00   4.496055e+01   1.000000e+02
2.626754e+00   4.667769e+01   1.000000e+02
2.651084e+00   4.844939e+01   1.000000e+02
2.675638e+00   5.027706e+01   1.000000e+02
2.700421e+00   5.216216e+01   1.000000e+02
2.725433e+00   5.410617e+01   1.000000e+02
2.750676e+00   5.611061e+01   1.000000e+02
2.776153e+00   5.817705e+01   1.000000e+02
2.801867e+00   6.030709e+01   1.000000e+02
2.827818e+00   6.250237e+01   1.000000e+02
2.854010e+00   6.476455e+01   1.000000e+02
2.880444e+00   6.709538e+01   1.000000e+02
2.907123e+00   6.949662e+01   1.000000e+02
2.934050e+00   7.197007e+01   1.000000e+02
2.961225e+00   7.451761e+01   1.000000e+02
2.988653e+00   7.714115e+01   1.000000e+02
3.016334e+00   7.984263e+01   1.000000e+02
3.044272e+00   8.262394e+01   1.000000e+02
3.072469e+00   8.548687e+01   1.000000e+02
3.100927e+00   8.843323e+01   1.000000e+02
3.129648e+00   9.146488e+01   1.000000e+02
3.158635e+00   9.458367e+01   1.000000e+02
3.187891e+00   9.779146e+01   1.000000e+02
3.217418e+00   1.010902e+02   1.000000e+02
3.247218e+00   1.044817e+02   1.000000e+02
3.277295e+00   1.079680e+02   1.000000e+02
3.307650e+00   1.115510e+02   1.000000e+02
3.338286e+00   1.152327e+02   1.000000e+02
3.369206e+00   1.190150e+02   1.000000e+02
3.400412e+00   1.229000e+02   1.000000e+02
3.431907e+00   1.268896e+02   1.000000e+02
3.463694e+00   1.309859e+02   1.000000e+02
3.495776e+00   1.351910e+02   1.000000e+02
3.528154e+00   1.395069e+02   1.000000e+02
3.560833e+00   1.439357e+02   1.000000e+02
3.593814e+00   1.484798e+02   1.000000e+02
3.627100e+00   1.531413e+02   1.000000e+02
3.660695e+00   1.579227e+02   1.000000e+02
3.694601e+00   1.628261e+02   1.000000e+02
3.728821e+00   1.678541e+02   1.000000e+02
3.763358e+00   1.730090e+02   1.000000e+02
3.798215e+00   1.782931e+02   1.000000e+02
3.833395e+00   1.837091e+02   1.000000e+02
3.868901e+00   1.892593e+02   1.000000e+02
3.904735e+00   1.949463e+02   1.000000e+02
3.940902e+00   2.007727e+02   1.000000e+02
3.977403e+00   2.067410e+02   1.000000e+02
4.014242e+00   2.128539e+02   1.000000e+02
4.051423e+00   2.191140e+02   1.000000e+02
4.088948e+00   2.255239e+02   1.000000e+02
4.126821e+00   2.320861e+02   1.000000e+02
4.165044e+00   2.388033e+02   1.000000e+02
4.203622e+00   2.456780e+02   1.000000e+02
4.242556e+00   2.527129e+02   1.000000e+02
4.281852e+00   2.599108e+02   1.000000e+02
4.321511e+00   2.672742e+02   1.000000e+02
4.361538e+00   2.748059e+02   1.000000e+02
4.401935e+00   2.825085e+02   1.000000e+02
4.442707e+00   2.903849e+02   1.000000e+02
4.483856e+00   2.984379e+02   1.000000e+02
4.525386e+00   3.066701e+02   1.000000e+02
4.567301e+00   3.150844e+02   1.000000e+02
4.609604e+00   3.236836e+02   1.000000e+02
4.652300e+00   3.324705e+02   1.000000e+02
4.695390e+00   3.414480e+02   1.000000e+02
4.738880e+00   3.506189e+02   1.000000e+02
4.782772e+00   3.599862e+02   1.000000e+02
4.827071e+00   3.695527e+02   1.000000e+02
4.871780e+00   3.793214e+02   1.000000e+02
4.916904e+00   3.892952e+02   1.000000e+02
4.962445e+00   3.994770e+02   1.000000e+02
5.008408e+00   4.098699e+02   1.000000e+02
5.054797e+00   4.204767e+02   1.000000e+02
5.101615e+00   4.313004e+02   1.000000e+02
5.148867e+00   4.423438e+02   1.000000e+02
5.196557e+00   4.536100e+02   1.000000e+02
5.244689e+00   4.651018e+02   1.000000e+02
5.293266e+00   4.768222e+02   1.000000e+02
5.342293e+00   4.887741e+02   1.000000e+02
5.391775e+00   5.009603e+02   1.000000e+02
5.441714e+00   5.133839e+02   1.000000e+02
5.492116e+00   5.260478e+02   1.000000e+02
5.542986e+00   5.389549e+02   1.000000e+02
5.594326e+00   5.521081e+02   1.000000e+02
5.646141e+00   5.655104e+02   1.000000e+02
5.698437e+00   5.791647e+02   1.000000e+02
5.751217e+00   5.930739e+02   1.000000e+02
5.804486e+00   6.072410e+02   1.000000e+02
5.858248e+00   6.216688e+02   1.000000e+02
5.912508e+00   6.363604e+02   1.000000e+02
5.967271e+00   6.513185e+02   1.000000e+02
6.022541e+00   6.665462e+02   1.000000e+02
6.078323e+00   6.820462e+02   1.000000e+02
6.134622e+00   6.978213e+02   1.000000e+02
6.191442e+00   7.138741e+02   1.000000e+02
6.248788e+00   7.302074e+02   1.000000e+02
6.306666e+00   7.468238e+02   1.000000e+02
6.365079e+00   7.637258e+02   1.000000e+02
6.424034e+00   7.809162e+02   1.000000e+02
6.483534e+00   7.983974e+02   1.000000e+02
6.543586e+00   8.161719e+02   1.000000e+02
6.604194e+00   8.342424e+02   1.000000e+02
6.665363e+00   8.526112e+02   1.000000e+02
6.727099e+00   8.712807e+02   1.000000e+02
6.789407e+00   8.902534e+02   1.000000e+02
6.852292e+00   9.095316e+02   1.000000e+02
6.915759e+00   9.291176e+02   1.000000e+02
6.979814e+00   9.490137e+02   1.000000e+02
7.044462e+00   9.692221e+02   1.000000e+02
7.109709e+00   9.897450e+02   1.000000e+02
7.175561e+00   1.010585e+03   1.000000e+02
7.242022e+00   1.031743e+03   1.000000e+02
7.309099e+00   1.053222e+03   1.000000e+02
7.376798e+00   1.075024e+03   1.000000e+02
7.445123e+00   1.097150e+03   1.000000e+02
7.514081e+00   1.119603e+03   1.000000e+02
7.583678e+00   1.142385e+03   1.000000e+02
7.653919e+00   1.165496e+03   1.000000e+02
7.724811e+00   1.188940e+03   1.000000e+02
7.796360e+00   1.212717e+03   1.000000e+02
7.868572e+00   1.236830e+03   1.000000e+02
7.941452e+00   1.261279e+03   1.000000e+02
8.015007e+00   1.286066e+03   1.000000e+02
8.089243e+00   1.311193e+03   1.000000e+02
8.164168e+00   1.336661e+03   1.000000e+02
8.239786e+00   1.362471e+03   1.000000e+02
8.316104e+00   1.388624e+03   1.000000e+02
8.393129e+00   1.415120e+03   1.000000e+02
8.470868e+00   1.441962e+03   1.000000e+02
8.549327e+00   1.469150e+03   1.000000e+02
8.628513e+00   1.496684e+03   1.000000e+02
8.708431e+00   1.524565e+03   1.000000e+02
8.789091e+00   1.552793e+03   1.000000e+02
8.870497e+00   1.581370e+03   1.000000e+02
8.952657e+00   1.610296e+03   1.000000e+02
9.035578e+00   1.639570e+03   1.000000e+02
9.119268e+00   1.669193e+03   1.000000e+02
9.203732e+00   1.699166e+03   1.000000e+02
9.288979e+00   1.729488e+03   1.000000e+02
9.375015e+00   1.760158e+03   1.000000e+02
9.461848e+00   1.791178e+03   1.000000e+02
9.549486e+00   1.822546e+03   1.000000e+02
9.637935e+00   1.854263e+03   1.000000e+02
9.727203e+00   1.886327e+03   1.000000e+02
9.817298e+00   1.918738e+03   1.000000e+02
9.908228e+00   1.951496e+03   1.000000e+02
1.000000e+01   1.984600e+03   1.000000e+02
