# F18 + p > O15 + a   [F18_p__O15_a]   ref=Iliadis et al. 2010
# detailed balance: alpha=0.49815 beta=0 gamma=-33.446  Q=2.8822
# T9                 rate                error
1.000000e-03   1.000000e-35   1.000000e+00
1.009262e-03   1.002166e-35   1.000000e+00
1.018610e-03   1.004242e-35   1.000000e+00
1.028045e-03   1.006229e-35   1.000000e+00
1.037567e-03   1.008128e-35   1.000000e+00
1.047177e-03   1.009939e-35   1.000000e+00
1.056876e-03   1.011664e-35   1.000000e+00
1.066665e-03   1.013303e-35   1.000000e+00
1.076545e-03   1.014859e-35   1.000000e+00
1.086516e-03   1.016331e-35   1.000000e+00
1.096579e-03   1.017721e-35   1.000000e+00
1.106736e-03   1.019031e-35   1.000000e+00
1.116987e-03   1.020261e-35   1.000000e+00
1.127333e-03   1.021412e-35   1.000000e+00
1.137774e-03   1.022487e-35   1.000000e+00
1.148312e-03   1.023485e-35   1.000000e+00
1.158948e-03   1.024409e-35   1.000000e+00
1.169683e-03   1.025260e-35   1.000000e+00
1.180517e-03   1.026039e-35   1.000000e+00
1.191451e-03   1.026747e-35   1.000000e+00
1.202486e-03   1.027386e-35   1.000000e+00
1.213624e-03   1.027957e-35   1.000000e+00
1.224865e-03   1.028462e-35   1.000000e+00
1.236210e-03   1.028902e-35   1.000000e+00
1.247660e-03   1.029279e-35   1.000000e+00
1.259216e-03   1.029593e-35   1.000000e+00
1.270879e-03   1.029847e-35   1.000000e+00
1.282650e-03   1.030041e-35   1.000000e+00
1.294530e-03   1.030178e-35   1.000000e+00
1.306520e-03   1.030259e-35   1.000000e+00
1.318621e-03   1.030286e-35   1.000000e+00
1.330835e-03   1.030259e-35   1.000000e+00
1.343161e-03   1.030181e-35   1.000000e+00
1.355602e-03   1.030052e-35   1.000000e+00
1.368158e-03   1.029876e-35   1.000000e+00
1.380830e-03   1.029652e-35   1.000000e+00
1.393619e-03   1.029383e-35   1.000000e+00
1.406527e-03   1.029070e-35   1.000000e+00
1.419555e-03   1.028715e-35   1.000000e+00
1.432703e-03   1.028319e-35   1.000000e+00
1.445973e-03   1.027884e-35   1.000000e+00
1.459366e-03   1.027412e-35   1.000000e+00
1.472883e-03   1.026903e-35   1.000000e+00
1.486525e-03   1.026361e-35   1.000000e+00
1.500293e-03   1.025785e-35   1.000000e+00
1.514189e-03   1.025178e-35   1.000000e+00
1.528214e-03   1.024542e-35   1.000000e+00
1.542369e-03   1.023877e-35   1.000000e+00
1.556654e-03   1.023186e-35   1.000000e+00
1.571072e-03   1.022470e-35   1.000000e+00
1.585624e-03   1.021731e-35   1.000000e+00
1.600310e-03   1.020970e-35   1.000000e+00
1.615133e-03   1.020188e-35   1.000000e+00
1.630092e-03   1.019388e-35   1.000000e+00
1.645191e-03   1.018571e-35   1.000000e+00
1.660429e-03   1.017738e-35   1.000000e+00
1.675808e-03   1.016891e-35   1.000000e+00
1.691330e-03   1.016032e-35   1.000000e+00
1.706995e-03   1.015161e-35   1.000000e+00
1.722805e-03   1.014281e-35   1.000000e+00
1.738762e-03   1.013393e-35   1.000000e+00
1.754867e-03   1.012499e-35   1.000000e+00
1.771121e-03   1.011600e-35   1.000000e+00
1.787526e-03   1.010698e-35   1.000000e+00
1.804082e-03   1.009793e-35   1.000000e+00
1.820792e-03   1.008889e-35   1.000000e+00
1.837656e-03   1.007985e-35   1.000000e+00
1.854677e-03   1.007084e-35   1.000000e+00
1.871855e-03   1.006188e-35   1.000000e+00
1.889193e-03   1.005296e-35   1.000000e+00
1.906691e-03   1.004412e-35   1.000000e+00
1.924351e-03   1.003537e-35   1.000000e+00
1.942175e-03   1.002671e-35   1.000000e+00
1.960163e-03   1.001817e-35   1.000000e+00
1.978319e-03   1.000976e-35   1.000000e+00
1.996642e-03   1.000149e-35   1.000000e+00
2.015136e-03   9.993380e-36   1.000000e+00
2.033800e-03   9.985442e-36   1.000000e+00
2.052638e-03   9.977691e-36   1.000000e+00
2.071650e-03   9.970141e-36   1.000000e+00
2.090838e-03   9.962807e-36   1.000000e+00
2.110203e-03   9.955703e-36   1.000000e+00
2.129749e-03   9.948843e-36   1.000000e+00
2.149475e-03   9.942241e-36   1.000000e+00
2.169384e-03   9.935911e-36   1.000000e+00
2.189477e-03   9.929869e-36   1.000000e+00
2.209756e-03   9.924127e-36   1.000000e+00
2.230223e-03   9.918700e-36   1.000000e+00
2.250880e-03   9.913602e-36   1.000000e+00
2.271728e-03   9.908848e-36   1.000000e+00
2.292769e-03   9.904452e-36   1.000000e+00
2.314005e-03   9.900427e-36   1.000000e+00
2.335438e-03   9.896788e-36   1.000000e+00
2.357069e-03   9.893550e-36   1.000000e+00
2.378901e-03   9.890726e-36   1.000000e+00
2.400935e-03   9.888330e-36   1.000000e+00
2.423173e-03   9.886378e-36   1.000000e+00
2.445617e-03   9.884883e-36   1.000000e+00
2.468268e-03   9.883861e-36   1.000000e+00
2.491130e-03   9.883324e-36   1.000000e+00
2.514203e-03   9.883289e-36   1.000000e+00
2.537490e-03   9.883769e-36   1.000000e+00
2.560993e-03   9.884779e-36   1.000000e+00
2.584714e-03   9.886335e-36   1.000000e+00
2.608654e-03   9.888451e-36   1.000000e+00
2.632815e-03   9.891141e-36   1.000000e+00
2.657201e-03   9.894422e-36   1.000000e+00
2.681813e-03   9.898309e-36   1.000000e+00
2.706652e-03   9.902816e-36   1.000000e+00
2.731722e-03   9.907959e-36   1.000000e+00
2.757023e-03   9.913754e-36   1.000000e+00
2.782559e-03   9.920218e-36   1.000000e+00
2.808332e-03   9.927365e-36   1.000000e+00
2.834343e-03   9.935212e-36   1.000000e+00
2.860596e-03   9.943775e-36   1.000000e+00
2.887091e-03   9.953072e-36   1.000000e+00
2.913832e-03   9.963118e-36   1.000000e+00
2.940820e-03   9.973931e-36   1.000000e+00
2.968059e-03   9.985528e-36   1.000000e+00
2.995549e-03   9.997927e-36   1.000000e+00
3.023295e-03   1.001113e-35   1.000000e+00
3.051297e-03   1.002502e-35   1.000000e+00
3.079559e-03   1.003945e-35   1.000000e+00
3.108082e-03   1.005427e-35   1.000000e+00
3.136870e-03   1.006931e-35   1.000000e+00
3.165924e-03   1.008441e-35   1.000000e+00
3.195248e-03   1.009943e-35   1.000000e+00
3.224842e-03   1.011420e-35   1.000000e+00
3.254712e-03   1.012855e-35   1.000000e+00
3.284857e-03   1.014234e-35   1.000000e+00
3.315282e-03   1.015539e-35   1.000000e+00
3.345989e-03   1.016754e-35   1.000000e+00
3.376980e-03   1.017863e-35   1.000000e+00
3.408259e-03   1.018851e-35   1.000000e+00
3.439826e-03   1.019699e-35   1.000000e+00
3.471687e-03   1.020392e-35   1.000000e+00
3.503842e-03   1.020914e-35   1.000000e+00
3.536296e-03   1.021248e-35   1.000000e+00
3.569049e-03   1.021378e-35   1.000000e+00
3.602107e-03   1.021288e-35   1.000000e+00
3.635470e-03   1.020962e-35   1.000000e+00
3.669142e-03   1.020384e-35   1.000000e+00
3.703127e-03   1.019538e-35   1.000000e+00
3.737426e-03   1.018410e-35   1.000000e+00
3.772042e-03   1.016983e-35   1.000000e+00
3.806980e-03   1.015244e-35   1.000000e+00
3.842241e-03   1.013178e-35   1.000000e+00
3.877828e-03   1.010771e-35   1.000000e+00
3.913746e-03   1.008010e-35   1.000000e+00
3.949995e-03   1.004882e-35   1.000000e+00
3.986581e-03   1.001375e-35   1.000000e+00
4.023506e-03   9.974812e-36   1.000000e+00
4.060772e-03   9.932531e-36   1.000000e+00
4.098384e-03   9.887834e-36   1.000000e+00
4.136344e-03   9.841644e-36   1.000000e+00
4.174655e-03   9.794866e-36   1.000000e+00
4.213322e-03   9.748390e-36   1.000000e+00
4.252346e-03   9.703088e-36   1.000000e+00
4.291732e-03   9.659818e-36   1.000000e+00
4.331483e-03   9.619421e-36   1.000000e+00
4.371602e-03   9.582727e-36   1.000000e+00
4.412093e-03   9.550556e-36   1.000000e+00
4.452959e-03   9.523722e-36   1.000000e+00
4.494203e-03   9.503038e-36   1.000000e+00
4.535829e-03   9.489319e-36   1.000000e+00
4.577841e-03   9.483392e-36   1.000000e+00
4.620241e-03   9.486095e-36   1.000000e+00
4.663035e-03   9.498294e-36   1.000000e+00
4.706225e-03   9.520884e-36   1.000000e+00
4.749815e-03   9.554800e-36   1.000000e+00
4.793808e-03   9.601029e-36   1.000000e+00
4.838210e-03   9.660618e-36   1.000000e+00
4.883022e-03   9.734693e-36   1.000000e+00
4.928250e-03   9.824465e-36   1.000000e+00
4.973896e-03   9.931253e-36   1.000000e+00
5.019965e-03   1.005643e-35   1.000000e+00
5.066461e-03   1.019903e-35   1.000000e+00
5.113388e-03   1.035514e-35   1.000000e+00
5.160749e-03   1.052044e-35   1.000000e+00
5.208549e-03   1.069034e-35   1.000000e+00
5.256791e-03   1.085995e-35   1.000000e+00
5.305481e-03   1.102407e-35   1.000000e+00
5.354621e-03   1.117719e-35   1.000000e+00
5.404216e-03   1.131354e-35   1.000000e+00
5.454271e-03   1.142717e-35   1.000000e+00
5.504790e-03   1.151205e-35   1.000000e+00
5.555776e-03   1.156215e-35   1.000000e+00
5.607235e-03   1.157166e-35   1.000000e+00
5.659170e-03   1.153513e-35   1.000000e+00
5.711586e-03   1.144771e-35   1.000000e+00
5.764488e-03   1.130532e-35   1.000000e+00
5.817880e-03   1.110488e-35   1.000000e+00
5.871766e-03   1.084452e-35   1.000000e+00
5.926152e-03   1.052378e-35   1.000000e+00
5.981041e-03   1.014371e-35   1.000000e+00
6.036439e-03   9.708231e-36   1.000000e+00
6.092349e-03   9.236867e-36   1.000000e+00
6.148778e-03   8.756232e-36   1.000000e+00
6.205729e-03   8.288813e-36   1.000000e+00
6.263207e-03   7.852799e-36   1.000000e+00
6.321218e-03   7.462566e-36   1.000000e+00
6.379767e-03   7.129481e-36   1.000000e+00
6.438857e-03   6.862908e-36   1.000000e+00
6.498495e-03   6.671347e-36   1.000000e+00
6.558686e-03   6.563695e-36   1.000000e+00
6.619433e-03   6.550695e-36   1.000000e+00
6.680744e-03   6.646682e-36   1.000000e+00
6.742622e-03   6.871879e-36   1.000000e+00
6.805074e-03   7.255606e-36   1.000000e+00
6.868104e-03   7.841045e-36   1.000000e+00
6.931717e-03   8.692623e-36   1.000000e+00
6.995920e-03   9.907836e-36   1.000000e+00
7.060718e-03   1.161654e-35   1.000000e+00
7.126115e-03   1.389976e-35   1.000000e+00
7.192119e-03   1.679690e-35   1.000000e+00
7.258734e-03   2.028623e-35   1.000000e+00
7.325965e-03   2.423159e-35   1.000000e+00
7.393820e-03   2.832889e-35   1.000000e+00
7.462303e-03   3.207767e-35   1.000000e+00
7.531420e-03   3.481451e-35   1.000000e+00
7.601178e-03   3.583937e-35   1.000000e+00
7.671581e-03   3.463073e-35   1.000000e+00
7.742637e-03   3.108298e-35   1.000000e+00
7.814351e-03   2.564496e-35   1.000000e+00
7.886729e-03   1.924678e-35   1.000000e+00
7.959777e-03   1.300318e-35   1.000000e+00
8.033502e-03   7.832937e-36   1.000000e+00
8.107910e-03   4.276761e-36   1.000000e+00
8.183007e-03   2.215643e-36   1.000000e+00
8.258799e-03   1.141937e-36   1.000000e+00
8.335294e-03   6.139098e-37   1.000000e+00
8.412497e-03   3.609527e-37   1.000000e+00
8.490415e-03   2.433560e-37   1.000000e+00
8.569055e-03   1.972616e-37   1.000000e+00
8.648423e-03   2.015650e-37   1.000000e+00
8.728527e-03   2.722214e-37   1.000000e+00
8.809372e-03   5.094798e-37   1.000000e+00
8.890966e-03   1.385454e-36   1.000000e+00
8.973316e-03   5.739590e-36   1.000000e+00
9.056428e-03   3.771947e-35   1.015833e+00
9.140311e-03   3.791774e-34   1.094639e+00
9.224970e-03   5.358132e-33   1.240521e+00
9.310413e-03   9.773719e-32   1.460315e+00
9.396648e-03   2.113310e-30   1.763696e+00
9.483682e-03   4.973987e-29   2.158543e+00
9.571522e-03   1.170215e-27   2.644130e+00
9.660175e-03   2.527132e-26   3.201952e+00
9.749649e-03   4.600156e-25   3.786015e+00
9.839952e-03   6.481579e-24   4.317281e+00
9.931092e-03   6.491338e-23   4.689473e+00
1.002308e-02   4.245016e-22   4.802976e+00
1.011591e-02   1.743630e-21   4.825625e+00
1.020961e-02   4.731774e-21   4.846211e+00
1.030417e-02   9.015998e-21   4.864657e+00
1.039961e-02   1.281886e-20   4.880889e+00
1.049593e-02   1.445296e-20   4.894836e+00
1.059315e-02   1.373286e-20   4.906429e+00
1.069126e-02   1.168660e-20   4.915602e+00
1.079029e-02   9.465941e-21   4.922293e+00
1.089023e-02   7.755565e-21   4.926440e+00
1.099110e-02   6.830662e-21   4.927990e+00
1.109290e-02   6.803680e-21   4.924775e+00
1.119564e-02   7.648744e-21   4.914346e+00
1.129934e-02   9.521357e-21   4.897550e+00
1.140400e-02   1.287548e-20   4.875267e+00
1.150962e-02   1.855570e-20   4.848387e+00
1.161623e-02   2.795980e-20   4.817795e+00
1.172382e-02   4.321423e-20   4.784363e+00
1.183241e-02   6.721236e-20   4.748950e+00
1.194200e-02   1.032035e-19   4.712394e+00
1.205261e-02   1.535503e-19   4.673771e+00
1.216424e-02   2.198207e-19   4.623086e+00
1.227691e-02   3.044455e-19   4.561027e+00
1.239062e-02   4.103923e-19   4.490474e+00
1.250539e-02   5.417061e-19   4.414215e+00
1.262121e-02   7.044154e-19   4.334901e+00
1.273811e-02   9.078634e-19   4.255025e+00
1.285610e-02   1.166714e-18   4.176909e+00
1.297517e-02   1.504136e-18   4.102709e+00
1.309535e-02   1.955741e-18   4.031384e+00
1.321664e-02   2.564922e-18   3.958056e+00
1.333906e-02   3.385055e-18   3.883715e+00
1.346261e-02   4.485086e-18   3.809475e+00
1.358730e-02   5.952151e-18   3.736372e+00
1.371315e-02   7.893327e-18   3.665363e+00
1.384016e-02   1.043552e-17   3.597334e+00
1.396835e-02   1.372209e-17   3.533100e+00
1.409773e-02   1.790912e-17   3.473573e+00
1.422830e-02   2.320165e-17   3.418605e+00
1.436009e-02   2.987300e-17   3.366606e+00
1.449310e-02   3.827214e-17   3.316047e+00
1.462733e-02   4.884938e-17   3.265489e+00
1.476281e-02   6.219227e-17   3.213580e+00
1.489955e-02   7.907574e-17   3.159056e+00
1.503755e-02   1.005323e-16   3.100533e+00
1.517683e-02   1.278763e-16   3.034236e+00
1.531740e-02   1.626627e-16   2.962285e+00
1.545928e-02   2.067949e-16   2.888563e+00
1.560246e-02   2.625948e-16   2.816615e+00
1.574698e-02   3.328644e-16   2.749646e+00
1.589283e-02   4.209436e-16   2.690562e+00
1.604003e-02   5.307592e-16   2.641588e+00
1.618860e-02   6.670311e-16   2.596189e+00
1.633854e-02   8.356811e-16   2.551765e+00
1.648987e-02   1.043938e-15   2.508753e+00
1.664260e-02   1.300596e-15   2.467563e+00
1.679675e-02   1.616356e-15   2.428575e+00
1.695232e-02   2.004254e-15   2.392148e+00
1.710934e-02   2.480180e-15   2.358617e+00
1.726781e-02   3.063529e-15   2.328306e+00
1.742775e-02   3.778011e-15   2.301525e+00
1.758917e-02   4.652649e-15   2.278580e+00
1.775208e-02   5.723046e-15   2.259780e+00
1.791650e-02   7.032953e-15   2.245438e+00
1.808245e-02   8.636208e-15   2.235312e+00
1.824993e-02   1.059788e-14   2.226162e+00
1.841897e-02   1.299587e-14   2.217493e+00
1.858957e-02   1.592425e-14   2.209391e+00
1.876175e-02   1.949649e-14   2.201939e+00
1.893552e-02   2.384928e-14   2.195222e+00
1.911091e-02   2.914688e-14   2.189323e+00
1.928792e-02   3.558641e-14   2.184323e+00
1.946656e-02   4.340387e-14   2.180307e+00
1.964687e-02   5.288126e-14   2.177358e+00
1.982884e-02   6.435485e-14   2.175562e+00
2.001250e-02   7.822470e-14   2.175008e+00
2.019786e-02   9.496636e-14   2.176923e+00
2.038493e-02   1.151461e-13   2.182074e+00
2.057374e-02   1.394360e-13   2.190276e+00
2.076430e-02   1.686316e-13   2.201353e+00
2.095662e-02   2.036733e-13   2.215141e+00
2.115073e-02   2.456702e-13   2.231476e+00
2.134663e-02   2.959286e-13   2.250202e+00
2.154435e-02   3.559833e-13   2.271160e+00
2.174389e-02   4.276348e-13   2.294192e+00
2.194529e-02   5.129909e-13   2.319138e+00
2.214855e-02   6.145143e-13   2.345832e+00
2.235370e-02   7.350763e-13   2.374103e+00
2.256074e-02   8.780180e-13   2.403773e+00
2.276970e-02   1.047219e-12   2.434655e+00
2.298060e-02   1.247174e-12   2.466551e+00
2.319345e-02   1.483079e-12   2.499255e+00
2.340827e-02   1.760930e-12   2.532547e+00
2.362508e-02   2.087625e-12   2.566196e+00
2.384390e-02   2.471089e-12   2.599957e+00
2.406475e-02   2.920397e-12   2.633575e+00
2.428764e-02   3.445923e-12   2.666778e+00
2.451260e-02   4.059493e-12   2.699285e+00
2.473964e-02   4.774557e-12   2.730802e+00
2.496878e-02   5.606372e-12   2.761022e+00
2.520005e-02   6.572216e-12   2.791271e+00
2.543346e-02   7.691723e-12   2.823976e+00
2.566903e-02   8.987124e-12   2.858908e+00
2.590678e-02   1.048350e-11   2.895789e+00
2.614673e-02   1.220912e-11   2.934325e+00
2.638891e-02   1.419572e-11   2.974210e+00
2.663333e-02   1.647895e-11   3.015118e+00
2.688001e-02   1.909871e-11   3.056704e+00
2.712898e-02   2.209958e-11   3.098606e+00
2.738025e-02   2.553131e-11   3.140438e+00
2.763385e-02   2.944928e-11   3.181796e+00
2.788980e-02   3.391502e-11   3.222255e+00
2.814812e-02   3.899678e-11   3.261371e+00
2.840884e-02   4.477011e-11   3.298683e+00
2.867196e-02   5.131845e-11   3.333712e+00
2.893753e-02   5.873383e-11   3.365969e+00
2.920556e-02   6.711754e-11   3.394954e+00
2.947606e-02   7.658081e-11   3.420162e+00
2.974908e-02   8.724560e-11   3.441087e+00
3.002462e-02   9.924535e-11   3.457250e+00
3.030271e-02   1.127266e-10   3.471185e+00
3.058338e-02   1.278524e-10   3.484910e+00
3.086665e-02   1.448022e-10   3.498408e+00
3.115254e-02   1.637738e-10   3.511664e+00
3.144108e-02   1.849840e-10   3.524660e+00
3.173230e-02   2.086714e-10   3.537380e+00
3.202621e-02   2.350981e-10   3.549809e+00
3.232284e-02   2.645518e-10   3.561930e+00
3.262222e-02   2.973487e-10   3.573725e+00
3.292437e-02   3.338361e-10   3.585179e+00
3.322933e-02   3.743957e-10   3.596274e+00
3.353710e-02   4.194468e-10   3.606993e+00
3.384773e-02   4.694504e-10   3.617320e+00
3.416123e-02   5.249131e-10   3.627238e+00
3.447764e-02   5.863925e-10   3.636729e+00
3.479698e-02   6.545018e-10   3.645777e+00
3.511928e-02   7.299163e-10   3.654364e+00
3.544456e-02   8.133794e-10   3.662474e+00
3.577285e-02   9.057108e-10   3.670090e+00
3.610419e-02   1.007814e-09   3.677195e+00
3.643859e-02   1.120686e-09   3.683773e+00
3.677609e-02   1.245427e-09   3.689807e+00
3.711672e-02   1.383254e-09   3.695280e+00
3.746050e-02   1.535512e-09   3.700177e+00
3.780747e-02   1.703688e-09   3.704481e+00
3.815765e-02   1.889430e-09   3.708177e+00
3.851107e-02   2.094565e-09   3.711249e+00
3.886777e-02   2.321118e-09   3.713681e+00
3.922777e-02   2.571339e-09   3.715460e+00
3.959110e-02   2.847727e-09   3.716569e+00
3.995780e-02   3.153062e-09   3.716995e+00
4.032790e-02   3.490423e-09   3.716135e+00
4.070142e-02   3.863131e-09   3.713140e+00
4.107841e-02   4.274812e-09   3.708111e+00
4.145888e-02   4.729454e-09   3.701159e+00
4.184289e-02   5.231449e-09   3.692400e+00
4.223044e-02   5.785623e-09   3.681950e+00
4.262159e-02   6.397288e-09   3.669927e+00
4.301636e-02   7.072282e-09   3.656448e+00
4.341478e-02   7.817025e-09   3.641633e+00
4.381690e-02   8.638574e-09   3.625600e+00
4.422274e-02   9.544685e-09   3.608468e+00
4.463234e-02   1.054388e-08   3.590353e+00
4.504573e-02   1.164552e-08   3.571371e+00
4.546295e-02   1.285990e-08   3.551638e+00
4.588404e-02   1.419830e-08   3.531266e+00
4.630903e-02   1.567314e-08   3.510365e+00
4.673795e-02   1.729804e-08   3.489046e+00
4.717085e-02   1.908794e-08   3.467414e+00
4.760775e-02   2.105925e-08   3.445573e+00
4.804870e-02   2.322999e-08   3.423627e+00
4.849374e-02   2.561990e-08   3.401673e+00
4.894290e-02   2.825067e-08   3.379810e+00
4.939622e-02   3.114607e-08   3.358131e+00
4.985373e-02   3.433218e-08   3.336728e+00
5.031549e-02   3.783767e-08   3.315059e+00
5.078152e-02   4.169532e-08   3.291329e+00
5.125187e-02   4.594232e-08   3.265633e+00
5.172657e-02   5.062024e-08   3.238203e+00
5.220568e-02   5.577559e-08   3.209266e+00
5.268921e-02   6.146048e-08   3.179047e+00
5.317723e-02   6.773332e-08   3.147766e+00
5.366977e-02   7.465976e-08   3.115634e+00
5.416687e-02   8.231359e-08   3.082858e+00
5.466857e-02   9.077793e-08   3.049638e+00
5.517492e-02   1.001465e-07   3.016167e+00
5.568596e-02   1.105251e-07   2.982628e+00
5.620174e-02   1.220335e-07   2.949199e+00
5.672229e-02   1.348072e-07   2.916049e+00
5.724766e-02   1.489998e-07   2.883340e+00
5.777790e-02   1.647860e-07   2.851226e+00
5.831305e-02   1.823642e-07   2.819856e+00
5.885316e-02   2.019607e-07   2.789369e+00
5.939827e-02   2.238335e-07   2.759900e+00
5.994843e-02   2.482773e-07   2.731579e+00
6.050368e-02   2.756249e-07   2.703786e+00
6.106408e-02   3.062288e-07   2.675611e+00
6.162966e-02   3.404736e-07   2.647205e+00
6.220049e-02   3.787863e-07   2.618719e+00
6.277660e-02   4.216406e-07   2.590299e+00
6.335805e-02   4.695603e-07   2.562084e+00
6.394488e-02   5.231243e-07   2.534208e+00
6.453715e-02   5.829707e-07   2.506800e+00
6.513491e-02   6.498012e-07   2.479980e+00
6.573820e-02   7.243859e-07   2.453867e+00
6.634708e-02   8.075675e-07   2.428571e+00
6.696160e-02   9.002657e-07   2.404200e+00
6.758181e-02   1.003481e-06   2.380857e+00
6.820777e-02   1.118300e-06   2.358641e+00
6.883952e-02   1.245896e-06   2.337647e+00
6.947713e-02   1.387531e-06   2.317969e+00
7.012064e-02   1.544562e-06   2.299684e+00
7.077011e-02   1.718501e-06   2.282314e+00
7.142559e-02   1.911145e-06   2.265572e+00
7.208715e-02   2.124517e-06   2.249432e+00
7.275484e-02   2.360874e-06   2.233869e+00
7.342870e-02   2.622735e-06   2.218862e+00
7.410882e-02   2.912919e-06   2.204385e+00
7.479523e-02   3.234579e-06   2.190418e+00
7.548799e-02   3.591252e-06   2.176939e+00
7.618718e-02   3.986906e-06   2.163927e+00
7.689284e-02   4.425996e-06   2.151362e+00
7.760503e-02   4.913539e-06   2.139224e+00
7.832383e-02   5.455182e-06   2.127494e+00
7.904928e-02   6.057295e-06   2.116154e+00
7.978145e-02   6.727072e-06   2.105186e+00
8.052040e-02   7.472588e-06   2.094398e+00
8.126619e-02   8.302295e-06   2.083370e+00
8.201889e-02   9.225108e-06   2.072237e+00
8.277857e-02   1.025073e-05   2.061165e+00
8.354528e-02   1.138969e-05   2.050318e+00
8.431909e-02   1.265338e-05   2.039854e+00
8.510007e-02   1.405408e-05   2.029931e+00
8.588829e-02   1.560498e-05   2.020701e+00
8.668380e-02   1.732020e-05   2.012315e+00
8.748668e-02   1.921478e-05   2.004923e+00
8.829700e-02   2.130463e-05   1.998674e+00
8.911482e-02   2.360657e-05   1.993714e+00
8.994022e-02   2.613820e-05   1.990194e+00
9.077327e-02   2.891876e-05   1.987622e+00
9.161402e-02   3.197347e-05   1.985217e+00
9.246257e-02   3.533232e-05   1.982982e+00
9.331898e-02   3.902945e-05   1.980926e+00
9.418332e-02   4.310390e-05   1.979056e+00
9.505566e-02   4.760040e-05   1.977381e+00
9.593608e-02   5.257028e-05   1.975908e+00
9.682466e-02   5.807264e-05   1.974645e+00
9.772147e-02   6.417567e-05   1.973601e+00
9.862658e-02   7.095820e-05   1.972784e+00
9.954008e-02   7.851164e-05   1.972201e+00
1.004620e-01   8.694166e-05   1.971832e+00
1.013925e-01   9.635707e-05   1.971513e+00
1.023317e-01   1.068652e-04   1.971217e+00
1.032795e-01   1.185821e-04   1.970947e+00
1.042361e-01   1.316328e-04   1.970705e+00
1.052015e-01   1.461519e-04   1.970494e+00
1.061759e-01   1.622830e-04   1.970318e+00
1.071593e-01   1.801780e-04   1.970177e+00
1.081519e-01   1.999972e-04   1.970076e+00
1.091536e-01   2.219076e-04   1.970016e+00
1.101646e-01   2.460815e-04   1.970003e+00
1.111850e-01   2.726813e-04   1.970167e+00
1.122148e-01   3.018278e-04   1.970533e+00
1.132541e-01   3.336105e-04   1.971045e+00
1.143031e-01   3.680836e-04   1.971647e+00
1.153618e-01   4.052555e-04   1.972280e+00
1.164303e-01   4.450784e-04   1.972888e+00
1.175087e-01   4.874373e-04   1.973414e+00
1.185971e-01   5.321390e-04   1.973800e+00
1.196956e-01   5.789019e-04   1.973990e+00
1.208042e-01   6.274233e-04   1.973956e+00
1.219231e-01   6.781020e-04   1.973763e+00
1.230524e-01   7.319599e-04   1.973437e+00
1.241921e-01   7.903505e-04   1.973000e+00
1.253424e-01   8.550164e-04   1.972477e+00
1.265034e-01   9.281830e-04   1.971890e+00
1.276751e-01   1.012697e-03   1.971261e+00
1.288576e-01   1.112229e-03   1.970615e+00
1.300511e-01   1.231572e-03   1.969973e+00
1.312557e-01   1.376062e-03   1.969298e+00
1.324714e-01   1.548682e-03   1.968542e+00
1.336984e-01   1.751527e-03   1.967698e+00
1.349367e-01   1.986037e-03   1.966763e+00
1.361865e-01   2.252466e-03   1.965730e+00
1.374479e-01   2.549263e-03   1.964594e+00
1.387210e-01   2.872377e-03   1.963351e+00
1.400058e-01   3.214576e-03   1.961994e+00
1.413026e-01   3.567091e-03   1.960330e+00
1.426114e-01   3.927565e-03   1.958245e+00
1.439323e-01   4.296577e-03   1.955844e+00
1.452654e-01   4.676092e-03   1.953232e+00
1.466109e-01   5.069626e-03   1.950516e+00
1.479688e-01   5.482423e-03   1.947798e+00
1.493393e-01   5.921668e-03   1.945185e+00
1.507225e-01   6.396641e-03   1.942778e+00
1.521186e-01   6.915942e-03   1.940590e+00
1.535275e-01   7.486904e-03   1.938503e+00
1.549495e-01   8.118153e-03   1.936388e+00
1.563847e-01   8.820001e-03   1.934117e+00
1.578331e-01   9.604813e-03   1.931563e+00
1.592950e-01   1.048746e-02   1.928601e+00
1.607704e-01   1.148572e-02   1.925054e+00
1.622595e-01   1.261655e-02   1.920612e+00
1.637624e-01   1.389495e-02   1.915318e+00
1.652792e-01   1.533705e-02   1.909268e+00
1.668101e-01   1.696012e-02   1.902557e+00
1.683551e-01   1.878246e-02   1.895279e+00
1.699144e-01   2.082313e-02   1.887529e+00
1.714882e-01   2.310171e-02   1.879398e+00
1.730766e-01   2.563779e-02   1.870978e+00
1.746796e-01   2.845047e-02   1.862360e+00
1.762975e-01   3.155765e-02   1.853631e+00
1.779304e-01   3.497521e-02   1.844879e+00
1.795785e-01   3.871599e-02   1.836190e+00
1.812418e-01   4.279034e-02   1.827437e+00
1.829205e-01   4.722008e-02   1.818181e+00
1.846147e-01   5.203691e-02   1.808467e+00
1.863246e-01   5.727681e-02   1.798366e+00
1.880504e-01   6.298069e-02   1.787946e+00
1.897922e-01   6.919522e-02   1.777275e+00
1.915501e-01   7.597375e-02   1.766419e+00
1.933242e-01   8.337746e-02   1.755442e+00
1.951148e-01   9.147664e-02   1.744408e+00
1.969220e-01   1.003522e-01   1.733378e+00
1.987460e-01   1.100975e-01   1.722413e+00
2.005868e-01   1.208204e-01   1.711546e+00
2.024447e-01   1.326366e-01   1.700463e+00
2.043197e-01   1.456619e-01   1.689092e+00
2.062122e-01   1.600230e-01   1.677480e+00
2.081222e-01   1.758601e-01   1.665672e+00
2.100498e-01   1.933281e-01   1.653711e+00
2.119953e-01   2.125987e-01   1.641641e+00
2.139589e-01   2.338612e-01   1.629504e+00
2.159406e-01   2.573254e-01   1.617341e+00
2.179407e-01   2.832230e-01   1.605190e+00
2.199593e-01   3.118101e-01   1.593091e+00
2.219966e-01   3.433701e-01   1.581080e+00
2.240528e-01   3.782159e-01   1.569195e+00
2.261280e-01   4.166935e-01   1.557470e+00
2.282224e-01   4.591852e-01   1.545938e+00
2.303363e-01   5.061134e-01   1.534634e+00
2.324697e-01   5.579448e-01   1.523589e+00
2.346229e-01   6.151946e-01   1.512834e+00
2.367960e-01   6.784321e-01   1.502399e+00
2.389893e-01   7.482855e-01   1.492314e+00
2.412028e-01   8.254484e-01   1.482608e+00
2.434369e-01   9.106864e-01   1.473308e+00
2.456916e-01   1.004844e+00   1.464442e+00
2.479673e-01   1.108852e+00   1.456037e+00
2.502640e-01   1.223739e+00   1.448117e+00
2.525820e-01   1.350630e+00   1.440475e+00
2.549215e-01   1.490744e+00   1.432970e+00
2.572826e-01   1.645411e+00   1.425608e+00
2.596656e-01   1.816085e+00   1.418396e+00
2.620707e-01   2.004350e+00   1.411338e+00
2.644980e-01   2.211934e+00   1.404439e+00
2.669478e-01   2.440720e+00   1.397707e+00
2.694204e-01   2.692750e+00   1.391146e+00
2.719158e-01   2.970244e+00   1.384761e+00
2.744343e-01   3.275609e+00   1.378558e+00
2.769762e-01   3.611445e+00   1.372541e+00
2.795416e-01   3.980565e+00   1.366717e+00
2.821308e-01   4.386000e+00   1.361089e+00
2.847439e-01   4.831017e+00   1.355664e+00
2.873813e-01   5.319121e+00   1.350445e+00
2.900430e-01   5.854073e+00   1.345439e+00
2.927295e-01   6.439899e+00   1.340650e+00
2.954408e-01   7.080893e+00   1.336082e+00
2.981772e-01   7.781632e+00   1.331742e+00
3.009390e-01   8.546982e+00   1.327635e+00
3.037264e-01   9.382337e+00   1.323768e+00
3.065395e-01   1.029387e+01   1.320121e+00
3.093788e-01   1.128835e+01   1.316669e+00
3.122443e-01   1.237318e+01   1.313386e+00
3.151363e-01   1.355645e+01   1.310246e+00
3.180552e-01   1.484700e+01   1.307225e+00
3.210011e-01   1.625455e+01   1.304298e+00
3.239743e-01   1.778971e+01   1.301441e+00
3.269750e-01   1.946415e+01   1.298629e+00
3.300035e-01   2.129067e+01   1.295839e+00
3.330600e-01   2.328335e+01   1.293047e+00
3.361449e-01   2.545766e+01   1.290229e+00
3.392583e-01   2.783063e+01   1.287362e+00
3.424006e-01   3.042103e+01   1.284423e+00
3.455720e-01   3.324957e+01   1.281389e+00
3.487727e-01   3.633907e+01   1.278237e+00
3.520031e-01   3.971471e+01   1.274955e+00
3.552635e-01   4.340298e+01   1.271578e+00
3.585540e-01   4.743183e+01   1.268127e+00
3.618750e-01   5.183150e+01   1.264617e+00
3.652267e-01   5.663471e+01   1.261063e+00
3.686095e-01   6.187679e+01   1.257483e+00
3.720237e-01   6.759593e+01   1.253892e+00
3.754694e-01   7.383332e+01   1.250305e+00
3.789471e-01   8.063332e+01   1.246737e+00
3.824570e-01   8.804374e+01   1.243204e+00
3.859994e-01   9.611595e+01   1.239721e+00
3.895746e-01   1.049052e+02   1.236303e+00
3.931829e-01   1.144707e+02   1.232964e+00
3.968246e-01   1.248759e+02   1.229719e+00
4.005001e-01   1.361889e+02   1.226577e+00
4.042096e-01   1.484794e+02   1.223274e+00
4.079535e-01   1.618131e+02   1.219716e+00
4.117320e-01   1.762550e+02   1.216002e+00
4.155455e-01   1.918701e+02   1.212229e+00
4.193944e-01   2.087221e+02   1.208491e+00
4.232789e-01   2.268728e+02   1.204885e+00
4.271994e-01   2.463808e+02   1.201502e+00
4.311562e-01   2.673002e+02   1.198436e+00
4.351497e-01   2.896791e+02   1.195778e+00
4.391801e-01   3.135582e+02   1.193620e+00
4.432479e-01   3.389687e+02   1.192052e+00
4.473533e-01   3.659309e+02   1.191167e+00
4.514968e-01   3.944527e+02   1.191000e+00
4.556786e-01   4.245624e+02   1.191000e+00
4.598992e-01   4.563367e+02   1.191000e+00
4.641589e-01   4.898662e+02   1.191000e+00
4.684580e-01   5.252527e+02   1.191000e+00
4.727970e-01   5.626115e+02   1.191000e+00
4.771761e-01   6.020731e+02   1.191000e+00
4.815958e-01   6.437849e+02   1.191000e+00
4.860564e-01   6.879137e+02   1.191000e+00
4.905584e-01   7.346485e+02   1.191000e+00
4.951020e-01   7.842026e+02   1.191000e+00
4.996877e-01   8.368175e+02   1.191000e+00
5.043159e-01   8.927511e+02   1.191000e+00
5.089870e-01   9.522128e+02   1.191000e+00
5.137014e-01   1.015401e+03   1.191000e+00
5.184594e-01   1.082521e+03   1.191000e+00
5.232614e-01   1.153790e+03   1.191000e+00
5.281080e-01   1.229432e+03   1.191000e+00
5.329994e-01   1.309679e+03   1.191000e+00
5.379362e-01   1.394774e+03   1.191000e+00
5.429186e-01   1.484969e+03   1.191000e+00
5.479472e-01   1.580524e+03   1.191000e+00
5.530224e-01   1.681710e+03   1.191000e+00
5.581446e-01   1.788803e+03   1.191000e+00
5.633143e-01   1.902093e+03   1.191000e+00
5.685318e-01   2.021874e+03   1.191000e+00
5.737976e-01   2.148453e+03   1.191000e+00
5.791123e-01   2.282140e+03   1.191000e+00
5.844761e-01   2.423256e+03   1.191000e+00
5.898896e-01   2.572130e+03   1.191000e+00
5.953533e-01   2.729096e+03   1.191000e+00
6.008676e-01   2.894493e+03   1.191000e+00
6.064329e-01   3.068683e+03   1.191000e+00
6.120498e-01   3.252069e+03   1.191000e+00
6.177188e-01   3.445079e+03   1.191000e+00
6.234402e-01   3.648157e+03   1.191000e+00
6.292146e-01   3.861768e+03   1.191000e+00
6.350425e-01   4.086396e+03   1.191000e+00
6.409244e-01   4.322546e+03   1.191000e+00
6.468608e-01   4.570746e+03   1.191000e+00
6.528521e-01   4.831547e+03   1.191000e+00
6.588990e-01   5.105524e+03   1.191000e+00
6.650018e-01   5.393276e+03   1.191000e+00
6.711612e-01   5.695432e+03   1.191000e+00
6.773776e-01   6.012645e+03   1.191000e+00
6.836516e-01   6.345602e+03   1.191000e+00
6.899837e-01   6.695016e+03   1.191000e+00
6.963745e-01   7.061638e+03   1.191000e+00
7.028244e-01   7.446248e+03   1.191000e+00
7.093341e-01   7.849641e+03   1.191000e+00
7.159041e-01   8.272614e+03   1.191000e+00
7.225349e-01   8.715992e+03   1.191000e+00
7.292272e-01   9.180627e+03   1.191000e+00
7.359814e-01   9.667399e+03   1.191000e+00
7.427982e-01   1.017722e+04   1.191000e+00
7.496782e-01   1.071103e+04   1.191000e+00
7.566219e-01   1.126980e+04   1.191000e+00
7.636298e-01   1.185453e+04   1.191000e+00
7.707027e-01   1.246627e+04   1.191000e+00
7.778411e-01   1.310607e+04   1.191000e+00
7.850456e-01   1.377504e+04   1.191000e+00
7.923169e-01   1.447431e+04   1.191000e+00
7.996555e-01   1.520507e+04   1.191000e+00
8.070620e-01   1.596850e+04   1.191000e+00
8.145372e-01   1.676588e+04   1.191000e+00
8.220816e-01   1.759850e+04   1.191000e+00
8.296959e-01   1.846770e+04   1.191000e+00
8.373807e-01   1.937485e+04   1.191000e+00
8.451366e-01   2.032139e+04   1.191000e+00
8.529644e-01   2.130878e+04   1.191000e+00
8.608648e-01   2.233854e+04   1.191000e+00
8.688383e-01   2.341222e+04   1.191000e+00
8.768856e-01   2.453143e+04   1.191000e+00
8.850075e-01   2.569782e+04   1.191000e+00
8.932046e-01   2.691311e+04   1.191000e+00
9.014776e-01   2.817903e+04   1.191000e+00
9.098273e-01   2.949745e+04   1.191000e+00
9.182543e-01   3.087037e+04   1.191000e+00
9.267593e-01   3.229987e+04   1.191000e+00
9.353432e-01   3.378814e+04   1.191000e+00
9.440065e-01   3.533746e+04   1.191000e+00
9.527500e-01   3.695019e+04   1.191000e+00
9.615746e-01   3.862881e+04   1.191000e+00
9.704809e-01   4.037590e+04   1.191000e+00
9.794697e-01   4.219413e+04   1.191000e+00
9.885417e-01   4.408631e+04   1.191000e+00
9.976978e-01   4.605537e+04   1.191000e+00
1.006939e+00   4.810433e+04   1.191000e+00
1.016265e+00   5.023603e+04   1.191000e+00
1.025678e+00   5.245323e+04   1.191000e+00
1.035178e+00   5.475872e+04   1.191000e+00
1.044766e+00   5.715537e+04   1.191000e+00
1.054443e+00   5.964609e+04   1.191000e+00
1.064209e+00   6.223382e+04   1.191000e+00
1.074066e+00   6.492158e+04   1.191000e+00
1.084014e+00   6.771241e+04   1.191000e+00
1.094055e+00   7.060940e+04   1.191000e+00
1.104188e+00   7.361566e+04   1.191000e+00
1.114415e+00   7.673436e+04   1.191000e+00
1.124737e+00   7.996870e+04   1.191000e+00
1.135155e+00   8.332188e+04   1.191000e+00
1.145669e+00   8.679716e+04   1.191000e+00
1.156280e+00   9.039779e+04   1.191000e+00
1.166990e+00   9.412705e+04   1.191000e+00
1.177799e+00   9.798822e+04   1.191000e+00
1.188708e+00   1.019846e+05   1.191000e+00
1.199718e+00   1.061195e+05   1.191000e+00
1.210830e+00   1.103961e+05   1.191000e+00
1.222045e+00   1.148178e+05   1.191000e+00
1.233363e+00   1.193877e+05   1.191000e+00
1.244787e+00   1.241091e+05   1.191000e+00
1.256317e+00   1.289853e+05   1.191000e+00
1.267953e+00   1.340200e+05   1.191000e+00
1.279697e+00   1.392180e+05   1.191000e+00
1.291550e+00   1.445839e+05   1.191000e+00
1.303512e+00   1.501229e+05   1.191000e+00
1.315586e+00   1.558400e+05   1.191000e+00
1.327771e+00   1.617406e+05   1.191000e+00
1.340069e+00   1.678304e+05   1.191000e+00
1.352481e+00   1.741150e+05   1.191000e+00
1.365008e+00   1.806006e+05   1.191000e+00
1.377651e+00   1.872934e+05   1.191000e+00
1.390411e+00   1.941999e+05   1.191000e+00
1.403289e+00   2.013270e+05   1.191000e+00
1.416287e+00   2.086817e+05   1.191000e+00
1.429405e+00   2.162714e+05   1.191000e+00
1.442644e+00   2.241038e+05   1.191000e+00
1.456006e+00   2.321870e+05   1.191000e+00
1.469492e+00   2.405293e+05   1.191000e+00
1.483103e+00   2.491395e+05   1.191000e+00
1.496839e+00   2.580267e+05   1.191000e+00
1.510703e+00   2.672004e+05   1.191000e+00
1.524696e+00   2.766688e+05   1.191000e+00
1.538818e+00   2.864396e+05   1.191000e+00
1.553071e+00   2.965208e+05   1.191000e+00
1.567455e+00   3.069202e+05   1.191000e+00
1.581973e+00   3.176460e+05   1.191000e+00
1.596626e+00   3.287063e+05   1.191000e+00
1.611414e+00   3.401094e+05   1.191000e+00
1.626340e+00   3.518637e+05   1.191000e+00
1.641403e+00   3.639776e+05   1.191000e+00
1.656606e+00   3.764597e+05   1.191000e+00
1.671950e+00   3.893186e+05   1.191000e+00
1.687436e+00   4.025631e+05   1.191000e+00
1.703065e+00   4.162019e+05   1.191000e+00
1.718839e+00   4.302438e+05   1.191000e+00
1.734759e+00   4.446977e+05   1.191000e+00
1.750827e+00   4.595727e+05   1.191000e+00
1.767044e+00   4.748777e+05   1.191000e+00
1.783410e+00   4.906227e+05   1.191000e+00
1.799929e+00   5.068177e+05   1.191000e+00
1.816600e+00   5.234729e+05   1.191000e+00
1.833425e+00   5.405985e+05   1.191000e+00
1.850407e+00   5.582052e+05   1.191000e+00
1.867546e+00   5.763036e+05   1.191000e+00
1.884843e+00   5.949043e+05   1.191000e+00
1.902301e+00   6.140182e+05   1.191000e+00
1.919921e+00   6.336565e+05   1.191000e+00
1.937703e+00   6.538302e+05   1.191000e+00
1.955651e+00   6.745505e+05   1.191000e+00
1.973764e+00   6.958290e+05   1.191000e+00
1.992046e+00   7.176771e+05   1.191000e+00
2.010496e+00   7.401065e+05   1.191000e+00
2.029118e+00   7.631287e+05   1.191000e+00
2.047912e+00   7.867554e+05   1.191000e+00
2.066880e+00   8.109983e+05   1.191000e+00
2.086024e+00   8.358692e+05   1.191000e+00
2.105345e+00   8.613799e+05   1.191000e+00
2.124845e+00   8.875422e+05   1.191000e+00
2.144526e+00   9.143682e+05   1.191000e+00
2.164389e+00   9.418698e+05   1.191000e+00
2.184436e+00   9.700590e+05   1.191000e+00
2.204669e+00   9.989481e+05   1.191000e+00
2.225089e+00   1.028549e+06   1.191000e+00
2.245698e+00   1.058874e+06   1.191000e+00
2.266498e+00   1.089935e+06   1.191000e+00
2.287491e+00   1.121745e+06   1.191000e+00
2.308678e+00   1.154315e+06   1.191000e+00
2.330061e+00   1.187658e+06   1.191000e+00
2.351643e+00   1.221785e+06   1.191000e+00
2.373424e+00   1.256710e+06   1.191000e+00
2.395407e+00   1.292443e+06   1.191000e+00
2.417594e+00   1.328998e+06   1.191000e+00
2.439986e+00   1.366386e+06   1.191000e+00
2.462586e+00   1.404618e+06   1.191000e+00
2.485395e+00   1.443707e+06   1.191000e+00
2.508415e+00   1.483665e+06   1.191000e+00
2.531648e+00   1.524503e+06   1.191000e+00
2.555097e+00   1.566231e+06   1.191000e+00
2.578763e+00   1.608860e+06   1.191000e+00
2.602648e+00   1.652400e+06   1.191000e+00
2.626754e+00   1.696861e+06   1.191000e+00
2.651084e+00   1.742252e+06   1.191000e+00
2.675638e+00   1.788583e+06   1.191000e+00
2.700421e+00   1.835863e+06   1.191000e+00
2.725433e+00   1.884101e+06   1.191000e+00
2.750676e+00   1.933304e+06   1.191000e+00
2.776153e+00   1.983481e+06   1.191000e+00
2.801867e+00   2.034640e+06   1.191000e+00
2.827818e+00   2.086787e+06   1.191000e+00
2.854010e+00   2.139930e+06   1.191000e+00
2.880444e+00   2.194074e+06   1.191000e+00
2.907123e+00   2.249226e+06   1.191000e+00
2.934050e+00   2.305391e+06   1.191000e+00
2.961225e+00   2.362574e+06   1.191000e+00
2.988653e+00   2.420779e+06   1.191000e+00
3.016334e+00   2.480009e+06   1.191000e+00
3.044272e+00   2.540270e+06   1.191000e+00
3.072469e+00   2.601563e+06   1.191000e+00
3.100927e+00   2.663894e+06   1.191000e+00
3.129648e+00   2.727264e+06   1.191000e+00
3.158635e+00   2.791676e+06   1.191000e+00
3.187891e+00   2.857130e+06   1.191000e+00
3.217418e+00   2.923630e+06   1.191000e+00
3.247218e+00   2.991174e+06   1.191000e+00
3.277295e+00   3.059763e+06   1.191000e+00
3.307650e+00   3.129396e+06   1.191000e+00
3.338286e+00   3.200071e+06   1.191000e+00
3.369206e+00   3.271787e+06   1.191000e+00
3.400412e+00   3.344540e+06   1.191000e+00
3.431907e+00   3.418328e+06   1.191000e+00
3.463694e+00   3.493146e+06   1.191000e+00
3.495776e+00   3.568989e+06   1.191000e+00
3.528154e+00   3.645853e+06   1.191000e+00
3.560833e+00   3.723732e+06   1.191000e+00
3.593814e+00   3.802623e+06   1.191000e+00
3.627100e+00   3.882521e+06   1.191000e+00
3.660695e+00   3.963421e+06   1.191000e+00
3.694601e+00   4.045317e+06   1.191000e+00
3.728821e+00   4.128204e+06   1.191000e+00
3.763358e+00   4.212073e+06   1.191000e+00
3.798215e+00   4.296919e+06   1.191000e+00
3.833395e+00   4.382733e+06   1.191000e+00
3.868901e+00   4.469506e+06   1.191000e+00
3.904735e+00   4.557229e+06   1.191000e+00
3.940902e+00   4.645894e+06   1.191000e+00
3.977403e+00   4.735489e+06   1.191000e+00
4.014242e+00   4.826003e+06   1.191000e+00
4.051423e+00   4.917427e+06   1.191000e+00
4.088948e+00   5.009752e+06   1.191000e+00
4.126821e+00   5.102966e+06   1.191000e+00
4.165044e+00   5.197060e+06   1.191000e+00
4.203622e+00   5.292025e+06   1.191000e+00
4.242556e+00   5.387847e+06   1.191000e+00
4.281852e+00   5.484517e+06   1.191000e+00
4.321511e+00   5.582023e+06   1.191000e+00
4.361538e+00   5.680353e+06   1.191000e+00
4.401935e+00   5.779494e+06   1.191000e+00
4.442707e+00   5.879433e+06   1.191000e+00
4.483856e+00   5.980158e+06   1.191000e+00
4.525386e+00   6.081655e+06   1.191000e+00
4.567301e+00   6.183911e+06   1.191000e+00
4.609604e+00   6.286910e+06   1.191000e+00
4.652300e+00   6.390639e+06   1.191000e+00
4.695390e+00   6.495084e+06   1.191000e+00
4.738880e+00   6.600228e+06   1.191000e+00
4.782772e+00   6.706056e+06   1.191000e+00
4.827071e+00   6.812554e+06   1.191000e+00
4.871780e+00   6.919704e+06   1.191000e+00
4.916904e+00   7.027492e+06   1.191000e+00
4.962445e+00   7.135899e+06   1.191000e+00
5.008408e+00   7.244911e+06   1.191000e+00
5.054797e+00   7.354508e+06   1.191000e+00
5.101615e+00   7.464672e+06   1.191000e+00
5.148867e+00   7.575383e+06   1.191000e+00
5.196557e+00   7.686621e+06   1.191000e+00
5.244689e+00   7.798365e+06   1.191000e+00
5.293266e+00   7.910595e+06   1.191000e+00
5.342293e+00   8.023290e+06   1.191000e+00
5.391775e+00   8.136428e+06   1.191000e+00
5.441714e+00   8.249988e+06   1.191000e+00
5.492116e+00   8.363947e+06   1.191000e+00
5.542986e+00   8.478284e+06   1.191000e+00
5.594326e+00   8.592975e+06   1.191000e+00
5.646141e+00   8.707997e+06   1.191000e+00
5.698437e+00   8.823329e+06   1.191000e+00
5.751217e+00   8.938946e+06   1.191000e+00
5.804486e+00   9.054824e+06   1.191000e+00
5.858248e+00   9.170941e+06   1.191000e+00
5.912508e+00   9.287271e+06   1.191000e+00
5.967271e+00   9.403792e+06   1.191000e+00
6.022541e+00   9.520477e+06   1.191000e+00
6.078323e+00   9.637306e+06   1.191000e+00
6.134622e+00   9.754257e+06   1.191000e+00
6.191442e+00   9.871311e+06   1.191000e+00
6.248788e+00   9.988448e+06   1.191000e+00
6.306666e+00   1.010565e+07   1.191000e+00
6.365079e+00   1.022289e+07   1.191000e+00
6.424034e+00   1.034016e+07   1.191000e+00
6.483534e+00   1.045743e+07   1.191000e+00
6.543586e+00   1.057469e+07   1.191000e+00
6.604194e+00   1.069191e+07   1.191000e+00
6.665363e+00   1.080908e+07   1.191000e+00
6.727099e+00   1.092618e+07   1.191000e+00
6.789407e+00   1.104319e+07   1.191000e+00
6.852292e+00   1.116009e+07   1.191000e+00
6.915759e+00   1.127687e+07   1.191000e+00
6.979814e+00   1.139350e+07   1.191000e+00
7.044462e+00   1.150996e+07   1.191000e+00
7.109709e+00   1.162620e+07   1.191000e+00
7.175561e+00   1.174211e+07   1.191000e+00
7.242022e+00   1.185761e+07   1.191000e+00
7.309099e+00   1.197259e+07   1.191000e+00
7.376798e+00   1.208696e+07   1.191000e+00
7.445123e+00   1.220061e+07   1.191000e+00
7.514081e+00   1.231344e+07   1.191000e+00
7.583678e+00   1.242534e+07   1.191000e+00
7.653919e+00   1.253621e+07   1.191000e+00
7.724811e+00   1.264593e+07   1.191000e+00
7.796360e+00   1.275438e+07   1.191000e+00
7.868572e+00   1.286146e+07   1.191000e+00
7.941452e+00   1.296703e+07   1.191000e+00
8.015007e+00   1.307100e+07   1.191000e+00
8.089243e+00   1.317332e+07   1.191000e+00
8.164168e+00   1.327421e+07   1.191000e+00
8.239786e+00   1.337391e+07   1.191000e+00
8.316104e+00   1.347266e+07   1.191000e+00
8.393129e+00   1.357073e+07   1.191000e+00
8.470868e+00   1.366837e+07   1.191000e+00
8.549327e+00   1.376587e+07   1.191000e+00
8.628513e+00   1.386351e+07   1.191000e+00
8.708431e+00   1.396157e+07   1.191000e+00
8.789091e+00   1.406037e+07   1.191000e+00
8.870497e+00   1.416020e+07   1.191000e+00
8.952657e+00   1.426138e+07   1.191000e+00
9.035578e+00   1.436425e+07   1.191000e+00
9.119268e+00   1.446912e+07   1.191000e+00
9.203732e+00   1.457636e+07   1.191000e+00
9.288979e+00   1.468630e+07   1.191000e+00
9.375015e+00   1.479933e+07   1.191000e+00
9.461848e+00   1.491581e+07   1.191000e+00
9.549486e+00   1.503614e+07   1.191000e+00
9.637935e+00   1.516071e+07   1.191000e+00
9.727203e+00   1.528994e+07   1.191000e+00
9.817298e+00   1.542427e+07   1.191000e+00
9.908228e+00   1.556413e+07   1.191000e+00
1.000000e+01   1.571000e+07   1.191000e+00
