# O14 + n > C12 + He3   [O14_n__C12_He3]   ref=TALYS2, Koning et al. 2023
# detailed balance: alpha=0.24394 beta=0 gamma=-13.3157  Q=1.1475
# T9                 rate                error
1.000000e-03   3.222500e+06   1.000000e+02
1.009262e-03   3.221523e+06   1.000000e+02
1.018610e-03   3.220550e+06   1.000000e+02
1.028045e-03   3.219582e+06   1.000000e+02
1.037567e-03   3.218619e+06   1.000000e+02
1.047177e-03   3.217661e+06   1.000000e+02
1.056876e-03   3.216707e+06   1.000000e+02
1.066665e-03   3.215758e+06   1.000000e+02
1.076545e-03   3.214815e+06   1.000000e+02
1.086516e-03   3.213876e+06   1.000000e+02
1.096579e-03   3.212942e+06   1.000000e+02
1.106736e-03   3.212013e+06   1.000000e+02
1.116987e-03   3.211090e+06   1.000000e+02
1.127333e-03   3.210171e+06   1.000000e+02
1.137774e-03   3.209257e+06   1.000000e+02
1.148312e-03   3.208349e+06   1.000000e+02
1.158948e-03   3.207446e+06   1.000000e+02
1.169683e-03   3.206548e+06   1.000000e+02
1.180517e-03   3.205655e+06   1.000000e+02
1.191451e-03   3.204768e+06   1.000000e+02
1.202486e-03   3.203886e+06   1.000000e+02
1.213624e-03   3.203009e+06   1.000000e+02
1.224865e-03   3.202138e+06   1.000000e+02
1.236210e-03   3.201272e+06   1.000000e+02
1.247660e-03   3.200412e+06   1.000000e+02
1.259216e-03   3.199557e+06   1.000000e+02
1.270879e-03   3.198708e+06   1.000000e+02
1.282650e-03   3.197864e+06   1.000000e+02
1.294530e-03   3.197026e+06   1.000000e+02
1.306520e-03   3.196193e+06   1.000000e+02
1.318621e-03   3.195367e+06   1.000000e+02
1.330835e-03   3.194545e+06   1.000000e+02
1.343161e-03   3.193730e+06   1.000000e+02
1.355602e-03   3.192921e+06   1.000000e+02
1.368158e-03   3.192117e+06   1.000000e+02
1.380830e-03   3.191319e+06   1.000000e+02
1.393619e-03   3.190527e+06   1.000000e+02
1.406527e-03   3.189741e+06   1.000000e+02
1.419555e-03   3.188961e+06   1.000000e+02
1.432703e-03   3.188187e+06   1.000000e+02
1.445973e-03   3.187418e+06   1.000000e+02
1.459366e-03   3.186656e+06   1.000000e+02
1.472883e-03   3.185900e+06   1.000000e+02
1.486525e-03   3.185150e+06   1.000000e+02
1.500293e-03   3.184407e+06   1.000000e+02
1.514189e-03   3.183669e+06   1.000000e+02
1.528214e-03   3.182938e+06   1.000000e+02
1.542369e-03   3.182213e+06   1.000000e+02
1.556654e-03   3.181494e+06   1.000000e+02
1.571072e-03   3.180782e+06   1.000000e+02
1.585624e-03   3.180076e+06   1.000000e+02
1.600310e-03   3.179376e+06   1.000000e+02
1.615133e-03   3.178683e+06   1.000000e+02
1.630092e-03   3.177997e+06   1.000000e+02
1.645191e-03   3.177316e+06   1.000000e+02
1.660429e-03   3.176643e+06   1.000000e+02
1.675808e-03   3.175976e+06   1.000000e+02
1.691330e-03   3.175315e+06   1.000000e+02
1.706995e-03   3.174661e+06   1.000000e+02
1.722805e-03   3.174014e+06   1.000000e+02
1.738762e-03   3.173374e+06   1.000000e+02
1.754867e-03   3.172740e+06   1.000000e+02
1.771121e-03   3.172113e+06   1.000000e+02
1.787526e-03   3.171493e+06   1.000000e+02
1.804082e-03   3.170880e+06   1.000000e+02
1.820792e-03   3.170274e+06   1.000000e+02
1.837656e-03   3.169674e+06   1.000000e+02
1.854677e-03   3.169082e+06   1.000000e+02
1.871855e-03   3.168496e+06   1.000000e+02
1.889193e-03   3.167918e+06   1.000000e+02
1.906691e-03   3.167347e+06   1.000000e+02
1.924351e-03   3.166782e+06   1.000000e+02
1.942175e-03   3.166225e+06   1.000000e+02
1.960163e-03   3.165675e+06   1.000000e+02
1.978319e-03   3.165132e+06   1.000000e+02
1.996642e-03   3.164597e+06   1.000000e+02
2.015136e-03   3.164069e+06   1.000000e+02
2.033800e-03   3.163548e+06   1.000000e+02
2.052638e-03   3.163034e+06   1.000000e+02
2.071650e-03   3.162528e+06   1.000000e+02
2.090838e-03   3.162029e+06   1.000000e+02
2.110203e-03   3.161537e+06   1.000000e+02
2.129749e-03   3.161053e+06   1.000000e+02
2.149475e-03   3.160577e+06   1.000000e+02
2.169384e-03   3.160108e+06   1.000000e+02
2.189477e-03   3.159647e+06   1.000000e+02
2.209756e-03   3.159193e+06   1.000000e+02
2.230223e-03   3.158747e+06   1.000000e+02
2.250880e-03   3.158309e+06   1.000000e+02
2.271728e-03   3.157878e+06   1.000000e+02
2.292769e-03   3.157455e+06   1.000000e+02
2.314005e-03   3.157040e+06   1.000000e+02
2.335438e-03   3.156633e+06   1.000000e+02
2.357069e-03   3.156234e+06   1.000000e+02
2.378901e-03   3.155842e+06   1.000000e+02
2.400935e-03   3.155459e+06   1.000000e+02
2.423173e-03   3.155083e+06   1.000000e+02
2.445617e-03   3.154716e+06   1.000000e+02
2.468268e-03   3.154356e+06   1.000000e+02
2.491130e-03   3.154005e+06   1.000000e+02
2.514203e-03   3.153662e+06   1.000000e+02
2.537490e-03   3.153326e+06   1.000000e+02
2.560993e-03   3.152999e+06   1.000000e+02
2.584714e-03   3.152681e+06   1.000000e+02
2.608654e-03   3.152370e+06   1.000000e+02
2.632815e-03   3.152068e+06   1.000000e+02
2.657201e-03   3.151774e+06   1.000000e+02
2.681813e-03   3.151489e+06   1.000000e+02
2.706652e-03   3.151212e+06   1.000000e+02
2.731722e-03   3.150943e+06   1.000000e+02
2.757023e-03   3.150683e+06   1.000000e+02
2.782559e-03   3.150431e+06   1.000000e+02
2.808332e-03   3.150188e+06   1.000000e+02
2.834343e-03   3.149953e+06   1.000000e+02
2.860596e-03   3.149728e+06   1.000000e+02
2.887091e-03   3.149510e+06   1.000000e+02
2.913832e-03   3.149302e+06   1.000000e+02
2.940820e-03   3.149102e+06   1.000000e+02
2.968059e-03   3.148911e+06   1.000000e+02
2.995549e-03   3.148729e+06   1.000000e+02
3.023295e-03   3.148556e+06   1.000000e+02
3.051297e-03   3.148396e+06   1.000000e+02
3.079559e-03   3.148255e+06   1.000000e+02
3.108082e-03   3.148138e+06   1.000000e+02
3.136870e-03   3.148050e+06   1.000000e+02
3.165924e-03   3.147997e+06   1.000000e+02
3.195248e-03   3.147984e+06   1.000000e+02
3.224842e-03   3.148017e+06   1.000000e+02
3.254712e-03   3.148099e+06   1.000000e+02
3.284857e-03   3.148238e+06   1.000000e+02
3.315282e-03   3.148438e+06   1.000000e+02
3.345989e-03   3.148705e+06   1.000000e+02
3.376980e-03   3.149044e+06   1.000000e+02
3.408259e-03   3.149460e+06   1.000000e+02
3.439826e-03   3.149958e+06   1.000000e+02
3.471687e-03   3.150545e+06   1.000000e+02
3.503842e-03   3.151226e+06   1.000000e+02
3.536296e-03   3.152005e+06   1.000000e+02
3.569049e-03   3.152888e+06   1.000000e+02
3.602107e-03   3.153881e+06   1.000000e+02
3.635470e-03   3.154990e+06   1.000000e+02
3.669142e-03   3.156219e+06   1.000000e+02
3.703127e-03   3.157574e+06   1.000000e+02
3.737426e-03   3.159060e+06   1.000000e+02
3.772042e-03   3.160684e+06   1.000000e+02
3.806980e-03   3.162451e+06   1.000000e+02
3.842241e-03   3.164366e+06   1.000000e+02
3.877828e-03   3.166435e+06   1.000000e+02
3.913746e-03   3.168663e+06   1.000000e+02
3.949995e-03   3.171057e+06   1.000000e+02
3.986581e-03   3.173621e+06   1.000000e+02
4.023506e-03   3.176362e+06   1.000000e+02
4.060772e-03   3.179268e+06   1.000000e+02
4.098384e-03   3.182320e+06   1.000000e+02
4.136344e-03   3.185496e+06   1.000000e+02
4.174655e-03   3.188776e+06   1.000000e+02
4.213322e-03   3.192139e+06   1.000000e+02
4.252346e-03   3.195565e+06   1.000000e+02
4.291732e-03   3.199031e+06   1.000000e+02
4.331483e-03   3.202518e+06   1.000000e+02
4.371602e-03   3.206004e+06   1.000000e+02
4.412093e-03   3.209467e+06   1.000000e+02
4.452959e-03   3.212887e+06   1.000000e+02
4.494203e-03   3.216242e+06   1.000000e+02
4.535829e-03   3.219511e+06   1.000000e+02
4.577841e-03   3.222671e+06   1.000000e+02
4.620241e-03   3.225702e+06   1.000000e+02
4.663035e-03   3.228581e+06   1.000000e+02
4.706225e-03   3.231287e+06   1.000000e+02
4.749815e-03   3.233798e+06   1.000000e+02
4.793808e-03   3.236091e+06   1.000000e+02
4.838210e-03   3.238146e+06   1.000000e+02
4.883022e-03   3.239940e+06   1.000000e+02
4.928250e-03   3.241452e+06   1.000000e+02
4.973896e-03   3.242659e+06   1.000000e+02
5.019965e-03   3.243540e+06   1.000000e+02
5.066461e-03   3.244092e+06   1.000000e+02
5.113388e-03   3.244336e+06   1.000000e+02
5.160749e-03   3.244291e+06   1.000000e+02
5.208549e-03   3.243979e+06   1.000000e+02
5.256791e-03   3.243420e+06   1.000000e+02
5.305481e-03   3.242635e+06   1.000000e+02
5.354621e-03   3.241645e+06   1.000000e+02
5.404216e-03   3.240471e+06   1.000000e+02
5.454271e-03   3.239135e+06   1.000000e+02
5.504790e-03   3.237656e+06   1.000000e+02
5.555776e-03   3.236057e+06   1.000000e+02
5.607235e-03   3.234358e+06   1.000000e+02
5.659170e-03   3.232579e+06   1.000000e+02
5.711586e-03   3.230742e+06   1.000000e+02
5.764488e-03   3.228868e+06   1.000000e+02
5.817880e-03   3.226977e+06   1.000000e+02
5.871766e-03   3.225089e+06   1.000000e+02
5.926152e-03   3.223227e+06   1.000000e+02
5.981041e-03   3.221410e+06   1.000000e+02
6.036439e-03   3.219657e+06   1.000000e+02
6.092349e-03   3.217972e+06   1.000000e+02
6.148778e-03   3.216346e+06   1.000000e+02
6.205729e-03   3.214772e+06   1.000000e+02
6.263207e-03   3.213241e+06   1.000000e+02
6.321218e-03   3.211747e+06   1.000000e+02
6.379767e-03   3.210280e+06   1.000000e+02
6.438857e-03   3.208833e+06   1.000000e+02
6.498495e-03   3.207398e+06   1.000000e+02
6.558686e-03   3.205967e+06   1.000000e+02
6.619433e-03   3.204532e+06   1.000000e+02
6.680744e-03   3.203086e+06   1.000000e+02
6.742622e-03   3.201620e+06   1.000000e+02
6.805074e-03   3.200126e+06   1.000000e+02
6.868104e-03   3.198598e+06   1.000000e+02
6.931717e-03   3.197027e+06   1.000000e+02
6.995920e-03   3.195404e+06   1.000000e+02
7.060718e-03   3.193725e+06   1.000000e+02
7.126115e-03   3.191991e+06   1.000000e+02
7.192119e-03   3.190203e+06   1.000000e+02
7.258734e-03   3.188367e+06   1.000000e+02
7.325965e-03   3.186486e+06   1.000000e+02
7.393820e-03   3.184563e+06   1.000000e+02
7.462303e-03   3.182601e+06   1.000000e+02
7.531420e-03   3.180604e+06   1.000000e+02
7.601178e-03   3.178575e+06   1.000000e+02
7.671581e-03   3.176517e+06   1.000000e+02
7.742637e-03   3.174435e+06   1.000000e+02
7.814351e-03   3.172332e+06   1.000000e+02
7.886729e-03   3.170210e+06   1.000000e+02
7.959777e-03   3.168073e+06   1.000000e+02
8.033502e-03   3.165925e+06   1.000000e+02
8.107910e-03   3.163763e+06   1.000000e+02
8.183007e-03   3.161577e+06   1.000000e+02
8.258799e-03   3.159360e+06   1.000000e+02
8.335294e-03   3.157101e+06   1.000000e+02
8.412497e-03   3.154792e+06   1.000000e+02
8.490415e-03   3.152424e+06   1.000000e+02
8.569055e-03   3.149987e+06   1.000000e+02
8.648423e-03   3.147473e+06   1.000000e+02
8.728527e-03   3.144873e+06   1.000000e+02
8.809372e-03   3.142177e+06   1.000000e+02
8.890966e-03   3.139377e+06   1.000000e+02
8.973316e-03   3.136464e+06   1.000000e+02
9.056428e-03   3.133431e+06   1.000000e+02
9.140311e-03   3.130297e+06   1.000000e+02
9.224970e-03   3.127095e+06   1.000000e+02
9.310413e-03   3.123858e+06   1.000000e+02
9.396648e-03   3.120622e+06   1.000000e+02
9.483682e-03   3.117418e+06   1.000000e+02
9.571522e-03   3.114281e+06   1.000000e+02
9.660175e-03   3.111243e+06   1.000000e+02
9.749649e-03   3.108338e+06   1.000000e+02
9.839952e-03   3.105598e+06   1.000000e+02
9.931092e-03   3.103056e+06   1.000000e+02
1.002308e-02   3.100746e+06   1.000000e+02
1.011591e-02   3.098678e+06   1.000000e+02
1.020961e-02   3.096825e+06   1.000000e+02
1.030417e-02   3.095154e+06   1.000000e+02
1.039961e-02   3.093632e+06   1.000000e+02
1.049593e-02   3.092227e+06   1.000000e+02
1.059315e-02   3.090906e+06   1.000000e+02
1.069126e-02   3.089637e+06   1.000000e+02
1.079029e-02   3.088388e+06   1.000000e+02
1.089023e-02   3.087125e+06   1.000000e+02
1.099110e-02   3.085818e+06   1.000000e+02
1.109290e-02   3.084439e+06   1.000000e+02
1.119564e-02   3.082989e+06   1.000000e+02
1.129934e-02   3.081477e+06   1.000000e+02
1.140400e-02   3.079914e+06   1.000000e+02
1.150962e-02   3.078310e+06   1.000000e+02
1.161623e-02   3.076675e+06   1.000000e+02
1.172382e-02   3.075017e+06   1.000000e+02
1.183241e-02   3.073348e+06   1.000000e+02
1.194200e-02   3.071676e+06   1.000000e+02
1.205261e-02   3.070012e+06   1.000000e+02
1.216424e-02   3.068358e+06   1.000000e+02
1.227691e-02   3.066713e+06   1.000000e+02
1.239062e-02   3.065073e+06   1.000000e+02
1.250539e-02   3.063435e+06   1.000000e+02
1.262121e-02   3.061796e+06   1.000000e+02
1.273811e-02   3.060154e+06   1.000000e+02
1.285610e-02   3.058505e+06   1.000000e+02
1.297517e-02   3.056846e+06   1.000000e+02
1.309535e-02   3.055174e+06   1.000000e+02
1.321664e-02   3.053490e+06   1.000000e+02
1.333906e-02   3.051796e+06   1.000000e+02
1.346261e-02   3.050093e+06   1.000000e+02
1.358730e-02   3.048383e+06   1.000000e+02
1.371315e-02   3.046667e+06   1.000000e+02
1.384016e-02   3.044946e+06   1.000000e+02
1.396835e-02   3.043223e+06   1.000000e+02
1.409773e-02   3.041499e+06   1.000000e+02
1.422830e-02   3.039773e+06   1.000000e+02
1.436009e-02   3.038045e+06   1.000000e+02
1.449310e-02   3.036312e+06   1.000000e+02
1.462733e-02   3.034575e+06   1.000000e+02
1.476281e-02   3.032832e+06   1.000000e+02
1.489955e-02   3.031081e+06   1.000000e+02
1.503755e-02   3.029322e+06   1.000000e+02
1.517683e-02   3.027554e+06   1.000000e+02
1.531740e-02   3.025778e+06   1.000000e+02
1.545928e-02   3.023996e+06   1.000000e+02
1.560246e-02   3.022206e+06   1.000000e+02
1.574698e-02   3.020412e+06   1.000000e+02
1.589283e-02   3.018613e+06   1.000000e+02
1.604003e-02   3.016811e+06   1.000000e+02
1.618860e-02   3.015006e+06   1.000000e+02
1.633854e-02   3.013199e+06   1.000000e+02
1.648987e-02   3.011389e+06   1.000000e+02
1.664260e-02   3.009577e+06   1.000000e+02
1.679675e-02   3.007763e+06   1.000000e+02
1.695232e-02   3.005947e+06   1.000000e+02
1.710934e-02   3.004129e+06   1.000000e+02
1.726781e-02   3.002310e+06   1.000000e+02
1.742775e-02   3.000489e+06   1.000000e+02
1.758917e-02   2.998667e+06   1.000000e+02
1.775208e-02   2.996844e+06   1.000000e+02
1.791650e-02   2.995020e+06   1.000000e+02
1.808245e-02   2.993195e+06   1.000000e+02
1.824993e-02   2.991370e+06   1.000000e+02
1.841897e-02   2.989544e+06   1.000000e+02
1.858957e-02   2.987717e+06   1.000000e+02
1.876175e-02   2.985889e+06   1.000000e+02
1.893552e-02   2.984061e+06   1.000000e+02
1.911091e-02   2.982232e+06   1.000000e+02
1.928792e-02   2.980402e+06   1.000000e+02
1.946656e-02   2.978571e+06   1.000000e+02
1.964687e-02   2.976740e+06   1.000000e+02
1.982884e-02   2.974908e+06   1.000000e+02
2.001250e-02   2.973076e+06   1.000000e+02
2.019786e-02   2.971243e+06   1.000000e+02
2.038493e-02   2.969410e+06   1.000000e+02
2.057374e-02   2.967578e+06   1.000000e+02
2.076430e-02   2.965749e+06   1.000000e+02
2.095662e-02   2.963922e+06   1.000000e+02
2.115073e-02   2.962099e+06   1.000000e+02
2.134663e-02   2.960281e+06   1.000000e+02
2.154435e-02   2.958468e+06   1.000000e+02
2.174389e-02   2.956661e+06   1.000000e+02
2.194529e-02   2.954862e+06   1.000000e+02
2.214855e-02   2.953071e+06   1.000000e+02
2.235370e-02   2.951289e+06   1.000000e+02
2.256074e-02   2.949517e+06   1.000000e+02
2.276970e-02   2.947755e+06   1.000000e+02
2.298060e-02   2.946005e+06   1.000000e+02
2.319345e-02   2.944268e+06   1.000000e+02
2.340827e-02   2.942544e+06   1.000000e+02
2.362508e-02   2.940833e+06   1.000000e+02
2.384390e-02   2.939138e+06   1.000000e+02
2.406475e-02   2.937459e+06   1.000000e+02
2.428764e-02   2.935796e+06   1.000000e+02
2.451260e-02   2.934151e+06   1.000000e+02
2.473964e-02   2.932524e+06   1.000000e+02
2.496878e-02   2.930916e+06   1.000000e+02
2.520005e-02   2.929328e+06   1.000000e+02
2.543346e-02   2.927760e+06   1.000000e+02
2.566903e-02   2.926210e+06   1.000000e+02
2.590678e-02   2.924677e+06   1.000000e+02
2.614673e-02   2.923160e+06   1.000000e+02
2.638891e-02   2.921658e+06   1.000000e+02
2.663333e-02   2.920171e+06   1.000000e+02
2.688001e-02   2.918696e+06   1.000000e+02
2.712898e-02   2.917234e+06   1.000000e+02
2.738025e-02   2.915784e+06   1.000000e+02
2.763385e-02   2.914343e+06   1.000000e+02
2.788980e-02   2.912912e+06   1.000000e+02
2.814812e-02   2.911489e+06   1.000000e+02
2.840884e-02   2.910073e+06   1.000000e+02
2.867196e-02   2.908664e+06   1.000000e+02
2.893753e-02   2.907260e+06   1.000000e+02
2.920556e-02   2.905860e+06   1.000000e+02
2.947606e-02   2.904463e+06   1.000000e+02
2.974908e-02   2.903069e+06   1.000000e+02
3.002462e-02   2.901676e+06   1.000000e+02
3.030271e-02   2.900285e+06   1.000000e+02
3.058338e-02   2.898900e+06   1.000000e+02
3.086665e-02   2.897525e+06   1.000000e+02
3.115254e-02   2.896166e+06   1.000000e+02
3.144108e-02   2.894828e+06   1.000000e+02
3.173230e-02   2.893515e+06   1.000000e+02
3.202621e-02   2.892232e+06   1.000000e+02
3.232284e-02   2.890985e+06   1.000000e+02
3.262222e-02   2.889778e+06   1.000000e+02
3.292437e-02   2.888616e+06   1.000000e+02
3.322933e-02   2.887503e+06   1.000000e+02
3.353710e-02   2.886446e+06   1.000000e+02
3.384773e-02   2.885447e+06   1.000000e+02
3.416123e-02   2.884513e+06   1.000000e+02
3.447764e-02   2.883649e+06   1.000000e+02
3.479698e-02   2.882858e+06   1.000000e+02
3.511928e-02   2.882146e+06   1.000000e+02
3.544456e-02   2.881518e+06   1.000000e+02
3.577285e-02   2.880979e+06   1.000000e+02
3.610419e-02   2.880533e+06   1.000000e+02
3.643859e-02   2.880185e+06   1.000000e+02
3.677609e-02   2.879940e+06   1.000000e+02
3.711672e-02   2.879803e+06   1.000000e+02
3.746050e-02   2.879780e+06   1.000000e+02
3.780747e-02   2.879874e+06   1.000000e+02
3.815765e-02   2.880090e+06   1.000000e+02
3.851107e-02   2.880435e+06   1.000000e+02
3.886777e-02   2.880911e+06   1.000000e+02
3.922777e-02   2.881526e+06   1.000000e+02
3.959110e-02   2.882282e+06   1.000000e+02
3.995780e-02   2.883187e+06   1.000000e+02
4.032790e-02   2.884241e+06   1.000000e+02
4.070142e-02   2.885436e+06   1.000000e+02
4.107841e-02   2.886755e+06   1.000000e+02
4.145888e-02   2.888184e+06   1.000000e+02
4.184289e-02   2.889709e+06   1.000000e+02
4.223044e-02   2.891313e+06   1.000000e+02
4.262159e-02   2.892981e+06   1.000000e+02
4.301636e-02   2.894700e+06   1.000000e+02
4.341478e-02   2.896453e+06   1.000000e+02
4.381690e-02   2.898225e+06   1.000000e+02
4.422274e-02   2.900002e+06   1.000000e+02
4.463234e-02   2.901767e+06   1.000000e+02
4.504573e-02   2.903507e+06   1.000000e+02
4.546295e-02   2.905204e+06   1.000000e+02
4.588404e-02   2.906845e+06   1.000000e+02
4.630903e-02   2.908413e+06   1.000000e+02
4.673795e-02   2.909894e+06   1.000000e+02
4.717085e-02   2.911272e+06   1.000000e+02
4.760775e-02   2.912531e+06   1.000000e+02
4.804870e-02   2.913655e+06   1.000000e+02
4.849374e-02   2.914631e+06   1.000000e+02
4.894290e-02   2.915441e+06   1.000000e+02
4.939622e-02   2.916071e+06   1.000000e+02
4.985373e-02   2.916506e+06   1.000000e+02
5.031549e-02   2.916730e+06   1.000000e+02
5.078152e-02   2.916748e+06   1.000000e+02
5.125187e-02   2.916575e+06   1.000000e+02
5.172657e-02   2.916224e+06   1.000000e+02
5.220568e-02   2.915711e+06   1.000000e+02
5.268921e-02   2.915050e+06   1.000000e+02
5.317723e-02   2.914255e+06   1.000000e+02
5.366977e-02   2.913342e+06   1.000000e+02
5.416687e-02   2.912324e+06   1.000000e+02
5.466857e-02   2.911216e+06   1.000000e+02
5.517492e-02   2.910034e+06   1.000000e+02
5.568596e-02   2.908791e+06   1.000000e+02
5.620174e-02   2.907502e+06   1.000000e+02
5.672229e-02   2.906181e+06   1.000000e+02
5.724766e-02   2.904844e+06   1.000000e+02
5.777790e-02   2.903504e+06   1.000000e+02
5.831305e-02   2.902176e+06   1.000000e+02
5.885316e-02   2.900875e+06   1.000000e+02
5.939827e-02   2.899614e+06   1.000000e+02
5.994843e-02   2.898409e+06   1.000000e+02
6.050368e-02   2.897271e+06   1.000000e+02
6.106408e-02   2.896200e+06   1.000000e+02
6.162966e-02   2.895191e+06   1.000000e+02
6.220049e-02   2.894240e+06   1.000000e+02
6.277660e-02   2.893343e+06   1.000000e+02
6.335805e-02   2.892495e+06   1.000000e+02
6.394488e-02   2.891693e+06   1.000000e+02
6.453715e-02   2.890931e+06   1.000000e+02
6.513491e-02   2.890205e+06   1.000000e+02
6.573820e-02   2.889512e+06   1.000000e+02
6.634708e-02   2.888846e+06   1.000000e+02
6.696160e-02   2.888203e+06   1.000000e+02
6.758181e-02   2.887580e+06   1.000000e+02
6.820777e-02   2.886971e+06   1.000000e+02
6.883952e-02   2.886373e+06   1.000000e+02
6.947713e-02   2.885780e+06   1.000000e+02
7.012064e-02   2.885190e+06   1.000000e+02
7.077011e-02   2.884598e+06   1.000000e+02
7.142559e-02   2.884007e+06   1.000000e+02
7.208715e-02   2.883418e+06   1.000000e+02
7.275484e-02   2.882832e+06   1.000000e+02
7.342870e-02   2.882252e+06   1.000000e+02
7.410882e-02   2.881678e+06   1.000000e+02
7.479523e-02   2.881113e+06   1.000000e+02
7.548799e-02   2.880558e+06   1.000000e+02
7.618718e-02   2.880015e+06   1.000000e+02
7.689284e-02   2.879485e+06   1.000000e+02
7.760503e-02   2.878970e+06   1.000000e+02
7.832383e-02   2.878472e+06   1.000000e+02
7.904928e-02   2.877992e+06   1.000000e+02
7.978145e-02   2.877532e+06   1.000000e+02
8.052040e-02   2.877094e+06   1.000000e+02
8.126619e-02   2.876680e+06   1.000000e+02
8.201889e-02   2.876294e+06   1.000000e+02
8.277857e-02   2.875938e+06   1.000000e+02
8.354528e-02   2.875615e+06   1.000000e+02
8.431909e-02   2.875328e+06   1.000000e+02
8.510007e-02   2.875081e+06   1.000000e+02
8.588829e-02   2.874876e+06   1.000000e+02
8.668380e-02   2.874717e+06   1.000000e+02
8.748668e-02   2.874606e+06   1.000000e+02
8.829700e-02   2.874546e+06   1.000000e+02
8.911482e-02   2.874541e+06   1.000000e+02
8.994022e-02   2.874594e+06   1.000000e+02
9.077327e-02   2.874705e+06   1.000000e+02
9.161402e-02   2.874868e+06   1.000000e+02
9.246257e-02   2.875070e+06   1.000000e+02
9.331898e-02   2.875302e+06   1.000000e+02
9.418332e-02   2.875553e+06   1.000000e+02
9.505566e-02   2.875812e+06   1.000000e+02
9.593608e-02   2.876068e+06   1.000000e+02
9.682466e-02   2.876311e+06   1.000000e+02
9.772147e-02   2.876529e+06   1.000000e+02
9.862658e-02   2.876713e+06   1.000000e+02
9.954008e-02   2.876851e+06   1.000000e+02
1.004620e-01   2.876934e+06   1.000000e+02
1.013925e-01   2.876960e+06   1.000000e+02
1.023317e-01   2.876938e+06   1.000000e+02
1.032795e-01   2.876878e+06   1.000000e+02
1.042361e-01   2.876790e+06   1.000000e+02
1.052015e-01   2.876683e+06   1.000000e+02
1.061759e-01   2.876566e+06   1.000000e+02
1.071593e-01   2.876449e+06   1.000000e+02
1.081519e-01   2.876342e+06   1.000000e+02
1.091536e-01   2.876253e+06   1.000000e+02
1.101646e-01   2.876192e+06   1.000000e+02
1.111850e-01   2.876167e+06   1.000000e+02
1.122148e-01   2.876175e+06   1.000000e+02
1.132541e-01   2.876216e+06   1.000000e+02
1.143031e-01   2.876287e+06   1.000000e+02
1.153618e-01   2.876388e+06   1.000000e+02
1.164303e-01   2.876515e+06   1.000000e+02
1.175087e-01   2.876668e+06   1.000000e+02
1.185971e-01   2.876844e+06   1.000000e+02
1.196956e-01   2.877042e+06   1.000000e+02
1.208042e-01   2.877260e+06   1.000000e+02
1.219231e-01   2.877498e+06   1.000000e+02
1.230524e-01   2.877758e+06   1.000000e+02
1.241921e-01   2.878040e+06   1.000000e+02
1.253424e-01   2.878345e+06   1.000000e+02
1.265034e-01   2.878674e+06   1.000000e+02
1.276751e-01   2.879029e+06   1.000000e+02
1.288576e-01   2.879410e+06   1.000000e+02
1.300511e-01   2.879818e+06   1.000000e+02
1.312557e-01   2.880254e+06   1.000000e+02
1.324714e-01   2.880720e+06   1.000000e+02
1.336984e-01   2.881217e+06   1.000000e+02
1.349367e-01   2.881745e+06   1.000000e+02
1.361865e-01   2.882307e+06   1.000000e+02
1.374479e-01   2.882903e+06   1.000000e+02
1.387210e-01   2.883535e+06   1.000000e+02
1.400058e-01   2.884203e+06   1.000000e+02
1.413026e-01   2.884909e+06   1.000000e+02
1.426114e-01   2.885652e+06   1.000000e+02
1.439323e-01   2.886430e+06   1.000000e+02
1.452654e-01   2.887241e+06   1.000000e+02
1.466109e-01   2.888084e+06   1.000000e+02
1.479688e-01   2.888957e+06   1.000000e+02
1.493393e-01   2.889859e+06   1.000000e+02
1.507225e-01   2.890787e+06   1.000000e+02
1.521186e-01   2.891743e+06   1.000000e+02
1.535275e-01   2.892726e+06   1.000000e+02
1.549495e-01   2.893739e+06   1.000000e+02
1.563847e-01   2.894781e+06   1.000000e+02
1.578331e-01   2.895854e+06   1.000000e+02
1.592950e-01   2.896959e+06   1.000000e+02
1.607704e-01   2.898097e+06   1.000000e+02
1.622595e-01   2.899270e+06   1.000000e+02
1.637624e-01   2.900477e+06   1.000000e+02
1.652792e-01   2.901720e+06   1.000000e+02
1.668101e-01   2.903000e+06   1.000000e+02
1.683551e-01   2.904318e+06   1.000000e+02
1.699144e-01   2.905675e+06   1.000000e+02
1.714882e-01   2.907072e+06   1.000000e+02
1.730766e-01   2.908509e+06   1.000000e+02
1.746796e-01   2.909988e+06   1.000000e+02
1.762975e-01   2.911509e+06   1.000000e+02
1.779304e-01   2.913074e+06   1.000000e+02
1.795785e-01   2.914683e+06   1.000000e+02
1.812418e-01   2.916338e+06   1.000000e+02
1.829205e-01   2.918039e+06   1.000000e+02
1.846147e-01   2.919785e+06   1.000000e+02
1.863246e-01   2.921575e+06   1.000000e+02
1.880504e-01   2.923411e+06   1.000000e+02
1.897922e-01   2.925290e+06   1.000000e+02
1.915501e-01   2.927214e+06   1.000000e+02
1.933242e-01   2.929182e+06   1.000000e+02
1.951148e-01   2.931193e+06   1.000000e+02
1.969220e-01   2.933247e+06   1.000000e+02
1.987460e-01   2.935345e+06   1.000000e+02
2.005868e-01   2.937485e+06   1.000000e+02
2.024447e-01   2.939667e+06   1.000000e+02
2.043197e-01   2.941893e+06   1.000000e+02
2.062122e-01   2.944161e+06   1.000000e+02
2.081222e-01   2.946473e+06   1.000000e+02
2.100498e-01   2.948829e+06   1.000000e+02
2.119953e-01   2.951229e+06   1.000000e+02
2.139589e-01   2.953673e+06   1.000000e+02
2.159406e-01   2.956161e+06   1.000000e+02
2.179407e-01   2.958694e+06   1.000000e+02
2.199593e-01   2.961272e+06   1.000000e+02
2.219966e-01   2.963896e+06   1.000000e+02
2.240528e-01   2.966566e+06   1.000000e+02
2.261280e-01   2.969281e+06   1.000000e+02
2.282224e-01   2.972043e+06   1.000000e+02
2.303363e-01   2.974851e+06   1.000000e+02
2.324697e-01   2.977706e+06   1.000000e+02
2.346229e-01   2.980608e+06   1.000000e+02
2.367960e-01   2.983558e+06   1.000000e+02
2.389893e-01   2.986556e+06   1.000000e+02
2.412028e-01   2.989602e+06   1.000000e+02
2.434369e-01   2.992696e+06   1.000000e+02
2.456916e-01   2.995840e+06   1.000000e+02
2.479673e-01   2.999032e+06   1.000000e+02
2.502640e-01   3.002274e+06   1.000000e+02
2.525820e-01   3.005565e+06   1.000000e+02
2.549215e-01   3.008907e+06   1.000000e+02
2.572826e-01   3.012299e+06   1.000000e+02
2.596656e-01   3.015741e+06   1.000000e+02
2.620707e-01   3.019234e+06   1.000000e+02
2.644980e-01   3.022777e+06   1.000000e+02
2.669478e-01   3.026372e+06   1.000000e+02
2.694204e-01   3.030018e+06   1.000000e+02
2.719158e-01   3.033716e+06   1.000000e+02
2.744343e-01   3.037465e+06   1.000000e+02
2.769762e-01   3.041266e+06   1.000000e+02
2.795416e-01   3.045120e+06   1.000000e+02
2.821308e-01   3.049026e+06   1.000000e+02
2.847439e-01   3.052984e+06   1.000000e+02
2.873813e-01   3.056996e+06   1.000000e+02
2.900430e-01   3.061061e+06   1.000000e+02
2.927295e-01   3.065179e+06   1.000000e+02
2.954408e-01   3.069351e+06   1.000000e+02
2.981772e-01   3.073577e+06   1.000000e+02
3.009390e-01   3.077857e+06   1.000000e+02
3.037264e-01   3.082192e+06   1.000000e+02
3.065395e-01   3.086582e+06   1.000000e+02
3.093788e-01   3.091029e+06   1.000000e+02
3.122443e-01   3.095534e+06   1.000000e+02
3.151363e-01   3.100098e+06   1.000000e+02
3.180552e-01   3.104721e+06   1.000000e+02
3.210011e-01   3.109405e+06   1.000000e+02
3.239743e-01   3.114151e+06   1.000000e+02
3.269750e-01   3.118960e+06   1.000000e+02
3.300035e-01   3.123833e+06   1.000000e+02
3.330600e-01   3.128770e+06   1.000000e+02
3.361449e-01   3.133774e+06   1.000000e+02
3.392583e-01   3.138844e+06   1.000000e+02
3.424006e-01   3.143983e+06   1.000000e+02
3.455720e-01   3.149192e+06   1.000000e+02
3.487727e-01   3.154470e+06   1.000000e+02
3.520031e-01   3.159820e+06   1.000000e+02
3.552635e-01   3.165243e+06   1.000000e+02
3.585540e-01   3.170739e+06   1.000000e+02
3.618750e-01   3.176309e+06   1.000000e+02
3.652267e-01   3.181955e+06   1.000000e+02
3.686095e-01   3.187678e+06   1.000000e+02
3.720237e-01   3.193477e+06   1.000000e+02
3.754694e-01   3.199355e+06   1.000000e+02
3.789471e-01   3.205312e+06   1.000000e+02
3.824570e-01   3.211350e+06   1.000000e+02
3.859994e-01   3.217469e+06   1.000000e+02
3.895746e-01   3.223670e+06   1.000000e+02
3.931829e-01   3.229955e+06   1.000000e+02
3.968246e-01   3.236325e+06   1.000000e+02
4.005001e-01   3.242780e+06   1.000000e+02
4.042096e-01   3.249322e+06   1.000000e+02
4.079535e-01   3.255952e+06   1.000000e+02
4.117320e-01   3.262672e+06   1.000000e+02
4.155455e-01   3.269484e+06   1.000000e+02
4.193944e-01   3.276389e+06   1.000000e+02
4.232789e-01   3.283389e+06   1.000000e+02
4.271994e-01   3.290485e+06   1.000000e+02
4.311562e-01   3.297680e+06   1.000000e+02
4.351497e-01   3.304975e+06   1.000000e+02
4.391801e-01   3.312372e+06   1.000000e+02
4.432479e-01   3.319872e+06   1.000000e+02
4.473533e-01   3.327478e+06   1.000000e+02
4.514968e-01   3.335190e+06   1.000000e+02
4.556786e-01   3.343012e+06   1.000000e+02
4.598992e-01   3.350946e+06   1.000000e+02
4.641589e-01   3.358994e+06   1.000000e+02
4.684580e-01   3.367158e+06   1.000000e+02
4.727970e-01   3.375441e+06   1.000000e+02
4.771761e-01   3.383846e+06   1.000000e+02
4.815958e-01   3.392374e+06   1.000000e+02
4.860564e-01   3.401030e+06   1.000000e+02
4.905584e-01   3.409814e+06   1.000000e+02
4.951020e-01   3.418731e+06   1.000000e+02
4.996877e-01   3.427782e+06   1.000000e+02
5.043159e-01   3.436970e+06   1.000000e+02
5.089870e-01   3.446298e+06   1.000000e+02
5.137014e-01   3.455768e+06   1.000000e+02
5.184594e-01   3.465383e+06   1.000000e+02
5.232614e-01   3.475145e+06   1.000000e+02
5.281080e-01   3.485056e+06   1.000000e+02
5.329994e-01   3.495120e+06   1.000000e+02
5.379362e-01   3.505338e+06   1.000000e+02
5.429186e-01   3.515714e+06   1.000000e+02
5.479472e-01   3.526250e+06   1.000000e+02
5.530224e-01   3.536949e+06   1.000000e+02
5.581446e-01   3.547814e+06   1.000000e+02
5.633143e-01   3.558847e+06   1.000000e+02
5.685318e-01   3.570052e+06   1.000000e+02
5.737976e-01   3.581430e+06   1.000000e+02
5.791123e-01   3.592986e+06   1.000000e+02
5.844761e-01   3.604721e+06   1.000000e+02
5.898896e-01   3.616640e+06   1.000000e+02
5.953533e-01   3.628745e+06   1.000000e+02
6.008676e-01   3.641039e+06   1.000000e+02
6.064329e-01   3.653526e+06   1.000000e+02
6.120498e-01   3.666209e+06   1.000000e+02
6.177188e-01   3.679091e+06   1.000000e+02
6.234402e-01   3.692175e+06   1.000000e+02
6.292146e-01   3.705467e+06   1.000000e+02
6.350425e-01   3.718968e+06   1.000000e+02
6.409244e-01   3.732683e+06   1.000000e+02
6.468608e-01   3.746616e+06   1.000000e+02
6.528521e-01   3.760770e+06   1.000000e+02
6.588990e-01   3.775149e+06   1.000000e+02
6.650018e-01   3.789757e+06   1.000000e+02
6.711612e-01   3.804599e+06   1.000000e+02
6.773776e-01   3.819678e+06   1.000000e+02
6.836516e-01   3.834998e+06   1.000000e+02
6.899837e-01   3.850564e+06   1.000000e+02
6.963745e-01   3.866380e+06   1.000000e+02
7.028244e-01   3.882451e+06   1.000000e+02
7.093341e-01   3.898780e+06   1.000000e+02
7.159041e-01   3.915372e+06   1.000000e+02
7.225349e-01   3.932231e+06   1.000000e+02
7.292272e-01   3.949362e+06   1.000000e+02
7.359814e-01   3.966769e+06   1.000000e+02
7.427982e-01   3.984457e+06   1.000000e+02
7.496782e-01   4.002431e+06   1.000000e+02
7.566219e-01   4.020695e+06   1.000000e+02
7.636298e-01   4.039254e+06   1.000000e+02
7.707027e-01   4.058113e+06   1.000000e+02
7.778411e-01   4.077277e+06   1.000000e+02
7.850456e-01   4.096752e+06   1.000000e+02
7.923169e-01   4.116542e+06   1.000000e+02
7.996555e-01   4.136652e+06   1.000000e+02
8.070620e-01   4.157089e+06   1.000000e+02
8.145372e-01   4.177857e+06   1.000000e+02
8.220816e-01   4.198962e+06   1.000000e+02
8.296959e-01   4.220409e+06   1.000000e+02
8.373807e-01   4.242203e+06   1.000000e+02
8.451366e-01   4.264349e+06   1.000000e+02
8.529644e-01   4.286854e+06   1.000000e+02
8.608648e-01   4.309723e+06   1.000000e+02
8.688383e-01   4.332962e+06   1.000000e+02
8.768856e-01   4.356577e+06   1.000000e+02
8.850075e-01   4.380574e+06   1.000000e+02
8.932046e-01   4.404959e+06   1.000000e+02
9.014776e-01   4.429738e+06   1.000000e+02
9.098273e-01   4.454919e+06   1.000000e+02
9.182543e-01   4.480507e+06   1.000000e+02
9.267593e-01   4.506510e+06   1.000000e+02
9.353432e-01   4.532934e+06   1.000000e+02
9.440065e-01   4.559787e+06   1.000000e+02
9.527500e-01   4.587076e+06   1.000000e+02
9.615746e-01   4.614809e+06   1.000000e+02
9.704809e-01   4.642992e+06   1.000000e+02
9.794697e-01   4.671635e+06   1.000000e+02
9.885417e-01   4.700744e+06   1.000000e+02
9.976978e-01   4.730329e+06   1.000000e+02
1.006939e+00   4.760396e+06   1.000000e+02
1.016265e+00   4.790954e+06   1.000000e+02
1.025678e+00   4.822009e+06   1.000000e+02
1.035178e+00   4.853569e+06   1.000000e+02
1.044766e+00   4.885641e+06   1.000000e+02
1.054443e+00   4.918233e+06   1.000000e+02
1.064209e+00   4.951352e+06   1.000000e+02
1.074066e+00   4.985005e+06   1.000000e+02
1.084014e+00   5.019202e+06   1.000000e+02
1.094055e+00   5.053949e+06   1.000000e+02
1.104188e+00   5.089256e+06   1.000000e+02
1.114415e+00   5.125130e+06   1.000000e+02
1.124737e+00   5.161580e+06   1.000000e+02
1.135155e+00   5.198615e+06   1.000000e+02
1.145669e+00   5.236245e+06   1.000000e+02
1.156280e+00   5.274477e+06   1.000000e+02
1.166990e+00   5.313321e+06   1.000000e+02
1.177799e+00   5.352788e+06   1.000000e+02
1.188708e+00   5.392885e+06   1.000000e+02
1.199718e+00   5.433624e+06   1.000000e+02
1.210830e+00   5.475014e+06   1.000000e+02
1.222045e+00   5.517066e+06   1.000000e+02
1.233363e+00   5.559790e+06   1.000000e+02
1.244787e+00   5.603197e+06   1.000000e+02
1.256317e+00   5.647297e+06   1.000000e+02
1.267953e+00   5.692100e+06   1.000000e+02
1.279697e+00   5.737615e+06   1.000000e+02
1.291550e+00   5.783849e+06   1.000000e+02
1.303512e+00   5.830810e+06   1.000000e+02
1.315586e+00   5.878508e+06   1.000000e+02
1.327771e+00   5.926951e+06   1.000000e+02
1.340069e+00   5.976148e+06   1.000000e+02
1.352481e+00   6.026108e+06   1.000000e+02
1.365008e+00   6.076839e+06   1.000000e+02
1.377651e+00   6.128351e+06   1.000000e+02
1.390411e+00   6.180654e+06   1.000000e+02
1.403289e+00   6.233756e+06   1.000000e+02
1.416287e+00   6.287668e+06   1.000000e+02
1.429405e+00   6.342398e+06   1.000000e+02
1.442644e+00   6.397957e+06   1.000000e+02
1.456006e+00   6.454355e+06   1.000000e+02
1.469492e+00   6.511602e+06   1.000000e+02
1.483103e+00   6.569708e+06   1.000000e+02
1.496839e+00   6.628684e+06   1.000000e+02
1.510703e+00   6.688539e+06   1.000000e+02
1.524696e+00   6.749290e+06   1.000000e+02
1.538818e+00   6.810950e+06   1.000000e+02
1.553071e+00   6.873537e+06   1.000000e+02
1.567455e+00   6.937067e+06   1.000000e+02
1.581973e+00   7.001556e+06   1.000000e+02
1.596626e+00   7.067022e+06   1.000000e+02
1.611414e+00   7.133482e+06   1.000000e+02
1.626340e+00   7.200955e+06   1.000000e+02
1.641403e+00   7.269457e+06   1.000000e+02
1.656606e+00   7.339009e+06   1.000000e+02
1.671950e+00   7.409628e+06   1.000000e+02
1.687436e+00   7.481335e+06   1.000000e+02
1.703065e+00   7.554149e+06   1.000000e+02
1.718839e+00   7.628090e+06   1.000000e+02
1.734759e+00   7.703179e+06   1.000000e+02
1.750827e+00   7.779437e+06   1.000000e+02
1.767044e+00   7.856882e+06   1.000000e+02
1.783410e+00   7.935524e+06   1.000000e+02
1.799929e+00   8.015368e+06   1.000000e+02
1.816600e+00   8.096421e+06   1.000000e+02
1.833425e+00   8.178688e+06   1.000000e+02
1.850407e+00   8.262176e+06   1.000000e+02
1.867546e+00   8.346889e+06   1.000000e+02
1.884843e+00   8.432834e+06   1.000000e+02
1.902301e+00   8.520015e+06   1.000000e+02
1.919921e+00   8.608437e+06   1.000000e+02
1.937703e+00   8.698105e+06   1.000000e+02
1.955651e+00   8.789024e+06   1.000000e+02
1.973764e+00   8.881196e+06   1.000000e+02
1.992046e+00   8.974626e+06   1.000000e+02
2.010496e+00   9.069317e+06   1.000000e+02
2.029118e+00   9.165279e+06   1.000000e+02
2.047912e+00   9.262525e+06   1.000000e+02
2.066880e+00   9.361069e+06   1.000000e+02
2.086024e+00   9.460926e+06   1.000000e+02
2.105345e+00   9.562110e+06   1.000000e+02
2.124845e+00   9.664635e+06   1.000000e+02
2.144526e+00   9.768515e+06   1.000000e+02
2.164389e+00   9.873766e+06   1.000000e+02
2.184436e+00   9.980401e+06   1.000000e+02
2.204669e+00   1.008844e+07   1.000000e+02
2.225089e+00   1.019789e+07   1.000000e+02
2.245698e+00   1.030876e+07   1.000000e+02
2.266498e+00   1.042109e+07   1.000000e+02
2.287491e+00   1.053487e+07   1.000000e+02
2.308678e+00   1.065012e+07   1.000000e+02
2.330061e+00   1.076687e+07   1.000000e+02
2.351643e+00   1.088512e+07   1.000000e+02
2.373424e+00   1.100489e+07   1.000000e+02
2.395407e+00   1.112619e+07   1.000000e+02
2.417594e+00   1.124905e+07   1.000000e+02
2.439986e+00   1.137347e+07   1.000000e+02
2.462586e+00   1.149947e+07   1.000000e+02
2.485395e+00   1.162707e+07   1.000000e+02
2.508415e+00   1.175628e+07   1.000000e+02
2.531648e+00   1.188712e+07   1.000000e+02
2.555097e+00   1.201960e+07   1.000000e+02
2.578763e+00   1.215373e+07   1.000000e+02
2.602648e+00   1.228953e+07   1.000000e+02
2.626754e+00   1.242700e+07   1.000000e+02
2.651084e+00   1.256616e+07   1.000000e+02
2.675638e+00   1.270701e+07   1.000000e+02
2.700421e+00   1.284958e+07   1.000000e+02
2.725433e+00   1.299387e+07   1.000000e+02
2.750676e+00   1.313990e+07   1.000000e+02
2.776153e+00   1.328767e+07   1.000000e+02
2.801867e+00   1.343719e+07   1.000000e+02
2.827818e+00   1.358848e+07   1.000000e+02
2.854010e+00   1.374154e+07   1.000000e+02
2.880444e+00   1.389639e+07   1.000000e+02
2.907123e+00   1.405304e+07   1.000000e+02
2.934050e+00   1.421149e+07   1.000000e+02
2.961225e+00   1.437176e+07   1.000000e+02
2.988653e+00   1.453384e+07   1.000000e+02
3.016334e+00   1.469777e+07   1.000000e+02
3.044272e+00   1.486353e+07   1.000000e+02
3.072469e+00   1.503115e+07   1.000000e+02
3.100927e+00   1.520063e+07   1.000000e+02
3.129648e+00   1.537198e+07   1.000000e+02
3.158635e+00   1.554521e+07   1.000000e+02
3.187891e+00   1.572033e+07   1.000000e+02
3.217418e+00   1.589735e+07   1.000000e+02
3.247218e+00   1.607629e+07   1.000000e+02
3.277295e+00   1.625713e+07   1.000000e+02
3.307650e+00   1.643991e+07   1.000000e+02
3.338286e+00   1.662461e+07   1.000000e+02
3.369206e+00   1.681126e+07   1.000000e+02
3.400412e+00   1.699985e+07   1.000000e+02
3.431907e+00   1.719040e+07   1.000000e+02
3.463694e+00   1.738291e+07   1.000000e+02
3.495776e+00   1.757738e+07   1.000000e+02
3.528154e+00   1.777382e+07   1.000000e+02
3.560833e+00   1.797225e+07   1.000000e+02
3.593814e+00   1.817265e+07   1.000000e+02
3.627100e+00   1.837505e+07   1.000000e+02
3.660695e+00   1.857944e+07   1.000000e+02
3.694601e+00   1.878582e+07   1.000000e+02
3.728821e+00   1.899421e+07   1.000000e+02
3.763358e+00   1.920461e+07   1.000000e+02
3.798215e+00   1.941702e+07   1.000000e+02
3.833395e+00   1.963144e+07   1.000000e+02
3.868901e+00   1.984787e+07   1.000000e+02
3.904735e+00   2.006632e+07   1.000000e+02
3.940902e+00   2.028679e+07   1.000000e+02
3.977403e+00   2.050928e+07   1.000000e+02
4.014242e+00   2.073379e+07   1.000000e+02
4.051423e+00   2.096032e+07   1.000000e+02
4.088948e+00   2.118886e+07   1.000000e+02
4.126821e+00   2.141942e+07   1.000000e+02
4.165044e+00   2.165199e+07   1.000000e+02
4.203622e+00   2.188656e+07   1.000000e+02
4.242556e+00   2.212313e+07   1.000000e+02
4.281852e+00   2.236170e+07   1.000000e+02
4.321511e+00   2.260226e+07   1.000000e+02
4.361538e+00   2.284480e+07   1.000000e+02
4.401935e+00   2.308931e+07   1.000000e+02
4.442707e+00   2.333579e+07   1.000000e+02
4.483856e+00   2.358422e+07   1.000000e+02
4.525386e+00   2.383460e+07   1.000000e+02
4.567301e+00   2.408692e+07   1.000000e+02
4.609604e+00   2.434116e+07   1.000000e+02
4.652300e+00   2.459731e+07   1.000000e+02
4.695390e+00   2.485536e+07   1.000000e+02
4.738880e+00   2.511529e+07   1.000000e+02
4.782772e+00   2.537708e+07   1.000000e+02
4.827071e+00   2.564073e+07   1.000000e+02
4.871780e+00   2.590622e+07   1.000000e+02
4.916904e+00   2.617352e+07   1.000000e+02
4.962445e+00   2.644262e+07   1.000000e+02
5.008408e+00   2.671350e+07   1.000000e+02
5.054797e+00   2.698613e+07   1.000000e+02
5.101615e+00   2.726050e+07   1.000000e+02
5.148867e+00   2.753659e+07   1.000000e+02
5.196557e+00   2.781436e+07   1.000000e+02
5.244689e+00   2.809380e+07   1.000000e+02
5.293266e+00   2.837489e+07   1.000000e+02
5.342293e+00   2.865758e+07   1.000000e+02
5.391775e+00   2.894186e+07   1.000000e+02
5.441714e+00   2.922770e+07   1.000000e+02
5.492116e+00   2.951507e+07   1.000000e+02
5.542986e+00   2.980393e+07   1.000000e+02
5.594326e+00   3.009426e+07   1.000000e+02
5.646141e+00   3.038603e+07   1.000000e+02
5.698437e+00   3.067919e+07   1.000000e+02
5.751217e+00   3.097371e+07   1.000000e+02
5.804486e+00   3.126956e+07   1.000000e+02
5.858248e+00   3.156670e+07   1.000000e+02
5.912508e+00   3.186510e+07   1.000000e+02
5.967271e+00   3.216470e+07   1.000000e+02
6.022541e+00   3.246547e+07   1.000000e+02
6.078323e+00   3.276737e+07   1.000000e+02
6.134622e+00   3.307037e+07   1.000000e+02
6.191442e+00   3.337442e+07   1.000000e+02
6.248788e+00   3.367949e+07   1.000000e+02
6.306666e+00   3.398555e+07   1.000000e+02
6.365079e+00   3.429254e+07   1.000000e+02
6.424034e+00   3.460042e+07   1.000000e+02
6.483534e+00   3.490917e+07   1.000000e+02
6.543586e+00   3.521872e+07   1.000000e+02
6.604194e+00   3.552905e+07   1.000000e+02
6.665363e+00   3.584010e+07   1.000000e+02
6.727099e+00   3.615183e+07   1.000000e+02
6.789407e+00   3.646419e+07   1.000000e+02
6.852292e+00   3.677713e+07   1.000000e+02
6.915759e+00   3.709060e+07   1.000000e+02
6.979814e+00   3.740456e+07   1.000000e+02
7.044462e+00   3.771896e+07   1.000000e+02
7.109709e+00   3.803374e+07   1.000000e+02
7.175561e+00   3.834888e+07   1.000000e+02
7.242022e+00   3.866431e+07   1.000000e+02
7.309099e+00   3.898000e+07   1.000000e+02
7.376798e+00   3.929591e+07   1.000000e+02
7.445123e+00   3.961199e+07   1.000000e+02
7.514081e+00   3.992820e+07   1.000000e+02
7.583678e+00   4.024448e+07   1.000000e+02
7.653919e+00   4.056079e+07   1.000000e+02
7.724811e+00   4.087709e+07   1.000000e+02
7.796360e+00   4.119333e+07   1.000000e+02
7.868572e+00   4.150945e+07   1.000000e+02
7.941452e+00   4.182541e+07   1.000000e+02
8.015007e+00   4.214117e+07   1.000000e+02
8.089243e+00   4.245667e+07   1.000000e+02
8.164168e+00   4.277191e+07   1.000000e+02
8.239786e+00   4.308688e+07   1.000000e+02
8.316104e+00   4.340158e+07   1.000000e+02
8.393129e+00   4.371599e+07   1.000000e+02
8.470868e+00   4.403011e+07   1.000000e+02
8.549327e+00   4.434394e+07   1.000000e+02
8.628513e+00   4.465746e+07   1.000000e+02
8.708431e+00   4.497068e+07   1.000000e+02
8.789091e+00   4.528360e+07   1.000000e+02
8.870497e+00   4.559620e+07   1.000000e+02
8.952657e+00   4.590849e+07   1.000000e+02
9.035578e+00   4.622047e+07   1.000000e+02
9.119268e+00   4.653213e+07   1.000000e+02
9.203732e+00   4.684348e+07   1.000000e+02
9.288979e+00   4.715452e+07   1.000000e+02
9.375015e+00   4.746525e+07   1.000000e+02
9.461848e+00   4.777567e+07   1.000000e+02
9.549486e+00   4.808579e+07   1.000000e+02
9.637935e+00   4.839561e+07   1.000000e+02
9.727203e+00   4.870513e+07   1.000000e+02
9.817298e+00   4.901437e+07   1.000000e+02
9.908228e+00   4.932332e+07   1.000000e+02
1.000000e+01   4.963200e+07   1.000000e+02
