# Be11 + p > B11 + n   [Be11_p__B11_n]   ref=TALYS2, Koning et al. 2023
# detailed balance: alpha=0.50022 beta=0 gamma=-124.444  Q=10.7238
# T9                 rate                error
1.000000e-03   1.000000e-35   1.000000e+02
1.009262e-03   1.041654e-35   1.000000e+02
1.018610e-03   1.086010e-35   1.000000e+02
1.028045e-03   1.133277e-35   1.000000e+02
1.037567e-03   1.183680e-35   1.000000e+02
1.047177e-03   1.237466e-35   1.000000e+02
1.056876e-03   1.294905e-35   1.000000e+02
1.066665e-03   1.356289e-35   1.000000e+02
1.076545e-03   1.421940e-35   1.000000e+02
1.086516e-03   1.492208e-35   1.000000e+02
1.096579e-03   1.567477e-35   1.000000e+02
1.106736e-03   1.648167e-35   1.000000e+02
1.116987e-03   1.734739e-35   1.000000e+02
1.127333e-03   1.827699e-35   1.000000e+02
1.137774e-03   1.927602e-35   1.000000e+02
1.148312e-03   2.035057e-35   1.000000e+02
1.158948e-03   2.150735e-35   1.000000e+02
1.169683e-03   2.275376e-35   1.000000e+02
1.180517e-03   2.409794e-35   1.000000e+02
1.191451e-03   2.554886e-35   1.000000e+02
1.202486e-03   2.711645e-35   1.000000e+02
1.213624e-03   2.881166e-35   1.000000e+02
1.224865e-03   3.064661e-35   1.000000e+02
1.236210e-03   3.263473e-35   1.000000e+02
1.247660e-03   3.479088e-35   1.000000e+02
1.259216e-03   3.713158e-35   1.000000e+02
1.270879e-03   3.967514e-35   1.000000e+02
1.282650e-03   4.244194e-35   1.000000e+02
1.294530e-03   4.545464e-35   1.000000e+02
1.306520e-03   4.873850e-35   1.000000e+02
1.318621e-03   5.232165e-35   1.000000e+02
1.330835e-03   5.623553e-35   1.000000e+02
1.343161e-03   6.051524e-35   1.000000e+02
1.355602e-03   6.520005e-35   1.000000e+02
1.368158e-03   7.033394e-35   1.000000e+02
1.380830e-03   7.596617e-35   1.000000e+02
1.393619e-03   8.215208e-35   1.000000e+02
1.406527e-03   8.895378e-35   1.000000e+02
1.419555e-03   9.644115e-35   1.000000e+02
1.432703e-03   1.046929e-34   1.000000e+02
1.445973e-03   1.137976e-34   1.000000e+02
1.459366e-03   1.238554e-34   1.000000e+02
1.472883e-03   1.349794e-34   1.000000e+02
1.486525e-03   1.472973e-34   1.000000e+02
1.500293e-03   1.609540e-34   1.000000e+02
1.514189e-03   1.761137e-34   1.000000e+02
1.528214e-03   1.929627e-34   1.000000e+02
1.542369e-03   2.117127e-34   1.000000e+02
1.556654e-03   2.326047e-34   1.000000e+02
1.571072e-03   2.559131e-34   1.000000e+02
1.585624e-03   2.819511e-34   1.000000e+02
1.600310e-03   3.110763e-34   1.000000e+02
1.615133e-03   3.436974e-34   1.000000e+02
1.630092e-03   3.802827e-34   1.000000e+02
1.645191e-03   4.213688e-34   1.000000e+02
1.660429e-03   4.675718e-34   1.000000e+02
1.675808e-03   5.195997e-34   1.000000e+02
1.691330e-03   5.782675e-34   1.000000e+02
1.706995e-03   6.445142e-34   1.000000e+02
1.722805e-03   7.194236e-34   1.000000e+02
1.738762e-03   8.042478e-34   1.000000e+02
1.754867e-03   9.004356e-34   1.000000e+02
1.771121e-03   1.009666e-33   1.000000e+02
1.787526e-03   1.133886e-33   1.000000e+02
1.804082e-03   1.275360e-33   1.000000e+02
1.820792e-03   1.436719e-33   1.000000e+02
1.837656e-03   1.621031e-33   1.000000e+02
1.854677e-03   1.831877e-33   1.000000e+02
1.871855e-03   2.073437e-33   1.000000e+02
1.889193e-03   2.350605e-33   1.000000e+02
1.906691e-03   2.669115e-33   1.000000e+02
1.924351e-03   3.035698e-33   1.000000e+02
1.942175e-03   3.458261e-33   1.000000e+02
1.960163e-03   3.946114e-33   1.000000e+02
1.978319e-03   4.510231e-33   1.000000e+02
1.996642e-03   5.163566e-33   1.000000e+02
2.015136e-03   5.921437e-33   1.000000e+02
2.033800e-03   6.801982e-33   1.000000e+02
2.052638e-03   7.826712e-33   1.000000e+02
2.071650e-03   9.021183e-33   1.000000e+02
2.090838e-03   1.041579e-32   1.000000e+02
2.110203e-03   1.204677e-32   1.000000e+02
2.129749e-03   1.395734e-32   1.000000e+02
2.149475e-03   1.619919e-32   1.000000e+02
2.169384e-03   1.883419e-32   1.000000e+02
2.189477e-03   2.193655e-32   1.000000e+02
2.209756e-03   2.559540e-32   1.000000e+02
2.230223e-03   2.991800e-32   1.000000e+02
2.250880e-03   3.503357e-32   1.000000e+02
2.271728e-03   4.109817e-32   1.000000e+02
2.292769e-03   4.830043e-32   1.000000e+02
2.314005e-03   5.686890e-32   1.000000e+02
2.335438e-03   6.708082e-32   1.000000e+02
2.357069e-03   7.927319e-32   1.000000e+02
2.378901e-03   9.385626e-32   1.000000e+02
2.400935e-03   1.113304e-31   1.000000e+02
2.423173e-03   1.323068e-31   1.000000e+02
2.445617e-03   1.575337e-31   1.000000e+02
2.468268e-03   1.879283e-31   1.000000e+02
2.491130e-03   2.246170e-31   1.000000e+02
2.514203e-03   2.689859e-31   1.000000e+02
2.537490e-03   3.227436e-31   1.000000e+02
2.560993e-03   3.879996e-31   1.000000e+02
2.584714e-03   4.673639e-31   1.000000e+02
2.608654e-03   5.640711e-31   1.000000e+02
2.632815e-03   6.821376e-31   1.000000e+02
2.657201e-03   8.265594e-31   1.000000e+02
2.681813e-03   1.003563e-30   1.000000e+02
2.706652e-03   1.220924e-30   1.000000e+02
2.731722e-03   1.488368e-30   1.000000e+02
2.757023e-03   1.818085e-30   1.000000e+02
2.782559e-03   2.225384e-30   1.000000e+02
2.808332e-03   2.729526e-30   1.000000e+02
2.834343e-03   3.354793e-30   1.000000e+02
2.860596e-03   4.131853e-30   1.000000e+02
2.887091e-03   5.099520e-30   1.000000e+02
2.913832e-03   6.307010e-30   1.000000e+02
2.940820e-03   7.816858e-30   1.000000e+02
2.968059e-03   9.708674e-30   1.000000e+02
2.995549e-03   1.208401e-29   1.000000e+02
3.023295e-03   1.507307e-29   1.000000e+02
3.051297e-03   1.884597e-29   1.000000e+02
3.079559e-03   2.362529e-29   1.000000e+02
3.108082e-03   2.970254e-29   1.000000e+02
3.136870e-03   3.746139e-29   1.000000e+02
3.165924e-03   4.740932e-29   1.000000e+02
3.195248e-03   6.022115e-29   1.000000e+02
3.224842e-03   7.679902e-29   1.000000e+02
3.254712e-03   9.835568e-29   1.000000e+02
3.284857e-03   1.265308e-28   1.000000e+02
3.315282e-03   1.635543e-28   1.000000e+02
3.345989e-03   2.124772e-28   1.000000e+02
3.376980e-03   2.775003e-28   1.000000e+02
3.408259e-03   3.644441e-28   1.000000e+02
3.439826e-03   4.814274e-28   1.000000e+02
3.471687e-03   6.398511e-28   1.000000e+02
3.503842e-03   8.558370e-28   1.000000e+02
3.536296e-03   1.152347e-27   1.000000e+02
3.569049e-03   1.562323e-27   1.000000e+02
3.602107e-03   2.133391e-27   1.000000e+02
3.635470e-03   2.934928e-27   1.000000e+02
3.669142e-03   4.068813e-27   1.000000e+02
3.703127e-03   5.685875e-27   1.000000e+02
3.737426e-03   8.011281e-27   1.000000e+02
3.772042e-03   1.138407e-26   1.000000e+02
3.806980e-03   1.631924e-26   1.000000e+02
3.842241e-03   2.360615e-26   1.000000e+02
3.877828e-03   3.446583e-26   1.000000e+02
3.913746e-03   5.080503e-26   1.000000e+02
3.949995e-03   7.563016e-26   1.000000e+02
3.986581e-03   1.137285e-25   1.000000e+02
4.023506e-03   1.727914e-25   1.000000e+02
4.060772e-03   2.651154e-25   1.000000e+02
4.098384e-03   4.103675e-25   1.000000e+02
4.136344e-03   6.401715e-25   1.000000e+02
4.174655e-03   1.005461e-24   1.000000e+02
4.213322e-03   1.588329e-24   1.000000e+02
4.252346e-03   2.521052e-24   1.000000e+02
4.291732e-03   4.016519e-24   1.000000e+02
4.331483e-03   6.416597e-24   1.000000e+02
4.371602e-03   1.026850e-23   1.000000e+02
4.412093e-03   1.644435e-23   1.000000e+02
4.452959e-03   2.632656e-23   1.000000e+02
4.494203e-03   4.209202e-23   1.000000e+02
4.535829e-03   6.714194e-23   1.000000e+02
4.577841e-03   1.067424e-22   1.000000e+02
4.620241e-03   1.689619e-22   1.000000e+02
4.663035e-03   2.660174e-22   1.000000e+02
4.706225e-03   4.161607e-22   1.000000e+02
4.749815e-03   6.462522e-22   1.000000e+02
4.793808e-03   9.951609e-22   1.000000e+02
4.838210e-03   1.518082e-21   1.000000e+02
4.883022e-03   2.291754e-21   1.000000e+02
4.928250e-03   3.420361e-21   1.000000e+02
4.973896e-03   5.041589e-21   1.000000e+02
5.019965e-03   7.332069e-21   1.000000e+02
5.066461e-03   1.051971e-20   1.000000e+02
5.113388e-03   1.490426e-20   1.000000e+02
5.160749e-03   2.087295e-20   1.000000e+02
5.208549e-03   2.892425e-20   1.000000e+02
5.256791e-03   3.969931e-20   1.000000e+02
5.305481e-03   5.402369e-20   1.000000e+02
5.354621e-03   7.296316e-20   1.000000e+02
5.404216e-03   9.789916e-20   1.000000e+02
5.454271e-03   1.306315e-19   1.000000e+02
5.504790e-03   1.735196e-19   1.000000e+02
5.555776e-03   2.296775e-19   1.000000e+02
5.607235e-03   3.032463e-19   1.000000e+02
5.659170e-03   3.997766e-19   1.000000e+02
5.711586e-03   5.267712e-19   1.000000e+02
5.764488e-03   6.944597e-19   1.000000e+02
5.817880e-03   9.169177e-19   1.000000e+02
5.871766e-03   1.213696e-18   1.000000e+02
5.926152e-03   1.612215e-18   1.000000e+02
5.981041e-03   2.151334e-18   1.000000e+02
6.036439e-03   2.886518e-18   1.000000e+02
6.092349e-03   3.894895e-18   1.000000e+02
6.148778e-03   5.283516e-18   1.000000e+02
6.205729e-03   7.202829e-18   1.000000e+02
6.263207e-03   9.864670e-18   1.000000e+02
6.321218e-03   1.356776e-17   1.000000e+02
6.379767e-03   1.873385e-17   1.000000e+02
6.438857e-03   2.595885e-17   1.000000e+02
6.498495e-03   3.608532e-17   1.000000e+02
6.558686e-03   5.030476e-17   1.000000e+02
6.619433e-03   7.030201e-17   1.000000e+02
6.680744e-03   9.845852e-17   1.000000e+02
6.742622e-03   1.381378e-16   1.000000e+02
6.805074e-03   1.940852e-16   1.000000e+02
6.868104e-03   2.729855e-16   1.000000e+02
6.931717e-03   3.842385e-16   1.000000e+02
6.995920e-03   5.410320e-16   1.000000e+02
7.060718e-03   7.618572e-16   1.000000e+02
7.126115e-03   1.072806e-15   1.000000e+02
7.192119e-03   1.510651e-15   1.000000e+02
7.258734e-03   2.127167e-15   1.000000e+02
7.325965e-03   2.995246e-15   1.000000e+02
7.393820e-03   4.217503e-15   1.000000e+02
7.462303e-03   5.938395e-15   1.000000e+02
7.531420e-03   8.361274e-15   1.000000e+02
7.601178e-03   1.177238e-14   1.000000e+02
7.671581e-03   1.657461e-14   1.000000e+02
7.742637e-03   2.333504e-14   1.000000e+02
7.814351e-03   3.285175e-14   1.000000e+02
7.886729e-03   4.624791e-14   1.000000e+02
7.959777e-03   6.510408e-14   1.000000e+02
8.033502e-03   9.164473e-14   1.000000e+02
8.107910e-03   1.290168e-13   1.000000e+02
8.183007e-03   1.816949e-13   1.000000e+02
8.258799e-03   2.560471e-13   1.000000e+02
8.335294e-03   3.611597e-13   1.000000e+02
8.412497e-03   5.100389e-13   1.000000e+02
8.490415e-03   7.213634e-13   1.000000e+02
8.569055e-03   1.022054e-12   1.000000e+02
8.648423e-03   1.451057e-12   1.000000e+02
8.728527e-03   2.064944e-12   1.000000e+02
8.809372e-03   2.946236e-12   1.000000e+02
8.890966e-03   4.215842e-12   1.000000e+02
8.973316e-03   6.051747e-12   1.000000e+02
9.056428e-03   8.716337e-12   1.000000e+02
9.140311e-03   1.258402e-11   1.000000e+02
9.224970e-03   1.818019e-11   1.000000e+02
9.310413e-03   2.623778e-11   1.000000e+02
9.396648e-03   3.776262e-11   1.000000e+02
9.483682e-03   5.410777e-11   1.000000e+02
9.571522e-03   7.705064e-11   1.000000e+02
9.660175e-03   1.088600e-10   1.000000e+02
9.749649e-03   1.523323e-10   1.000000e+02
9.839952e-03   2.107677e-10   1.000000e+02
9.931092e-03   2.878464e-10   1.000000e+02
1.002308e-02   3.873672e-10   1.000000e+02
1.011591e-02   5.134273e-10   1.000000e+02
1.020961e-02   6.714961e-10   1.000000e+02
1.030417e-02   8.684573e-10   1.000000e+02
1.039961e-02   1.113079e-09   1.000000e+02
1.049593e-02   1.416798e-09   1.000000e+02
1.059315e-02   1.794844e-09   1.000000e+02
1.069126e-02   2.267849e-09   1.000000e+02
1.079029e-02   2.864194e-09   1.000000e+02
1.089023e-02   3.623460e-09   1.000000e+02
1.099110e-02   4.601607e-09   1.000000e+02
1.109290e-02   5.876758e-09   1.000000e+02
1.119564e-02   7.547093e-09   1.000000e+02
1.129934e-02   9.739681e-09   1.000000e+02
1.140400e-02   1.262241e-08   1.000000e+02
1.150962e-02   1.641654e-08   1.000000e+02
1.161623e-02   2.141275e-08   1.000000e+02
1.172382e-02   2.799135e-08   1.000000e+02
1.183241e-02   3.664757e-08   1.000000e+02
1.194200e-02   4.802264e-08   1.000000e+02
1.205261e-02   6.294225e-08   1.000000e+02
1.216424e-02   8.249388e-08   1.000000e+02
1.227691e-02   1.081324e-07   1.000000e+02
1.239062e-02   1.417834e-07   1.000000e+02
1.250539e-02   1.859988e-07   1.000000e+02
1.262121e-02   2.441695e-07   1.000000e+02
1.273811e-02   3.208108e-07   1.000000e+02
1.285610e-02   4.219527e-07   1.000000e+02
1.297517e-02   5.556687e-07   1.000000e+02
1.309535e-02   7.327850e-07   1.000000e+02
1.321664e-02   9.677080e-07   1.000000e+02
1.333906e-02   1.279632e-06   1.000000e+02
1.346261e-02   1.694197e-06   1.000000e+02
1.358730e-02   2.245675e-06   1.000000e+02
1.371315e-02   2.979884e-06   1.000000e+02
1.384016e-02   3.958101e-06   1.000000e+02
1.396835e-02   5.262291e-06   1.000000e+02
1.409773e-02   7.002144e-06   1.000000e+02
1.422830e-02   9.324839e-06   1.000000e+02
1.436009e-02   1.242799e-05   1.000000e+02
1.449310e-02   1.657694e-05   1.000000e+02
1.462733e-02   2.212828e-05   1.000000e+02
1.476281e-02   2.956144e-05   1.000000e+02
1.489955e-02   3.952149e-05   1.000000e+02
1.503755e-02   5.287690e-05   1.000000e+02
1.517683e-02   7.079728e-05   1.000000e+02
1.531740e-02   9.485796e-05   1.000000e+02
1.545928e-02   1.271821e-04   1.000000e+02
1.560246e-02   1.706324e-04   1.000000e+02
1.574698e-02   2.290702e-04   1.000000e+02
1.589283e-02   3.077058e-04   1.000000e+02
1.604003e-02   4.135718e-04   1.000000e+02
1.618860e-02   5.561579e-04   1.000000e+02
1.633854e-02   7.482594e-04   1.000000e+02
1.648987e-02   1.007134e-03   1.000000e+02
1.664260e-02   1.356057e-03   1.000000e+02
1.679675e-02   1.826410e-03   1.000000e+02
1.695232e-02   2.460492e-03   1.000000e+02
1.710934e-02   3.315307e-03   1.000000e+02
1.726781e-02   4.467633e-03   1.000000e+02
1.742775e-02   6.020848e-03   1.000000e+02
1.758917e-02   8.114060e-03   1.000000e+02
1.775208e-02   1.093436e-02   1.000000e+02
1.791650e-02   1.473321e-02   1.000000e+02
1.808245e-02   1.984838e-02   1.000000e+02
1.824993e-02   2.673401e-02   1.000000e+02
1.841897e-02   3.600106e-02   1.000000e+02
1.858957e-02   4.847080e-02   1.000000e+02
1.876175e-02   6.524695e-02   1.000000e+02
1.893552e-02   8.781260e-02   1.000000e+02
1.911091e-02   1.181603e-01   1.000000e+02
1.928792e-02   1.589666e-01   1.000000e+02
1.946656e-02   2.138263e-01   1.000000e+02
1.964687e-02   2.875669e-01   1.000000e+02
1.982884e-02   3.866701e-01   1.000000e+02
2.001250e-02   5.198376e-01   1.000000e+02
2.019786e-02   6.987239e-01   1.000000e+02
2.038493e-02   9.388299e-01   1.000000e+02
2.057374e-02   1.260763e+00   1.000000e+02
2.076430e-02   1.691871e+00   1.000000e+02
2.095662e-02   2.268350e+00   1.000000e+02
2.115073e-02   3.037973e+00   1.000000e+02
2.134663e-02   4.063596e+00   1.000000e+02
2.154435e-02   5.427652e+00   1.000000e+02
2.174389e-02   7.237859e+00   1.000000e+02
2.194529e-02   9.634446e+00   1.000000e+02
2.214855e-02   1.279923e+01   1.000000e+02
2.235370e-02   1.696693e+01   1.000000e+02
2.256074e-02   2.243918e+01   1.000000e+02
2.276970e-02   2.960171e+01   1.000000e+02
2.298060e-02   3.894526e+01   1.000000e+02
2.319345e-02   5.109077e+01   1.000000e+02
2.340827e-02   6.681931e+01   1.000000e+02
2.362508e-02   8.710745e+01   1.000000e+02
2.384390e-02   1.131681e+02   1.000000e+02
2.406475e-02   1.464976e+02   1.000000e+02
2.428764e-02   1.889280e+02   1.000000e+02
2.451260e-02   2.426853e+02   1.000000e+02
2.473964e-02   3.104515e+02   1.000000e+02
2.496878e-02   3.954296e+02   1.000000e+02
2.520005e-02   5.014296e+02   1.000000e+02
2.543346e-02   6.330935e+02   1.000000e+02
2.566903e-02   7.960418e+02   1.000000e+02
2.590678e-02   9.970279e+02   1.000000e+02
2.614673e-02   1.244157e+03   1.000000e+02
2.638891e-02   1.547153e+03   1.000000e+02
2.663333e-02   1.917671e+03   1.000000e+02
2.688001e-02   2.369689e+03   1.000000e+02
2.712898e-02   2.919967e+03   1.000000e+02
2.738025e-02   3.588618e+03   1.000000e+02
2.763385e-02   4.399796e+03   1.000000e+02
2.788980e-02   5.382534e+03   1.000000e+02
2.814812e-02   6.571787e+03   1.000000e+02
2.840884e-02   8.009688e+03   1.000000e+02
2.867196e-02   9.747125e+03   1.000000e+02
2.893753e-02   1.184566e+04   1.000000e+02
2.920556e-02   1.437995e+04   1.000000e+02
2.947606e-02   1.744070e+04   1.000000e+02
2.974908e-02   2.113839e+04   1.000000e+02
3.002462e-02   2.560794e+04   1.000000e+02
3.030271e-02   3.100614e+04   1.000000e+02
3.058338e-02   3.748913e+04   1.000000e+02
3.086665e-02   4.521611e+04   1.000000e+02
3.115254e-02   5.434461e+04   1.000000e+02
3.144108e-02   6.501904e+04   1.000000e+02
3.173230e-02   7.735546e+04   1.000000e+02
3.202621e-02   9.142249e+04   1.000000e+02
3.232284e-02   1.072191e+05   1.000000e+02
3.262222e-02   1.246504e+05   1.000000e+02
3.292437e-02   1.435037e+05   1.000000e+02
3.322933e-02   1.634278e+05   1.000000e+02
3.353710e-02   1.839192e+05   1.000000e+02
3.384773e-02   2.043208e+05   1.000000e+02
3.416123e-02   2.238347e+05   1.000000e+02
3.447764e-02   2.415556e+05   1.000000e+02
3.479698e-02   2.565234e+05   1.000000e+02
3.511928e-02   2.677950e+05   1.000000e+02
3.544456e-02   2.745295e+05   1.000000e+02
3.577285e-02   2.760781e+05   1.000000e+02
3.610419e-02   2.720675e+05   1.000000e+02
3.643859e-02   2.624634e+05   1.000000e+02
3.677609e-02   2.476015e+05   1.000000e+02
3.711672e-02   2.281791e+05   1.000000e+02
3.746050e-02   2.052022e+05   1.000000e+02
3.780747e-02   1.798940e+05   1.000000e+02
3.815765e-02   1.535769e+05   1.000000e+02
3.851107e-02   1.275423e+05   1.000000e+02
3.886777e-02   1.029314e+05   1.000000e+02
3.922777e-02   8.064027e+04   1.000000e+02
3.959110e-02   6.126490e+04   1.000000e+02
3.995780e-02   4.508921e+04   1.000000e+02
4.032790e-02   3.212917e+04   1.000000e+02
4.070142e-02   2.221756e+04   1.000000e+02
4.107841e-02   1.495902e+04   1.000000e+02
4.145888e-02   9.839193e+03   1.000000e+02
4.184289e-02   6.343159e+03   1.000000e+02
4.223044e-02   4.021439e+03   1.000000e+02
4.262159e-02   2.515517e+03   1.000000e+02
4.301636e-02   1.557696e+03   1.000000e+02
4.341478e-02   9.580498e+02   1.000000e+02
4.381690e-02   5.871963e+02   1.000000e+02
4.422274e-02   3.598391e+02   1.000000e+02
4.463234e-02   2.212093e+02   1.000000e+02
4.504573e-02   1.368700e+02   1.000000e+02
4.546295e-02   8.551906e+01   1.000000e+02
4.588404e-02   5.413868e+01   1.000000e+02
4.630903e-02   3.484034e+01   1.000000e+02
4.673795e-02   2.286794e+01   1.000000e+02
4.717085e-02   1.535966e+01   1.000000e+02
4.760775e-02   1.059221e+01   1.000000e+02
4.804870e-02   7.524561e+00   1.000000e+02
4.849374e-02   5.524665e+00   1.000000e+02
4.894290e-02   4.206306e+00   1.000000e+02
4.939622e-02   3.332006e+00   1.000000e+02
4.985373e-02   2.755249e+00   1.000000e+02
5.031549e-02   2.385383e+00   1.000000e+02
5.078152e-02   2.160545e+00   1.000000e+02
5.125187e-02   2.040964e+00   1.000000e+02
5.172657e-02   2.004559e+00   1.000000e+02
5.220568e-02   2.040599e+00   1.000000e+02
5.268921e-02   2.146330e+00   1.000000e+02
5.317723e-02   2.325301e+00   1.000000e+02
5.366977e-02   2.586724e+00   1.000000e+02
5.416687e-02   2.945464e+00   1.000000e+02
5.466857e-02   3.422426e+00   1.000000e+02
5.517492e-02   4.045158e+00   1.000000e+02
5.568596e-02   4.848442e+00   1.000000e+02
5.620174e-02   5.874602e+00   1.000000e+02
5.672229e-02   7.173126e+00   1.000000e+02
5.724766e-02   8.799066e+00   1.000000e+02
5.777790e-02   1.080953e+01   1.000000e+02
5.831305e-02   1.325757e+01   1.000000e+02
5.885316e-02   1.618273e+01   1.000000e+02
5.939827e-02   1.959813e+01   1.000000e+02
5.994843e-02   2.347452e+01   1.000000e+02
6.050368e-02   2.773731e+01   1.000000e+02
6.106408e-02   3.233399e+01   1.000000e+02
6.162966e-02   3.722302e+01   1.000000e+02
6.220049e-02   4.235955e+01   1.000000e+02
6.277660e-02   4.769892e+01   1.000000e+02
6.335805e-02   5.320022e+01   1.000000e+02
6.394488e-02   5.882964e+01   1.000000e+02
6.453715e-02   6.456348e+01   1.000000e+02
6.513491e-02   7.039077e+01   1.000000e+02
6.573820e-02   7.631551e+01   1.000000e+02
6.634708e-02   8.235846e+01   1.000000e+02
6.696160e-02   8.855890e+01   1.000000e+02
6.758181e-02   9.497621e+01   1.000000e+02
6.820777e-02   1.016919e+02   1.000000e+02
6.883952e-02   1.088120e+02   1.000000e+02
6.947713e-02   1.164705e+02   1.000000e+02
7.012064e-02   1.248344e+02   1.000000e+02
7.077011e-02   1.340615e+02   1.000000e+02
7.142559e-02   1.442238e+02   1.000000e+02
7.208715e-02   1.553794e+02   1.000000e+02
7.275484e-02   1.675842e+02   1.000000e+02
7.342870e-02   1.808909e+02   1.000000e+02
7.410882e-02   1.953459e+02   1.000000e+02
7.479523e-02   2.109870e+02   1.000000e+02
7.548799e-02   2.278409e+02   1.000000e+02
7.618718e-02   2.459190e+02   1.000000e+02
7.689284e-02   2.652145e+02   1.000000e+02
7.760503e-02   2.856981e+02   1.000000e+02
7.832383e-02   3.073142e+02   1.000000e+02
7.904928e-02   3.299766e+02   1.000000e+02
7.978145e-02   3.535649e+02   1.000000e+02
8.052040e-02   3.779188e+02   1.000000e+02
8.126619e-02   4.028136e+02   1.000000e+02
8.201889e-02   4.279614e+02   1.000000e+02
8.277857e-02   4.530208e+02   1.000000e+02
8.354528e-02   4.775988e+02   1.000000e+02
8.431909e-02   5.012542e+02   1.000000e+02
8.510007e-02   5.235051e+02   1.000000e+02
8.588829e-02   5.438388e+02   1.000000e+02
8.668380e-02   5.617256e+02   1.000000e+02
8.748668e-02   5.766354e+02   1.000000e+02
8.829700e-02   5.880575e+02   1.000000e+02
8.911482e-02   5.955222e+02   1.000000e+02
8.994022e-02   5.986241e+02   1.000000e+02
9.077327e-02   5.972197e+02   1.000000e+02
9.161402e-02   5.921291e+02   1.000000e+02
9.246257e-02   5.844882e+02   1.000000e+02
9.331898e-02   5.754227e+02   1.000000e+02
9.418332e-02   5.660112e+02   1.000000e+02
9.505566e-02   5.572686e+02   1.000000e+02
9.593608e-02   5.501493e+02   1.000000e+02
9.682466e-02   5.455667e+02   1.000000e+02
9.772147e-02   5.444288e+02   1.000000e+02
9.862658e-02   5.476907e+02   1.000000e+02
9.954008e-02   5.564233e+02   1.000000e+02
1.004620e-01   5.718675e+02   1.000000e+02
1.013925e-01   5.946379e+02   1.000000e+02
1.023317e-01   6.246340e+02   1.000000e+02
1.032795e-01   6.618098e+02   1.000000e+02
1.042361e-01   7.061451e+02   1.000000e+02
1.052015e-01   7.575766e+02   1.000000e+02
1.061759e-01   8.159237e+02   1.000000e+02
1.071593e-01   8.808087e+02   1.000000e+02
1.081519e-01   9.515713e+02   1.000000e+02
1.091536e-01   1.027182e+03   1.000000e+02
1.101646e-01   1.106163e+03   1.000000e+02
1.111850e-01   1.187142e+03   1.000000e+02
1.122148e-01   1.270015e+03   1.000000e+02
1.132541e-01   1.354985e+03   1.000000e+02
1.143031e-01   1.442368e+03   1.000000e+02
1.153618e-01   1.532606e+03   1.000000e+02
1.164303e-01   1.626276e+03   1.000000e+02
1.175087e-01   1.724107e+03   1.000000e+02
1.185971e-01   1.826993e+03   1.000000e+02
1.196956e-01   1.936017e+03   1.000000e+02
1.208042e-01   2.052396e+03   1.000000e+02
1.219231e-01   2.176797e+03   1.000000e+02
1.230524e-01   2.309505e+03   1.000000e+02
1.241921e-01   2.450770e+03   1.000000e+02
1.253424e-01   2.600801e+03   1.000000e+02
1.265034e-01   2.759759e+03   1.000000e+02
1.276751e-01   2.927743e+03   1.000000e+02
1.288576e-01   3.104781e+03   1.000000e+02
1.300511e-01   3.290816e+03   1.000000e+02
1.312557e-01   3.485728e+03   1.000000e+02
1.324714e-01   3.689415e+03   1.000000e+02
1.336984e-01   3.901720e+03   1.000000e+02
1.349367e-01   4.122394e+03   1.000000e+02
1.361865e-01   4.351088e+03   1.000000e+02
1.374479e-01   4.587346e+03   1.000000e+02
1.387210e-01   4.830597e+03   1.000000e+02
1.400058e-01   5.080142e+03   1.000000e+02
1.413026e-01   5.335596e+03   1.000000e+02
1.426114e-01   5.598357e+03   1.000000e+02
1.439323e-01   5.870595e+03   1.000000e+02
1.452654e-01   6.154900e+03   1.000000e+02
1.466109e-01   6.454322e+03   1.000000e+02
1.479688e-01   6.772430e+03   1.000000e+02
1.493393e-01   7.113381e+03   1.000000e+02
1.507225e-01   7.481897e+03   1.000000e+02
1.521186e-01   7.880816e+03   1.000000e+02
1.535275e-01   8.310660e+03   1.000000e+02
1.549495e-01   8.771631e+03   1.000000e+02
1.563847e-01   9.263631e+03   1.000000e+02
1.578331e-01   9.786193e+03   1.000000e+02
1.592950e-01   1.033841e+04   1.000000e+02
1.607704e-01   1.091891e+04   1.000000e+02
1.622595e-01   1.152739e+04   1.000000e+02
1.637624e-01   1.216487e+04   1.000000e+02
1.652792e-01   1.283247e+04   1.000000e+02
1.668101e-01   1.353132e+04   1.000000e+02
1.683551e-01   1.426259e+04   1.000000e+02
1.699144e-01   1.502748e+04   1.000000e+02
1.714882e-01   1.582721e+04   1.000000e+02
1.730766e-01   1.666305e+04   1.000000e+02
1.746796e-01   1.753627e+04   1.000000e+02
1.762975e-01   1.844820e+04   1.000000e+02
1.779304e-01   1.940018e+04   1.000000e+02
1.795785e-01   2.039359e+04   1.000000e+02
1.812418e-01   2.142988e+04   1.000000e+02
1.829205e-01   2.251091e+04   1.000000e+02
1.846147e-01   2.363886e+04   1.000000e+02
1.863246e-01   2.481605e+04   1.000000e+02
1.880504e-01   2.604501e+04   1.000000e+02
1.897922e-01   2.732844e+04   1.000000e+02
1.915501e-01   2.866926e+04   1.000000e+02
1.933242e-01   3.007063e+04   1.000000e+02
1.951148e-01   3.153591e+04   1.000000e+02
1.969220e-01   3.306879e+04   1.000000e+02
1.987460e-01   3.467319e+04   1.000000e+02
2.005868e-01   3.635338e+04   1.000000e+02
2.024447e-01   3.811345e+04   1.000000e+02
2.043197e-01   3.995691e+04   1.000000e+02
2.062122e-01   4.188734e+04   1.000000e+02
2.081222e-01   4.390840e+04   1.000000e+02
2.100498e-01   4.602389e+04   1.000000e+02
2.119953e-01   4.823774e+04   1.000000e+02
2.139589e-01   5.055397e+04   1.000000e+02
2.159406e-01   5.297674e+04   1.000000e+02
2.179407e-01   5.551031e+04   1.000000e+02
2.199593e-01   5.815909e+04   1.000000e+02
2.219966e-01   6.092757e+04   1.000000e+02
2.240528e-01   6.382038e+04   1.000000e+02
2.261280e-01   6.684224e+04   1.000000e+02
2.282224e-01   6.999801e+04   1.000000e+02
2.303363e-01   7.329264e+04   1.000000e+02
2.324697e-01   7.673117e+04   1.000000e+02
2.346229e-01   8.031877e+04   1.000000e+02
2.367960e-01   8.406069e+04   1.000000e+02
2.389893e-01   8.796226e+04   1.000000e+02
2.412028e-01   9.202891e+04   1.000000e+02
2.434369e-01   9.626614e+04   1.000000e+02
2.456916e-01   1.006795e+05   1.000000e+02
2.479673e-01   1.052746e+05   1.000000e+02
2.502640e-01   1.100572e+05   1.000000e+02
2.525820e-01   1.150332e+05   1.000000e+02
2.549215e-01   1.202097e+05   1.000000e+02
2.572826e-01   1.255939e+05   1.000000e+02
2.596656e-01   1.311934e+05   1.000000e+02
2.620707e-01   1.370163e+05   1.000000e+02
2.644980e-01   1.430706e+05   1.000000e+02
2.669478e-01   1.493649e+05   1.000000e+02
2.694204e-01   1.559079e+05   1.000000e+02
2.719158e-01   1.627088e+05   1.000000e+02
2.744343e-01   1.697771e+05   1.000000e+02
2.769762e-01   1.771226e+05   1.000000e+02
2.795416e-01   1.847554e+05   1.000000e+02
2.821308e-01   1.926861e+05   1.000000e+02
2.847439e-01   2.009258e+05   1.000000e+02
2.873813e-01   2.094858e+05   1.000000e+02
2.900430e-01   2.183780e+05   1.000000e+02
2.927295e-01   2.276147e+05   1.000000e+02
2.954408e-01   2.372086e+05   1.000000e+02
2.981772e-01   2.471731e+05   1.000000e+02
3.009390e-01   2.575218e+05   1.000000e+02
3.037264e-01   2.682684e+05   1.000000e+02
3.065395e-01   2.794256e+05   1.000000e+02
3.093788e-01   2.910063e+05   1.000000e+02
3.122443e-01   3.030235e+05   1.000000e+02
3.151363e-01   3.154906e+05   1.000000e+02
3.180552e-01   3.284211e+05   1.000000e+02
3.210011e-01   3.418285e+05   1.000000e+02
3.239743e-01   3.557269e+05   1.000000e+02
3.269750e-01   3.701303e+05   1.000000e+02
3.300035e-01   3.850528e+05   1.000000e+02
3.330600e-01   4.005088e+05   1.000000e+02
3.361449e-01   4.165126e+05   1.000000e+02
3.392583e-01   4.330790e+05   1.000000e+02
3.424006e-01   4.502224e+05   1.000000e+02
3.455720e-01   4.679576e+05   1.000000e+02
3.487727e-01   4.862993e+05   1.000000e+02
3.520031e-01   5.052625e+05   1.000000e+02
3.552635e-01   5.248654e+05   1.000000e+02
3.585540e-01   5.451294e+05   1.000000e+02
3.618750e-01   5.660767e+05   1.000000e+02
3.652267e-01   5.877305e+05   1.000000e+02
3.686095e-01   6.101152e+05   1.000000e+02
3.720237e-01   6.332560e+05   1.000000e+02
3.754694e-01   6.571794e+05   1.000000e+02
3.789471e-01   6.819132e+05   1.000000e+02
3.824570e-01   7.074861e+05   1.000000e+02
3.859994e-01   7.339286e+05   1.000000e+02
3.895746e-01   7.612722e+05   1.000000e+02
3.931829e-01   7.895502e+05   1.000000e+02
3.968246e-01   8.187974e+05   1.000000e+02
4.005001e-01   8.490500e+05   1.000000e+02
4.042096e-01   8.803423e+05   1.000000e+02
4.079535e-01   9.126984e+05   1.000000e+02
4.117320e-01   9.461403e+05   1.000000e+02
4.155455e-01   9.806893e+05   1.000000e+02
4.193944e-01   1.016366e+06   1.000000e+02
4.232789e-01   1.053189e+06   1.000000e+02
4.271994e-01   1.091178e+06   1.000000e+02
4.311562e-01   1.130350e+06   1.000000e+02
4.351497e-01   1.170721e+06   1.000000e+02
4.391801e-01   1.212305e+06   1.000000e+02
4.432479e-01   1.255115e+06   1.000000e+02
4.473533e-01   1.299163e+06   1.000000e+02
4.514968e-01   1.344459e+06   1.000000e+02
4.556786e-01   1.391021e+06   1.000000e+02
4.598992e-01   1.438887e+06   1.000000e+02
4.641589e-01   1.488097e+06   1.000000e+02
4.684580e-01   1.538695e+06   1.000000e+02
4.727970e-01   1.590726e+06   1.000000e+02
4.771761e-01   1.644237e+06   1.000000e+02
4.815958e-01   1.699278e+06   1.000000e+02
4.860564e-01   1.755902e+06   1.000000e+02
4.905584e-01   1.814166e+06   1.000000e+02
4.951020e-01   1.874129e+06   1.000000e+02
4.996877e-01   1.935852e+06   1.000000e+02
5.043159e-01   1.999399e+06   1.000000e+02
5.089870e-01   2.064816e+06   1.000000e+02
5.137014e-01   2.132145e+06   1.000000e+02
5.184594e-01   2.201429e+06   1.000000e+02
5.232614e-01   2.272709e+06   1.000000e+02
5.281080e-01   2.346028e+06   1.000000e+02
5.329994e-01   2.421430e+06   1.000000e+02
5.379362e-01   2.498956e+06   1.000000e+02
5.429186e-01   2.578651e+06   1.000000e+02
5.479472e-01   2.660555e+06   1.000000e+02
5.530224e-01   2.744713e+06   1.000000e+02
5.581446e-01   2.831166e+06   1.000000e+02
5.633143e-01   2.919957e+06   1.000000e+02
5.685318e-01   3.011128e+06   1.000000e+02
5.737976e-01   3.104721e+06   1.000000e+02
5.791123e-01   3.200777e+06   1.000000e+02
5.844761e-01   3.299336e+06   1.000000e+02
5.898896e-01   3.400440e+06   1.000000e+02
5.953533e-01   3.504127e+06   1.000000e+02
6.008676e-01   3.610436e+06   1.000000e+02
6.064329e-01   3.719410e+06   1.000000e+02
6.120498e-01   3.831097e+06   1.000000e+02
6.177188e-01   3.945550e+06   1.000000e+02
6.234402e-01   4.062822e+06   1.000000e+02
6.292146e-01   4.182966e+06   1.000000e+02
6.350425e-01   4.306035e+06   1.000000e+02
6.409244e-01   4.432086e+06   1.000000e+02
6.468608e-01   4.561172e+06   1.000000e+02
6.528521e-01   4.693351e+06   1.000000e+02
6.588990e-01   4.828679e+06   1.000000e+02
6.650018e-01   4.967214e+06   1.000000e+02
6.711612e-01   5.109015e+06   1.000000e+02
6.773776e-01   5.254140e+06   1.000000e+02
6.836516e-01   5.402651e+06   1.000000e+02
6.899837e-01   5.554607e+06   1.000000e+02
6.963745e-01   5.710070e+06   1.000000e+02
7.028244e-01   5.869103e+06   1.000000e+02
7.093341e-01   6.031766e+06   1.000000e+02
7.159041e-01   6.198116e+06   1.000000e+02
7.225349e-01   6.368209e+06   1.000000e+02
7.292272e-01   6.542102e+06   1.000000e+02
7.359814e-01   6.719852e+06   1.000000e+02
7.427982e-01   6.901515e+06   1.000000e+02
7.496782e-01   7.087148e+06   1.000000e+02
7.566219e-01   7.276806e+06   1.000000e+02
7.636298e-01   7.470548e+06   1.000000e+02
7.707027e-01   7.668428e+06   1.000000e+02
7.778411e-01   7.870502e+06   1.000000e+02
7.850456e-01   8.076827e+06   1.000000e+02
7.923169e-01   8.287457e+06   1.000000e+02
7.996555e-01   8.502447e+06   1.000000e+02
8.070620e-01   8.721853e+06   1.000000e+02
8.145372e-01   8.945731e+06   1.000000e+02
8.220816e-01   9.174138e+06   1.000000e+02
8.296959e-01   9.407130e+06   1.000000e+02
8.373807e-01   9.644765e+06   1.000000e+02
8.451366e-01   9.887097e+06   1.000000e+02
8.529644e-01   1.013418e+07   1.000000e+02
8.608648e-01   1.038608e+07   1.000000e+02
8.688383e-01   1.064284e+07   1.000000e+02
8.768856e-01   1.090452e+07   1.000000e+02
8.850075e-01   1.117117e+07   1.000000e+02
8.932046e-01   1.144286e+07   1.000000e+02
9.014776e-01   1.171962e+07   1.000000e+02
9.098273e-01   1.200152e+07   1.000000e+02
9.182543e-01   1.228860e+07   1.000000e+02
9.267593e-01   1.258093e+07   1.000000e+02
9.353432e-01   1.287854e+07   1.000000e+02
9.440065e-01   1.318150e+07   1.000000e+02
9.527500e-01   1.348984e+07   1.000000e+02
9.615746e-01   1.380362e+07   1.000000e+02
9.704809e-01   1.412290e+07   1.000000e+02
9.794697e-01   1.444770e+07   1.000000e+02
9.885417e-01   1.477809e+07   1.000000e+02
9.976978e-01   1.511411e+07   1.000000e+02
1.006939e+00   1.545580e+07   1.000000e+02
1.016265e+00   1.580321e+07   1.000000e+02
1.025678e+00   1.615638e+07   1.000000e+02
1.035178e+00   1.651535e+07   1.000000e+02
1.044766e+00   1.688015e+07   1.000000e+02
1.054443e+00   1.725084e+07   1.000000e+02
1.064209e+00   1.762745e+07   1.000000e+02
1.074066e+00   1.801001e+07   1.000000e+02
1.084014e+00   1.839856e+07   1.000000e+02
1.094055e+00   1.879314e+07   1.000000e+02
1.104188e+00   1.919377e+07   1.000000e+02
1.114415e+00   1.960050e+07   1.000000e+02
1.124737e+00   2.001334e+07   1.000000e+02
1.135155e+00   2.043233e+07   1.000000e+02
1.145669e+00   2.085749e+07   1.000000e+02
1.156280e+00   2.128886e+07   1.000000e+02
1.166990e+00   2.172645e+07   1.000000e+02
1.177799e+00   2.217029e+07   1.000000e+02
1.188708e+00   2.262039e+07   1.000000e+02
1.199718e+00   2.307679e+07   1.000000e+02
1.210830e+00   2.353948e+07   1.000000e+02
1.222045e+00   2.400850e+07   1.000000e+02
1.233363e+00   2.448386e+07   1.000000e+02
1.244787e+00   2.496556e+07   1.000000e+02
1.256317e+00   2.545362e+07   1.000000e+02
1.267953e+00   2.594809e+07   1.000000e+02
1.279697e+00   2.644903e+07   1.000000e+02
1.291550e+00   2.695652e+07   1.000000e+02
1.303512e+00   2.747064e+07   1.000000e+02
1.315586e+00   2.799148e+07   1.000000e+02
1.327771e+00   2.851911e+07   1.000000e+02
1.340069e+00   2.905364e+07   1.000000e+02
1.352481e+00   2.959515e+07   1.000000e+02
1.365008e+00   3.014374e+07   1.000000e+02
1.377651e+00   3.069951e+07   1.000000e+02
1.390411e+00   3.126257e+07   1.000000e+02
1.403289e+00   3.183303e+07   1.000000e+02
1.416287e+00   3.241101e+07   1.000000e+02
1.429405e+00   3.299661e+07   1.000000e+02
1.442644e+00   3.358998e+07   1.000000e+02
1.456006e+00   3.419123e+07   1.000000e+02
1.469492e+00   3.480049e+07   1.000000e+02
1.483103e+00   3.541792e+07   1.000000e+02
1.496839e+00   3.604365e+07   1.000000e+02
1.510703e+00   3.667781e+07   1.000000e+02
1.524696e+00   3.732031e+07   1.000000e+02
1.538818e+00   3.797091e+07   1.000000e+02
1.553071e+00   3.862940e+07   1.000000e+02
1.567455e+00   3.929550e+07   1.000000e+02
1.581973e+00   3.996895e+07   1.000000e+02
1.596626e+00   4.064943e+07   1.000000e+02
1.611414e+00   4.133664e+07   1.000000e+02
1.626340e+00   4.203022e+07   1.000000e+02
1.641403e+00   4.272981e+07   1.000000e+02
1.656606e+00   4.343503e+07   1.000000e+02
1.671950e+00   4.414544e+07   1.000000e+02
1.687436e+00   4.486063e+07   1.000000e+02
1.703065e+00   4.558012e+07   1.000000e+02
1.718839e+00   4.630343e+07   1.000000e+02
1.734759e+00   4.703005e+07   1.000000e+02
1.750827e+00   4.775944e+07   1.000000e+02
1.767044e+00   4.849119e+07   1.000000e+02
1.783410e+00   4.922541e+07   1.000000e+02
1.799929e+00   4.996234e+07   1.000000e+02
1.816600e+00   5.070225e+07   1.000000e+02
1.833425e+00   5.144543e+07   1.000000e+02
1.850407e+00   5.219218e+07   1.000000e+02
1.867546e+00   5.294284e+07   1.000000e+02
1.884843e+00   5.369777e+07   1.000000e+02
1.902301e+00   5.445736e+07   1.000000e+02
1.919921e+00   5.522202e+07   1.000000e+02
1.937703e+00   5.599218e+07   1.000000e+02
1.955651e+00   5.676831e+07   1.000000e+02
1.973764e+00   5.755088e+07   1.000000e+02
1.992046e+00   5.834043e+07   1.000000e+02
2.010496e+00   5.913747e+07   1.000000e+02
2.029118e+00   5.994220e+07   1.000000e+02
2.047912e+00   6.075452e+07   1.000000e+02
2.066880e+00   6.157433e+07   1.000000e+02
2.086024e+00   6.240150e+07   1.000000e+02
2.105345e+00   6.323590e+07   1.000000e+02
2.124845e+00   6.407740e+07   1.000000e+02
2.144526e+00   6.492585e+07   1.000000e+02
2.164389e+00   6.578110e+07   1.000000e+02
2.184436e+00   6.664299e+07   1.000000e+02
2.204669e+00   6.751135e+07   1.000000e+02
2.225089e+00   6.838601e+07   1.000000e+02
2.245698e+00   6.926676e+07   1.000000e+02
2.266498e+00   7.015342e+07   1.000000e+02
2.287491e+00   7.104578e+07   1.000000e+02
2.308678e+00   7.194362e+07   1.000000e+02
2.330061e+00   7.284672e+07   1.000000e+02
2.351643e+00   7.375484e+07   1.000000e+02
2.373424e+00   7.466773e+07   1.000000e+02
2.395407e+00   7.558515e+07   1.000000e+02
2.417594e+00   7.650682e+07   1.000000e+02
2.439986e+00   7.743248e+07   1.000000e+02
2.462586e+00   7.836183e+07   1.000000e+02
2.485395e+00   7.929459e+07   1.000000e+02
2.508415e+00   8.023044e+07   1.000000e+02
2.531648e+00   8.116919e+07   1.000000e+02
2.555097e+00   8.211077e+07   1.000000e+02
2.578763e+00   8.305515e+07   1.000000e+02
2.602648e+00   8.400227e+07   1.000000e+02
2.626754e+00   8.495211e+07   1.000000e+02
2.651084e+00   8.590463e+07   1.000000e+02
2.675638e+00   8.685980e+07   1.000000e+02
2.700421e+00   8.781758e+07   1.000000e+02
2.725433e+00   8.877795e+07   1.000000e+02
2.750676e+00   8.974088e+07   1.000000e+02
2.776153e+00   9.070636e+07   1.000000e+02
2.801867e+00   9.167436e+07   1.000000e+02
2.827818e+00   9.264488e+07   1.000000e+02
2.854010e+00   9.361789e+07   1.000000e+02
2.880444e+00   9.459339e+07   1.000000e+02
2.907123e+00   9.557137e+07   1.000000e+02
2.934050e+00   9.655184e+07   1.000000e+02
2.961225e+00   9.753479e+07   1.000000e+02
2.988653e+00   9.852023e+07   1.000000e+02
3.016334e+00   9.950816e+07   1.000000e+02
3.044272e+00   1.004985e+08   1.000000e+02
3.072469e+00   1.014912e+08   1.000000e+02
3.100927e+00   1.024861e+08   1.000000e+02
3.129648e+00   1.034831e+08   1.000000e+02
3.158635e+00   1.044821e+08   1.000000e+02
3.187891e+00   1.054829e+08   1.000000e+02
3.217418e+00   1.064855e+08   1.000000e+02
3.247218e+00   1.074897e+08   1.000000e+02
3.277295e+00   1.084954e+08   1.000000e+02
3.307650e+00   1.095025e+08   1.000000e+02
3.338286e+00   1.105109e+08   1.000000e+02
3.369206e+00   1.115204e+08   1.000000e+02
3.400412e+00   1.125309e+08   1.000000e+02
3.431907e+00   1.135423e+08   1.000000e+02
3.463694e+00   1.145545e+08   1.000000e+02
3.495776e+00   1.155673e+08   1.000000e+02
3.528154e+00   1.165806e+08   1.000000e+02
3.560833e+00   1.175943e+08   1.000000e+02
3.593814e+00   1.186084e+08   1.000000e+02
3.627100e+00   1.196227e+08   1.000000e+02
3.660695e+00   1.206371e+08   1.000000e+02
3.694601e+00   1.216516e+08   1.000000e+02
3.728821e+00   1.226660e+08   1.000000e+02
3.763358e+00   1.236803e+08   1.000000e+02
3.798215e+00   1.246944e+08   1.000000e+02
3.833395e+00   1.257082e+08   1.000000e+02
3.868901e+00   1.267216e+08   1.000000e+02
3.904735e+00   1.277346e+08   1.000000e+02
3.940902e+00   1.287469e+08   1.000000e+02
3.977403e+00   1.297587e+08   1.000000e+02
4.014242e+00   1.307697e+08   1.000000e+02
4.051423e+00   1.317798e+08   1.000000e+02
4.088948e+00   1.327891e+08   1.000000e+02
4.126821e+00   1.337973e+08   1.000000e+02
4.165044e+00   1.348044e+08   1.000000e+02
4.203622e+00   1.358103e+08   1.000000e+02
4.242556e+00   1.368149e+08   1.000000e+02
4.281852e+00   1.378180e+08   1.000000e+02
4.321511e+00   1.388195e+08   1.000000e+02
4.361538e+00   1.398195e+08   1.000000e+02
4.401935e+00   1.408177e+08   1.000000e+02
4.442707e+00   1.418141e+08   1.000000e+02
4.483856e+00   1.428085e+08   1.000000e+02
4.525386e+00   1.438009e+08   1.000000e+02
4.567301e+00   1.447912e+08   1.000000e+02
4.609604e+00   1.457792e+08   1.000000e+02
4.652300e+00   1.467649e+08   1.000000e+02
4.695390e+00   1.477482e+08   1.000000e+02
4.738880e+00   1.487290e+08   1.000000e+02
4.782772e+00   1.497071e+08   1.000000e+02
4.827071e+00   1.506826e+08   1.000000e+02
4.871780e+00   1.516552e+08   1.000000e+02
4.916904e+00   1.526250e+08   1.000000e+02
4.962445e+00   1.535917e+08   1.000000e+02
5.008408e+00   1.545554e+08   1.000000e+02
5.054797e+00   1.555159e+08   1.000000e+02
5.101615e+00   1.564730e+08   1.000000e+02
5.148867e+00   1.574268e+08   1.000000e+02
5.196557e+00   1.583769e+08   1.000000e+02
5.244689e+00   1.593234e+08   1.000000e+02
5.293266e+00   1.602660e+08   1.000000e+02
5.342293e+00   1.612046e+08   1.000000e+02
5.391775e+00   1.621391e+08   1.000000e+02
5.441714e+00   1.630694e+08   1.000000e+02
5.492116e+00   1.639954e+08   1.000000e+02
5.542986e+00   1.649168e+08   1.000000e+02
5.594326e+00   1.658336e+08   1.000000e+02
5.646141e+00   1.667456e+08   1.000000e+02
5.698437e+00   1.676527e+08   1.000000e+02
5.751217e+00   1.685548e+08   1.000000e+02
5.804486e+00   1.694517e+08   1.000000e+02
5.858248e+00   1.703433e+08   1.000000e+02
5.912508e+00   1.712296e+08   1.000000e+02
5.967271e+00   1.721102e+08   1.000000e+02
6.022541e+00   1.729852e+08   1.000000e+02
6.078323e+00   1.738543e+08   1.000000e+02
6.134622e+00   1.747176e+08   1.000000e+02
6.191442e+00   1.755747e+08   1.000000e+02
6.248788e+00   1.764257e+08   1.000000e+02
6.306666e+00   1.772704e+08   1.000000e+02
6.365079e+00   1.781086e+08   1.000000e+02
6.424034e+00   1.789403e+08   1.000000e+02
6.483534e+00   1.797653e+08   1.000000e+02
6.543586e+00   1.805836e+08   1.000000e+02
6.604194e+00   1.813949e+08   1.000000e+02
6.665363e+00   1.821992e+08   1.000000e+02
6.727099e+00   1.829963e+08   1.000000e+02
6.789407e+00   1.837862e+08   1.000000e+02
6.852292e+00   1.845688e+08   1.000000e+02
6.915759e+00   1.853438e+08   1.000000e+02
6.979814e+00   1.861112e+08   1.000000e+02
7.044462e+00   1.868709e+08   1.000000e+02
7.109709e+00   1.876227e+08   1.000000e+02
7.175561e+00   1.883666e+08   1.000000e+02
7.242022e+00   1.891023e+08   1.000000e+02
7.309099e+00   1.898298e+08   1.000000e+02
7.376798e+00   1.905488e+08   1.000000e+02
7.445123e+00   1.912593e+08   1.000000e+02
7.514081e+00   1.919610e+08   1.000000e+02
7.583678e+00   1.926540e+08   1.000000e+02
7.653919e+00   1.933380e+08   1.000000e+02
7.724811e+00   1.940129e+08   1.000000e+02
7.796360e+00   1.946785e+08   1.000000e+02
7.868572e+00   1.953348e+08   1.000000e+02
7.941452e+00   1.959816e+08   1.000000e+02
8.015007e+00   1.966187e+08   1.000000e+02
8.089243e+00   1.972461e+08   1.000000e+02
8.164168e+00   1.978636e+08   1.000000e+02
8.239786e+00   1.984711e+08   1.000000e+02
8.316104e+00   1.990685e+08   1.000000e+02
8.393129e+00   1.996557e+08   1.000000e+02
8.470868e+00   2.002326e+08   1.000000e+02
8.549327e+00   2.007991e+08   1.000000e+02
8.628513e+00   2.013551e+08   1.000000e+02
8.708431e+00   2.019004e+08   1.000000e+02
8.789091e+00   2.024350e+08   1.000000e+02
8.870497e+00   2.029587e+08   1.000000e+02
8.952657e+00   2.034716e+08   1.000000e+02
9.035578e+00   2.039734e+08   1.000000e+02
9.119268e+00   2.044641e+08   1.000000e+02
9.203732e+00   2.049436e+08   1.000000e+02
9.288979e+00   2.054117e+08   1.000000e+02
9.375015e+00   2.058685e+08   1.000000e+02
9.461848e+00   2.063138e+08   1.000000e+02
9.549486e+00   2.067476e+08   1.000000e+02
9.637935e+00   2.071697e+08   1.000000e+02
9.727203e+00   2.075801e+08   1.000000e+02
9.817298e+00   2.079786e+08   1.000000e+02
9.908228e+00   2.083653e+08   1.000000e+02
1.000000e+01   2.087400e+08   1.000000e+02
